Generations vod_20x200
0 7349.0
1 7349.0
2 7165.0
3 6370.0
4 6334.0
5 6293.0
6 6281.0
7 6281.0
8 6270.0
9 6270.0
10 6270.0
11 6270.0
12 6270.0
13 6270.0
14 6270.0
15 6270.0
16 6270.0
17 6270.0
18 6270.0
19 6270.0
20 6270.0
21 6270.0
22 6270.0
23 6270.0
24 6270.0
25 6270.0
26 6270.0
27 6270.0
28 6270.0
29 6270.0
30 6270.0
31 6270.0
32 6270.0
33 6270.0
34 6270.0
35 6270.0
36 6270.0
37 6270.0
38 6270.0
39 6270.0
40 6270.0
41 6270.0
42 6270.0
43 6270.0
44 6270.0
45 6270.0
46 6270.0
47 6270.0
48 6270.0
49 6270.0
50 6270.0
51 6270.0
52 6270.0
53 6270.0
54 6270.0
55 6270.0
56 6270.0
57 6270.0
58 6270.0
59 6270.0
60 6270.0
61 6270.0
62 6270.0
63 6270.0
64 6270.0
65 6270.0
66 6270.0
67 6270.0
68 6270.0
69 6270.0
70 6270.0
71 6270.0
72 6270.0
73 6270.0
74 6270.0
75 6270.0
76 6270.0
77 6270.0
78 6270.0
79 6270.0
80 6270.0
81 6270.0
82 6270.0
83 6270.0
84 6270.0
85 6270.0
86 6270.0
87 6270.0
88 6270.0
89 6270.0
90 6270.0
91 6270.0
92 6270.0
93 6270.0
94 6270.0
95 6270.0
96 6270.0
97 6270.0
98 6270.0
99 6270.0
100 6270.0
101 6270.0
102 6270.0
103 6270.0
104 6270.0
105 6270.0
106 6270.0
107 6270.0
108 6270.0
109 6270.0
110 6270.0
111 6270.0
112 6270.0
113 6270.0
114 6270.0
115 6270.0
116 6270.0
117 6270.0
118 6270.0
119 6270.0
120 6270.0
121 6270.0
122 6270.0
123 6270.0
124 6270.0
125 6270.0
126 6270.0
127 6270.0
128 6270.0
129 6270.0
130 6270.0
131 6270.0
132 6270.0
133 6270.0
134 6270.0
135 6270.0
136 6270.0
137 6270.0
138 6270.0
139 6270.0
140 6270.0
141 6270.0
142 6270.0
143 6270.0
144 6270.0
145 6270.0
146 6270.0
147 6270.0
148 6270.0
149 6270.0
150 6270.0
151 6270.0
152 6270.0
153 6270.0
154 6270.0
155 6270.0
156 6270.0
157 6270.0
158 6270.0
159 6270.0
160 6270.0
161 6270.0
162 6270.0
163 6270.0
164 6270.0
165 6270.0
166 6270.0
167 6270.0
168 6270.0
169 6270.0
170 6270.0
171 6270.0
172 6270.0
173 6270.0
174 6270.0
175 6270.0
176 6270.0
177 6270.0
178 6270.0
179 6270.0
180 6270.0
181 6270.0
182 6270.0
183 6270.0
184 6270.0
185 6270.0
186 6270.0
187 6270.0
188 6270.0
189 6270.0
190 6270.0
191 6270.0
192 6270.0
193 6270.0
194 6270.0
195 6270.0
196 6270.0
197 6270.0
198 6270.0
199 6270.0
200 6270.0
201 6270.0
202 6270.0
203 6270.0
204 6270.0
205 6270.0
206 6270.0
207 6270.0
208 6270.0
209 6270.0
210 6270.0
211 6270.0
212 6270.0
213 6270.0
214 6270.0
215 6270.0
216 6270.0
217 6270.0
218 6270.0
219 6270.0
220 6270.0
221 6270.0
222 6270.0
223 6270.0
224 6270.0
225 6270.0
226 6270.0
227 6270.0
228 6270.0
229 6270.0
230 6270.0
231 6270.0
232 6270.0
233 6270.0
234 6270.0
235 6270.0
236 6270.0
237 6270.0
238 6270.0
239 6270.0
240 6270.0
241 6270.0
242 6270.0
243 6270.0
244 6270.0
245 6270.0
246 6270.0
247 6270.0
248 6270.0
249 6270.0
250 6270.0
251 6270.0
252 6270.0
253 6270.0
254 6270.0
255 6270.0
256 6270.0
257 6270.0
258 6270.0
259 6270.0
260 6270.0
261 6270.0
262 6270.0
263 6270.0
264 6270.0
265 6270.0
266 6270.0
267 6270.0
268 6270.0
269 6270.0
270 6270.0
271 6270.0
272 6270.0
273 6270.0
274 6270.0
275 6270.0
276 6270.0
277 6270.0
278 6270.0
279 6270.0
280 6270.0
281 6270.0
282 6270.0
283 6270.0
284 6270.0
285 6270.0
286 6270.0
287 6270.0
288 6270.0
289 6270.0
290 6270.0
291 6270.0
292 6270.0
293 6270.0
294 6270.0
295 6270.0
296 6270.0
297 6270.0
298 6270.0
299 6270.0
300 6270.0
301 6270.0
302 6270.0
303 6270.0
304 6270.0
305 6270.0
306 6270.0
307 6270.0
308 6270.0
309 6270.0
310 6270.0
311 6270.0
312 6270.0
313 6270.0
314 6270.0
315 6270.0
316 6270.0
317 6270.0
318 6270.0
319 6270.0
320 6270.0
321 6270.0
322 6270.0
323 6270.0
324 6270.0
325 6270.0
326 6270.0
327 6270.0
328 6270.0
329 6270.0
330 6270.0
331 6270.0
332 6270.0
333 6270.0
334 6270.0
335 6270.0
336 6270.0
337 6270.0
338 6270.0
339 6270.0
340 6270.0
341 6270.0
342 6270.0
343 6270.0
344 6270.0
345 6270.0
346 6270.0
347 6270.0
348 6270.0
349 6270.0
350 6270.0
351 6270.0
352 6270.0
353 6270.0
354 6270.0
355 6270.0
356 6270.0
357 6270.0
358 6270.0
359 6270.0
360 6270.0
361 6270.0
362 6270.0
363 6270.0
364 6270.0
365 6270.0
366 6270.0
367 6270.0
368 6270.0
369 6270.0
370 6270.0
371 6270.0
372 6270.0
373 6270.0
374 6270.0
375 6270.0
376 6270.0
377 6270.0
378 6270.0
379 6270.0
380 6270.0
381 6270.0
382 6270.0
383 6270.0
384 6270.0
385 6270.0
386 6270.0
387 6270.0
388 6270.0
389 6270.0
390 6270.0
391 6270.0
392 6270.0
393 6270.0
394 6270.0
395 6270.0
396 6270.0
397 6270.0
398 6270.0
399 6270.0
400 6270.0
401 6270.0
402 6270.0
403 6270.0
404 6270.0
405 6270.0
406 6270.0
407 6270.0
408 6270.0
409 6270.0
410 6270.0
411 6270.0
412 6270.0
413 6270.0
414 6270.0
415 6270.0
416 6270.0
417 6270.0
418 6270.0
419 6270.0
420 6270.0
421 6270.0
422 6270.0
423 6270.0
424 6270.0
425 6270.0
426 6270.0
427 6270.0
428 6270.0
429 6270.0
430 6270.0
431 6270.0
432 6270.0
433 6270.0
434 6270.0
435 6270.0
436 6270.0
437 6270.0
438 6270.0
439 6270.0
440 6270.0
441 6270.0
442 6270.0
443 6270.0
444 6270.0
445 6270.0
446 6270.0
447 6270.0
448 6270.0
449 6270.0
450 6270.0
451 6270.0
452 6270.0
453 6270.0
454 6270.0
455 6270.0
456 6270.0
457 6270.0
458 6270.0
459 6270.0
460 6270.0
461 6270.0
462 6270.0
463 6270.0
464 6270.0
465 6270.0
466 6270.0
467 6270.0
468 6270.0
469 6270.0
470 6270.0
471 6270.0
472 6270.0
473 6270.0
474 6270.0
475 6270.0
476 6270.0
477 6270.0
478 6270.0
479 6270.0
480 6270.0
481 6270.0
482 6270.0
483 6270.0
484 6270.0
485 6270.0
486 6270.0
487 6270.0
488 6270.0
489 6270.0
490 6270.0
491 6270.0
492 6270.0
493 6270.0
494 6270.0
495 6270.0
496 6270.0
497 6270.0
498 6270.0
499 6270.0
