150 150
NETWORK_TREE :
11 0 5
144 0 6
88 0 7
133 88 2
148 0 5
98 148 2
127 144 3
135 88 1
124 0 2
109 133 9
105 133 10
41 135 4
147 109 9
10 147 10
36 144 4
110 41 9
21 10 7
84 127 1
17 0 5
141 88 1
52 124 10
80 110 4
32 148 6
81 88 4
92 84 7
93 10 1
117 147 9
1 32 2
139 41 3
54 141 7
89 21 10
103 109 3
78 148 1
132 148 1
31 78 5
60 78 9
22 88 6
16 127 7
9 93 2
14 32 10
27 144 10
15 98 3
53 93 10
130 10 5
125 139 2
4 21 10
13 124 2
76 117 6
108 32 9
128 1 7
115 141 4
94 80 9
38 36 2
33 0 5
82 38 4
64 14 3
90 4 8
75 90 9
12 31 1
5 132 7
39 4 10
122 144 9
50 115 9
74 93 7
106 94 1
18 108 2
121 89 3
55 84 10
68 106 2
65 92 7
40 125 4
96 109 3
26 125 9
47 26 5
57 52 7
126 96 8
34 110 7
59 14 1
79 32 3
100 117 10
69 76 5
112 141 3
129 40 4
123 12 10
70 110 9
113 22 4
73 90 1
71 126 5
42 96 6
119 128 10
120 16 1
46 22 5
142 94 8
91 117 7
99 132 10
131 76 7
2 17 6
37 147 2
19 123 10
49 121 9
58 59 5
145 109 3
28 37 7
104 120 5
136 46 4
146 14 7
45 94 2
8 2 2
87 55 5
72 41 3
85 45 7
101 148 8
35 72 1
116 112 9
95 136 9
67 36 6
30 146 9
86 59 10
44 133 5
107 52 6
56 31 9
63 147 2
62 73 8
25 31 1
140 105 6
97 128 6
77 58 6
43 28 2
134 121 1
48 95 3
149 79 3
51 126 1
143 43 9
7 100 10
29 68 1
24 50 1
20 46 1
137 9 5
23 20 7
6 78 6
3 86 2
114 144 5
138 80 4
83 115 10
102 36 2
66 132 8
61 31 8
111 34 10
118 30 5
NODE_PROGRAM :
0 1 2 3 4 5 6 7 8 9 10 11 12 13 14 15 16 17 18 19 20 21 22 23 24 25 26 27 28 29 30 31 32 33 34 35 36 37 38 39 40 41 42 43 44 45 46 47 48 49 50 51 52 53 54 55 56 57 58 59 60 61 62 63 64 65 66 67 68 69 70 71 72 73 74 75 76 77 78 79 80 81 82 83 84 85 86 87 88 89 90 91 92 93 94 95 96 97 98 99 100 101 102 103 104 105 106 107 108 109 110 111 112 113 114 115 116 117 118 119 120 121 122 123 124 125 126 127 128 129 130 131 132 133 134 135 136 137 138 139 140 141 142 143 144 145 146 147 148 149 150
1 131 136
2 1 3 5 8 137 10 12 140 14 15 143 16 17 18 147 149 22 23 27 31 32 35 36 38 39 43 47 49 50 53 54 55 58 62 63 75 76 78 80 81 83 85 87 89 92 93 94 95 96 98 99 100 101 103 105 106 111 112 113 117 122 123 124 127
3 2 131 132 4 12 13 142 16 144 20 149 24 28 30 33 41 42 43 44 48 49 50 51 58 61 64 65 67 69 74 75 76 81 87 91 92 97 98 99 102 103 109 111 113 114 117 118 119 120 121
4 128 130 131 134 138 10 74 76 77 14 80 16 84 150 94 34 36 42 43 46 49 113 50 115 53 118 119 57 58 60
5 129 1 2 5 6 134 7 8 136 9 138 139 11 13 141 14 143 16 147 19 20 149 21 22 150 23 26 27 28 29 32 35 36 39 40 41 44 48 49 50 53 54 55 56 57 59 60 61 62 63 69 72 73 74 79 80 81 83 92 94 97 98 99 100 101 102 107 110 114 115 117 122 123 127
6 128 129 1 2 3 131 5 135 8 136 9 10 11 140 12 142 145 147 148 23 27 28 33 38 40 41 43 44 49 52 53 55 61 62 65 67 68 70 72 73 74 75 76 77 78 79 80 82 84 86 90 91 92 94 95 100 103 104 105 110 114 117 118 123
7 32 64 2 134 72 136 138 74 107 11 45 110 143 15 149 150
8 112 22 119 104 8
9 129 130 4 133 6 7 138 13 14 15 17 18 147 149 25 28 30 32 33 39 42 43 44 46 47 48 49 51 54 57 58 62 66 68 69 72 74 76 77 82 84 92 93 95 96 97 98 101 104 112 113 114 120 122 125
10 32 20 4 25 58 106
11 128 3 131 134 10 13 142 15 16 19 22 23 26 27 37 42 45 46 49 50 54 55 59 60 61 63 68 69 70 71 73 74 78 79 80 82 84 87 88 93 95 96 98 99 103 106 108 109 110 111 112 117 119 120 123
12 1 3 4 5 6 7 8 10 11 13 14 15 16 17 18 19 20 21 22 23 24 25 27 28 29 30 31 33 34 36 38 39 40 43 44 45 46 47 48 50 51 52 53 54 55 56 58 59 60 61 62 63 64 65 66 67 68 69 71 72 73 74 75 76 77 78 80 81 82 83 84 86 87 88 89 90 92 93 94 95 96 97 98 99 100 101 102 103 104 105 106 109 110 111 112 113 114 115 116 117 120 121 122 123 124 125 126 127 128 129 130 131 132 133 134 136 137 138 139 140 141 142 143 144 145 146 147 148 149 150
13 1 3 4 7 10 11 12 13 14 15 16 17 18 19 20 22 23 24 26 27 28 29 30 31 33 34 35 36 37 38 39 40 41 42 43 45 47 49 50 51 54 57 58 59 60 61 62 63 64 65 66 67 68 69 70 71 72 74 76 77 78 79 80 81 82 83 84 85 86 87 88 90 91 92 93 94 95 96 98 99 100 101 102 103 104 105 106 107 108 109 110 112 113 114 116 118 119 120 121 122 124 125 127 128 129 130 131 132 133 134 135 136 137 138 139 140 142 143 144 145 146 147 148 149
14 128 129 132 4 133 6 135 136 8 137 10 142 143 146 147 148 21 150 23 24 25 26 29 30 32 34 36 38 41 42 45 48 49 57 59 61 63 65 66 72 74 77 78 79 81 83 84 87 89 91 94 96 100 102 105 109 110 112 113 114 115 116 117 119 121 123 127
15 1 129 3 132 5 133 6 134 8 9 10 11 139 12 141 142 14 15 144 145 17 147 20 148 21 149 22 23 24 26 28 30 31 32 34 35 37 39 41 45 47 51 52 54 55 59 60 62 63 65 68 69 72 73 75 76 79 81 82 83 84 85 86 87 90 91 92 93 94 95 96 97 100 101 103 107 108 109 116 118 120 123 127
16 128 129 4 5 136 9 137 10 12 140 143 17 145 148 21 22 150 23 24 28 30 31 32 41 45 48 51 52 53 64 72 73 74 75 76 78 81 82 90 92 96 100 103 105 110 111 112 114 115 116 117 121 126
17 2 130 131 134 7 8 136 137 9 138 10 139 141 13 14 143 15 144 16 146 18 19 148 149 22 150 23 24 25 28 29 31 32 34 35 36 38 39 40 41 42 43 46 47 48 49 52 53 55 57 59 60 61 62 65 66 69 70 71 74 79 80 83 84 85 86 88 89 90 95 97 98 99 101 102 103 106 109 110 111 112 114 115 117 118 119 120 121 122 124 125 126 127
18 129 2 130 131 3 132 133 5 6 134 135 8 136 9 10 138 11 139 12 140 15 144 17 146 18 19 148 21 22 26 27 28 30 31 33 34 35 36 39 40 41 45 47 49 50 51 52 53 55 56 57 60 61 62 66 67 69 72 74 75 77 78 79 80 81 82 83 84 85 86 88 89 93 94 97 99 100 101 102 105 106 107 108 109 111 113 116 117 119 120 121 124 125 126
19 64 130 67 68 132 6 7 137 9 75 76 142 18 82 19 21 149 22 150 88 24 25 30 95 32 97 33 98 34 36 37 102 42 44 45 46 47 49 115 116 118 56 60
20 150 70
21 129 130 3 4 6 7 135 136 8 11 139 140 141 14 16 145 146 147 20 149 23 25 28 31 33 43 45 46 49 52 56 61 65 67 68 69 72 77 78 80 81 87 90 95 96 98 105 106 109 110 111 114 116 117 120 121 122
22 128 129 2 130 3 4 134 135 7 8 136 137 138 10 12 13 142 14 15 143 144 16 145 18 146 147 20 148 149 24 26 27 28 29 30 31 32 33 34 36 37 38 39 42 44 45 47 48 49 50 51 52 53 55 57 60 61 62 66 69 70 75 76 78 81 82 87 88 89 90 91 92 94 96 97 99 100 101 102 104 105 106 110 111 112 117 120 121 122 123 124 125 126
23 1 130 67 68 6 70 135 136 9 74 75 139 79 80 17 147 20 21 87 89 26 28 95 31 33 34 98 99 36 38 40 106 110 48 113 114 116 54 119 56 57 60 61 125 62 126
24 1 129 5 134 6 7 135 8 136 9 138 10 141 143 17 18 20 23 24 25 30 32 36 40 42 53 59 60 62 64 69 73 78 81 83 85 87 92 93 96 100 101 104 106 110 111 112 115 117 118 119 121 122 126
25 2 3 4 5 6 7 9 10 11 12 13 14 15 16 17 18 19 20 21 24 25 26 28 29 30 31 33 34 35 36 37 39 40 41 45 47 48 49 50 51 52 53 54 57 60 61 62 63 64 65 66 67 68 69 70 71 72 73 74 76 79 81 82 83 84 85 86 87 88 91 92 93 96 97 98 99 100 101 102 103 104 105 106 107 110 111 112 113 115 116 117 118 119 120 121 124 127 128 129 131 136 137 140 141 142 143 144 145 146 148 149 150
26 32 96 130 69 39 103 72 137 138 107 45 79 145 146 147 149 118 87 88 25 62 63 95
27 1 2 3 4 5 6 7 8 9 10 11 12 13 14 15 16 17 18 19 20 21 22 23 24 25 26 27 28 29 30 31 32 33 34 35 36 37 38 39 40 42 43 44 45 46 47 48 50 51 53 54 55 56 57 58 59 60 61 62 63 64 65 66 67 68 69 70 71 72 73 74 75 76 77 78 79 80 81 82 83 84 85 87 88 89 90 91 92 93 94 95 96 97 99 100 101 102 103 104 105 106 107 108 109 110 111 112 113 114 115 116 117 118 119 120 121 122 123 124 125 126 128 129 130 131 132 133 134 135 137 139 140 141 142 143 144 145 146 147 148 149 150
28 1 2 3 4 5 6 8 9 10 11 13 14 16 19 20 21 22 23 24 25 26 27 28 30 31 32 33 34 36 37 38 39 40 41 42 44 45 46 47 48 49 51 52 54 55 56 57 58 60 61 62 63 66 67 68 70 71 72 73 74 77 78 80 81 82 83 84 85 86 87 88 90 91 92 95 96 100 101 102 103 104 105 106 108 109 110 111 112 114 115 116 117 118 119 121 122 123 124 125 126 127 128 129 130 132 135 136 137 138 139 140 143 145 146 147 148 149
29 1 2 3 4 5 6 7 8 9 10 11 12 13 14 15 16 17 18 19 20 21 22 23 24 25 26 27 28 29 30 31 32 33 34 35 36 37 38 39 40 41 42 43 44 45 46 47 48 49 50 51 52 53 54 55 56 58 59 60 61 62 63 64 65 66 67 68 69 70 71 72 73 74 75 76 77 78 79 80 81 82 83 84 85 86 87 88 89 90 91 92 93 94 95 97 98 99 100 101 102 103 104 105 106 107 108 109 110 111 112 113 114 115 116 117 118 119 120 121 122 123 124 125 126 127 128 129 130 131 132 133 134 135 136 137 138 139 140 141 142 143 144 145 146 147 148 149 150
30 1 131 68 132 5 6 7 136 72 137 11 139 79 83 84 21 22 87 25 27 92 28 93 95 97 35 108 113 118 55 120 126
31 1 2 3 5 7 8 9 10 11 12 13 14 15 16 17 18 19 20 21 23 24 25 26 27 28 29 30 31 32 33 34 35 36 37 38 40 42 43 44 45 46 47 48 49 50 51 53 54 55 56 57 58 59 61 62 63 66 67 68 71 72 73 74 75 77 78 80 81 83 84 85 86 87 88 89 90 91 93 94 95 96 97 98 99 100 101 102 103 104 105 106 107 108 110 111 112 113 114 115 116 117 120 121 122 123 124 125 127 128 129 130 132 134 135 136 137 138 139 140 141 142 143 144 145 146 147 149 150
32 1 2 3 4 5 6 7 9 10 11 12 13 14 15 16 17 18 19 20 21 23 24 25 26 27 28 29 30 31 32 33 34 35 36 38 39 40 42 43 44 45 46 47 48 49 50 52 54 55 56 60 61 62 64 65 66 67 69 70 71 72 73 74 75 76 77 78 79 80 81 82 83 84 85 86 87 88 91 92 93 94 95 97 98 99 100 101 102 103 104 106 107 108 110 113 114 115 116 117 118 119 121 122 123 124 125 127 128 129 130 131 132 133 134 135 136 139 140 141 142 144 145 146 147 148 149 150
33 64 1 131 68 5 7 137 73 138 11 76 15 79 143 81 82 147 19 148 21 149 86 150 31 96 35 36 37 101 102 38 44 109 46 111 47 112 48 52 117 55 120 60 124
34 64 128 67 131 71 8 73 9 10 11 139 76 78 79 144 18 19 148 149 86 24 93 30 32 98 105 106 112 49 116 56 57 121 124
35 128 33 66 100 5 38 71 72 10 13 112 144 147 51 55 24 26 93 125 94
36 142
37 128 1 129 130 132 133 134 7 8 137 10 12 140 141 143 18 147 21 149 150 23 32 34 35 36 37 38 40 41 43 44 45 46 50 52 54 55 56 58 60 61 63 64 65 67 68 69 70 72 73 76 79 80 81 82 83 85 88 90 91 93 94 101 103 104 106 107 108 109 112 113 115 118 119 122 123 124 126 127
38 1 3 4 5 6 7 13 14 16 19 20 21 22 23 24 25 27 28 29 30 31 32 34 35 36 37 38 39 41 45 46 48 49 50 51 52 54 55 56 59 62 63 64 66 67 69 72 74 76 77 79 80 82 83 84 85 87 88 89 91 96 97 99 100 101 102 103 104 105 106 107 108 109 110 111 112 114 115 116 117 118 119 120 121 123 126 127 128 129 130 131 132 133 134 135 136 138 140 141 142 143 144 147 148 149
39 129 1 130 3 133 6 135 8 136 137 9 138 10 11 140 12 14 15 143 16 145 147 19 20 149 22 23 26 29 30 31 32 33 36 38 42 44 45 47 50 51 52 53 55 56 57 60 65 67 70 71 73 74 75 76 78 79 81 84 85 89 90 93 94 95 96 97 99 100 106 107 108 110 111 112 113 115 116 117 118 119 121 122 123 124 125 126 127
40 128 1 2 130 3 134 136 8 9 138 11 140 13 141 142 15 16 145 18 146 147 19 20 21 149 22 24 27 29 30 34 35 36 37 38 39 40 42 43 44 47 48 49 52 53 54 55 56 57 58 60 61 63 64 66 67 69 71 74 76 77 78 80 82 84 85 88 89 90 91 92 97 98 100 101 104 107 108 109 110 111 112 114 116 117 120 121 122 123 125 126
41 1 2 3 5 6 8 10 11 12 14 15 16 18 19 20 21 22 24 25 26 27 28 29 31 33 34 35 36 37 38 39 40 41 42 43 44 45 46 47 49 50 51 52 53 54 56 57 58 59 60 61 62 63 64 65 66 67 68 69 70 71 72 73 75 76 77 78 79 80 81 82 83 84 86 87 88 89 90 92 93 94 95 96 97 98 99 100 101 102 103 104 105 106 107 108 109 110 111 112 113 114 116 117 118 119 120 121 122 123 125 126 127 128 129 130 131 132 133 135 136 137 138 139 140 141 142 143 144 145 146 147 148 149 150
42 1 130 2 131 5 6 7 136 8 9 138 139 11 140 12 142 14 15 143 144 17 145 18 146 147 20 149 22 23 24 26 28 29 30 31 32 35 37 38 40 41 43 45 46 49 51 52 54 55 56 58 62 63 64 66 67 68 70 72 73 74 76 77 82 83 84 85 86 88 90 92 94 95 97 99 100 102 104 105 106 108 111 112 114 115 116 118 120 121 123 124 125
43 1 2 3 4 8 9 10 11 13 15 16 17 19 20 22 23 25 27 29 30 31 32 33 34 35 36 38 39 40 43 44 45 46 47 48 49 50 51 52 53 54 55 56 57 58 61 62 63 64 65 67 68 69 70 71 72 74 76 77 79 80 81 84 87 88 89 90 91 92 93 96 97 98 100 101 103 104 106 108 110 111 112 113 114 117 118 119 120 121 122 123 124 125 126 127 128 129 130 134 135 137 140 141 143 145 146 147 149
44 1 131 68 132 69 133 134 70 11 140 146 18 83 84 85 21 27 93 29 33 97 100 101 37 102 51 52 116 57 122 59 60
45 1 2 3 4 5 7 8 10 11 12 14 16 17 18 19 21 22 23 24 25 27 28 29 30 32 33 34 35 36 37 38 39 40 41 42 43 44 45 47 49 50 51 53 54 55 56 57 58 59 60 61 62 63 65 66 68 70 71 72 73 74 75 76 77 78 79 80 81 82 83 84 85 86 87 88 89 90 91 92 93 94 95 96 97 98 99 100 101 103 104 105 106 107 109 110 111 112 113 114 115 116 117 118 119 120 121 122 123 124 125 126 127 128 129 130 131 132 133 134 136 137 138 140 141 142 143 145 146 147 149 150
46 128 130 2 132 134 135 7 8 136 9 10 140 12 13 141 143 15 17 18 19 148 21 22 23 24 25 27 30 32 34 37 38 39 42 43 45 46 47 50 51 52 56 57 58 59 60 61 62 67 69 76 78 79 80 82 85 90 91 92 94 95 97 99 100 102 104 105 109 111 112 114 116 120 122 125 127
47 1 2 3 4 5 6 7 8 9 10 11 13 14 15 16 17 19 21 22 23 24 26 28 29 30 31 33 34 37 38 39 40 41 42 43 45 47 48 49 50 51 52 53 55 56 57 58 59 60 62 63 64 65 66 67 68 69 70 71 73 74 75 76 77 78 79 80 81 82 83 84 85 86 87 88 89 90 92 93 94 95 96 99 100 101 102 103 104 105 106 107 108 109 112 114 115 116 117 118 119 120 121 122 123 124 125 128 129 130 131 132 133 135 136 137 138 139 140 141 142 143 144 145 146 147 148 150
48 97 99 35 69 5 38 39 136 72 41 139 108 140 12 142 111 79 48 17 82 51 89 123
49 128 1 129 3 4 132 133 8 137 138 10 139 11 140 13 14 16 17 146 147 19 148 25 32 36 41 42 44 46 47 52 58 60 61 62 64 66 67 69 70 71 76 82 87 88 93 98 99 103 104 105 110 111 122 123 125 127
50 1 2 133 5 6 135 136 8 138 12 142 14 143 16 17 146 19 148 149 150 23 24 25 28 30 35 37 38 39 40 44 45 47 49 52 53 56 57 65 66 67 69 70 72 73 74 80 81 83 84 85 88 89 91 92 93 99 100 102 104 105 108 109 111 113 114 118 119 120 121 123 124 126
51 1 2 3 4 5 6 7 8 9 10 11 13 14 15 16 18 19 20 22 24 25 27 28 29 30 31 34 36 37 38 39 40 43 44 45 48 49 53 54 55 57 58 59 61 63 65 66 68 69 70 73 74 75 76 77 78 79 80 81 82 83 84 85 86 87 88 89 90 91 93 94 95 97 98 99 100 102 103 104 105 106 107 110 112 114 115 116 117 118 119 120 121 122 123 124 125 126 127 129 131 134 135 136 138 139 141 144 145 146 147 149 150
52 128 132 4 68 70 7 73 138 139 14 79 16 144 145 146 147 84 20 148 21 26 93 94 31 96 32 34 35 37 43 108 44 49 114 117 118 56 121 60 125
53 129 1 3 4 6 134 8 137 10 138 139 13 15 16 17 19 20 21 149 22 150 23 24 25 26 29 31 32 33 37 40 41 44 45 48 50 52 54 56 57 59 61 65 66 69 71 72 79 85 86 87 88 89 91 95 97 104 109 110 116 117 118 119 120 121 122 124 126 127
54 3 4 6 7 8 9 10 11 12 13 14 16 17 18 19 21 22 23 24 25 27 28 31 33 34 35 36 37 38 43 45 46 47 48 50 51 52 53 54 56 57 58 59 62 63 64 65 66 67 68 69 70 71 72 73 74 75 76 77 78 83 84 90 91 92 94 95 96 97 98 99 100 101 102 103 105 107 108 109 110 111 112 114 115 117 118 119 122 123 124 125 127 132 134 135 136 138 139 140 141 142 143 145 146 147 150
55 1 2 131 5 6 8 9 13 143 17 145 18 147 148 22 150 23 24 25 26 27 33 34 35 38 39 40 41 44 46 49 50 51 52 58 61 64 65 66 68 69 71 72 73 74 75 77 82 83 85 87 88 89 91 92 94 95 97 98 99 100 106 107 108 110 112 116 117 118 122 126 127
56 35 68 133 39 72 137 107 77 78 15 115 116 57 123 28 94
57 128 1 129 130 2 131 132 4 5 134 135 7 136 10 138 140 13 143 144 145 146 19 148 149 21 23 24 25 27 29 30 32 34 35 37 40 42 44 45 46 47 48 49 52 53 55 57 58 59 60 62 63 66 67 69 70 71 72 75 76 81 83 88 89 91 92 94 95 97 98 99 100 102 103 105 106 107 110 111 112 113 114 115 117 118 120 122 123 124 125 126
58 3 4 5 6 7 8 9 11 13 15 16 17 18 19 20 22 23 24 25 27 29 30 31 32 34 35 37 38 39 40 41 42 44 45 46 48 49 50 51 52 53 54 55 56 57 59 60 61 62 63 64 65 66 67 68 71 72 73 75 76 77 78 79 80 81 82 83 84 86 87 88 89 90 91 92 93 95 96 97 98 99 101 102 104 107 108 109 111 112 113 114 117 118 119 120 121 122 123 124 125 126 129 130 131 132 133 134 135 136 138 139 140 142 143 144 145 146 150
59 1 2 3 4 5 6 7 8 9 10 11 12 13 14 15 16 17 18 19 20 21 22 23 24 25 26 27 28 29 30 31 32 34 35 36 37 38 39 40 41 43 44 45 46 47 48 49 50 51 52 53 54 55 56 57 59 60 61 62 63 64 65 66 68 69 70 71 72 73 74 75 77 80 81 82 83 84 86 87 89 90 91 93 94 95 96 97 98 99 101 102 104 105 106 107 108 109 110 111 112 113 114 115 116 117 118 119 120 121 122 123 124 125 126 129 130 131 132 134 136 137 138 139 140 141 142 143 145 146 147 148 149 150
60 66 3 36 133 136 8 73 137 106 139 107 109 110 48 117 21 87 23 29 127
61 1 3 4 5 6 7 9 11 12 14 15 16 17 18 22 23 24 25 27 28 29 30 31 32 33 34 35 37 38 41 42 43 45 46 48 50 53 54 56 57 61 62 64 65 66 67 68 69 70 72 73 75 78 79 83 84 85 86 88 89 90 91 92 93 95 96 97 98 100 101 102 103 104 107 108 109 111 112 113 114 116 117 119 120 123 124 126 127 128 130 131 132 134 135 136 137 138 139 140 142 144 145 146 147 149 150
62 1 3 5 7 8 9 11 13 14 15 16 17 18 19 20 21 22 23 24 25 26 27 28 29 30 31 32 33 34 35 37 38 39 40 41 42 43 44 45 46 47 48 50 51 52 53 54 55 57 58 59 60 61 62 63 64 66 68 69 70 71 72 73 74 75 76 77 79 80 81 82 83 84 85 86 87 88 89 90 91 92 93 94 95 96 97 98 99 100 101 102 103 104 105 106 107 108 109 110 112 113 114 115 116 117 118 119 120 121 122 123 124 125 126 127 128 129 130 131 132 133 134 135 136 137 138 139 141 142 143 144 145 147 148 149 150
63 2 66 3 132 69 72 74 10 78 21 85 22 150 89 92 96 97 33 99 100 36 103 40 107 52 116 117 121 124
64 1 2 4 5 6 9 10 11 13 14 17 19 20 24 25 26 27 28 30 32 34 35 36 38 39 40 41 43 45 46 47 49 50 51 52 53 54 56 58 59 60 61 63 64 66 67 69 70 72 73 74 76 78 80 81 82 84 85 87 89 90 92 95 96 97 99 100 101 102 103 104 106 107 108 109 111 112 113 114 116 117 118 119 120 121 122 123 124 125 126 127 129 130 131 132 133 134 135 136 138 139 141 142 144 145 146 147 149
65 2 3 4 5 7 8 10 11 13 14 16 18 21 22 23 24 25 26 27 28 30 32 33 34 35 36 37 38 39 40 41 43 44 45 46 47 48 49 51 52 53 55 57 58 59 60 61 62 63 64 65 66 67 68 69 70 71 72 73 74 75 76 77 78 79 81 83 84 85 86 87 88 90 91 92 93 94 96 97 98 100 101 102 103 104 105 106 107 108 109 110 111 112 113 114 115 117 119 120 121 122 123 124 126 128 129 130 131 132 134 135 137 138 139 140 141 143 144 145 146 147 148 149 150
66 66 2 67 69 71 8 138 10 75 140 77 78 85 22 90 28 30 31 34 35 99 36 105 107 108 49 117 53 54 56 60 126
67 1 2 3 5 6 7 8 10 11 12 13 14 15 16 17 18 20 21 22 24 28 29 30 31 32 35 36 37 38 39 41 42 45 46 47 50 51 52 54 55 57 58 60 61 63 64 65 67 71 72 73 75 77 78 81 82 83 84 85 88 90 93 96 97 98 100 103 105 108 109 110 111 112 113 114 115 117 121 122 123 125 127 128 130 131 133 134 137 138 139 140 141 142 144 145 146 147 148 149 150
68 65 4 70 135 72 74 75 12 77 14 144 80 82 19 149 150 25 89 29 30 95 96 35 104 109 45 47 113 53 117 54 119 123 60 61
69 2 3 4 5 6 7 9 10 11 12 13 14 16 17 18 19 20 21 22 23 24 25 26 27 28 29 30 31 32 33 35 36 37 38 39 41 42 43 44 45 46 48 49 51 52 54 56 57 58 59 60 62 63 64 65 66 67 68 69 70 71 72 73 74 75 76 77 78 79 80 81 82 83 84 85 86 88 90 93 95 96 97 98 99 100 101 103 104 105 106 107 109 110 111 112 113 116 117 119 120 121 122 123 124 125 126 127 128 129 130 131 132 133 134 136 137 139 140 141 142 143 144 145 146 147 148 149 150
70 128 1 129 130 2 131 132 5 134 7 8 9 137 11 12 140 13 14 143 16 146 147 148 23 25 26 27 29 30 31 33 36 39 41 42 44 45 46 48 50 52 53 54 57 59 60 63 64 65 67 69 70 72 74 76 81 83 84 85 87 88 89 90 92 93 96 97 102 103 104 107 110 111 112 113 117 118 119 122 123 124 126 127
71 129 1 3 4 133 134 8 12 142 144 17 149 150 24 26 28 34 37 39 40 42 45 46 49 50 52 57 59 62 65 66 67 69 70 71 72 73 76 78 79 80 83 84 85 86 87 92 95 103 109 113 114 117 123 125 126
72 128 2 130 3 4 132 6 7 8 136 137 9 10 11 12 141 14 142 143 144 17 145 18 147 19 148 150 24 30 34 35 36 41 46 47 48 55 64 65 66 73 77 79 82 83 84 88 89 90 96 97 98 103 105 107 111 113 116 118 120 126
73 1 2 3 4 5 6 7 8 9 10 11 12 13 14 15 17 18 19 21 22 23 24 25 27 28 29 30 32 33 34 35 37 38 39 41 42 43 44 45 47 48 49 50 51 52 53 54 55 56 57 58 60 61 62 63 64 65 66 67 68 70 71 73 75 78 79 80 81 83 84 85 86 89 90 91 92 93 94 95 96 97 98 99 100 101 102 103 104 105 106 107 108 109 110 111 112 114 115 116 117 118 119 120 122 123 124 125 127 128 129 130 131 132 133 134 135 136 138 139 140 141 143 145 146 147 148 149
74 1 2 3 4 5 6 7 8 9 10 11 12 14 15 16 17 18 19 20 21 22 25 27 28 29 30 31 32 34 35 36 37 38 39 40 41 43 44 45 46 47 48 49 51 52 54 55 56 57 59 60 61 62 63 64 65 66 67 68 69 71 72 73 74 75 76 77 78 79 81 82 83 84 85 86 87 88 90 91 92 93 94 95 96 97 98 100 101 102 103 104 105 106 108 109 110 111 113 114 115 116 117 118 119 120 121 123 124 125 127 128 129 130 132 133 134 135 136 137 138 139 140 141 142 143 146 147 148 149 150
75 1 67 131 68 132 135 74 10 75 139 78 80 144 18 146 83 149 150 22 27 94 30 31 96 33 98 38 105 41 107 108 110 48 117 54 118 56 58 122 59 123 124 126
76 1 3 4 5 6 7 8 9 12 13 14 16 17 18 19 20 22 24 25 26 28 30 33 34 35 36 37 38 39 40 42 44 45 46 47 48 49 50 51 52 53 56 57 61 62 63 64 65 66 67 68 69 70 71 72 73 74 75 76 77 78 79 80 81 82 83 84 85 87 88 89 90 91 93 95 96 97 98 99 101 103 105 106 107 109 110 111 114 115 117 119 120 121 122 123 124 126 127 129 130 132 133 134 135 137 138 140 142 143 144 145 147 148 149 150
77 1 3 4 5 7 8 9 11 12 13 14 15 16 17 18 19 20 21 22 24 25 26 27 29 30 31 32 33 34 35 36 37 39 40 41 42 43 45 46 47 48 49 50 51 52 53 54 55 56 57 58 59 61 62 63 64 65 66 67 68 69 70 71 72 73 74 75 76 77 78 80 81 83 84 85 86 87 88 89 90 91 92 93 94 95 96 97 98 100 103 105 107 108 109 110 111 112 113 114 115 117 118 119 120 121 122 123 124 125 126 127 129 130 131 132 133 134 135 136 137 138 140 141 142 143 144 145 146 147 148
78 64 33 129 2 101 5 8 105 137 138 82 18 22 118 23 119 120 61 31
79 2 3 4 5 6 7 9 10 11 12 16 17 18 19 20 21 22 23 24 25 27 30 31 34 35 36 37 38 39 41 42 43 44 45 46 50 52 53 55 56 57 58 60 61 62 64 65 67 71 72 73 74 75 77 78 80 82 83 84 86 89 90 94 96 97 99 100 101 102 104 105 106 107 108 111 112 113 114 115 116 117 118 119 121 123 125 126 127 129 131 132 133 135 136 138 139 140 141 143 145 147 148 150
80 1 2 130 131 4 134 6 139 12 13 16 145 17 18 19 147 148 21 149 22 23 24 26 27 33 34 35 37 43 47 48 50 51 54 56 57 58 63 66 78 81 82 84 85 86 89 90 91 92 94 98 101 103 105 109 112 113 114 115 117 121 124 126
81 1 2 3 5 6 7 8 9 10 11 12 13 15 16 18 19 21 24 25 26 27 28 29 30 31 32 34 36 37 38 39 40 41 42 43 44 45 46 47 48 49 50 52 53 54 55 56 57 58 59 61 62 63 64 66 67 68 69 70 71 72 73 74 75 77 79 80 82 83 84 86 87 88 89 92 93 94 95 96 97 98 99 100 101 102 103 104 106 108 109 110 111 113 114 115 116 118 119 122 123 124 125 126 127 129 130 131 132 133 134 135 136 137 138 139 140 142 143 144 145 147 149 150
82 1 2 3 4 5 6 7 10 11 12 13 14 15 16 18 19 20 22 23 26 27 28 29 30 32 33 34 35 36 37 38 39 40 41 43 44 45 47 48 49 50 51 52 55 56 57 58 59 61 62 63 64 65 66 67 68 69 70 71 73 74 75 77 79 80 81 82 84 85 86 87 88 89 90 91 92 93 94 95 96 97 98 99 101 102 103 104 105 107 108 109 110 111 113 114 115 116 117 118 119 120 121 122 123 125 126 127 128 129 130 132 133 135 136 137 138 139 140 142 143 144 145 146 147 148
83 1 2 3 4 6 7 8 9 10 11 12 13 16 17 19 21 22 23 25 26 27 28 30 32 34 38 40 41 42 43 44 45 46 48 53 54 55 56 58 60 61 62 63 64 65 67 68 69 70 74 75 76 77 78 79 80 82 84 86 88 92 93 95 97 98 99 100 101 102 103 104 105 106 108 110 111 112 113 115 116 117 119 120 123 124 126 127 128 129 130 132 133 134 135 137 138 139 142 144 145 147 149 150
84 1 3 5 7 8 9 10 11 12 13 16 17 18 20 21 22 23 24 25 27 30 31 32 34 38 39 40 43 45 46 47 48 49 53 55 57 58 59 60 61 62 63 64 66 67 68 69 70 71 72 73 75 76 77 78 79 80 81 83 84 85 87 89 90 92 93 94 95 99 100 101 102 105 106 107 108 109 111 113 114 115 117 119 120 121 122 125 128 131 132 134 135 137 138 139 140 141 142 143 144 145 146 147 149
85 97 37 8 74 44 13 14 46 48 147 54 23 55 87 89 122 59
86 1 2 3 4 5 6 7 8 9 10 11 12 13 14 15 16 17 18 19 20 22 23 24 25 26 27 28 29 30 31 32 33 34 35 36 37 38 39 41 42 43 44 45 46 47 48 49 50 51 52 53 54 55 56 57 58 59 60 61 62 63 64 65 66 67 68 69 70 71 72 73 74 75 76 77 78 79 81 82 83 84 85 86 87 88 89 90 91 92 93 94 95 96 97 98 99 100 101 102 104 105 106 107 109 110 111 112 113 114 115 116 117 118 119 120 121 122 123 125 126 127 128 129 130 131 132 133 134 135 136 137 138 139 140 141 142 143 145 146 147 148 149
87 1 130 132 4 71 72 10 74 138 140 141 13 16 17 82 18 148 149 22 87 25 93 30 33 35 103 39 108 113 114 50 115 117 121 124 61
88 1 2 3 4 5 6 8 9 10 11 13 14 15 16 17 18 19 20 21 22 23 24 25 26 27 28 29 30 32 34 35 36 38 39 40 41 43 45 46 47 48 49 50 51 52 53 54 55 58 60 62 63 66 67 68 69 70 71 72 73 74 78 79 80 81 82 83 84 85 86 87 88 89 90 91 92 93 94 95 96 97 99 100 101 102 104 107 109 111 112 113 114 115 116 117 118 120 121 122 124 125 126 127 130 131 132 135 137 139 140 142 144 145 146 147 148
89 129 1 2 3 131 5 134 136 9 137 138 139 12 13 14 143 16 145 17 18 19 20 148 21 22 150 24 26 28 29 30 31 33 34 35 37 39 40 41 42 43 45 48 49 51 52 53 54 56 57 58 60 61 62 65 66 67 69 70 73 75 78 80 82 83 85 86 87 89 91 92 93 98 99 100 103 104 105 107 109 110 111 113 114 115 116 117 118 119 121 123 124 125 126 127
90 1 3 5 6 7 9 10 11 12 13 15 16 17 18 19 20 21 22 23 24 25 26 27 28 31 32 33 37 38 39 40 41 42 43 44 45 47 48 50 51 52 53 55 56 57 58 59 60 61 62 63 64 65 66 67 68 69 70 71 72 74 75 76 78 79 80 81 82 86 87 88 89 90 92 93 94 95 96 97 98 99 101 103 104 105 106 107 108 110 111 112 113 115 116 117 118 119 120 121 122 123 124 126 128 129 131 132 133 134 135 136 137 138 140 141 142 143 144 145 147 148
91 128 66 67 135 10 140 76 12 13 78 143 79 86 25 26 90 27 93 30 98 34 39 40 108 109 110 111 54 118 56 120 122 59 60 124 61
92 1 129 131 5 7 8 136 138 10 11 139 13 141 15 17 19 20 22 150 23 24 25 28 34 39 42 43 44 46 48 49 52 54 58 61 65 66 67 69 70 71 73 74 78 79 83 88 89 92 97 99 101 102 106 107 111 115 116 117 121 123 124
93 1 2 3 4 5 6 7 8 9 10 11 12 13 14 15 16 17 18 19 21 22 23 24 25 27 28 29 30 31 32 33 34 35 36 37 38 39 41 42 43 44 45 46 47 48 49 50 51 52 53 54 55 56 57 58 59 60 61 62 63 64 65 66 67 68 69 70 71 72 73 74 75 76 77 78 79 80 81 82 83 84 85 86 87 88 89 90 91 92 93 94 95 96 97 98 99 100 102 103 104 105 106 107 108 109 110 111 112 113 114 115 116 117 118 120 121 122 123 124 125 126 127 128 129 130 131 132 133 134 135 136 137 138 139 140 142 143 144 145 146 147 148 149 150
94 1 2 3 4 5 6 7 8 9 10 11 12 13 14 15 16 17 18 19 21 22 23 24 25 26 27 29 30 31 32 33 34 35 36 37 38 39 41 42 43 44 46 47 49 50 51 52 53 54 55 56 57 58 59 60 61 62 63 65 66 67 68 69 70 71 72 73 74 75 76 77 78 79 80 81 82 83 84 85 86 88 89 90 91 93 94 95 96 97 98 99 100 101 102 103 104 105 106 107 108 110 111 112 113 114 115 116 117 119 120 121 122 123 124 125 126 127 129 130 131 132 133 134 136 137 138 139 140 141 142 143 144 145 147 148 149 150
95 128 129 131 3 134 135 7 136 9 10 11 140 141 142 15 16 144 19 147 22 23 25 26 28 33 35 36 37 38 41 42 43 49 50 53 55 58 59 60 62 63 66 71 73 75 76 78 81 83 84 86 89 93 99 101 108 110 111 112 113 115 122 123 124 127
96 1 4 133 6 134 135 7 9 10 139 11 12 141 13 143 144 18 146 147 148 22 24 25 26 28 31 32 33 34 35 36 37 38 39 40 41 42 43 44 45 47 49 53 54 57 60 61 62 63 65 66 69 72 74 76 77 78 79 81 86 87 88 91 92 93 95 96 97 99 100 102 103 106 109 112 113 114 116 118 119 124 126
97 4 5 6 7 8 9 10 11 12 13 14 15 16 17 19 20 21 22 23 24 25 27 28 29 30 31 32 33 35 36 37 40 41 42 45 46 47 48 49 50 51 52 53 55 57 58 59 60 61 62 63 64 65 67 68 69 70 72 73 74 75 76 77 78 79 80 82 83 85 86 88 89 90 92 93 94 95 97 98 99 100 101 102 103 104 105 106 107 109 110 111 112 113 114 116 117 118 119 120 121 122 123 124 126 127 128 129 131 132 134 135 136 137 138 139 140 142 143 144 145 147 148 149
98 129 1 2 130 132 133 5 135 10 139 140 13 143 16 17 145 18 146 19 148 149 22 23 24 25 27 28 30 31 33 35 36 38 44 46 48 49 51 52 53 54 56 57 61 62 64 66 67 68 69 70 72 73 75 76 78 79 83 84 87 89 90 91 92 94 95 97 98 100 101 103 104 108 109 111 113 114 116 118 121 123 124 126 127
99 1 130 3 5 133 134 6 8 136 9 139 12 13 143 16 145 17 18 19 148 21 150 23 24 27 29 30 33 35 39 40 41 42 46 48 49 52 53 54 56 57 59 60 62 63 65 68 69 77 78 79 80 82 91 92 94 97 98 99 100 102 103 105 111 114 115 117 118 120 121 123 124 126
100 1 2 3 4 5 6 7 8 9 10 11 12 13 14 15 16 17 19 20 21 22 23 24 25 26 27 28 30 31 32 33 34 35 37 38 39 40 41 42 43 44 45 46 47 48 49 50 51 52 53 54 55 56 57 58 59 60 61 63 64 65 66 67 68 69 70 71 72 73 74 75 76 77 78 79 80 81 82 83 84 85 86 87 88 89 90 91 92 93 94 95 96 97 98 99 100 102 103 104 105 106 107 108 109 110 111 112 113 114 115 116 117 118 119 122 123 124 125 126 127 128 129 131 132 133 134 135 136 137 138 139 140 141 142 143 144 145 146 147 148 149 150
101 1 2 3 4 5 6 7 8 9 10 12 13 14 16 17 18 19 20 21 22 24 25 26 27 30 31 32 34 35 36 38 40 41 42 44 45 46 47 48 49 50 51 52 53 54 55 56 58 59 60 61 62 63 64 65 66 67 68 69 70 71 72 73 74 75 76 77 78 80 81 83 86 88 89 90 92 93 94 96 97 98 100 101 103 104 105 106 107 108 109 111 112 113 114 115 118 119 120 121 122 123 124 125 126 127 130 131 132 133 134 135 136 139 140 141 142 143 144 145 146 147 148 149
102 97 132 136 137 42 12 80 19 20 21 119 88 58 90 59 61
103 128 130 131 3 4 132 6 7 8 9 137 138 139 13 143 16 146 148 20 22 29 32 34 37 40 42 44 46 47 49 58 60 61 62 63 64 65 69 70 74 77 78 81 82 84 86 89 90 91 92 94 95 96 98 99 100 104 106 108 109 110 111 112 113 114 115 116 118 122 123 124 126 127
104 2 4 5 6 7 8 9 10 11 12 13 14 15 16 17 18 19 20 21 22 23 24 25 26 27 28 29 30 31 32 33 34 35 36 37 38 39 40 41 42 43 44 45 46 47 49 50 51 52 53 54 56 57 58 59 60 61 63 64 65 66 67 68 69 70 71 73 74 75 76 77 78 79 81 83 84 85 86 88 89 90 91 92 93 94 95 96 97 98 99 100 101 102 104 105 107 108 109 110 111 112 113 114 117 118 119 120 121 122 123 124 125 126 127 128 129 130 131 132 133 134 135 136 137 139 140 141 142 143 144 145 146 147 148 149 150
105 98 134 41 74 46 47 79 48 116 20 117 119 87 57 26 59 95
106 1 2 3 4 5 6 7 8 9 10 11 12 13 14 15 16 17 19 21 22 23 25 27 28 30 33 34 35 36 38 39 42 44 45 46 47 50 51 52 53 54 55 56 57 58 59 60 61 62 63 64 65 67 68 69 70 73 74 75 77 78 79 80 81 82 83 85 86 88 91 92 93 95 96 97 98 99 100 101 102 104 105 106 108 109 110 112 113 114 115 116 117 118 119 120 122 123 124 125 126 127 128 129 130 132 133 134 135 136 139 140 142 143 144 145 147 148 149
107 32 1 65 71 103 104 41 10 109 46 78 80 82 19 84 117 119 89 90 93 94
108 32 97 130 132 39 9 42 106 76 109 77 48 112 16 17 114 19 84 149 85 86 23 62 127
109 53 58 11 126
110 1 2 131 3 132 133 5 6 135 8 9 137 10 139 11 140 12 13 141 14 15 143 16 144 145 146 149 27 30 31 33 34 37 39 40 41 42 44 45 46 47 52 56 60 61 63 64 67 68 69 71 72 73 74 78 79 80 84 85 89 90 94 96 97 100 101 102 104 105 107 109 110 113 117 118 119 120 123 124 125 126
111 1 2 3 4 5 6 7 8 9 10 11 12 13 14 15 16 18 19 20 21 22 23 24 25 26 27 28 29 30 31 32 33 34 35 36 37 38 39 40 42 43 44 45 46 47 48 49 50 51 52 53 54 55 56 57 58 59 60 61 62 63 64 65 66 67 68 69 70 71 72 73 74 75 76 77 78 79 80 81 82 83 84 85 86 87 88 89 90 91 92 93 94 95 96 97 98 100 101 102 104 105 106 107 108 109 110 111 112 113 114 115 116 117 118 119 120 121 122 123 124 126 127 128 129 130 131 132 133 134 135 136 137 138 139 140 141 142 143 144 145 146 147 148 149 150
112 68 133 69 134 71 10 13 141 142 145 18 146 82 86 23 88 26 28 92 94 32 33 35 99 100 37 38 40 105 110 112 114 51 115 117 53 54 56 120 122 59 60 125 126 127 63
113 132 4 7 136 8 9 10 141 142 15 145 17 147 148 20 21 22 27 29 32 37 38 42 45 46 47 49 50 54 55 57 62 63 64 65 67 68 69 74 75 77 78 80 82 84 88 90 94 97 99 100 101 103 107 113 114 116 121
114 1 2 3 4 5 6 9 10 11 12 14 15 16 18 19 20 22 23 24 25 26 28 29 30 36 37 38 41 42 43 44 47 48 49 50 52 53 54 56 57 58 59 60 61 63 64 65 66 67 68 69 70 72 73 77 79 80 81 82 83 84 85 86 87 88 90 91 92 93 94 96 97 100 101 102 103 104 105 106 108 109 111 112 113 115 118 119 120 121 122 123 125 126 127 128 129 130 131 133 134 135 136 137 138 139 140 141 142 144 145 146 147 149 150
115 129 134 72 8 73 138 76 141 14 79 85 149 86 87 90 91 92 28 93 30 34 104 106 42 47 49 118 55 123 61 62
116 1 2 132 5 133 134 8 9 11 140 12 141 142 143 144 17 145 18 146 147 20 148 150 26 27 31 37 39 40 41 44 47 51 56 58 59 62 63 65 66 68 74 77 78 80 81 84 89 90 92 93 95 96 100 102 104 105 106 108 113 123 124 125 127
117 65 131 69 135 72 74 75 142 20 148 22 87 89 99 101 38 42 44 109 112 48 118 58 122 59 61
118 1 3 5 9 10 11 13 14 16 17 18 19 20 21 22 24 25 26 29 30 31 34 35 36 37 38 39 40 41 42 44 45 46 48 51 52 55 56 57 58 61 62 63 64 65 66 68 71 72 75 76 79 80 82 83 85 86 87 88 89 90 91 92 94 95 97 99 101 102 103 104 105 106 107 108 109 114 116 117 119 120 121 123 124 125 128 129 131 132 135 136 137 138 139 140 141 144 145 149
119 128 129 1 3 131 6 7 135 136 137 9 140 142 14 15 16 144 145 17 19 21 22 25 30 32 33 34 35 36 37 38 39 41 43 44 49 52 53 55 56 58 61 63 64 67 72 76 78 82 83 85 87 88 90 94 96 97 99 100 101 102 107 108 112 114 117 118 119 124
120 2 4 5 6 7 11 12 13 14 15 16 17 18 20 21 22 24 30 31 32 33 36 37 39 40 41 42 43 44 45 46 47 49 50 51 52 53 54 58 60 61 62 64 65 67 68 69 71 75 76 78 80 82 83 84 85 86 87 89 91 92 93 94 95 96 97 98 100 101 102 103 106 107 112 115 116 118 119 120 121 125 126 127 129 130 132 134 135 136 137 138 140 141 142 143 145 147 148 149
121 128 129 1 2 130 131 132 4 133 134 135 7 137 9 139 140 141 14 143 16 17 147 19 148 20 23 25 27 31 32 34 37 38 40 41 42 43 44 48 49 51 52 53 54 56 58 59 60 62 64 68 69 71 72 73 77 78 80 81 82 83 84 86 89 97 99 100 101 103 106 107 111 113 117 118 120 121 123 124 125
122 1 2 3 4 5 6 7 8 9 10 11 13 14 15 16 17 18 19 20 21 22 23 24 25 26 27 28 29 30 32 33 34 35 36 37 38 39 40 41 42 43 44 45 46 47 48 49 50 51 52 53 54 55 56 57 58 60 61 62 63 64 65 66 67 68 69 70 71 72 73 74 75 76 77 78 79 80 81 82 83 84 85 86 87 88 89 90 91 92 93 94 95 96 97 98 99 100 101 103 104 105 106 107 108 109 110 111 112 113 114 115 116 117 118 119 120 121 122 123 124 125 126 127 129 130 131 132 134 135 136 137 138 139 140 141 142 143 144 145 146 147 148 149 150
123 1 129 4 132 5 6 135 7 8 136 9 10 138 11 139 12 141 16 145 18 146 149 150 24 25 26 27 31 36 37 39 40 41 42 43 46 47 48 49 51 52 53 60 61 65 66 70 75 80 82 84 86 87 88 91 96 98 99 100 104 107 109 111 112 113 114 119 121 122 123 125
124 1 130 132 5 134 6 135 8 137 10 11 142 143 15 148 20 21 150 23 24 33 34 36 37 40 42 44 45 50 54 55 56 60 62 65 68 70 76 80 86 87 88 89 90 93 95 99 101 107 109 110 114 117 123 125
125 2 3 4 5 6 8 9 10 11 12 13 14 15 16 17 18 19 20 22 23 24 25 26 27 28 29 30 31 32 33 34 36 38 39 40 41 42 43 44 47 48 49 50 51 52 53 54 55 56 57 58 59 60 61 62 63 64 65 66 67 68 69 70 71 72 73 74 75 76 77 78 79 80 81 83 84 85 86 87 88 89 90 91 92 93 94 95 96 97 98 99 101 102 104 105 106 107 108 109 110 111 112 113 114 115 116 117 118 119 120 121 122 123 124 125 126 128 129 130 131 132 133 134 135 136 137 138 139 140 141 143 144 145 146 147 148 149 150
126 1 2 3 4 6 7 8 9 11 12 13 17 18 20 21 22 23 24 25 28 29 30 31 32 33 34 35 36 37 38 39 40 41 42 43 44 46 49 50 51 52 53 54 55 59 60 61 62 63 64 65 66 67 68 69 70 71 72 73 74 75 77 79 80 81 82 83 84 86 87 92 94 96 97 98 99 100 101 102 103 104 105 106 107 110 114 115 117 119 120 121 122 123 124 125 126 127 129 130 131 132 133 134 136 137 139 140 141 142 143 144 145 147 148 149 150
127 128 1 2 130 132 5 133 6 135 7 136 137 10 139 11 12 13 142 144 145 17 18 146 19 147 149 22 23 24 27 31 35 36 39 41 43 44 46 49 50 51 52 53 55 56 57 59 60 61 64 65 67 70 76 79 80 83 85 87 88 89 93 94 95 96 97 100 102 103 105 108 109 111 112 113 114 116 119 120 123 124 125 127
128 128 129 130 131 133 5 135 7 137 9 139 12 13 141 142 15 16 145 17 18 147 149 150 25 26 28 29 31 33 34 35 36 38 41 43 44 45 46 47 48 49 51 54 56 57 58 59 60 62 63 66 68 69 72 73 74 75 78 80 83 84 85 86 88 90 91 92 95 96 97 98 99 100 101 105 107 109 111 112 114 115 117 119 121 123 124 125 126
129 1 2 7 9 10 12 14 15 17 18 19 22 23 24 25 28 29 30 31 32 33 35 36 37 38 39 41 43 44 48 49 50 51 52 54 55 56 57 59 63 64 68 69 70 71 72 73 74 75 77 78 79 82 83 85 87 88 90 93 94 95 97 99 100 102 104 105 107 109 110 111 112 113 114 115 116 118 119 120 121 122 124 125 128 129 130 131 134 136 138 139 140 142 143 144 146 147 149
130 128 66 133 134 70 72 136 9 77 14 144 81 17 82 18 146 19 85 22 86 87 88 25 91 27 30 99 103 46 111 113 50 51 53 57 122 61
131 129 68 132 134 70 135 71 139 75 141 77 79 81 146 84 149 22 90 91 27 94 30 99 35 101 102 103 39 109 47 111 48 49 113 52 124 60 126 62
132 129 1 131 3 4 5 6 134 135 136 137 9 10 139 12 140 13 14 142 15 144 17 145 146 22 23 28 30 31 32 33 35 36 37 39 41 42 44 47 52 53 54 55 57 59 62 65 67 69 70 75 76 77 78 81 82 84 85 86 87 88 91 92 93 94 96 100 101 102 103 104 105 106 107 109 110 116 118 119 120 121 122 123 125 126 127
133 1 2 3 6 7 8 9 10 11 12 13 15 17 18 19 21 24 25 26 27 29 30 32 33 34 38 39 40 42 46 49 50 51 52 53 54 55 56 57 58 61 62 63 65 66 67 68 70 72 73 74 75 76 78 79 80 82 83 84 86 87 88 90 92 94 95 97 98 99 100 101 102 103 104 105 106 108 109 110 111 112 116 118 119 120 121 122 123 124 125 126 128 129 131 133 134 135 136 137 140 141 142 143 144 145 146 147 149 150
134 1 2 3 4 7 8 10 11 12 13 14 15 16 17 18 19 21 22 23 24 25 26 27 29 30 31 34 35 36 38 39 40 41 42 44 45 46 47 48 49 50 51 52 53 55 57 58 59 60 61 63 64 65 66 67 68 69 70 72 73 74 75 77 79 81 83 84 85 86 87 88 89 90 91 93 94 96 97 98 100 101 102 104 106 107 108 109 110 111 112 113 114 116 117 118 119 120 121 122 123 124 125 126 127 128 129 131 132 133 136 137 139 140 141 142 143 144 146 147 148 150
135 65 91 60 14 126
136 2 36 136 137 42 12 78 48 49 114 123 29 94
137 2 5 6 8 9 10 11 12 14 15 16 17 21 22 23 24 25 26 27 28 29 30 31 32 33 34 36 38 40 41 42 43 45 46 47 48 50 51 52 53 54 55 56 57 58 59 60 63 67 68 70 71 72 73 74 76 77 78 80 82 83 85 86 87 88 89 95 96 97 98 99 100 101 102 104 107 108 109 110 113 115 116 117 118 119 120 121 122 123 124 126 127 128 129 131 132 133 134 135 136 137 138 140 141 142 143 144 145 146 147 148 149 150
138 1 2 3 5 7 8 9 10 11 13 15 16 17 19 20 21 22 23 27 29 30 32 33 34 35 36 37 38 39 40 41 42 43 46 47 48 50 51 52 53 54 55 57 58 60 63 64 65 66 68 69 70 71 73 74 75 76 77 78 79 82 83 84 85 86 87 90 91 92 93 95 96 97 98 99 100 102 104 106 110 111 113 114 115 117 119 121 122 123 124 125 126 127 128 130 131 132 134 135 137 138 139 141 142 143 144 146 147 149 150
139 1 2 130 3 132 5 133 6 135 9 138 10 11 12 141 14 142 143 16 145 19 147 148 21 23 24 25 26 27 28 33 34 35 37 38 39 40 41 42 43 45 46 47 48 51 52 54 55 56 57 58 61 62 63 65 66 68 70 75 76 78 79 81 82 84 86 89 90 91 93 94 95 96 97 99 100 103 106 107 111 112 113 118 119 120 121 122 123 125 126
140 128 129 1 131 4 5 134 8 9 10 138 11 139 12 140 13 141 142 143 144 16 145 146 18 149 24 29 31 32 33 35 36 37 38 41 46 48 49 50 51 52 54 56 57 58 59 60 64 66 68 69 70 71 72 75 76 77 78 81 82 84 85 86 88 89 90 91 92 93 94 95 97 100 103 104 105 108 109 112 115 120 121 122 124 125 127
141 128 65 133 6 135 72 73 74 17 82 19 24 27 32 99 102 39 42 109 110 111 112 50 56 58
142 64 131 67 68 69 7 135 71 73 140 12 77 13 14 15 79 16 144 146 147 83 148 23 88 26 28 36 100 37 103 39 43 44 109 47 50 55 58 123 125 126
143 129 130 2 3 131 133 5 134 135 137 138 10 11 140 13 141 142 144 145 18 146 147 149 22 28 30 31 32 33 34 37 40 44 47 48 52 54 59 61 62 63 68 70 75 80 87 92 94 102 104 105 107 110 112 115 118 119 123 126
144 1 2 4 5 6 9 10 11 12 13 14 15 17 18 19 20 21 22 24 25 29 30 31 32 33 35 36 37 38 40 41 42 43 44 45 46 47 49 50 51 54 56 57 58 59 60 61 62 63 64 67 68 69 71 72 76 77 78 79 80 81 83 85 88 89 90 91 92 93 94 95 96 98 99 100 101 103 104 106 108 109 110 111 112 113 114 116 117 119 120 121 122 124 125 126 127 130 131 132 133 134 135 136 140 141 142 143 144 146 147 148 150
145 65 2 3 131 132 5 9 73 139 14 16 145 146 20 85 150 22 95 31 36 101 42 106 43 46 110 112 53 120 122 124 63
146 1 5 6 7 8 10 12 13 14 15 16 19 22 23 24 25 26 28 30 31 33 34 36 38 39 40 41 42 43 46 47 50 52 53 54 56 57 58 60 61 62 63 64 66 67 68 69 71 72 73 75 76 78 79 80 82 83 84 85 86 87 88 89 90 92 93 95 96 97 98 99 101 102 103 104 107 108 109 110 111 113 114 115 116 117 118 119 122 123 124 126 127 129 130 132 133 134 136 137 138 141 142 143 144 146 147 148 149 150
147 1 2 3 4 5 6 7 8 10 12 13 14 15 16 17 18 19 20 21 24 25 27 28 29 31 32 34 36 38 39 40 41 42 43 44 45 46 47 48 50 51 52 56 57 58 59 60 61 62 67 69 70 71 73 74 75 78 79 80 81 84 85 87 88 90 92 93 95 99 101 102 103 104 106 107 108 110 111 112 115 116 118 120 121 122 123 125 126 128 129 130 131 133 135 139 140 141 142 143 144 145 147 148
148 2 130 3 4 132 133 7 135 8 136 9 10 138 139 11 140 141 142 14 143 15 144 16 146 20 148 149 21 150 22 23 25 26 28 29 30 32 35 37 38 39 41 42 44 47 48 49 50 51 52 53 55 56 58 60 63 65 66 68 70 71 72 74 77 78 81 83 84 85 87 89 92 98 99 101 102 103 105 107 108 112 113 114 116 117 118 122 123 124 125 126 127
149 65 67 68 4 133 70 72 9 76 15 143 84 20 22 23 87 25 26 91 94 95 101 103 39 105 41 106 107 108 47 111 112 49 50 118 61
COST_INSTALL_SERVER_AND_PROGRAMS :
0 9 1 4 1 1 4 1 1 2 3 3 2 4 4 5 5 5 2 4 5 5 3 1 5 4 1 3 5 3 3 5 1 2 3 5 3 4 4 4 3 5 1 1 4 5 3 1 3 5 5 1 5 3 5 1 2 1 2 1 5 1 4 5 1 3 1 1 1 4 4 1 3 5 3 3 3 1 3 4 5 4 2 3 3 4 4 3 2 2 3 2 5 2 4 4 2 5 4 5 2 1 4 5 2 3 2 4 3 3 1 1 4 3 2 5 1 3 5 2 1 4 3 2 3 1 3 1 1 2 3 4 1 4 5 1 1 5 2 3 3 3 4 5 1 1 2 1 5 3 4 3
1 9 3 3 3 2 5 3 1 1 1 1 1 5 3 2 5 1 4 1 2 2 2 4 3 2 3 4 3 4 1 2 1 2 3 5 3 5 1 2 2 3 2 5 5 1 5 5 3 5 4 5 5 5 1 4 2 4 5 4 4 1 5 4 3 4 2 2 3 2 5 2 2 1 1 5 2 3 3 3 3 2 3 1 2 3 5 1 2 3 5 4 1 4 1 4 4 1 1 3 1 1 4 3 4 4 2 1 3 4 2 1 3 1 2 4 5 2 4 5 1 2 1 4 2 5 1 4 1 3 3 2 3 3 5 3 5 1 4 4 5 5 2 2 5 2 5 1 3 2 4 3
2 7 3 3 1 4 4 1 5 2 5 1 5 5 2 1 4 4 3 2 5 2 5 1 1 4 1 2 5 3 4 1 2 1 1 5 2 3 4 4 1 1 2 5 4 1 5 1 4 4 3 3 4 4 4 1 4 3 4 1 1 1 4 4 5 3 3 1 5 3 2 3 3 4 4 3 2 2 5 2 3 4 4 2 1 2 2 4 1 4 2 5 3 1 3 3 1 4 4 1 5 5 1 3 5 1 3 5 4 2 5 3 3 3 2 2 3 3 3 5 1 1 3 1 2 3 2 5 1 5 5 5 2 2 1 2 5 4 2 5 3 5 3 4 2 1 5 1 1 4 2 3
3 8 4 4 2 2 4 4 2 3 4 5 4 3 5 2 4 3 5 2 5 4 3 5 2 1 2 5 5 4 5 4 3 4 3 5 5 2 2 4 1 3 5 1 4 1 4 4 3 5 3 2 5 2 1 1 3 5 4 3 3 2 3 1 1 5 5 3 2 1 5 2 4 1 5 5 5 2 2 3 3 3 5 2 4 2 1 4 2 4 2 5 2 2 1 2 2 2 1 4 3 1 2 1 1 2 4 4 2 1 4 4 4 1 5 3 2 5 1 2 5 1 3 1 5 5 5 4 4 3 5 5 3 5 3 2 5 3 2 3 5 2 2 5 2 3 2 1 2 1 5 5
4 11 4 5 3 4 4 3 2 5 4 3 4 3 3 1 3 1 2 2 2 1 5 3 4 1 2 1 5 1 5 2 5 3 3 3 5 3 1 3 1 1 4 2 4 4 5 5 5 2 1 1 5 1 2 3 1 4 4 2 2 4 1 5 2 4 3 1 3 2 3 2 3 3 3 1 5 1 2 3 2 3 3 2 5 2 5 3 2 2 5 4 1 2 5 5 1 3 5 4 2 2 3 1 1 5 4 3 4 1 3 5 1 3 3 1 3 2 2 1 5 4 2 4 1 2 2 5 4 5 2 2 2 4 4 3 3 3 1 4 1 4 1 1 5 1 4 5 4 5 5 4
5 12 1 3 1 5 4 3 5 4 4 5 2 1 3 2 4 1 4 1 3 1 5 3 1 3 5 3 2 4 4 3 1 5 3 3 4 5 5 4 3 4 4 5 2 3 3 1 2 4 1 4 1 3 2 4 5 5 5 2 3 2 5 2 3 2 1 4 2 4 3 4 3 4 5 3 5 4 3 2 2 2 1 1 5 3 3 3 3 4 5 5 2 2 4 3 4 2 4 3 1 3 2 2 3 1 2 1 1 4 1 2 2 2 3 5 1 2 4 2 2 5 5 3 2 2 4 3 2 1 1 5 1 5 3 5 5 1 3 2 1 1 5 3 3 2 1 5 2 1 4 2
6 14 3 2 3 2 3 3 2 4 5 2 5 4 1 5 5 3 1 3 4 3 5 5 4 3 3 1 5 5 5 5 5 4 1 4 1 2 2 4 2 5 4 5 1 5 1 3 4 1 2 5 4 2 4 1 2 4 2 2 4 3 1 3 2 1 3 4 2 4 5 3 1 4 5 3 2 4 4 2 2 3 1 4 3 4 2 1 4 2 1 4 2 1 3 1 2 4 1 3 5 4 5 2 4 1 3 1 5 3 4 1 1 5 2 5 4 4 1 3 1 3 5 2 1 5 5 3 1 5 1 1 2 1 2 1 5 3 5 2 1 1 4 3 2 1 4 1 4 1 3 3
7 7 3 5 3 1 2 4 1 5 3 4 3 1 3 1 2 1 1 2 1 3 3 4 1 5 4 5 2 1 3 2 2 2 2 2 1 2 1 1 2 4 3 3 5 3 3 5 2 4 3 1 2 4 3 4 2 4 4 4 1 4 1 5 5 5 5 5 3 4 3 5 2 4 1 4 1 2 4 5 5 3 1 3 2 3 5 1 1 5 4 4 5 5 1 3 3 4 3 2 1 4 2 5 4 1 4 4 5 1 2 4 3 3 1 4 5 5 4 3 4 2 1 3 3 3 3 5 5 2 1 3 1 1 5 4 4 4 2 1 3 3 5 4 2 3 5 5 1 2 2 5
8 15 2 5 5 1 4 2 3 4 5 2 3 1 3 4 4 5 4 1 3 5 4 5 1 1 5 4 3 4 1 1 4 5 1 1 5 4 5 3 2 3 4 3 5 4 3 3 2 4 1 4 5 4 4 2 3 2 2 5 1 3 2 2 4 4 2 1 1 4 1 4 5 4 2 5 4 3 5 3 3 4 4 5 4 4 5 2 1 2 1 3 4 1 5 1 3 5 4 5 2 2 3 2 2 2 5 5 1 1 5 5 2 5 3 5 4 4 4 4 3 4 5 2 2 4 1 1 3 1 1 5 4 1 3 1 1 3 2 4 2 4 1 1 1 2 4 4 3 2 3 5
9 14 3 4 3 4 5 5 3 2 3 2 5 5 2 5 5 3 5 2 5 3 2 3 1 4 4 4 4 3 5 4 3 3 3 1 3 4 5 4 2 1 1 2 4 3 2 2 1 3 4 1 2 3 5 1 1 1 3 5 3 3 1 1 4 3 3 2 5 1 4 1 5 3 3 2 1 1 1 2 5 2 1 2 3 3 4 3 2 5 5 5 3 2 5 5 1 2 1 2 5 3 5 2 4 1 1 1 4 2 5 1 5 4 1 4 1 1 1 1 5 5 5 4 5 2 3 1 4 3 2 3 2 3 3 3 2 2 5 5 4 1 3 3 4 2 4 5 2 4 5 5
10 10 2 4 4 1 4 3 3 4 2 4 5 4 2 3 5 2 4 4 3 5 4 1 5 2 4 4 4 2 4 1 1 4 2 2 5 4 3 4 5 4 5 4 4 5 3 5 1 5 5 2 2 5 5 2 3 1 5 4 3 1 2 3 1 1 3 1 1 1 1 2 1 5 2 2 2 4 5 4 1 3 1 1 4 3 3 4 5 3 4 4 2 4 5 2 4 2 3 4 4 2 4 2 3 3 1 3 1 3 5 4 5 3 5 4 1 1 4 2 4 2 1 5 1 5 3 5 2 4 4 4 4 4 3 5 1 1 1 3 1 4 5 2 5 5 5 5 3 5 1 5
11 9 2 1 1 5 4 3 5 2 5 3 1 2 4 1 3 2 3 3 2 5 4 5 3 5 4 4 5 5 4 3 5 2 5 1 3 1 2 2 5 3 2 3 5 4 3 2 3 1 4 4 2 2 4 4 2 5 1 2 2 5 4 1 3 3 4 1 5 1 3 1 1 2 5 3 3 5 5 4 2 2 1 3 1 1 2 3 5 1 5 2 4 5 2 5 1 4 5 2 3 3 1 1 2 1 3 2 5 5 3 1 3 3 2 1 2 1 1 1 3 5 3 3 3 3 1 2 5 2 1 3 1 1 4 3 3 4 5 5 1 1 3 1 4 2 2 4 3 5 3 4
12 7 3 3 1 1 4 3 1 4 2 3 5 4 3 5 4 1 3 4 4 1 4 5 2 3 1 3 5 5 4 4 4 5 2 4 4 5 4 1 2 5 5 3 2 3 4 2 1 2 4 1 3 1 2 4 2 2 1 3 2 1 5 3 2 1 1 4 3 2 1 1 1 3 3 2 2 4 1 3 4 5 4 5 4 4 2 3 1 2 2 4 3 3 2 4 3 1 2 4 4 2 1 3 1 3 4 5 2 5 5 5 1 4 5 2 4 4 3 2 2 2 4 2 2 3 2 4 2 2 5 4 1 2 5 4 4 1 1 5 5 1 2 3 2 1 1 3 2 4 3 1
13 13 3 1 2 4 4 3 2 3 3 4 1 4 4 4 1 1 4 5 2 1 5 3 1 3 1 5 1 3 4 3 5 3 5 1 2 4 2 3 4 1 2 4 4 5 2 5 3 2 1 1 3 3 4 2 4 5 4 1 4 4 1 3 1 2 4 5 3 1 1 5 5 4 4 1 1 3 5 3 5 1 5 3 5 1 4 1 1 1 5 5 5 3 2 4 4 5 4 3 4 1 2 4 1 2 5 5 1 2 4 3 1 4 2 5 1 5 4 3 2 2 4 1 3 1 2 1 1 4 2 4 2 4 1 3 1 1 4 1 1 4 4 2 4 3 2 4 4 3 1 5
14 8 1 2 2 4 5 4 1 3 5 2 4 5 4 4 4 2 3 1 5 2 2 3 4 4 3 2 4 1 5 2 4 5 4 5 5 5 5 1 5 1 1 5 3 5 4 4 4 1 2 3 2 3 4 4 4 3 5 1 5 3 1 1 2 3 2 5 1 3 4 2 2 4 4 3 3 4 4 3 1 1 3 4 5 4 3 5 2 2 4 5 3 4 2 1 2 4 5 1 5 4 4 3 4 4 5 4 3 5 2 4 4 2 5 2 4 5 3 2 4 5 4 3 3 4 1 1 4 5 2 1 3 1 1 4 1 5 5 1 5 1 3 3 2 5 1 4 1 1 2 3
15 9 1 3 3 2 3 4 1 5 3 5 5 5 1 4 4 3 4 3 4 3 1 4 3 1 4 2 2 5 4 4 2 2 4 1 1 5 4 1 1 1 3 2 3 4 1 4 4 1 2 4 1 5 3 5 1 5 3 5 4 5 4 4 1 5 4 5 1 1 3 3 5 3 2 2 1 2 3 4 4 4 1 4 1 4 5 3 1 2 3 1 3 2 2 2 4 3 2 2 5 5 2 1 4 2 1 5 1 5 3 4 4 2 4 2 2 1 1 5 2 5 2 4 3 2 2 1 2 4 3 1 2 4 4 1 4 4 1 3 3 3 1 3 4 3 1 3 2 4 2 4
16 8 3 3 4 1 2 4 5 2 3 3 1 5 1 5 2 2 5 4 1 5 3 2 4 5 5 2 1 5 2 1 4 1 3 4 3 5 1 2 5 5 5 4 3 3 2 1 2 1 1 1 5 1 4 1 1 1 5 2 3 1 5 3 2 1 4 4 3 3 2 3 1 5 1 4 3 3 1 4 4 3 4 1 5 3 4 1 1 2 2 1 2 5 4 1 3 1 2 1 1 1 4 2 4 2 3 3 4 4 2 3 4 4 1 1 1 5 4 3 4 3 5 3 2 4 5 3 3 3 3 5 3 5 5 1 4 3 1 3 1 3 3 2 5 5 5 2 4 2 2 5
17 11 2 5 4 5 1 2 4 5 5 3 3 4 1 2 1 4 3 2 3 2 2 1 1 4 5 5 3 4 3 5 5 4 1 5 5 3 3 5 3 3 3 2 2 3 1 4 2 2 3 5 5 5 3 3 1 4 4 3 2 2 3 4 1 5 3 2 4 5 3 4 2 1 2 2 1 2 2 3 1 1 5 5 4 3 5 1 1 5 1 1 1 3 1 1 1 1 5 1 2 3 1 5 2 5 2 1 5 3 3 3 1 1 3 4 5 5 3 3 1 4 3 5 5 5 2 3 1 2 3 5 3 3 1 5 1 1 5 5 2 2 3 3 2 2 2 2 5 3 1 2
18 13 5 1 4 5 4 2 5 3 1 5 4 2 1 3 4 4 5 4 5 3 4 1 5 2 1 4 1 4 5 4 2 2 5 4 3 5 1 5 3 4 5 3 3 4 3 4 5 4 1 1 1 3 2 2 4 5 1 4 3 1 2 1 4 2 4 5 1 1 3 3 5 1 1 4 5 1 3 1 5 1 4 4 1 1 3 2 5 1 3 5 3 4 4 3 5 5 4 5 2 2 2 3 5 3 5 2 3 3 5 5 1 2 2 3 3 4 5 2 1 4 4 4 5 4 3 3 5 4 1 3 5 3 4 4 1 3 1 3 4 1 3 5 3 4 2 3 1 4 2 5
19 12 2 3 2 3 5 3 4 1 3 4 5 4 2 2 1 2 1 2 3 3 2 4 1 1 4 2 1 2 1 3 1 5 4 4 4 1 4 3 1 1 3 4 4 3 1 5 4 3 5 5 5 1 4 5 1 1 2 2 3 1 5 3 4 5 3 4 1 3 2 3 1 1 2 5 2 5 3 4 3 2 2 1 1 2 1 1 1 2 1 4 2 4 5 1 5 2 3 1 2 4 3 3 1 2 2 4 1 2 5 5 3 4 3 3 3 4 5 1 5 5 2 5 2 3 5 5 1 5 5 2 1 3 2 3 3 5 1 4 3 4 3 5 3 2 3 1 4 5 1 5
20 7 2 3 1 4 4 5 5 1 5 3 3 5 1 2 3 1 4 5 4 1 2 2 5 3 2 3 1 4 4 4 1 3 3 5 2 2 1 2 3 5 5 2 3 5 2 3 1 1 5 3 4 3 1 4 2 2 4 4 4 5 1 2 3 5 5 5 4 5 4 1 5 5 5 2 3 4 2 1 4 3 3 1 2 4 2 4 1 1 2 5 4 2 5 4 2 1 1 5 4 3 2 5 2 2 4 1 1 3 4 1 2 1 1 1 3 3 1 5 2 4 2 1 1 5 4 3 5 5 2 5 2 1 4 2 4 1 5 2 1 4 3 5 5 4 2 4 5 4 5 1
21 8 2 1 4 4 1 3 1 3 3 4 2 2 4 3 1 5 4 5 4 3 1 2 1 5 4 1 2 3 5 4 4 3 3 4 2 1 1 1 1 5 1 1 4 3 1 3 3 4 2 2 3 3 2 5 3 5 3 4 5 4 5 3 5 1 3 1 3 3 5 1 4 4 5 2 2 2 2 4 3 5 3 1 1 3 4 4 1 2 5 4 1 4 3 1 3 4 2 5 2 3 4 3 2 1 1 3 3 4 1 1 5 3 5 2 1 2 3 1 2 4 2 2 5 5 5 5 1 1 4 3 1 2 4 5 5 4 3 1 5 5 3 2 5 2 2 4 1 4 4 3
22 15 1 3 3 3 2 5 4 4 3 4 3 5 5 4 5 4 5 4 1 5 2 3 4 1 3 2 4 2 5 4 4 5 2 2 5 2 1 4 1 5 5 1 4 4 1 1 4 3 3 1 5 3 5 5 3 4 4 1 5 1 1 3 1 4 2 3 1 2 4 4 1 5 1 1 1 1 4 3 2 3 3 2 1 5 2 3 1 1 5 4 3 2 1 5 5 4 3 4 4 1 3 5 1 1 2 1 2 5 3 2 2 5 2 1 5 5 1 3 2 4 1 3 5 3 3 3 2 5 4 3 4 2 2 3 1 5 3 3 3 4 1 5 4 3 4 5 5 5 4 1
23 12 1 2 1 1 4 5 2 1 1 5 1 5 5 2 5 1 4 2 3 3 3 4 2 3 2 4 4 3 4 4 5 2 3 3 1 5 1 2 5 4 2 4 1 2 5 2 4 2 3 4 5 3 4 5 5 1 5 5 2 5 5 2 5 4 5 3 4 3 3 1 3 1 2 1 4 3 4 5 3 3 3 1 2 5 2 5 2 4 1 3 1 3 1 3 4 4 4 3 3 4 3 5 3 1 2 2 4 2 5 1 1 5 5 4 5 1 2 4 3 4 3 2 3 5 1 1 4 4 1 4 4 4 1 4 3 2 4 1 2 5 1 2 3 1 1 3 1 1 1 5
24 13 2 4 4 4 3 1 1 5 2 3 1 4 3 3 1 4 5 3 4 2 2 4 4 1 5 1 2 5 3 1 1 2 3 5 2 2 5 3 1 5 2 2 4 1 1 4 4 1 1 2 1 3 1 1 2 4 5 5 3 1 2 5 2 4 5 1 5 3 5 5 5 2 5 3 3 1 5 4 3 3 3 1 2 5 3 2 2 4 3 1 1 5 1 1 4 1 3 2 3 4 2 4 3 5 1 4 1 3 3 1 5 4 1 1 1 2 2 5 4 4 4 4 3 2 2 3 4 1 4 3 3 1 4 5 5 3 1 3 4 1 5 1 3 1 5 1 4 4 4 5
25 10 4 3 4 3 2 1 5 4 1 2 4 4 5 3 1 1 4 2 4 4 4 1 3 1 2 4 2 1 2 1 5 1 1 5 3 2 5 4 2 2 5 1 3 4 4 3 5 1 3 3 2 3 1 4 5 5 4 2 5 5 4 2 2 5 1 4 2 2 2 2 1 5 2 1 5 2 4 3 1 2 1 5 1 5 4 5 3 1 4 4 4 5 3 4 2 3 2 4 4 3 4 3 2 4 4 5 2 1 2 5 3 2 5 2 2 2 4 2 5 3 2 4 5 3 4 5 4 1 4 3 1 5 1 5 3 1 2 5 4 2 2 5 2 2 4 1 4 2 1 5
26 6 1 5 3 3 3 2 4 4 3 4 4 1 2 3 1 5 3 4 2 3 3 3 4 4 1 3 5 2 4 4 3 1 3 2 2 3 5 1 1 4 3 5 3 3 2 1 3 1 4 4 4 3 1 1 5 3 1 3 5 2 5 2 3 4 4 1 2 1 1 4 3 5 3 4 5 3 5 5 3 3 3 1 2 2 3 3 2 5 2 2 5 3 5 5 1 4 2 3 2 4 4 1 3 3 4 3 1 5 4 3 5 5 1 2 1 5 3 2 2 3 1 2 1 2 5 3 4 2 2 1 2 5 4 1 5 1 5 4 5 2 1 4 3 2 5 5 5 2 2 1
27 9 2 1 3 1 4 2 2 1 4 1 4 1 5 4 1 3 5 2 4 4 3 4 3 3 3 3 1 4 3 1 2 2 1 1 3 1 2 2 5 1 3 4 3 5 5 4 5 2 5 2 3 1 3 3 5 3 4 3 3 5 4 5 4 3 4 3 5 3 1 5 3 5 3 2 3 3 4 4 1 1 1 5 5 2 2 4 1 2 5 4 3 4 4 2 1 5 2 3 5 4 3 4 2 2 5 5 4 2 5 1 5 2 5 2 1 5 4 4 4 1 1 3 3 2 4 1 4 5 2 3 5 3 3 1 2 5 3 3 5 5 5 1 4 2 1 3 1 2 1 5
28 10 3 1 1 5 4 5 3 5 3 5 5 1 5 2 4 1 5 3 5 3 5 4 5 1 2 3 2 3 2 3 2 3 4 5 4 5 5 1 1 2 2 5 3 1 5 5 5 4 1 5 1 4 1 2 3 5 1 3 1 5 2 5 3 3 4 4 1 1 1 4 3 5 4 5 3 3 1 2 3 2 3 2 5 5 2 4 2 1 1 2 2 5 5 2 1 4 5 1 3 4 1 2 2 5 1 5 1 5 2 3 2 1 2 5 5 3 2 4 5 3 3 5 2 2 2 1 3 3 5 5 5 5 4 4 2 2 4 5 4 4 4 5 3 4 5 5 4 3 1 1
29 6 2 4 2 4 2 5 5 3 3 2 1 5 4 3 5 3 4 2 2 1 1 4 1 3 5 5 3 5 1 2 1 5 5 1 2 4 2 4 2 5 3 5 3 5 5 5 2 1 5 3 1 2 4 4 2 5 5 2 3 1 3 3 5 1 3 5 3 1 1 2 5 1 1 1 2 4 3 5 3 2 3 1 4 5 3 1 3 4 3 2 1 3 4 4 4 1 5 3 5 5 4 2 5 1 2 1 4 4 1 1 3 2 1 2 1 1 3 2 4 2 1 2 5 1 4 4 3 1 4 1 4 2 3 2 2 1 4 2 5 1 3 3 1 3 3 2 5 5 5 2
30 10 1 3 3 2 2 3 2 2 3 2 3 4 1 5 5 4 1 1 3 4 1 3 5 3 5 4 5 5 5 4 4 1 2 1 3 4 3 1 4 1 5 4 2 3 1 5 4 2 1 4 4 4 5 3 2 1 3 2 5 5 2 5 5 1 3 5 3 5 2 3 3 1 4 2 1 1 1 5 5 1 4 1 4 4 3 3 5 4 4 2 4 5 2 3 5 3 2 1 2 4 3 3 1 4 1 1 2 5 2 2 5 5 3 2 5 4 3 5 4 1 5 3 3 2 2 1 4 2 1 4 5 3 5 5 4 1 1 5 4 5 3 5 5 3 3 2 1 3 4 5
31 13 5 1 4 1 5 4 4 1 4 2 3 2 2 4 2 1 5 5 3 1 5 2 4 1 2 1 2 3 5 1 1 1 5 1 1 5 1 3 5 4 1 2 5 2 5 4 5 5 5 3 1 1 1 3 4 5 1 1 5 2 3 5 5 5 5 3 4 5 4 3 3 1 2 3 4 3 3 1 3 1 3 3 3 4 5 1 1 5 5 4 3 4 2 5 5 4 2 1 3 1 5 2 4 4 5 3 4 4 5 3 5 2 3 1 2 5 5 2 4 3 1 5 2 2 5 1 1 2 4 2 1 5 1 3 2 4 2 1 4 4 1 3 3 1 1 5 2 4 5 4
32 10 1 4 3 5 3 2 3 3 4 4 4 2 4 4 1 2 5 1 5 5 3 2 3 3 2 5 3 5 1 3 3 4 5 5 5 5 4 2 4 5 5 5 2 5 5 2 5 3 1 1 2 3 1 3 1 4 4 2 2 5 5 4 5 4 4 5 3 4 3 3 3 1 2 5 1 3 1 4 5 3 2 5 5 4 1 3 5 3 2 1 3 4 4 2 2 4 5 4 3 4 2 1 4 5 4 3 1 3 1 5 1 2 3 5 2 1 2 2 5 4 5 2 4 4 2 2 4 2 5 1 4 1 5 2 2 1 4 2 2 4 4 4 4 2 5 3 1 5 3 3
33 14 5 4 2 3 2 4 2 5 2 2 2 5 4 2 4 3 5 3 3 2 5 5 5 1 3 4 3 4 5 2 2 3 2 3 4 3 3 3 2 1 5 5 1 4 5 5 2 4 5 2 5 5 2 3 5 3 5 1 1 3 3 5 1 3 3 1 5 4 5 5 3 5 3 3 1 5 1 3 5 5 3 1 5 2 4 2 4 3 3 2 3 5 4 2 1 5 4 5 5 3 1 4 2 1 5 5 1 3 4 3 3 4 1 2 2 5 4 1 2 2 4 5 5 2 5 2 1 3 3 4 1 3 3 3 1 4 4 4 3 4 4 3 5 3 4 4 3 4 3 5
34 9 3 4 5 2 1 2 5 5 1 2 4 3 2 1 1 4 2 3 3 1 1 5 5 1 4 1 2 2 1 2 1 5 4 2 2 1 3 2 5 2 2 2 2 4 2 1 1 4 2 4 3 1 2 2 4 5 5 2 5 3 1 1 3 3 1 2 5 3 2 3 1 3 4 1 3 3 2 3 3 2 1 5 3 3 2 2 5 3 1 4 4 1 5 3 1 2 5 4 5 3 5 2 4 2 2 4 5 3 4 3 4 2 5 1 3 2 4 1 5 3 4 5 5 4 5 1 5 5 4 1 5 4 2 4 2 2 5 5 5 3 3 5 4 5 1 5 4 5 2 5
35 14 1 4 3 4 3 3 4 5 3 5 1 5 5 1 1 1 3 4 5 2 2 3 1 2 3 3 2 2 2 4 2 5 4 4 1 3 5 2 1 1 1 1 4 2 3 2 3 2 2 1 1 1 2 5 1 1 2 4 5 1 4 4 1 2 2 2 1 4 1 3 1 4 3 1 4 2 5 5 4 3 2 5 2 2 1 5 2 1 1 2 4 1 4 1 2 5 5 2 5 2 3 3 5 2 3 4 5 5 1 2 3 3 1 1 4 2 4 5 2 2 5 1 5 3 3 1 5 5 1 1 4 1 1 4 4 5 5 2 1 5 2 4 5 3 4 3 1 2 5 4
36 14 5 4 1 2 5 3 1 5 4 5 2 2 2 1 3 1 2 4 2 3 1 4 3 2 4 5 5 2 5 2 2 1 2 5 1 2 3 2 1 5 4 5 4 1 5 2 2 4 2 5 5 2 4 2 4 2 2 1 3 4 1 4 5 2 1 1 3 5 4 4 3 4 4 5 4 5 3 2 3 2 2 1 1 1 1 2 3 1 4 1 2 4 2 3 1 1 4 2 2 2 3 5 3 2 2 3 5 2 5 4 4 1 2 2 5 4 1 2 3 5 5 1 3 1 3 1 3 2 5 3 4 2 4 4 5 1 2 4 2 2 5 5 5 4 5 3 5 4 2 2
37 11 4 2 5 2 3 1 1 2 3 5 3 1 4 4 5 5 2 3 3 1 3 4 2 4 5 1 3 4 5 2 4 3 2 4 5 5 5 3 5 4 3 1 1 5 3 3 3 1 2 4 1 1 4 1 4 5 3 4 2 4 1 1 4 4 3 4 1 4 1 1 1 2 5 4 2 1 4 2 3 5 5 2 1 1 2 5 5 2 1 3 1 1 2 1 2 1 5 3 4 4 2 5 1 3 3 2 5 4 2 5 3 2 3 2 1 3 2 4 5 2 2 2 1 5 4 3 2 5 2 3 3 5 1 3 5 3 4 1 5 4 1 2 3 4 2 2 3 1 1 2
38 9 4 2 5 5 3 5 5 3 3 3 3 5 2 5 5 3 4 2 1 2 1 2 2 2 5 4 1 3 3 4 1 4 3 5 4 3 1 2 3 3 4 2 3 5 5 2 4 5 5 5 4 3 5 1 2 1 1 2 5 1 2 2 3 4 3 5 2 2 1 1 3 1 1 5 5 5 1 3 4 2 1 2 3 4 5 3 2 1 5 5 2 2 1 3 2 5 2 1 1 5 4 2 3 4 2 4 3 5 1 3 3 2 5 2 2 1 5 3 4 5 4 5 2 3 3 5 3 4 4 5 5 4 5 5 3 5 3 4 3 5 4 5 2 4 5 3 5 5 5 1
39 12 4 1 1 5 4 5 3 5 2 1 5 3 3 4 5 1 2 4 3 3 2 4 1 4 1 1 5 5 3 3 4 1 3 1 1 1 3 2 2 5 4 1 5 1 1 1 4 1 1 1 1 2 2 3 5 4 4 5 3 5 2 2 1 1 3 2 4 3 5 5 1 3 2 4 3 4 2 4 3 3 5 1 3 4 3 2 2 1 5 1 4 3 3 4 4 5 1 5 2 5 1 3 1 4 2 1 5 1 4 2 5 1 5 3 5 5 4 3 5 3 3 2 1 3 5 5 4 2 2 5 4 1 3 5 5 4 1 1 1 5 2 3 4 2 4 3 4 2 1 4
40 13 3 1 1 5 1 1 3 5 2 2 4 4 1 5 4 1 2 5 4 3 1 1 2 5 2 4 3 4 2 3 5 4 2 4 4 5 5 1 3 5 2 5 5 4 2 3 1 1 3 3 2 3 2 2 1 4 4 3 2 1 5 2 1 2 4 3 2 2 5 3 4 4 2 2 1 3 5 2 4 2 3 2 5 3 1 2 3 4 3 3 4 1 3 3 2 2 4 2 1 3 4 3 3 2 3 4 4 1 3 5 5 3 5 1 3 1 2 3 4 1 4 4 3 3 2 5 4 5 3 3 3 5 5 5 1 5 3 3 3 1 1 1 4 1 3 5 3 3 2 2
41 13 1 1 4 5 4 1 3 5 4 4 2 5 1 2 1 3 5 1 2 1 1 2 4 2 1 2 1 2 1 5 2 4 5 5 2 4 5 3 4 4 2 1 2 3 4 1 5 5 3 4 2 2 1 4 4 1 3 1 4 4 2 3 4 3 5 3 3 5 1 4 3 4 5 4 4 5 3 3 2 4 5 3 5 4 4 3 2 2 2 4 5 5 1 5 3 3 4 3 4 2 4 3 3 2 5 1 1 3 1 5 5 1 4 4 1 2 2 5 2 5 2 1 1 3 3 1 1 3 3 4 5 1 2 3 1 3 4 5 4 1 5 3 2 3 5 3 3 3 2 5
42 12 1 2 4 2 1 2 5 3 1 2 4 2 1 3 5 1 3 5 4 4 4 2 5 1 2 3 1 4 5 1 2 4 2 2 1 5 3 3 4 1 3 4 1 1 5 5 4 1 1 4 5 2 3 2 4 5 1 5 1 3 2 4 2 4 1 4 2 2 1 1 2 4 2 1 5 1 1 2 2 5 3 4 5 3 3 2 4 2 5 1 5 1 3 1 5 2 4 1 4 5 1 4 3 4 1 2 3 5 2 4 2 5 3 3 5 2 1 3 1 4 3 3 4 1 1 2 5 4 5 5 5 3 3 4 3 1 3 3 1 5 3 1 3 2 4 5 4 1 2 3
43 12 5 4 3 2 3 2 3 3 5 3 1 4 3 2 4 1 2 4 5 5 2 4 3 1 3 2 5 1 5 5 1 3 2 3 3 3 3 1 4 5 1 4 3 1 4 3 2 5 4 5 2 5 4 2 5 5 5 3 1 5 2 1 1 2 5 5 4 2 5 2 3 1 3 2 1 3 5 2 2 2 2 2 5 5 2 5 5 5 2 4 4 4 4 3 5 3 2 5 5 2 1 4 1 1 1 2 2 4 2 5 3 1 1 1 2 3 5 3 3 5 5 5 4 4 5 5 1 4 2 2 2 3 4 5 2 2 5 5 4 3 1 3 1 5 1 3 5 5 1 4
44 12 2 5 4 4 3 4 3 4 2 3 4 1 5 1 5 2 3 3 1 4 2 2 4 1 1 1 3 3 4 4 3 2 4 4 2 5 3 2 2 1 5 1 4 1 5 2 4 2 1 5 2 3 1 3 4 2 4 3 1 3 3 4 5 2 2 5 1 3 2 5 5 2 3 4 5 2 2 5 4 5 1 2 5 2 1 4 2 2 1 3 5 3 1 4 2 3 5 2 1 1 5 3 2 4 4 4 2 3 2 1 1 2 1 3 2 1 1 5 2 4 2 4 3 1 5 2 3 4 1 3 1 2 1 3 5 1 3 1 5 3 5 3 3 2 1 4 5 3 2 4
45 6 5 4 3 1 1 4 3 5 2 3 1 4 5 5 5 3 4 5 2 3 2 3 4 1 4 1 2 5 3 3 3 2 1 5 3 1 5 5 1 4 5 3 1 4 3 1 5 3 2 5 2 3 3 1 4 5 3 5 5 2 5 1 2 3 4 2 2 4 5 4 3 4 1 5 5 1 2 3 2 2 5 2 5 4 2 2 2 3 5 4 5 5 5 1 4 5 5 5 3 1 1 3 4 2 4 1 2 3 4 4 1 4 4 1 1 4 1 2 4 1 2 1 4 1 3 2 5 3 1 2 2 1 3 1 1 5 3 3 5 2 4 3 3 3 3 3 2 5 1 2
46 11 5 1 2 2 2 5 5 3 4 2 2 2 3 1 1 3 1 2 3 1 3 1 1 4 3 3 1 2 3 4 5 2 1 2 3 3 2 3 2 5 2 1 4 4 3 2 1 5 5 2 5 1 5 1 2 3 3 2 5 5 2 1 5 5 4 4 2 2 4 3 5 4 3 2 4 4 2 2 3 4 1 5 5 1 3 4 1 5 1 1 1 1 1 5 3 5 2 5 3 2 2 1 5 1 5 3 1 2 3 2 1 2 5 1 2 5 5 1 1 5 2 1 4 2 5 2 5 3 3 2 1 3 3 2 5 1 3 2 4 4 3 3 4 1 1 4 3 4 3 2
47 11 4 1 5 2 4 1 3 4 1 3 2 1 3 2 4 1 5 3 5 2 5 3 3 2 2 4 1 3 4 1 5 2 3 3 4 1 5 4 4 3 1 4 2 5 5 5 3 3 4 1 3 1 5 1 4 1 3 4 4 5 4 2 5 2 3 5 5 5 3 3 1 2 1 5 2 4 3 1 4 2 5 4 2 5 1 1 3 2 1 2 1 4 1 2 5 4 3 1 5 4 5 4 5 1 4 1 1 1 4 4 3 5 1 3 4 1 2 3 5 3 3 3 3 3 2 4 3 2 3 2 1 4 1 2 1 4 1 4 1 3 4 2 3 2 1 2 3 5 2 3
48 15 4 5 1 3 3 5 3 5 1 4 2 1 3 3 5 3 3 2 3 1 1 3 2 3 4 5 2 5 2 5 3 4 5 5 2 1 3 4 4 5 3 3 2 5 4 5 5 4 3 2 3 2 2 2 2 1 1 1 2 5 4 1 1 4 4 5 3 3 1 3 1 2 4 1 5 4 5 1 4 2 1 2 4 4 2 3 4 3 5 4 2 2 4 1 3 3 4 5 5 4 5 3 5 4 1 3 4 3 1 1 5 5 2 2 1 4 1 4 5 1 1 4 1 3 4 1 5 4 3 3 4 3 1 4 5 2 4 1 2 5 3 1 3 1 3 2 2 2 2 5
49 10 5 2 1 1 2 5 4 5 1 2 5 1 5 5 1 2 2 4 4 3 1 2 5 2 1 5 3 3 3 4 2 1 5 4 3 2 4 5 3 2 2 1 4 5 3 1 1 4 2 5 3 5 2 1 3 4 4 3 4 5 2 5 1 5 2 4 2 5 3 2 3 1 1 4 5 1 3 5 5 2 4 2 4 4 1 5 3 1 3 1 1 3 1 5 1 2 1 1 5 2 3 5 1 1 1 4 2 1 2 3 4 2 2 1 3 2 1 2 3 2 1 2 3 5 1 5 1 2 5 2 1 4 4 3 5 4 1 1 4 1 1 4 2 1 3 1 4 2 2 2
50 13 5 2 3 4 2 4 5 5 5 3 5 3 1 1 5 2 1 4 5 2 3 1 3 4 2 5 2 1 5 3 3 5 3 4 5 5 4 1 5 4 2 5 1 4 1 1 4 5 1 4 2 4 2 5 5 3 1 3 3 3 5 1 5 1 1 5 4 3 3 1 3 1 3 5 2 1 1 1 3 4 5 1 2 2 4 4 1 5 5 1 1 3 3 2 5 3 1 4 2 1 5 2 2 3 3 5 3 1 4 2 5 1 2 1 4 1 2 1 4 2 3 4 3 1 4 5 2 3 2 1 1 3 2 3 2 1 3 2 5 1 5 2 4 5 3 1 2 1 1 1
51 13 2 2 2 5 5 5 5 2 3 5 1 5 2 1 1 2 2 3 1 2 4 1 2 5 1 3 3 4 1 4 1 2 1 2 2 2 1 4 1 3 1 4 4 3 3 3 2 5 3 5 2 2 5 3 2 1 3 3 4 2 3 4 2 3 3 2 4 4 4 4 2 4 3 5 1 4 2 2 3 2 5 1 2 5 4 2 1 1 2 4 2 3 1 1 4 2 4 1 5 4 1 5 4 5 1 4 5 5 4 1 4 4 1 3 3 3 3 1 5 5 2 4 1 3 2 4 2 2 1 3 5 1 1 1 1 3 3 1 1 1 5 1 3 3 5 3 4 3 3 3
52 11 4 2 4 2 2 5 1 1 2 1 1 2 3 5 1 4 2 1 4 3 4 5 5 5 1 1 5 1 3 3 1 5 2 1 2 4 3 1 5 5 2 3 3 2 1 1 1 5 4 2 4 4 2 1 1 3 2 1 4 3 3 5 1 3 4 1 4 2 5 1 5 1 3 1 2 2 5 4 4 3 1 2 3 3 5 3 5 4 3 5 2 1 3 4 1 4 4 2 4 5 2 5 4 1 3 5 5 4 2 3 4 1 5 5 5 4 1 5 2 5 1 4 3 1 5 2 5 2 1 2 1 5 3 5 5 1 1 2 1 3 1 1 2 2 2 1 1 1 1 4
53 15 3 5 1 4 3 5 2 2 5 4 5 2 2 3 2 2 3 4 5 4 3 1 1 1 4 1 5 4 4 2 5 4 2 5 2 2 2 3 3 2 2 3 4 1 4 3 4 3 1 4 1 1 1 2 3 2 1 4 3 3 5 1 2 5 5 1 4 5 2 1 5 5 5 5 3 3 3 4 5 2 3 1 4 2 4 3 3 5 4 1 4 3 3 5 4 3 3 2 3 1 5 5 4 1 4 2 5 3 5 2 3 1 5 5 4 2 5 1 1 1 1 4 3 4 2 4 4 3 3 2 3 2 3 5 5 3 2 5 5 5 3 5 1 4 2 3 3 5 3 5
54 11 2 3 3 2 4 4 1 4 3 3 2 2 4 5 1 3 2 2 4 4 1 4 5 2 4 2 5 3 3 3 1 2 1 3 5 2 5 2 1 4 4 4 5 4 2 4 2 1 2 3 2 4 2 5 5 3 1 4 4 1 3 3 5 4 2 3 2 4 3 3 3 5 5 4 3 3 3 4 2 1 2 2 1 4 2 4 4 2 1 4 2 4 4 4 1 5 1 4 4 3 2 3 1 1 3 3 3 1 2 5 3 1 5 4 2 2 3 5 2 5 5 2 4 3 4 3 1 1 1 1 1 1 4 3 1 5 1 1 4 3 4 2 2 3 3 4 5 5 5 4
55 15 5 3 1 4 4 3 1 2 1 5 3 3 3 5 3 2 3 1 3 1 1 3 5 5 3 3 1 3 4 3 1 2 3 3 5 3 4 5 1 3 5 5 5 5 3 5 3 5 5 3 4 5 1 1 2 4 4 2 4 4 2 2 1 2 2 4 1 1 1 3 4 1 2 2 3 2 2 4 3 3 1 3 3 4 4 1 2 5 5 4 2 3 2 4 4 5 4 3 2 5 2 3 3 3 3 3 1 3 5 5 3 2 1 4 4 3 1 5 2 1 4 4 4 4 1 4 3 1 4 2 5 1 3 1 4 5 1 3 2 2 5 1 2 5 5 2 5 2 2 5
56 15 3 5 5 5 1 1 4 4 1 4 2 3 1 2 5 3 3 1 5 1 5 4 4 5 5 1 1 3 2 2 3 1 4 3 4 5 4 4 3 2 5 5 3 1 4 5 5 2 4 3 4 3 2 3 5 5 5 2 4 4 2 3 5 2 3 5 1 3 4 1 5 3 5 5 3 2 2 4 1 2 4 4 5 1 5 1 4 3 2 5 4 4 2 5 4 2 2 1 1 5 2 3 4 4 4 4 5 2 5 1 5 2 4 1 5 1 4 3 2 3 4 3 5 1 4 3 1 5 2 1 5 4 1 4 1 4 2 5 4 5 3 4 2 2 3 5 1 4 4 1
57 15 4 1 2 1 1 5 4 2 3 2 5 5 3 3 1 3 1 5 1 4 1 2 2 2 2 1 4 2 2 2 2 2 3 1 5 2 5 5 5 4 2 5 2 3 2 4 2 2 1 3 4 3 5 3 3 2 4 5 1 1 5 5 4 2 3 1 3 5 1 5 3 3 5 1 3 1 1 2 4 3 1 4 2 2 3 1 2 1 4 1 1 2 4 5 4 5 5 1 2 3 2 4 4 1 4 3 1 4 5 1 2 4 3 1 2 2 5 1 5 4 1 2 5 3 4 3 1 1 4 1 1 5 3 5 3 3 1 3 2 3 1 2 1 1 4 3 3 3 4 1
58 9 1 3 5 3 2 3 1 2 4 3 5 4 3 3 2 5 4 4 1 2 4 2 3 3 4 5 5 1 3 2 5 4 5 1 4 3 5 1 5 1 4 2 3 3 1 4 3 5 1 5 1 3 3 1 2 1 5 3 5 2 1 5 2 3 2 4 1 3 4 3 4 3 5 1 3 3 1 1 5 5 1 4 4 3 2 4 1 4 2 2 4 5 4 5 3 1 4 2 4 2 4 3 5 1 1 1 1 5 4 3 2 2 5 1 1 4 3 5 3 5 5 4 1 4 3 3 1 4 5 3 4 1 5 1 5 3 3 3 3 2 2 5 1 4 1 5 4 1 1 5
59 15 4 2 4 1 4 3 4 3 4 3 1 3 4 1 2 5 2 3 3 4 4 4 1 3 5 5 4 3 2 5 5 3 1 3 1 2 2 5 3 2 4 3 1 1 2 5 2 2 3 5 3 1 2 2 4 1 2 1 5 1 5 4 3 1 1 3 1 1 1 2 2 5 5 2 2 1 4 3 2 2 4 3 5 2 3 4 3 4 5 4 5 4 1 2 2 1 1 1 3 5 3 5 1 5 3 4 4 5 2 1 4 1 4 3 2 2 2 5 4 3 4 1 3 3 3 1 4 5 4 5 3 5 2 4 3 3 3 3 2 2 1 3 1 2 5 5 4 5 5 3
60 8 3 5 5 3 4 1 3 4 2 3 3 3 1 4 5 3 3 5 5 5 4 1 1 2 2 3 1 4 4 5 2 5 4 2 4 2 1 5 1 4 2 3 5 2 2 2 1 1 4 1 2 2 5 4 1 4 5 5 1 2 3 1 1 3 1 4 2 3 2 1 2 4 1 3 3 2 3 1 2 2 3 1 5 1 4 1 5 3 4 1 3 4 1 5 1 4 3 2 3 5 5 2 4 4 2 5 3 1 2 4 4 2 3 1 2 2 2 1 5 5 4 5 2 4 1 4 2 2 3 4 5 5 3 5 2 2 5 2 1 1 3 1 3 5 5 4 1 2 2 1
61 13 1 1 3 3 3 1 2 3 2 3 5 2 2 3 4 2 5 5 3 2 2 2 2 5 2 4 5 4 4 2 3 2 3 2 2 5 2 2 2 4 1 3 5 5 1 2 1 5 2 5 1 2 3 3 3 3 1 2 3 5 4 4 1 5 3 1 3 1 2 4 1 1 3 3 2 5 3 4 3 1 1 2 2 2 2 2 1 1 1 3 3 1 4 3 1 4 1 5 5 5 2 1 5 5 1 4 1 2 2 2 1 4 1 1 3 1 4 1 1 1 3 2 4 2 5 5 5 5 2 3 3 2 4 4 5 5 1 2 5 1 4 5 4 1 3 2 5 5 2 2
62 13 2 1 4 4 3 2 1 5 5 4 2 5 3 5 1 3 1 2 2 4 4 2 1 3 4 1 2 2 4 2 5 5 2 1 2 4 3 2 2 3 4 1 2 1 2 4 1 1 5 4 3 4 1 4 5 3 3 1 2 2 2 2 5 3 2 4 3 2 2 5 5 3 2 1 1 5 1 5 5 1 3 1 2 1 2 3 5 4 5 2 2 1 1 4 3 4 3 2 2 2 3 1 1 2 5 1 1 5 1 3 4 1 1 5 2 4 2 3 4 1 1 2 4 1 2 2 2 3 3 4 4 1 1 5 1 1 1 5 2 2 2 4 1 5 2 4 3 5 3 4
63 8 5 3 5 4 2 2 1 2 4 1 3 5 5 5 4 2 1 3 3 2 2 4 4 2 3 5 5 2 3 1 3 1 4 2 2 3 4 5 5 4 3 5 3 2 3 5 3 5 3 3 5 1 3 4 5 3 5 4 4 2 1 2 5 2 2 5 1 2 3 3 3 3 5 4 3 3 1 4 2 3 2 4 1 4 3 4 2 2 4 2 3 2 2 5 5 1 4 5 5 3 2 4 3 3 5 5 3 1 3 5 4 1 4 1 1 2 5 4 5 1 5 1 3 2 3 5 3 4 5 5 1 5 2 4 5 5 3 5 1 2 2 3 3 5 5 1 5 4 3 4
64 9 4 3 5 3 3 3 4 5 5 3 1 5 5 3 5 1 4 2 3 4 2 2 5 5 1 2 4 1 1 4 3 1 2 2 1 1 1 5 2 1 2 3 4 1 2 4 4 3 5 5 1 2 3 4 1 3 4 4 5 2 2 4 5 5 5 1 2 3 5 2 1 2 2 2 4 3 4 2 2 3 3 4 4 1 5 2 2 4 5 2 1 3 5 2 1 4 5 3 3 5 3 2 5 5 3 5 2 3 2 3 3 5 3 2 3 3 4 3 1 5 2 3 2 3 4 5 2 2 3 4 4 3 2 4 1 2 2 5 3 5 3 5 5 3 1 1 3 3 3 4
65 14 3 3 1 4 2 5 2 4 5 5 3 3 5 4 5 4 1 5 4 2 3 4 2 5 5 3 2 3 1 2 5 5 4 4 4 3 5 1 3 5 2 4 2 5 3 2 3 4 4 1 5 1 4 3 3 5 5 5 3 4 4 2 2 3 2 1 3 1 3 4 2 4 5 3 3 5 4 1 4 1 3 2 1 1 5 1 3 5 3 5 4 4 2 4 3 4 4 5 3 2 5 2 4 1 4 5 4 3 5 5 5 3 5 4 3 4 3 1 2 4 4 5 4 5 2 4 5 1 1 2 4 2 5 2 4 1 4 3 4 1 2 5 4 5 5 1 2 4 5 4
66 10 4 5 5 4 1 2 4 4 5 5 5 2 4 4 4 5 1 4 2 1 3 5 1 5 1 2 4 1 4 5 2 5 5 1 1 2 4 2 3 2 2 4 5 2 1 3 5 2 4 3 1 2 1 4 2 5 4 3 2 2 3 4 4 4 4 4 4 4 5 5 4 1 3 3 1 4 2 2 1 5 3 1 3 3 2 4 4 3 5 1 4 4 1 1 1 3 3 4 2 2 4 5 5 3 3 1 4 3 3 4 2 2 1 5 3 2 4 3 4 4 5 2 5 4 4 2 4 3 4 3 4 1 1 3 2 3 4 4 4 3 2 5 1 5 3 3 1 1 4 4
67 8 5 4 3 5 2 1 2 4 1 3 5 4 4 5 3 4 5 5 3 4 3 3 5 1 1 4 3 3 5 5 4 1 2 2 2 4 3 1 1 3 5 4 4 1 4 3 5 2 5 5 5 1 2 3 2 5 4 5 4 4 1 1 5 5 4 3 3 2 2 2 1 3 2 1 4 3 1 2 1 1 3 4 3 1 4 2 5 4 2 4 1 2 2 4 1 2 5 1 5 2 3 3 1 1 2 5 2 1 4 5 5 1 3 3 4 2 5 3 3 3 4 1 2 4 2 1 3 3 3 1 3 3 5 4 5 1 5 1 3 2 4 1 1 5 3 4 2 4 2 5
68 8 4 4 4 3 5 2 2 5 5 4 2 5 2 4 3 5 4 2 4 1 2 3 5 3 5 1 5 4 1 4 4 2 4 1 5 1 1 3 3 1 2 1 5 1 3 3 5 1 1 1 5 5 1 3 1 1 1 4 3 1 3 2 4 2 4 4 3 3 3 4 3 5 1 4 4 5 4 1 2 3 3 3 4 3 3 1 3 2 5 2 3 2 2 2 4 4 2 3 2 2 4 2 3 4 4 1 1 3 1 2 5 5 5 1 2 1 5 1 4 4 1 5 1 4 2 1 5 5 1 1 5 4 3 2 1 5 1 2 3 5 1 5 5 5 5 1 5 2 2 5
69 7 1 1 2 4 3 3 5 5 3 3 4 1 5 3 5 5 5 5 2 4 3 1 4 5 1 2 2 1 2 5 1 1 5 1 4 2 5 3 3 5 4 3 2 3 5 5 4 5 1 3 4 1 4 5 5 1 1 4 3 5 1 4 5 3 1 5 2 1 3 3 3 3 4 3 1 5 1 5 2 2 5 1 2 4 4 4 4 2 5 5 2 3 4 3 2 4 3 5 5 3 3 3 5 4 4 1 4 1 2 5 3 2 1 4 3 3 1 2 1 4 4 3 2 2 4 4 2 2 3 3 5 5 2 1 2 2 2 3 3 4 3 2 4 5 3 4 4 5 1 2
70 15 1 1 3 3 4 2 1 3 4 3 2 5 2 3 3 1 4 3 2 1 2 1 5 4 3 1 4 3 1 3 5 3 1 5 2 5 3 4 1 5 1 4 5 3 5 3 2 1 2 2 1 3 1 4 2 3 2 1 1 4 4 4 2 3 1 3 4 1 1 2 5 3 3 5 3 4 5 5 5 3 2 2 1 2 4 5 3 1 2 5 5 5 5 2 3 4 1 3 5 1 4 3 4 4 2 2 3 1 2 5 4 2 4 4 5 5 3 4 5 4 5 5 5 4 3 2 4 2 5 5 1 3 1 5 5 1 3 3 1 5 4 2 2 4 5 2 1 4 1 1
71 13 5 1 3 1 5 2 5 5 4 2 1 1 1 3 3 1 2 5 3 5 4 2 4 2 1 2 1 1 4 4 5 5 2 1 3 5 3 4 4 2 5 5 3 4 4 2 2 2 5 3 5 3 4 1 4 2 5 4 4 4 5 4 1 2 3 2 3 3 4 5 4 5 3 2 2 5 3 1 2 4 4 2 1 1 4 2 2 1 4 4 5 4 4 5 2 3 2 4 5 2 3 5 1 1 5 5 1 3 3 3 3 4 4 5 5 3 2 3 5 5 5 4 4 4 3 5 3 1 1 3 5 3 3 1 4 2 4 4 4 3 1 2 2 2 5 1 1 2 3 1
72 9 3 5 4 1 2 1 1 3 1 5 4 4 5 1 5 5 5 5 4 5 1 3 4 4 1 5 5 1 5 3 4 5 5 1 5 1 1 2 3 4 3 4 1 2 4 4 3 4 2 1 1 1 3 1 2 1 2 2 3 2 3 4 2 1 5 5 1 2 2 2 1 5 3 3 3 1 3 3 1 3 5 4 3 1 5 1 1 5 4 2 3 5 5 3 4 1 2 3 5 5 4 3 2 1 5 1 4 3 3 3 4 4 1 2 1 5 3 3 3 4 2 1 1 2 1 1 1 3 1 4 1 1 2 4 2 3 3 2 3 1 4 5 3 2 2 5 1 5 5 3
73 6 1 2 3 4 3 4 5 3 1 2 4 3 1 5 1 4 2 4 3 1 5 4 2 4 2 1 3 3 4 4 3 3 4 2 1 5 2 3 3 1 5 2 5 5 2 2 5 4 2 3 1 2 5 4 3 4 1 3 4 4 1 1 3 2 3 4 4 1 5 4 2 1 3 5 2 4 3 4 4 5 5 3 4 3 3 1 1 1 4 2 1 2 1 5 4 3 3 1 3 5 2 4 5 3 4 1 2 4 4 3 5 2 5 4 2 4 4 1 2 4 2 4 4 2 1 3 4 2 4 2 4 2 4 5 2 2 1 2 5 2 2 3 5 5 3 3 4 3 4 5
74 9 4 1 4 3 1 1 2 2 5 4 4 2 4 2 4 2 5 4 2 4 5 5 3 5 2 1 4 5 2 2 1 3 3 5 3 3 2 4 1 3 4 3 1 4 5 3 1 1 4 5 4 3 1 2 3 3 1 5 4 2 2 2 4 3 2 5 1 2 3 1 5 3 4 1 2 1 3 1 2 3 4 2 2 2 4 5 4 2 1 2 2 3 2 5 5 5 2 5 3 1 1 5 1 5 5 1 2 4 3 3 5 5 1 1 5 4 3 3 1 2 1 1 2 1 2 1 2 3 2 3 4 2 2 2 5 2 2 4 2 4 5 1 4 1 4 3 3 1 5 1
75 8 2 4 1 5 1 4 4 1 5 5 2 3 2 1 5 1 3 4 5 4 4 5 2 4 3 1 5 1 5 4 5 2 5 5 2 5 5 2 2 3 5 5 2 1 5 1 3 3 5 3 5 4 4 2 3 4 3 3 4 2 3 2 2 4 4 2 3 4 4 4 2 5 2 1 3 3 2 2 2 1 3 4 4 5 5 4 1 5 3 2 1 4 4 4 2 4 4 2 3 3 2 5 4 3 3 2 3 2 5 2 2 1 4 3 5 4 5 1 1 2 2 1 5 4 5 2 1 1 1 4 2 5 1 1 5 3 1 5 4 2 4 1 4 5 5 4 5 1 2 3
76 6 1 1 2 3 5 3 5 3 3 5 2 3 1 1 3 5 1 4 1 4 4 1 3 1 1 2 5 4 5 5 4 5 3 5 1 5 2 1 4 4 4 5 2 3 5 1 3 1 3 2 5 5 2 4 2 1 4 4 2 2 3 4 4 3 4 3 1 2 4 3 1 4 2 3 1 1 2 2 5 1 2 5 1 2 1 4 2 3 2 4 4 4 3 4 3 3 5 2 5 5 3 1 1 2 2 2 1 3 3 1 3 4 4 1 3 4 4 1 5 2 1 5 5 1 2 4 3 4 4 1 4 2 5 1 1 2 3 5 5 1 5 4 1 3 4 1 4 5 2 4
77 9 3 5 5 5 5 3 4 5 5 5 1 4 4 3 5 1 1 4 1 2 1 4 1 2 2 4 5 2 2 5 4 3 3 4 1 4 4 2 1 2 3 1 4 1 2 3 5 2 1 1 2 3 1 5 1 1 3 3 2 4 2 4 2 4 3 1 2 5 5 1 4 1 4 1 3 4 5 3 5 4 3 4 2 5 4 4 5 4 3 3 5 4 3 4 1 2 2 4 4 4 4 3 5 2 3 3 2 5 5 4 5 5 5 1 1 4 3 5 1 3 2 3 2 4 2 5 1 2 5 2 4 3 3 4 1 5 1 4 1 5 3 4 1 2 4 5 2 3 5 5
78 9 3 3 1 5 2 2 2 3 1 4 2 1 2 4 3 5 5 3 3 1 5 3 3 2 3 4 5 2 5 3 1 5 5 3 4 2 4 4 2 1 1 4 5 5 4 1 2 3 2 1 2 2 5 1 1 5 4 5 5 2 3 1 4 5 4 5 2 2 1 4 5 4 3 3 4 3 5 2 3 2 1 1 2 5 5 5 4 1 3 3 2 1 1 5 3 1 4 1 1 3 4 2 5 5 1 2 4 3 2 5 1 5 5 1 1 5 1 4 5 1 4 1 2 3 1 5 4 3 2 2 3 4 5 5 4 3 4 2 1 5 5 2 3 5 5 3 3 5 4 4
79 7 2 5 2 4 4 1 3 2 1 5 3 2 1 1 2 3 5 5 5 2 5 1 3 4 5 4 3 1 3 1 5 1 5 5 4 2 2 2 2 2 4 5 3 2 5 4 5 2 3 5 2 3 1 2 5 4 1 5 5 5 1 5 4 5 5 4 1 3 5 3 4 1 4 4 3 1 5 5 1 4 2 3 3 3 5 4 2 3 1 2 4 1 3 3 1 2 2 2 4 4 1 1 5 4 5 1 1 5 3 2 3 4 1 4 2 4 4 4 1 1 1 4 5 4 4 4 1 1 1 3 5 5 4 5 2 4 4 1 1 3 4 1 2 4 2 1 3 2 3 2
80 9 3 3 1 2 4 3 5 1 4 5 4 3 5 1 3 3 5 3 2 4 2 5 3 4 2 5 5 4 4 2 5 4 5 5 4 5 1 3 5 2 1 4 2 4 5 3 4 5 2 1 5 5 4 1 5 3 5 5 3 4 3 5 3 4 4 5 5 2 2 5 1 3 3 3 4 1 3 3 4 4 1 4 1 3 4 1 3 5 5 3 2 5 4 1 5 3 2 3 4 3 1 3 1 1 4 2 2 4 1 5 1 1 2 3 4 4 5 4 4 5 4 5 3 5 2 1 1 3 2 2 4 1 1 4 1 4 5 2 3 1 4 4 1 1 1 5 5 4 5 3
81 6 3 4 1 1 4 4 1 5 5 4 2 4 2 4 1 1 5 4 1 1 1 4 4 1 1 3 1 3 3 3 4 3 3 3 4 4 2 1 3 1 2 3 1 5 4 2 3 1 1 4 5 5 5 1 3 1 1 2 1 1 5 5 2 2 5 1 4 5 4 5 1 5 4 1 2 3 5 1 3 3 4 1 4 2 2 1 1 5 4 4 4 5 1 4 3 2 2 2 4 1 3 3 4 5 2 1 4 4 2 2 3 5 5 5 3 4 4 2 2 5 3 3 2 5 1 4 5 1 5 4 5 2 1 1 3 4 4 2 3 5 2 3 3 2 4 3 4 5 5 4
82 11 4 2 4 4 2 1 1 5 2 2 4 4 4 3 1 5 4 2 2 2 1 3 3 3 1 4 2 4 3 3 2 2 4 3 4 1 1 3 2 5 1 4 5 4 1 5 2 5 3 4 4 4 3 1 3 4 1 1 3 4 2 5 1 3 3 4 1 1 3 4 3 1 3 3 2 3 4 1 5 4 3 5 4 2 5 2 2 2 4 1 5 1 2 3 3 2 2 5 1 4 3 1 5 5 2 2 3 1 2 5 1 3 2 3 2 1 2 5 5 4 5 3 3 3 4 1 1 3 2 4 1 2 5 3 5 2 2 3 1 5 1 2 5 2 2 1 3 2 4 2
83 15 4 1 3 1 5 2 5 5 3 1 2 1 2 2 4 3 5 3 4 1 5 3 1 3 3 4 5 4 4 3 4 4 4 3 2 4 1 3 1 2 5 1 2 5 4 4 4 4 5 4 2 4 2 4 2 4 5 4 5 1 1 1 3 3 4 2 5 3 1 1 3 3 1 3 1 5 1 5 2 5 4 2 4 5 2 3 1 5 4 1 3 2 1 2 4 3 3 3 4 3 1 3 3 2 1 3 1 2 4 4 2 2 4 5 3 1 2 5 4 4 4 4 2 2 3 3 5 4 3 4 1 4 1 4 4 3 1 3 2 2 4 4 1 5 3 2 4 4 5 4
84 12 1 3 2 2 5 5 5 3 5 4 1 1 4 1 3 5 5 4 4 1 4 3 5 2 1 1 2 2 4 4 2 5 3 5 4 4 5 5 1 2 2 5 4 5 4 5 3 5 3 2 5 4 3 2 4 3 3 4 3 2 4 3 3 5 3 2 4 5 5 4 1 2 2 2 3 1 4 5 2 2 3 5 2 1 4 2 4 5 4 4 5 5 3 5 4 1 1 3 4 1 3 3 3 3 2 3 3 4 1 2 5 1 1 3 3 2 3 2 1 2 2 2 1 2 4 2 5 1 1 3 1 3 5 5 4 5 5 2 2 5 1 4 4 1 1 4 4 4 1 5
85 10 5 3 1 3 4 1 4 4 4 1 2 1 1 1 3 5 3 5 2 2 4 5 4 3 5 5 1 3 4 5 3 5 5 4 1 5 3 5 3 1 2 2 5 3 1 5 2 1 5 1 3 2 4 3 4 5 3 4 2 5 3 3 1 1 1 4 5 5 2 3 5 3 4 3 2 4 1 3 5 3 2 3 1 2 1 2 2 2 3 5 4 5 5 4 3 4 1 2 2 1 1 1 3 2 3 1 4 5 2 3 4 4 3 2 3 3 5 3 4 2 4 1 2 2 1 1 2 1 2 3 3 1 1 4 1 3 4 2 5 4 4 3 5 4 5 1 2 3 4 4
86 9 1 1 2 3 5 3 4 4 1 1 1 2 1 3 2 3 5 4 5 1 3 2 3 3 4 2 5 4 3 4 3 2 5 1 2 2 1 4 4 3 4 4 5 4 5 3 1 5 4 5 2 2 4 1 3 4 1 5 3 3 5 2 4 5 2 4 5 5 3 3 3 2 1 4 3 1 3 4 4 5 2 4 3 5 3 2 5 4 5 3 3 1 2 2 3 5 3 1 3 4 4 3 5 5 1 5 5 3 2 3 2 4 4 5 5 4 1 1 4 1 5 2 2 4 4 2 5 3 2 2 2 4 4 2 1 3 4 4 4 2 4 1 4 5 4 1 3 5 1 4
87 13 4 2 2 3 3 1 4 3 3 4 1 3 3 1 4 2 2 2 1 3 2 1 4 2 4 4 2 1 1 2 3 2 5 4 4 5 2 5 2 1 4 4 3 1 5 5 5 4 4 2 2 5 3 1 2 3 2 4 3 2 2 3 3 2 5 3 1 3 1 2 2 4 4 3 2 3 3 2 3 1 5 4 4 5 4 5 4 1 2 3 5 2 5 3 2 2 4 5 3 2 2 5 2 2 2 5 2 2 1 3 1 5 3 4 4 2 4 5 4 2 1 1 1 3 4 2 3 2 3 4 5 1 1 1 5 3 2 1 1 1 2 1 5 5 1 4 1 2 3 2
88 7 5 5 3 3 4 4 3 5 5 2 3 3 1 1 5 2 5 5 2 4 3 1 2 2 5 1 3 2 3 5 2 5 1 4 2 5 2 2 4 4 2 1 4 2 3 4 5 3 1 1 4 3 5 4 5 3 2 2 1 1 5 5 3 3 4 1 2 4 5 3 3 2 5 1 2 1 2 1 2 5 3 5 2 3 3 3 4 3 5 5 3 3 1 4 3 5 2 4 2 3 4 4 1 5 3 3 3 3 2 1 4 2 1 5 1 3 3 4 2 2 1 5 5 5 5 4 5 3 4 4 3 5 4 1 5 4 2 2 4 1 4 3 2 1 3 3 3 3 2 2
89 7 5 2 1 5 4 3 1 3 4 1 5 1 2 4 1 2 2 5 5 5 5 1 5 4 1 5 3 2 2 2 4 1 1 4 2 1 2 1 1 2 3 5 2 2 3 4 5 2 5 2 2 1 2 1 3 2 2 3 5 3 3 3 3 1 1 2 2 5 3 5 4 2 3 5 2 1 1 4 3 3 4 3 2 2 5 4 1 4 2 2 2 3 1 3 2 3 3 4 4 1 1 3 4 3 3 3 1 3 3 1 4 3 2 1 3 1 2 3 2 1 2 2 1 4 2 5 3 3 2 5 3 1 4 1 5 5 5 3 5 2 5 2 5 2 3 5 3 4 2 3
90 10 4 3 1 5 3 4 2 4 5 1 3 4 4 2 1 4 4 5 5 4 3 1 1 1 2 2 5 5 3 3 4 4 2 1 1 5 3 3 4 5 5 5 3 5 5 3 2 1 1 1 4 5 5 4 2 5 3 2 3 5 3 4 5 5 5 3 4 3 2 3 4 4 4 4 3 4 5 5 1 1 4 2 5 4 4 2 1 3 3 4 5 1 1 5 4 5 4 4 1 4 4 2 3 2 2 4 3 3 1 3 3 2 3 5 2 2 3 4 4 4 2 5 1 1 4 4 4 3 5 3 3 5 2 4 1 3 1 4 4 5 4 1 2 3 1 3 1 1 4 1
91 14 2 1 5 1 3 4 4 4 3 2 2 3 4 4 5 2 5 3 3 5 5 5 1 4 1 4 1 2 5 1 5 1 4 2 3 1 1 1 1 2 1 5 3 5 5 2 5 1 3 2 1 2 4 2 1 3 5 1 3 1 2 3 1 4 3 1 4 2 4 4 4 3 3 2 5 1 4 3 2 2 4 3 1 2 2 1 3 3 2 2 3 4 1 4 5 3 4 3 4 5 4 1 3 1 1 4 1 4 1 4 2 1 5 5 3 2 4 4 3 3 3 4 3 1 1 3 3 3 4 2 5 4 1 3 1 3 5 5 3 4 1 2 1 4 1 1 3 3 3 1
92 12 2 3 4 1 4 1 3 4 5 1 3 3 1 2 1 3 4 3 5 2 1 4 1 4 5 3 3 4 4 1 1 3 5 3 3 4 1 4 2 1 2 3 5 2 1 4 5 2 1 5 1 3 1 3 4 1 1 1 5 1 3 2 3 4 5 5 3 3 3 4 2 4 3 5 5 5 1 3 1 5 3 1 2 5 4 4 5 5 1 1 3 3 4 4 1 1 4 2 3 3 5 4 4 2 3 2 2 4 4 4 1 1 2 4 2 3 4 4 4 1 3 3 1 3 4 2 5 5 2 4 3 4 1 1 2 1 4 1 5 2 1 5 2 4 3 4 5 3 2 3
93 10 3 5 2 4 2 5 3 4 4 1 2 1 3 2 3 4 1 3 2 5 5 4 3 2 3 5 1 4 2 4 4 1 4 4 5 2 2 1 4 4 4 2 1 2 3 1 5 1 2 1 5 3 2 3 4 5 4 1 4 1 5 4 3 2 4 1 2 1 2 1 2 2 1 3 1 4 4 1 3 3 5 3 1 3 4 1 1 1 1 2 4 4 2 3 5 2 5 5 1 3 2 5 1 2 1 2 1 3 1 5 2 4 3 3 1 2 4 1 1 5 2 5 2 5 3 1 1 3 3 1 1 3 2 2 3 2 3 3 3 1 3 5 2 5 1 2 3 2 2 3
94 8 4 4 5 3 1 1 5 3 2 5 2 5 4 2 4 4 1 2 1 4 5 1 1 3 5 1 5 2 4 5 1 3 4 1 3 3 5 1 2 1 4 5 4 5 5 2 5 5 5 5 3 5 5 4 3 4 4 2 3 2 4 4 1 2 3 1 5 2 2 1 2 5 3 3 5 4 1 3 3 1 1 3 5 1 2 4 2 5 1 4 5 2 2 1 2 1 1 5 2 3 4 5 5 5 4 3 1 4 3 3 1 2 2 2 1 4 3 5 4 1 5 3 2 3 4 5 5 4 2 1 5 5 3 2 1 4 4 5 5 4 5 5 3 1 3 2 2 1 2 3
95 8 3 1 3 4 5 1 3 5 4 2 3 2 4 5 3 4 1 4 5 1 5 3 1 4 5 4 1 4 3 5 3 2 3 1 5 2 2 5 3 5 2 2 1 4 3 5 1 5 4 3 4 2 5 5 2 3 2 4 4 3 4 2 4 1 3 2 4 3 2 1 2 3 3 3 1 5 1 4 2 5 1 4 4 1 1 3 2 4 5 2 1 2 3 5 4 1 5 3 5 1 3 2 5 1 1 5 5 1 3 4 2 4 5 5 5 3 1 3 3 5 2 2 5 1 3 4 3 4 3 1 2 5 3 2 3 1 5 5 3 5 2 1 3 2 4 5 1 1 3 3
96 9 2 2 1 1 5 2 1 3 3 4 2 5 3 5 2 4 1 3 5 1 5 3 1 3 3 1 4 4 5 5 1 2 3 4 4 2 2 3 4 5 3 5 2 5 4 3 3 1 4 4 1 1 1 5 4 5 5 3 3 1 3 5 1 4 1 4 5 3 1 2 2 3 1 4 3 2 5 1 3 5 2 5 4 5 5 3 4 2 5 2 3 3 1 3 3 3 5 1 5 5 5 5 2 1 1 4 3 3 4 2 3 2 1 1 2 4 4 2 3 4 4 1 1 3 5 5 1 2 2 1 4 3 3 1 4 4 4 1 4 1 1 5 2 1 5 4 3 1 2 1
97 13 2 4 1 5 3 4 1 2 5 5 2 5 2 4 2 1 4 3 3 3 2 2 4 2 2 1 1 2 5 1 4 4 1 1 5 4 4 2 2 4 3 4 2 4 2 5 2 5 3 5 4 2 2 4 1 3 4 1 1 4 3 5 2 2 3 1 3 3 1 3 1 1 5 2 5 3 3 5 5 5 5 1 4 2 2 2 3 1 4 2 2 4 3 4 1 2 4 4 4 5 3 5 4 1 4 4 4 2 2 5 1 1 5 4 1 3 5 5 4 4 4 4 2 3 3 4 5 5 2 5 3 1 3 5 3 5 2 3 1 4 4 1 5 1 5 2 4 2 2 3
98 10 4 1 4 5 1 1 2 2 2 1 5 5 1 1 1 1 3 1 4 2 4 1 5 3 3 1 2 5 2 2 1 5 2 5 4 3 2 5 2 1 4 2 2 5 4 2 2 5 1 2 5 2 1 5 4 2 1 3 3 1 5 3 1 3 3 3 1 2 3 1 1 3 2 4 4 3 1 3 4 1 2 5 5 1 5 2 4 3 1 2 3 4 1 1 1 5 2 1 4 2 3 3 3 5 5 1 1 5 4 1 1 4 2 5 2 3 5 4 2 3 5 1 1 3 5 2 2 2 3 1 4 1 4 4 3 2 1 3 5 4 2 3 2 2 4 1 3 1 3 1
99 14 2 5 4 2 5 5 4 2 1 5 4 1 3 1 2 3 5 1 5 3 1 2 3 4 5 3 2 1 3 4 4 4 1 4 4 4 5 4 1 1 4 2 2 2 4 4 1 1 3 2 1 2 1 4 3 1 4 4 5 5 2 1 4 1 5 1 5 3 1 5 3 3 2 4 3 5 4 5 3 4 2 1 5 4 5 1 2 2 2 2 3 4 5 3 2 3 3 3 5 3 3 1 3 1 2 3 1 5 3 1 5 5 3 3 4 5 2 2 1 5 3 3 5 5 4 2 1 4 4 1 2 4 5 4 5 4 4 1 4 1 4 5 4 1 3 1 5 2 1 5
100 6 5 4 1 1 5 4 1 1 4 1 3 5 3 2 3 2 1 5 4 5 5 5 5 4 4 4 3 5 2 1 2 2 1 1 4 2 2 2 5 3 2 3 4 4 3 5 3 5 4 5 3 2 2 5 3 2 5 2 5 2 2 2 5 2 2 5 2 4 4 1 1 4 2 1 5 3 3 3 4 2 4 4 1 3 1 3 1 3 5 5 2 3 1 5 5 2 5 5 4 5 3 1 2 1 4 3 4 1 1 1 3 4 1 4 4 2 2 1 1 5 1 1 1 2 3 1 5 5 1 3 2 3 3 2 1 1 5 1 2 3 3 1 2 2 5 4 4 5 2 5
101 12 3 5 2 5 3 2 4 5 2 3 5 4 2 2 3 4 5 2 3 1 1 3 1 1 3 4 4 3 4 1 3 4 1 4 4 5 4 5 2 2 5 2 4 5 5 4 2 4 4 4 3 1 4 2 3 4 2 3 4 2 2 2 5 1 3 3 1 1 3 1 1 2 5 3 5 5 4 1 5 2 1 1 1 4 4 1 2 5 1 3 3 5 2 4 4 4 4 3 2 3 3 2 2 2 5 2 1 5 3 1 2 5 5 2 5 1 5 2 5 1 5 5 3 1 4 2 4 1 2 4 3 3 2 2 2 3 3 2 4 1 2 4 5 1 4 1 1 1 5 4
102 13 5 1 4 4 4 2 5 2 4 2 2 5 3 4 2 2 3 3 5 2 2 1 2 5 3 4 1 2 2 5 3 5 3 5 1 3 1 5 2 2 1 3 3 3 4 4 1 1 2 5 3 1 4 5 4 2 3 3 4 2 1 1 5 5 2 3 3 1 5 1 1 1 2 5 2 3 3 3 1 1 4 1 5 3 5 5 4 2 3 3 5 4 4 1 3 4 3 1 3 2 3 2 3 2 5 5 5 2 4 5 4 2 4 2 2 1 1 5 5 3 2 3 4 3 5 3 4 3 5 2 3 3 5 2 1 5 3 3 1 5 4 5 4 4 5 1 2 2 3 2
103 13 3 1 4 2 5 5 5 1 5 5 2 1 4 4 5 1 3 4 4 4 4 4 1 4 1 3 4 5 2 2 5 5 1 2 1 4 5 1 1 5 5 1 5 1 2 4 4 4 1 4 1 1 2 1 4 5 3 4 2 2 2 5 2 3 5 5 3 2 3 5 1 1 3 4 4 2 1 2 1 1 3 3 1 2 3 2 3 4 4 5 3 4 1 5 2 4 1 3 1 5 4 5 3 1 2 5 3 3 5 3 5 4 1 3 2 4 5 3 5 2 5 4 1 1 2 1 1 5 4 2 3 2 4 2 1 2 3 2 2 2 5 2 5 4 3 5 4 3 2 1
104 6 5 3 3 5 4 5 2 5 1 2 5 2 5 4 3 4 5 1 4 3 5 3 5 2 1 4 2 2 1 1 3 2 5 3 1 4 2 3 4 4 5 5 2 4 5 2 2 2 3 2 5 3 3 4 4 3 4 3 3 5 5 5 5 3 2 3 3 2 3 3 5 3 5 2 4 3 1 3 1 2 1 4 3 2 3 1 5 2 5 4 1 3 4 3 1 3 4 2 3 1 1 5 3 4 5 3 1 2 3 1 2 3 1 1 4 2 1 4 2 5 1 5 4 4 2 5 3 2 3 2 5 1 4 5 5 4 5 3 3 5 1 1 5 5 5 1 3 5 3 3
105 11 3 1 1 1 1 3 1 4 5 5 2 2 5 5 5 5 4 1 2 2 2 1 1 5 2 3 1 2 2 5 5 1 1 4 1 1 4 3 2 4 3 1 4 2 3 2 4 3 4 4 1 1 2 3 5 4 1 1 5 2 2 4 2 3 2 2 4 1 1 3 4 5 4 2 1 1 5 2 4 3 2 1 5 2 3 4 3 5 1 5 5 4 3 1 5 3 1 5 5 2 2 3 4 2 3 1 3 4 1 2 1 2 5 3 5 5 4 4 2 3 1 4 1 1 5 3 4 3 5 3 4 4 4 2 5 5 1 4 1 3 3 4 3 4 4 3 5 4 2 1
106 8 2 3 4 2 1 2 4 3 1 4 3 5 1 1 3 1 1 2 4 5 1 2 1 4 3 5 5 4 5 2 2 3 4 4 3 5 3 5 3 1 4 5 1 3 3 3 1 5 5 3 4 1 5 3 2 1 3 4 2 2 4 4 2 2 1 2 2 4 2 5 1 3 3 5 1 5 4 1 4 4 1 5 1 1 4 5 5 4 3 5 2 3 4 3 5 3 5 1 5 4 2 1 4 3 3 5 3 2 3 4 4 4 3 3 3 1 1 2 1 2 4 4 4 5 4 5 1 4 2 4 4 4 2 4 1 3 3 4 1 3 3 1 4 1 4 2 1 4 3 3
107 6 2 3 2 3 1 5 2 4 2 1 1 1 1 2 4 4 1 3 2 2 5 5 2 4 2 5 2 2 4 2 2 2 5 3 4 5 1 4 5 2 4 1 4 3 2 1 3 5 5 1 1 4 2 2 5 1 5 4 4 5 5 4 5 2 5 2 5 1 5 2 5 4 2 4 4 5 2 2 5 3 3 1 3 3 1 4 1 4 4 2 3 3 5 3 3 2 1 4 4 3 5 2 4 2 2 3 4 3 4 1 5 3 3 2 3 4 2 5 1 5 5 2 2 3 1 5 5 1 2 1 4 1 2 5 5 5 3 1 4 2 1 2 1 5 1 1 5 3 2 1
108 10 4 2 5 1 5 3 2 5 4 1 5 3 1 3 3 3 2 1 5 2 1 2 3 5 3 4 1 4 3 1 2 1 3 5 5 5 1 4 5 5 1 2 5 5 4 1 5 4 4 3 2 1 3 4 4 4 5 5 4 4 1 1 1 2 1 2 2 5 4 1 4 1 4 1 4 1 1 3 5 3 1 1 2 2 1 2 2 4 2 1 1 5 1 1 1 1 4 4 5 4 3 3 3 3 4 3 1 1 2 1 2 4 1 4 5 5 2 1 3 3 3 1 5 5 4 2 5 4 1 2 1 1 3 3 1 3 4 3 3 2 5 2 4 3 3 5 3 1 1 5
109 10 2 2 4 3 1 4 1 2 4 3 5 1 3 5 2 5 4 2 3 3 5 2 3 4 4 4 4 3 1 4 2 2 1 4 5 4 5 5 4 2 5 3 2 4 1 2 1 5 5 1 5 5 4 4 1 1 5 4 3 2 3 2 2 4 5 4 1 5 5 1 5 5 5 2 5 3 1 4 2 4 2 3 3 3 1 4 2 4 4 5 2 2 2 3 5 5 3 2 3 1 2 5 1 1 2 4 3 4 1 1 2 1 4 4 5 4 5 5 1 4 3 2 5 1 3 3 4 3 3 4 2 2 4 3 1 3 3 1 2 2 5 2 2 5 2 5 2 2 4 4
110 15 1 1 2 4 4 5 3 2 4 2 3 2 3 4 2 5 2 4 4 4 5 5 2 4 1 1 5 3 1 3 1 1 5 4 4 5 4 3 4 5 2 4 5 1 3 2 3 5 2 4 1 1 4 3 3 2 4 1 3 2 2 4 1 1 4 3 3 4 3 4 5 2 5 2 2 3 3 5 3 3 5 5 3 4 1 3 4 2 2 1 1 5 5 3 2 1 1 5 4 5 1 2 2 1 4 4 5 3 2 5 4 4 5 4 4 5 1 1 2 2 5 5 1 3 5 3 1 4 1 1 4 1 5 3 4 4 5 1 4 2 2 1 3 5 2 3 3 3 3 5
111 7 2 2 1 4 5 2 5 4 4 3 2 1 1 2 3 5 3 3 3 4 1 1 4 1 4 4 1 2 4 5 5 4 2 2 3 4 5 3 3 1 1 1 2 1 5 1 3 3 5 3 1 5 1 1 2 1 4 5 5 4 2 4 1 4 3 4 5 2 3 2 1 4 1 1 5 5 1 5 2 4 4 4 3 1 4 4 3 4 5 2 3 4 3 5 1 2 2 2 4 2 3 4 3 1 3 1 3 4 3 2 1 1 2 2 4 2 2 4 3 5 5 2 1 5 4 5 4 5 4 1 5 5 2 3 2 2 3 5 4 5 3 5 2 5 1 2 5 1 5 4
112 12 1 1 3 5 3 1 3 5 2 4 3 2 2 1 3 4 3 5 4 3 1 1 4 1 2 5 1 2 5 3 3 1 5 3 3 5 2 5 2 3 5 4 2 5 1 3 4 4 4 3 4 2 5 4 4 5 1 5 2 4 2 3 4 5 3 5 5 5 2 4 4 1 3 1 4 1 4 5 1 2 5 1 3 1 4 3 3 3 1 1 2 3 2 2 3 3 2 1 3 2 5 2 5 4 1 4 2 5 2 4 4 3 3 3 5 1 4 1 2 3 4 1 3 4 5 2 3 1 2 2 2 5 3 1 1 2 2 4 1 4 2 1 2 3 2 2 4 2 1 1
113 6 1 3 4 1 1 5 3 2 2 3 5 1 4 1 3 4 1 4 4 5 2 1 5 2 5 5 2 5 4 2 5 3 3 2 5 1 3 3 2 5 4 3 5 3 5 1 1 2 1 1 3 3 5 3 4 3 1 2 4 3 4 1 3 1 2 5 3 5 4 2 3 4 1 1 2 1 3 2 3 2 3 5 4 1 2 4 5 5 3 1 3 5 5 4 4 3 5 3 1 5 5 4 1 5 1 1 2 2 2 4 2 2 1 4 3 5 4 2 2 5 5 3 1 3 5 5 4 3 4 5 3 3 4 4 3 5 5 5 2 1 3 5 5 2 2 3 1 5 2 4
114 13 4 1 2 4 4 5 1 3 5 3 4 5 2 2 1 3 3 4 2 5 1 2 1 4 3 3 3 4 3 2 4 3 5 3 5 5 3 4 2 4 4 5 2 2 2 4 3 4 1 5 3 2 1 1 5 3 5 1 2 3 1 4 4 5 1 1 4 3 4 4 1 2 1 3 1 5 4 1 4 5 1 5 4 1 4 1 4 5 4 1 2 1 2 1 2 1 2 1 2 4 5 2 5 3 1 3 4 1 1 5 2 5 2 2 1 3 3 4 2 3 1 2 4 2 5 2 3 4 4 3 3 4 5 2 2 4 2 3 1 5 5 3 1 2 3 2 4 1 3 1
115 9 4 3 3 1 1 3 5 3 5 3 2 5 4 3 2 4 2 3 4 2 5 4 4 1 4 5 1 2 2 1 4 4 1 5 4 1 2 4 5 5 2 4 2 3 2 3 3 1 4 2 5 4 2 3 4 5 1 2 1 3 4 3 1 2 1 3 5 1 5 1 5 3 4 1 1 5 3 5 5 1 4 1 4 2 2 1 5 1 2 3 4 4 4 4 5 5 3 1 4 3 3 1 5 3 5 3 1 5 5 3 1 1 2 3 3 4 5 2 1 4 3 1 4 1 5 4 2 2 4 4 4 5 2 3 2 3 1 2 2 1 5 2 1 2 3 4 2 1 3 5
116 8 5 2 4 4 2 3 3 4 3 5 4 1 4 3 5 5 2 5 1 2 2 4 4 5 3 1 4 5 3 1 1 5 4 4 4 2 3 5 2 4 2 3 5 2 4 3 2 4 2 4 2 5 1 3 5 3 3 2 4 4 5 5 5 1 2 1 4 2 2 3 1 4 1 4 1 3 1 5 1 2 2 3 4 3 2 3 5 4 3 5 4 1 2 3 1 3 5 4 3 5 5 1 2 2 4 5 1 3 5 3 2 2 3 4 1 2 1 3 2 4 2 4 3 5 3 5 2 4 3 1 1 4 2 1 3 1 4 4 4 2 2 4 4 3 5 2 4 3 4 3
117 7 4 4 4 3 2 1 3 4 4 5 2 3 2 5 4 5 5 5 2 4 2 4 2 2 4 1 2 2 3 2 3 3 2 2 1 4 2 5 2 2 1 3 1 4 2 1 5 5 3 1 5 1 5 5 4 3 4 2 5 1 4 5 3 5 1 2 5 3 5 2 2 5 3 5 5 4 2 1 5 4 1 2 5 2 3 1 5 4 1 3 2 4 5 2 5 2 4 2 4 5 2 3 1 2 1 1 1 4 2 4 5 2 2 2 4 4 4 4 5 5 4 2 1 3 2 1 1 1 2 5 5 2 5 2 4 5 2 5 2 3 2 2 1 2 2 5 1 4 2 3
118 10 1 4 2 2 2 2 4 4 2 1 5 1 1 4 3 2 4 3 3 3 2 5 2 4 4 4 4 5 2 4 1 2 3 5 1 3 3 1 3 2 2 5 5 4 3 5 4 5 5 2 5 1 5 1 5 5 4 3 5 1 3 3 3 5 2 5 3 5 3 4 5 4 3 1 5 1 1 1 5 1 2 1 1 2 2 1 5 4 4 5 3 1 4 5 1 2 1 5 4 4 3 3 1 5 5 4 4 5 2 5 2 5 5 3 2 4 3 2 5 1 3 1 5 5 5 5 3 4 5 2 2 3 3 1 5 4 3 1 5 3 3 3 4 5 2 4 1 5 5 2
119 11 4 3 2 2 2 3 5 2 5 3 4 2 2 5 5 5 5 1 2 2 2 4 2 5 1 4 3 4 4 2 3 2 3 1 3 1 4 2 2 3 3 1 3 3 4 3 1 4 2 5 1 2 2 2 3 1 5 4 2 5 1 5 1 1 1 3 1 3 1 5 4 2 2 2 4 2 3 4 1 2 1 5 1 1 5 2 1 3 5 4 1 1 3 1 4 2 1 1 2 1 5 3 5 5 4 2 2 1 2 2 5 1 4 5 4 4 2 3 2 4 1 3 2 1 4 4 3 2 2 3 4 3 5 1 3 2 4 3 2 3 4 3 1 1 5 1 3 3 4 5
120 12 4 5 1 1 1 1 3 4 2 1 5 5 5 5 5 2 3 3 2 4 1 3 2 4 2 5 4 1 2 1 2 4 1 1 3 2 3 5 4 4 5 2 1 5 2 3 3 3 2 2 3 5 3 3 1 5 3 2 2 4 1 3 1 1 2 5 4 1 1 1 1 3 5 4 3 5 3 5 1 5 4 3 2 5 3 4 5 5 2 2 2 4 5 5 2 2 5 5 1 2 5 5 2 4 2 4 4 2 1 5 3 2 5 2 2 5 1 1 5 5 1 2 4 4 1 5 3 4 2 2 2 4 1 5 2 4 4 2 4 5 2 4 2 2 3 2 4 3 2 4
121 7 4 5 5 3 5 5 1 1 3 3 4 5 5 1 1 3 2 4 4 3 1 5 4 2 2 2 2 4 2 5 1 5 4 5 5 2 5 5 3 5 3 4 2 5 4 2 4 4 4 1 4 3 1 4 5 5 2 1 2 1 1 3 3 3 5 3 2 4 1 1 4 5 5 1 3 4 4 2 1 1 4 4 3 1 5 2 4 1 1 2 4 1 4 2 3 3 4 2 1 1 4 1 5 4 3 2 2 1 4 4 4 2 5 5 4 3 1 5 4 2 2 4 4 2 5 3 5 3 2 5 2 2 2 1 2 3 4 1 4 4 3 1 3 3 4 5 5 5 3 2
122 8 3 1 3 3 1 2 3 1 1 3 4 5 3 5 2 4 1 5 3 4 5 1 5 2 1 5 3 4 3 2 4 3 2 3 3 3 3 4 2 5 4 1 5 3 2 2 2 2 1 1 5 5 5 5 3 5 4 2 4 2 1 1 4 2 4 2 4 4 1 3 3 3 4 5 3 4 5 1 5 2 1 2 1 2 5 1 5 4 3 1 1 1 3 1 1 4 5 5 2 3 1 1 2 3 5 1 3 2 2 3 1 3 4 5 2 3 3 3 1 2 5 3 3 1 4 2 2 3 4 1 4 4 5 3 4 5 1 2 1 2 1 1 3 4 2 1 1 3 1 1
123 9 4 3 2 2 2 3 4 5 5 1 4 4 4 1 2 3 5 3 4 2 4 3 1 4 4 5 5 1 3 3 2 4 1 5 2 2 4 2 3 4 2 2 5 5 3 4 2 3 2 2 5 1 3 5 4 3 4 5 5 5 3 2 4 5 1 5 4 2 5 5 2 5 4 3 3 4 5 4 5 5 2 4 3 2 2 1 4 1 5 1 4 3 5 1 5 5 1 2 1 3 4 2 3 3 4 5 4 4 5 4 2 3 4 4 5 1 5 5 1 5 4 5 3 5 4 3 3 4 1 1 5 5 3 1 5 5 2 4 1 3 5 2 4 4 1 5 2 2 5 5
124 11 3 1 5 5 3 5 2 2 5 1 1 3 4 3 2 3 3 1 3 4 1 2 3 5 4 1 5 1 1 4 1 1 3 5 5 2 4 2 2 5 3 1 4 5 1 4 3 3 1 3 1 5 1 3 1 1 5 3 5 1 2 2 4 1 5 1 4 1 1 3 1 5 3 4 5 1 5 3 3 3 4 4 5 4 1 5 2 2 2 1 2 4 5 4 1 1 4 5 5 2 1 2 4 5 4 3 4 5 2 4 4 2 3 1 1 3 5 4 5 5 1 4 1 3 2 5 3 2 2 2 3 2 3 4 4 2 2 1 4 5 5 1 4 5 2 4 5 2 5 4
125 12 5 5 5 2 4 1 2 2 3 5 3 2 2 4 2 3 2 3 2 5 3 5 3 5 1 4 1 5 4 3 4 3 1 4 2 5 5 5 3 3 2 5 1 2 1 4 1 4 3 2 1 2 4 4 2 3 3 4 5 2 3 4 4 5 5 4 4 1 4 2 5 1 3 4 5 4 5 1 5 5 5 5 3 1 4 3 4 1 3 5 4 2 2 5 4 3 4 2 2 4 1 2 4 5 3 3 2 3 2 5 5 4 4 4 3 4 4 5 4 3 1 3 1 3 3 3 1 4 5 2 1 2 2 5 2 4 2 1 4 5 5 1 2 3 3 4 1 5 2 3
126 12 3 5 2 4 3 4 3 2 2 2 2 2 1 2 4 4 5 5 3 1 3 4 2 5 4 2 3 3 5 4 2 4 3 3 1 5 4 1 5 2 5 5 2 1 4 1 4 3 5 1 2 4 1 4 5 2 4 2 1 5 1 1 4 4 4 2 3 5 3 3 4 1 1 3 5 5 4 4 4 1 2 1 5 2 5 1 1 5 1 4 2 3 1 4 1 4 5 5 3 3 5 2 4 1 5 1 1 2 5 2 4 3 2 1 4 3 3 2 1 4 3 3 5 4 3 4 4 2 5 3 2 4 3 1 4 2 3 2 4 2 3 5 3 4 1 1 3 5 2 3
127 7 5 4 2 5 1 2 2 1 1 3 3 3 3 1 3 4 3 2 3 4 3 3 3 3 5 4 1 5 4 5 3 1 4 2 3 2 5 1 4 4 1 5 2 5 4 4 1 1 4 4 4 4 1 4 3 5 1 5 3 1 3 1 5 4 3 1 4 4 1 2 1 4 2 2 3 5 3 3 3 3 4 3 5 3 2 1 4 1 4 4 2 1 5 5 5 4 3 4 1 5 2 3 1 5 2 1 5 1 3 3 4 4 2 5 4 4 5 2 4 5 3 1 1 5 4 2 4 4 5 2 5 2 2 4 5 2 3 3 1 5 2 3 5 4 5 3 1 1 1 2
128 8 4 5 4 1 4 2 5 2 3 1 5 2 5 5 2 1 4 3 4 1 2 3 4 4 1 2 5 1 1 3 4 3 3 4 3 2 1 2 1 1 4 1 4 2 2 3 4 2 5 1 3 3 1 1 5 5 3 3 3 2 3 2 5 3 4 3 5 4 4 4 5 2 5 4 3 4 2 2 3 1 2 3 3 1 1 4 3 5 3 5 4 3 3 3 3 2 4 5 2 3 3 3 2 2 1 4 4 5 4 1 3 5 3 2 5 4 5 3 5 3 4 2 4 5 5 5 2 2 3 5 2 2 3 1 5 4 4 1 5 1 1 4 2 2 5 2 2 4 2 3
129 14 4 3 3 3 5 5 3 1 4 5 4 1 4 2 4 1 1 4 3 1 2 1 5 1 3 2 5 4 3 3 2 2 5 1 5 3 4 2 4 5 1 4 4 2 5 3 3 2 1 3 3 4 4 2 4 4 5 4 2 3 4 4 5 3 4 3 4 1 3 1 2 2 2 4 1 1 5 4 5 3 4 4 4 5 4 5 4 4 2 1 5 2 5 2 5 2 5 5 3 3 5 2 3 5 3 3 2 4 3 5 4 5 5 1 5 2 5 3 1 2 1 2 2 5 1 4 2 4 4 4 1 4 5 2 2 5 2 2 5 2 2 4 1 3 5 5 2 2 5 2
130 11 4 2 1 5 5 2 2 3 5 2 3 2 1 5 2 1 4 2 4 3 4 3 3 3 2 5 2 4 3 2 3 3 5 2 5 1 3 1 4 5 5 2 4 3 2 4 5 4 4 4 3 5 4 3 2 4 3 5 2 1 4 4 5 3 3 3 2 2 5 5 2 5 5 3 5 5 4 3 3 3 3 3 2 2 5 3 1 1 4 2 2 1 3 4 1 3 5 2 5 1 3 3 3 4 3 2 2 2 5 5 1 3 5 2 4 5 1 5 2 5 3 5 2 3 2 3 5 2 2 1 5 4 4 2 4 2 3 1 3 5 5 2 5 1 2 5 3 2 2 4
131 15 3 3 5 5 2 3 5 4 5 5 5 4 1 4 3 2 3 4 1 3 3 3 1 3 4 2 1 4 5 2 1 5 2 4 3 5 1 5 5 5 1 1 3 2 2 5 2 3 2 5 4 4 2 3 5 5 5 2 3 5 5 3 5 4 5 1 5 4 1 5 4 3 1 1 4 5 5 4 5 2 3 4 4 2 4 2 1 1 5 1 5 1 5 1 5 1 5 4 3 5 5 1 1 5 1 3 1 4 2 5 5 4 2 4 3 1 2 1 4 5 5 2 2 4 1 3 2 3 2 5 1 1 2 4 5 1 5 3 5 3 1 1 1 4 2 3 5 2 2 4
132 6 2 5 2 4 3 5 1 1 3 3 3 5 2 4 1 4 1 1 4 5 1 1 5 5 5 3 2 1 4 3 2 4 3 4 4 2 5 2 4 1 2 2 4 3 2 4 4 3 4 3 3 2 5 3 4 2 3 1 4 5 1 4 1 5 4 2 5 1 4 5 1 4 3 3 1 2 3 1 2 5 3 5 4 4 3 3 5 5 4 4 4 5 3 3 3 1 3 4 2 5 5 1 3 5 4 5 5 4 5 4 4 3 2 1 3 2 1 1 2 1 5 5 5 5 2 1 5 4 3 3 3 2 5 5 2 5 4 3 2 2 2 5 5 1 1 2 3 2 1 4
133 8 4 1 5 1 1 5 1 5 3 5 2 2 1 4 4 1 2 1 3 4 3 1 3 2 1 4 4 2 2 1 1 2 4 2 3 5 4 4 3 2 5 2 5 5 3 1 5 2 3 3 2 4 3 5 2 5 3 1 5 5 4 2 1 2 1 5 4 1 1 1 2 4 2 3 4 5 1 1 4 1 1 3 3 4 1 3 4 3 4 5 2 4 2 1 1 3 4 4 2 2 4 4 3 4 2 1 3 4 1 2 1 5 3 4 2 3 3 1 1 2 2 5 2 4 3 4 3 5 2 3 4 2 4 4 1 2 5 5 1 4 1 4 2 1 2 5 5 4 5 4
134 8 2 3 2 4 1 1 1 2 2 5 3 4 1 4 2 2 1 3 5 5 1 2 5 5 5 5 4 4 3 2 3 5 5 1 1 2 2 3 5 1 4 1 2 2 1 1 1 4 1 3 2 1 1 5 3 3 5 3 2 2 2 3 5 4 2 1 4 2 5 4 2 4 3 1 4 1 2 1 4 4 5 2 2 1 1 3 2 4 3 4 4 2 5 3 3 4 5 4 2 3 4 2 3 1 4 5 4 1 5 4 5 1 3 5 5 1 1 1 1 5 4 4 1 4 2 5 1 1 5 5 3 5 2 2 4 5 5 5 1 3 4 5 5 3 5 3 4 3 1 5
135 9 2 4 2 1 1 4 2 2 2 2 1 5 3 1 1 4 1 2 4 3 3 5 2 3 2 5 5 1 5 4 5 3 2 5 1 3 4 1 3 2 2 1 3 1 4 3 4 5 2 3 2 3 5 1 4 1 5 4 4 2 5 4 1 1 2 5 4 5 5 4 5 3 5 3 4 3 1 1 2 5 3 5 2 1 1 1 1 2 4 4 2 2 2 5 4 4 5 4 4 3 1 2 3 3 2 5 5 5 5 5 2 1 3 2 4 2 2 3 3 4 4 4 5 4 3 4 5 5 1 2 1 1 3 5 2 1 5 4 1 4 2 2 4 2 5 2 4 5 3 1
136 8 2 1 5 3 4 2 4 4 2 3 2 5 5 2 5 2 1 2 3 2 2 2 3 4 4 1 4 1 3 3 5 5 3 3 4 1 2 1 3 2 3 3 4 2 4 4 3 1 5 2 1 5 1 5 4 1 3 1 3 5 1 3 5 1 5 2 5 1 2 5 5 3 4 1 5 4 4 3 3 1 2 2 3 5 5 4 2 4 5 1 2 3 2 5 1 1 4 5 4 1 4 2 4 5 2 4 2 4 2 3 1 4 4 1 5 4 3 2 4 2 4 5 3 1 1 5 2 3 1 2 5 3 4 3 3 1 5 4 5 2 3 2 5 1 1 5 2 5 3 5
137 7 2 3 1 2 1 4 4 3 2 3 1 3 1 4 4 1 4 1 1 5 4 5 2 4 2 2 4 1 2 5 3 2 5 1 4 3 5 4 1 4 1 4 5 4 2 2 1 2 1 1 1 5 4 5 4 4 5 3 1 5 2 1 4 5 3 2 4 3 4 1 5 4 4 1 2 4 4 3 4 4 4 4 3 4 2 2 2 4 2 3 4 5 4 1 3 2 4 1 4 4 3 1 4 2 3 5 3 2 4 5 1 5 3 5 4 3 1 4 5 4 1 4 1 4 2 2 5 4 1 5 3 3 5 5 4 3 3 4 2 5 2 3 3 2 1 4 2 2 3 5
138 15 1 2 4 4 2 2 4 2 2 2 5 4 4 4 2 5 2 3 5 2 4 1 1 4 5 4 4 2 3 4 3 5 5 3 4 5 1 5 5 5 2 4 1 3 2 4 4 2 4 1 4 3 2 1 4 4 5 2 1 1 2 1 5 2 3 4 1 3 3 1 3 3 4 4 1 3 5 2 2 2 1 5 1 4 3 5 1 3 2 1 1 4 2 2 3 2 1 1 4 4 5 1 4 1 2 4 1 2 1 1 4 4 4 1 3 5 3 4 5 1 2 4 3 1 5 2 5 1 4 2 1 2 4 2 5 3 4 1 4 1 3 2 5 3 2 5 4 2 4 2
139 15 4 2 4 3 1 1 2 4 4 2 5 3 2 4 3 1 1 3 3 3 3 1 3 5 3 1 2 3 4 2 4 3 4 5 2 3 1 4 3 2 4 3 2 3 3 1 5 3 2 1 1 3 4 3 1 4 3 4 4 4 4 2 1 2 1 2 2 3 1 4 1 2 3 5 1 5 3 4 2 4 3 2 3 5 1 2 5 2 4 2 4 2 3 1 5 2 5 1 1 4 2 3 4 1 5 4 2 2 4 1 3 2 1 2 2 2 1 1 4 4 3 2 5 5 1 2 1 5 2 5 4 2 5 4 5 1 4 4 4 3 4 2 1 5 2 3 4 5 2 5
140 7 2 2 5 3 5 1 1 1 4 2 5 2 1 2 3 3 5 3 3 1 5 5 1 1 5 3 4 4 4 4 5 3 3 2 3 2 5 2 5 1 3 2 5 1 1 3 4 3 2 5 4 5 5 2 2 2 1 3 5 4 5 4 2 2 3 1 1 2 2 3 3 5 4 4 2 3 2 5 4 3 5 1 3 5 1 1 4 5 4 4 4 2 1 3 3 5 4 2 3 5 3 3 1 2 3 1 3 2 5 2 2 5 5 5 2 2 3 2 1 2 5 2 5 4 4 5 2 3 3 2 3 3 3 4 5 3 5 4 1 2 3 1 4 3 5 2 2 4 5 1
141 15 1 4 1 1 1 3 5 3 3 3 1 4 5 1 3 5 1 3 4 5 1 3 4 4 3 1 3 3 2 5 4 3 1 5 5 3 2 3 5 2 3 4 5 2 4 2 5 2 2 3 3 1 1 2 2 2 3 1 4 2 5 4 3 5 2 4 2 1 3 4 5 5 3 2 4 5 3 5 2 4 1 2 1 2 1 4 4 2 1 4 4 1 3 4 3 3 2 3 5 4 1 2 2 2 4 3 3 5 2 4 5 3 3 1 3 3 4 2 3 5 5 1 3 3 1 2 5 3 1 4 4 5 1 5 5 4 4 4 1 5 4 3 5 5 5 2 5 1 5 2
142 15 1 3 2 3 4 2 3 1 4 4 5 4 2 1 2 4 5 3 5 5 4 4 5 5 2 5 1 3 3 3 3 2 5 1 5 3 4 2 1 2 4 2 3 1 4 2 4 4 5 2 4 5 4 3 2 2 1 5 4 1 3 5 2 5 2 5 4 2 2 5 2 4 4 3 5 4 4 5 1 3 3 4 5 5 5 3 2 4 3 5 2 1 1 1 4 1 1 5 5 3 2 2 4 1 4 4 5 3 4 3 2 5 4 5 5 4 4 3 2 4 3 1 1 5 1 2 2 1 1 3 3 4 5 1 1 5 5 4 1 4 2 5 3 2 5 5 1 4 4 2
143 7 3 4 5 2 5 2 1 2 3 3 1 3 3 4 2 5 5 5 2 2 4 4 3 1 2 5 5 3 1 1 5 4 2 5 3 2 5 2 4 2 1 1 2 2 3 1 1 5 1 5 5 1 4 5 3 1 4 3 1 4 4 4 4 4 3 2 5 2 5 3 5 3 1 4 2 2 3 5 2 5 3 5 3 5 3 3 4 2 3 1 4 5 3 2 1 4 5 5 5 3 2 1 3 1 1 2 5 5 2 1 4 3 5 5 3 5 1 4 3 3 1 1 1 3 4 1 1 5 1 3 5 1 5 3 4 5 1 1 3 5 1 3 1 4 3 2 2 3 3 4
144 10 3 1 2 5 4 1 2 1 4 4 2 2 3 5 5 2 4 1 2 3 1 1 5 2 5 3 2 1 1 5 1 5 2 5 3 2 4 4 5 5 3 4 5 5 5 1 5 3 2 5 1 2 3 3 4 5 3 3 1 2 1 5 4 1 5 4 3 3 4 2 2 4 1 3 5 3 1 5 3 5 5 1 4 1 2 5 5 1 1 4 2 5 4 4 1 4 2 1 2 4 3 4 2 4 5 3 3 2 5 3 1 2 3 5 2 1 4 4 3 5 3 2 1 1 5 5 3 2 3 4 4 2 4 3 5 1 2 4 5 4 3 4 1 3 3 2 2 2 4 3
145 10 1 1 1 3 3 5 4 5 2 3 5 1 2 3 1 3 1 2 1 2 1 4 5 2 4 2 4 5 2 1 4 1 3 2 1 2 1 3 1 2 2 3 4 3 2 3 3 1 3 3 3 3 3 1 2 3 3 2 5 4 4 2 3 4 1 5 5 1 2 4 5 4 1 2 5 2 4 3 4 5 3 3 1 1 4 4 5 4 4 2 4 4 2 1 5 3 4 1 3 1 5 5 4 5 2 3 4 3 1 5 3 1 3 3 2 5 3 2 1 5 3 2 2 3 1 2 2 5 1 2 1 5 3 2 4 2 4 3 2 1 5 4 1 2 2 5 4 1 4 4
146 14 4 3 5 3 5 3 1 4 1 2 1 3 5 3 3 3 3 1 2 1 3 3 3 5 1 2 3 4 1 2 3 2 2 3 1 1 2 4 2 4 5 4 4 2 4 3 1 2 1 4 3 5 2 1 3 1 1 2 5 3 4 5 2 1 4 4 5 2 3 5 1 5 1 1 5 1 2 5 1 5 4 4 4 5 2 1 1 1 5 1 1 5 5 3 4 2 1 3 5 2 1 4 3 5 5 2 2 4 2 3 2 5 4 2 1 3 4 1 5 4 5 2 5 3 4 5 4 4 3 5 2 2 1 5 1 2 3 5 4 4 2 4 4 2 5 4 3 1 5 1
147 10 1 5 2 3 3 5 5 1 4 5 2 4 2 5 1 3 1 4 3 3 4 4 5 1 5 3 1 3 5 2 4 1 5 2 3 2 1 1 1 1 4 4 2 4 3 3 3 1 5 1 3 5 2 5 3 5 3 5 3 2 5 4 4 3 2 5 2 3 5 5 4 2 3 5 3 5 5 5 2 3 1 1 3 2 2 1 5 3 2 3 3 5 3 4 3 4 3 4 3 3 2 4 2 4 2 4 4 2 4 3 1 2 4 2 4 4 5 4 1 3 2 5 3 5 5 4 3 5 5 1 1 2 4 5 5 5 3 2 2 4 2 1 2 3 5 4 1 3 3 2
148 9 4 3 3 2 5 3 5 2 3 5 2 2 1 2 5 5 1 1 5 5 5 1 2 4 2 1 1 2 1 4 1 2 5 1 4 4 5 4 4 5 3 2 2 5 1 5 2 1 2 5 4 2 2 5 4 5 4 3 4 3 1 4 1 5 1 1 3 3 4 1 4 1 3 4 1 5 2 5 4 1 5 2 1 4 4 4 5 1 4 1 1 4 5 3 3 2 1 4 2 1 1 4 3 5 5 1 4 4 4 4 2 2 4 4 2 2 2 3 3 3 2 4 4 5 4 1 2 2 1 2 3 4 2 4 3 4 3 1 4 4 2 1 3 2 4 5 4 3 3 1
149 8 3 1 5 4 4 5 2 2 2 1 1 3 2 1 1 1 4 1 5 5 4 1 4 1 3 5 5 3 4 5 1 1 3 2 3 2 2 2 1 2 3 5 4 5 2 2 4 5 4 1 5 3 3 5 1 4 5 2 5 5 1 5 3 2 3 3 2 4 1 5 5 2 4 3 3 3 4 3 3 4 5 5 1 5 1 3 1 5 2 1 1 3 1 5 3 2 1 5 2 3 2 2 1 2 5 5 2 1 2 1 5 5 3 1 1 5 1 2 1 1 3 3 5 4 2 2 2 2 5 4 1 5 1 4 3 3 4 3 5 3 4 1 3 4 1 5 4 3 4 4
