20 200
NETWORK_TREE :
12 0 1
9 12 7
5 9 9
6 12 7
18 5 7
14 5 10
15 14 10
17 15 9
19 5 10
16 19 3
11 15 10
10 6 2
8 12 2
4 15 9
2 8 1
3 0 2
13 3 9
7 10 9
1 16 10
NODE_PROGRAM :
0 1 2 3 4 5 6 7 8 9 10 11 12 13 14 15 16 17 18 19 20 21 22 23 24 25 26 27 28 29 30 31 32 33 34 35 36 37 38 39 40 41 42 43 44 45 46 47 48 49 50 51 52 53 54 55 56 57 58 59 60 61 62 63 64 65 66 67 68 69 70 71 72 73 74 75 76 77 78 79 80 81 82 83 84 85 86 87 88 89 90 91 92 93 94 95 96 97 98 99 100 101 102 103 104 105 106 107 108 109 110 111 112 113 114 115 116 117 118 119 120 121 122 123 124 125 126 127 128 129 130 131 132 133 134 135 136 137 138 139 140 141 142 143 144 145 146 147 148 149 150 151 152 153 154 155 156 157 158 159 160 161 162 163 164 165 166 167 168 169 170 171 172 173 174 175 176 177 178 179 180 181 182 183 184 185 186 187 188 189 190 191 192 193 194 195 196 197 198 199 200
1 1 3 4 5 6 7 9 10 11 12 13 14 15 16 18 20 22 23 24 26 29 30 31 32 33 34 35 36 37 38 39 40 41 42 45 46 47 49 50 51 53 54 55 56 57 58 59 60 61 62 65 66 67 68 69 70 71 72 75 76 77 78 81 82 83 84 85 86 87 88 90 91 92 93 94 97 98 99 100 101 102 103 104 105 107 110 112 113 115 117 118 119 120 121 122 123 124 126 128 129 131 132 134 135 136 138 139 142 143 144 145 146 147 148 149 154 155 156 159 160 161 164 165 167 168 170 171 172 173 174 175 176 177 178 179 180 181 184 186 187 189 190 191 192 193 194 195 196 198 199 200
2 1 2 3 4 6 9 10 11 13 14 15 16 17 19 21 23 27 28 30 33 34 35 37 39 40 41 43 44 45 46 47 48 49 50 51 53 55 56 59 60 62 63 66 67 68 69 70 72 74 79 80 82 84 85 87 89 91 92 93 94 96 97 98 99 100 103 104 105 106 107 109 111 112 114 116 117 118 119 120 121 122 125 127 130 131 132 133 134 136 138 139 140 141 142 143 145 146 147 150 152 154 155 157 158 160 161 164 166 167 174 175 177 178 179 180 181 182 185 186 189 191 192 193 194 195 196 200
3 2 3 4 5 6 7 8 9 11 12 13 15 16 17 18 19 20 21 23 24 25 26 27 28 30 31 33 34 35 36 37 38 39 40 41 42 43 44 46 47 50 51 52 53 54 56 57 59 60 61 62 63 64 65 67 68 69 70 71 72 73 74 75 76 77 78 79 80 81 83 85 87 88 89 90 91 92 93 94 96 98 99 100 101 102 103 104 105 106 107 108 109 110 111 113 115 116 117 119 120 121 123 124 125 126 127 128 129 130 132 133 135 136 137 138 139 140 141 142 143 144 145 146 147 149 150 151 152 153 154 155 156 157 158 159 160 161 162 163 164 165 167 168 169 171 172 173 174 175 177 178 179 180 181 182 183 184 186 188 189 190 191 192 194 195 196 197 199 200
4 129 2 133 6 135 136 10 142 149 151 154 155 27 28 29 158 35 163 165 166 39 40 42 45 173 174 46 178 180 53 185 59 63 192 64 65 193 194 67 196 69 74 75 77 79 80 82 85 92 95 96 97 101 102 106 107 109 110 116 121 124 127
5 65 194 2 131 196 5 9 74 79 84 21 88 92 94 95 97 99 100 164 37 38 39 170 109 175 177 178 179 116 52 182 118 183 186 62
6 1 2 3 4 5 6 7 8 9 10 11 12 13 14 15 16 18 20 21 22 23 24 25 26 27 28 29 30 31 32 33 34 35 36 37 38 39 40 42 43 44 45 46 47 48 49 50 51 52 53 54 55 56 57 58 59 60 61 62 63 64 65 66 68 69 70 71 72 73 74 76 77 78 79 80 81 82 83 84 85 86 87 88 89 90 91 92 93 94 95 96 97 98 99 100 101 102 103 104 105 106 108 109 110 112 114 115 116 117 118 119 120 121 122 123 124 125 126 127 128 129 130 131 132 133 134 135 136 137 138 139 140 141 142 143 144 145 146 147 148 149 150 151 152 153 154 156 157 158 159 160 161 162 163 164 165 166 167 168 169 170 171 172 173 174 175 176 177 178 179 180 181 182 183 184 185 186 187 188 189 190 191 192 193 194 195 196 197 198 199 200
7 194 3 195 37 102 55 8 111
8 1 130 2 4 132 9 10 139 140 145 19 148 149 22 151 23 24 154 27 29 158 159 32 162 34 35 36 164 37 170 43 45 46 174 47 176 177 178 179 180 52 181 56 185 62 190 63 191 193 65 195 68 73 74 83 85 88 101 102 106 108 114 116 120 122 123 125 126
9 2 3 4 5 6 8 13 15 16 18 19 21 23 24 28 29 31 35 37 39 40 42 45 50 51 57 58 59 61 62 64 65 68 70 71 73 75 76 78 79 81 83 84 85 88 89 90 93 94 95 97 98 101 103 105 106 107 108 110 111 115 116 117 118 121 122 124 125 126 127 128 129 130 132 133 134 135 137 138 139 142 143 145 147 148 149 153 155 158 162 164 165 167 168 170 171 173 174 175 176 177 178 180 182 184 187 188 190 191 193 194 195 196 198 200
10 1 2 3 4 5 6 7 9 10 11 12 13 14 15 16 17 18 19 20 21 22 24 25 26 27 28 29 30 32 33 34 35 36 37 38 39 40 41 43 44 45 46 47 48 49 51 52 53 54 55 56 57 58 59 60 61 62 63 65 66 67 68 69 71 72 73 74 75 76 77 78 79 80 81 82 83 84 85 86 87 88 89 90 91 93 94 95 96 97 98 99 100 101 102 103 104 105 106 107 108 109 110 111 112 113 114 115 116 117 118 119 120 121 122 123 124 125 126 127 128 129 130 131 132 133 134 135 136 137 138 141 142 143 144 145 146 147 148 150 151 152 153 154 155 156 157 158 159 160 161 162 164 165 166 167 168 170 171 172 173 174 175 176 178 179 180 181 182 183 184 185 186 187 188 189 190 191 192 193 194 196 197 199 200
11 1 2 3 4 6 9 12 20 21 23 25 26 27 30 32 33 37 38 40 42 45 49 50 51 55 56 57 58 60 64 65 66 67 68 70 72 73 75 76 82 83 85 86 89 92 93 95 96 99 100 101 102 103 105 106 108 110 113 116 118 121 122 123 124 125 126 127 129 130 131 132 133 134 135 136 138 139 140 145 146 147 150 153 154 158 161 165 169 171 172 175 176 178 181 182 185 188 189 191 192 193 195 199 200
12 2 3 4 5 10 12 13 14 16 18 20 21 22 23 25 28 30 31 32 34 35 36 37 38 40 42 43 44 46 48 50 51 53 54 56 57 59 61 63 64 66 68 69 70 72 73 74 76 78 79 80 86 87 88 89 90 91 92 93 94 95 97 98 99 100 101 103 105 106 109 110 112 113 116 117 123 124 126 130 132 135 137 139 140 141 143 144 146 147 149 150 151 152 154 155 160 164 167 168 170 177 179 183 184 187 188 189 190 192 193 194 199
13 2 3 4 5 6 8 9 10 11 12 13 14 15 16 17 18 19 20 21 22 24 25 26 28 29 30 31 32 33 35 36 37 38 39 40 42 43 44 45 46 47 48 49 52 53 54 55 56 58 59 60 61 62 63 64 65 66 67 70 72 73 74 75 76 77 78 79 80 81 85 86 87 88 90 91 92 95 96 98 99 100 101 102 104 105 106 107 108 109 110 111 113 114 115 116 117 118 119 120 121 122 123 125 126 127 128 129 130 131 132 133 134 135 136 140 141 142 143 144 145 146 147 148 151 152 153 155 156 158 159 161 162 163 164 165 168 170 171 173 175 176 177 178 179 180 181 182 183 186 188 189 190 191 192 193 197 198 199 200
14 1 3 131 132 4 7 137 9 11 140 12 14 143 16 148 149 150 25 154 26 156 29 31 32 162 34 163 37 165 166 167 39 40 169 44 177 178 52 181 183 56 57 59 189 190 62 64 65 194 67 195 68 70 73 77 80 81 82 84 86 87 90 92 96 99 100 101 102 108 109 114 116 118 120 123 124 125 126
15 132 134 6 135 8 137 140 12 13 142 143 145 150 152 26 154 29 30 31 162 164 37 169 171 174 175 47 176 178 52 180 181 183 56 184 57 58 191 66 196 68 199 77 78 80 81 84 86 87 91 92 93 99 100 107 109 110 111 113 115 117 118 120 121 123 124 126 127
16 4 134 136 137 9 138 139 141 14 144 152 29 157 159 162 164 167 168 172 173 47 49 53 181 182 56 189 191 63 64 66 67 196 68 197 198 200 73 76 78 79 80 81 83 84 85 87 89 90 92 96 100 107 113 118 124 127
17 2 3 11 12 13 15 17 19 21 22 24 25 26 27 31 33 34 35 37 39 43 44 49 50 53 54 55 56 59 61 62 63 64 68 70 74 75 76 81 84 86 88 90 91 92 93 95 96 97 100 101 102 104 109 110 111 113 114 116 123 124 127 129 134 135 136 137 139 140 141 142 149 154 156 157 158 160 162 163 164 167 169 173 175 176 178 179 180 181 182 185 186 188 191 192 194 195 197 198 199
18 1 3 4 6 7 10 11 12 15 16 18 19 20 21 24 25 26 27 28 29 30 31 32 33 34 35 36 37 38 39 40 42 43 47 49 50 51 52 53 54 56 57 58 59 61 63 64 65 66 69 73 74 75 77 79 82 83 84 86 87 88 91 92 93 94 95 96 98 100 102 104 106 108 109 110 111 112 115 117 118 119 120 122 123 124 126 127 131 132 133 134 135 136 137 139 140 142 143 144 145 147 148 151 153 157 158 161 162 163 164 165 166 169 170 171 173 174 175 176 177 179 180 181 184 186 187 189 190 191 193 194 196 197 199 200
19 1 2 3 4 5 6 7 8 9 10 11 12 13 14 15 16 17 18 19 20 21 22 23 24 25 26 27 28 29 30 31 32 33 35 36 37 38 39 40 41 42 43 44 45 46 47 48 49 50 51 52 53 54 55 56 58 59 60 61 62 63 64 65 66 67 68 69 70 71 72 73 74 75 76 77 78 79 80 81 82 83 84 85 86 87 88 89 90 91 92 93 94 95 96 97 98 99 100 101 102 103 104 105 106 107 108 109 110 111 113 114 115 116 117 118 119 120 121 122 123 124 125 126 127 128 129 130 131 132 133 134 135 136 138 139 140 141 142 143 144 145 146 147 148 149 150 151 152 153 154 155 156 157 158 159 160 161 162 163 164 165 166 167 168 169 170 171 172 173 174 175 176 177 178 179 180 181 182 183 184 185 186 187 188 189 190 191 192 193 194 195 196 197 198 199 200
COST_INSTALL_SERVER_AND_PROGRAMS :
0 14 5 5 1 5 3 4 2 5 1 4 5 1 3 3 5 3 5 5 2 2 4 5 2 3 4 4 3 4 2 4 4 3 1 4 1 2 4 4 1 4 4 3 4 4 4 1 3 2 1 3 5 3 1 1 4 5 3 4 4 1 5 2 5 1 4 1 2 4 2 2 3 3 3 3 1 5 2 2 3 4 2 1 2 1 3 5 1 2 5 2 5 2 5 2 3 3 2 2 5 2 1 3 3 4 2 3 4 4 3 2 4 2 3 2 4 3 3 2 4 4 5 1 5 3 3 1 1 2 1 4 2 4 1 4 3 2 1 5 4 3 4 2 5 2 3 1 3 3 2 1 4 1 3 1 3 2 2 4 1 5 3 5 1 1 2 3 4 4 3 3 3 1 5 5 3 4 2 3 2 2 2 2 4 2 1 1 3 3 3 5 5 2 2 1 1 2 5 4 4 5
1 12 3 4 1 2 3 4 4 1 2 1 1 2 5 1 4 5 3 4 5 4 3 5 5 4 4 1 5 5 3 3 4 5 4 1 4 5 1 4 4 5 5 2 4 2 2 4 1 5 3 3 2 1 4 5 4 1 2 3 2 4 5 4 3 3 4 3 2 1 4 5 3 4 3 3 5 2 3 3 5 4 4 4 5 2 3 3 2 1 3 2 5 3 3 5 4 2 1 1 1 1 4 3 1 2 2 1 3 1 2 4 1 5 1 2 3 5 2 1 2 4 4 1 5 2 5 5 1 5 1 5 1 2 2 1 4 3 3 3 2 1 5 3 3 1 1 4 1 3 4 3 2 2 5 1 5 3 3 4 4 4 4 2 2 3 1 3 2 3 4 1 5 5 5 2 2 4 5 4 3 3 5 2 4 3 1 2 5 2 1 1 1 5 3 2 4 3 5 1 5 4
2 6 3 2 3 5 2 3 3 3 3 2 5 1 5 2 3 1 2 3 1 5 2 5 4 4 2 1 5 5 4 5 4 4 5 2 4 2 1 2 3 3 4 3 1 4 5 4 5 5 4 3 2 1 1 1 4 4 5 3 3 5 5 1 1 2 4 3 2 5 1 1 1 4 4 3 1 1 1 4 2 4 4 2 4 4 4 2 5 5 1 3 5 5 3 4 2 5 1 2 5 5 5 5 3 5 3 4 4 1 4 3 3 4 2 5 3 3 5 3 4 5 1 1 2 4 2 5 3 3 5 4 5 2 1 3 2 5 2 2 3 1 2 3 2 1 5 2 4 2 1 2 2 2 4 4 3 1 3 4 1 4 1 1 3 2 1 3 2 3 4 1 3 4 5 3 2 2 1 5 2 1 1 5 1 4 1 3 3 5 5 4 1 2 1 1 4 5 5 3 3 3
3 15 5 3 3 2 1 1 1 4 5 1 3 1 4 2 1 2 4 2 3 1 2 3 1 5 5 3 1 4 3 5 5 3 5 1 2 5 1 3 1 3 3 5 3 3 1 2 3 3 4 5 1 4 3 5 5 5 3 3 5 4 5 1 2 4 3 1 3 4 3 3 4 5 4 2 1 2 2 1 1 2 5 3 3 5 1 1 3 3 4 5 5 1 1 1 5 2 2 4 1 1 2 4 3 5 3 5 3 1 4 3 5 5 2 3 2 3 4 1 5 3 4 4 1 2 4 4 4 2 1 1 4 5 4 1 4 5 3 1 2 2 4 2 4 4 4 1 2 5 1 3 2 1 4 5 2 2 2 1 1 3 4 3 4 3 5 2 5 1 2 2 1 2 4 5 3 1 1 4 3 1 2 3 2 5 2 3 1 3 2 4 1 5 4 4 2 5 5 3 5 1
4 9 1 5 2 4 3 4 5 4 1 3 3 5 4 1 4 5 3 4 1 1 5 3 5 5 2 1 1 4 5 5 5 1 5 1 1 5 5 4 3 5 1 1 2 5 5 4 2 5 5 5 5 4 5 4 1 1 3 2 5 3 4 3 1 2 2 1 5 1 2 1 4 2 1 2 5 3 4 2 2 1 2 1 1 1 3 2 2 3 2 4 1 4 3 5 5 4 4 3 5 3 5 4 5 5 3 3 1 1 1 5 2 5 1 3 4 3 2 4 4 5 2 4 2 1 2 4 5 5 2 3 2 2 5 2 3 4 2 5 3 2 1 3 3 5 5 4 1 5 2 1 2 4 1 5 4 4 2 3 5 3 5 3 1 4 1 1 3 3 5 5 3 4 3 3 2 2 3 3 3 3 3 3 1 4 1 4 3 5 4 5 5 1 5 4 3 1 1 4 1 1
5 7 4 3 4 3 5 4 1 2 5 1 5 3 4 3 1 3 2 2 2 5 3 5 5 3 3 3 2 3 3 5 5 5 5 3 3 4 5 4 5 2 4 3 5 2 2 1 2 1 3 5 3 5 2 4 3 2 5 3 1 1 5 5 4 4 2 5 2 1 2 4 3 1 2 5 5 1 3 4 3 1 3 5 3 3 5 4 3 1 2 3 3 3 5 4 1 3 2 3 2 4 3 4 1 5 5 3 5 5 3 4 4 1 1 3 3 2 4 3 2 5 4 5 2 2 3 2 1 3 4 5 4 5 1 4 4 5 4 1 1 5 4 4 1 5 4 5 4 4 1 4 2 3 4 1 5 1 4 1 3 3 3 3 5 5 2 2 3 5 3 2 2 2 4 4 3 2 4 2 4 2 4 2 2 4 2 5 3 1 2 1 4 4 3 3 3 1 2 1 5 2
6 8 1 5 4 5 1 2 1 2 3 4 4 4 3 1 2 3 5 3 5 5 4 5 4 3 4 3 1 2 3 2 5 2 2 5 5 5 4 1 1 2 5 5 2 5 2 4 5 1 1 4 4 5 5 4 1 5 2 2 2 3 3 2 5 5 4 1 4 5 5 5 1 1 1 5 3 5 1 2 3 5 3 5 3 5 2 5 4 3 2 3 2 4 3 1 5 4 5 3 4 4 1 1 2 1 5 2 1 3 2 1 4 2 2 3 3 5 4 5 5 2 3 3 2 2 1 5 4 4 5 5 5 5 5 5 4 5 5 2 5 2 3 1 5 3 2 1 3 4 5 1 3 2 5 4 3 2 1 3 2 5 3 3 3 3 5 2 1 5 2 3 2 1 3 4 3 3 3 3 2 2 5 3 1 4 4 4 2 4 4 2 2 1 5 3 3 3 3 3 3 3
7 7 2 3 3 2 4 4 2 3 4 1 5 4 3 2 3 3 3 5 2 5 2 1 5 3 4 5 5 5 4 4 1 2 4 2 3 2 2 5 3 2 5 1 4 1 2 3 4 2 2 4 1 2 1 3 3 3 5 5 4 4 2 3 4 1 5 4 3 4 1 1 5 5 1 2 5 2 5 5 4 5 2 5 3 5 4 1 4 4 5 1 5 2 4 2 3 2 3 4 4 1 5 2 4 4 2 5 3 2 3 1 4 1 4 3 3 4 5 3 2 3 5 5 5 4 1 5 1 4 4 5 5 4 2 2 1 3 4 3 1 1 3 4 1 2 2 3 3 1 4 5 4 1 1 5 2 3 2 4 4 2 3 5 4 1 1 4 4 5 2 3 5 4 3 5 2 2 5 4 3 2 2 4 2 5 2 1 1 3 2 4 4 1 4 2 1 4 5 3 2 5
8 15 3 5 5 1 1 4 2 5 5 5 3 3 4 5 4 5 3 1 4 4 2 5 3 5 4 5 4 2 4 5 5 2 5 1 5 4 3 1 2 1 3 2 1 1 1 3 3 1 3 3 4 2 4 2 5 5 1 3 1 1 5 4 3 4 1 1 5 1 5 2 2 1 2 4 3 3 1 4 2 1 5 4 4 2 2 1 1 2 3 2 3 5 2 1 2 3 5 1 2 5 5 4 5 4 2 4 2 3 2 2 1 4 2 4 2 1 2 2 3 3 4 5 4 4 1 1 4 2 4 2 4 4 2 2 2 5 1 4 4 1 4 3 1 5 2 3 1 5 4 4 2 2 5 3 2 5 3 4 2 5 2 3 5 2 2 1 2 3 5 3 4 1 4 1 3 5 5 4 1 4 4 1 2 2 4 4 1 1 2 1 3 2 1 4 4 3 3 1 1 4
9 6 1 4 3 2 3 5 5 1 2 4 2 5 3 4 2 1 4 3 4 5 1 5 5 3 1 1 1 3 1 1 3 3 1 1 5 4 3 1 2 2 4 4 1 1 2 4 1 3 4 1 2 3 2 2 3 4 1 2 1 5 3 1 5 3 2 5 4 5 3 4 3 4 3 1 1 1 3 5 5 2 1 5 3 3 2 5 2 1 2 4 3 1 5 3 5 2 2 1 5 2 3 2 5 4 4 1 5 2 2 4 5 2 2 4 5 2 5 3 3 2 4 1 1 5 3 3 1 1 1 5 4 2 3 5 3 4 5 1 2 2 5 5 2 4 4 5 2 4 3 3 1 5 2 4 3 1 4 1 3 2 2 4 1 5 5 3 1 3 4 3 2 4 4 5 2 5 5 5 2 3 1 4 1 5 1 2 5 4 1 5 4 3 1 4 5 1 4 2 4 4
10 14 1 4 4 2 2 3 2 2 3 2 1 3 2 1 4 3 4 1 2 1 1 3 4 5 2 2 4 3 4 5 4 1 1 1 2 2 2 3 1 5 5 2 2 1 1 1 1 4 2 3 3 3 1 2 3 4 3 5 4 5 3 4 1 2 3 1 2 2 4 2 4 3 2 1 4 5 1 4 3 1 2 2 4 3 4 1 2 2 3 5 1 5 2 5 2 3 2 3 2 3 1 2 5 4 2 2 1 1 1 3 3 5 4 1 5 5 5 3 2 3 5 1 4 3 2 4 3 5 5 1 2 3 5 4 5 3 1 1 2 3 5 1 4 1 2 2 3 2 5 5 4 3 2 3 4 5 3 4 4 3 4 4 5 5 1 1 3 4 5 1 4 2 3 1 5 3 3 4 4 4 2 1 1 2 3 1 3 2 1 3 2 1 5 4 5 1 3 3 1 3
11 8 2 5 2 5 2 5 3 5 2 1 4 5 1 3 3 1 1 5 1 1 2 1 5 2 3 1 4 1 2 1 1 2 2 5 5 4 3 3 4 2 5 5 5 2 5 5 1 3 2 4 1 4 2 1 2 2 5 5 5 4 2 1 2 4 5 2 3 4 4 5 3 5 5 3 5 3 3 1 3 2 3 2 4 4 2 1 3 3 5 3 3 3 4 2 2 5 3 2 1 1 5 1 5 1 3 1 4 2 4 2 1 2 2 4 5 2 3 3 2 2 5 2 2 4 2 5 5 4 1 2 2 4 1 3 3 2 5 2 3 3 2 3 1 1 3 3 5 5 2 4 1 1 1 2 4 5 1 2 4 3 3 1 5 1 5 1 2 5 2 3 3 4 5 5 2 5 2 4 5 4 1 1 3 3 1 4 1 5 4 3 4 2 4 1 3 4 3 4 1 1
12 11 4 5 3 2 5 3 5 3 3 2 4 3 3 5 2 2 1 1 4 3 5 5 3 4 2 1 2 3 2 4 2 4 2 1 1 1 2 5 2 1 5 2 1 1 4 1 5 2 1 5 3 3 3 3 2 5 1 2 4 3 5 4 4 2 2 1 2 2 3 3 4 3 2 2 5 3 2 4 3 4 2 3 1 4 1 5 4 5 3 4 5 4 3 3 3 3 5 2 3 4 2 4 2 4 1 2 1 5 5 4 5 2 1 2 4 5 2 1 5 3 5 2 1 1 3 1 4 4 3 5 4 2 4 1 3 2 1 2 2 3 4 3 1 4 3 2 5 5 2 4 3 5 5 2 5 4 2 4 2 3 5 5 1 2 3 2 3 1 2 2 2 5 3 5 3 4 3 4 5 2 2 1 5 4 4 5 2 1 2 1 2 4 1 3 3 3 1 1 2 2
13 7 5 3 3 1 2 5 3 2 3 3 4 4 5 2 1 4 1 3 3 5 2 1 5 1 1 1 4 2 1 3 1 5 1 4 5 4 2 5 3 5 1 4 3 5 4 2 4 3 3 3 1 5 4 2 4 4 3 5 1 5 5 1 5 1 1 3 5 3 3 3 2 4 5 1 4 4 5 3 1 3 2 3 5 1 3 5 3 5 2 4 1 4 5 1 3 2 2 4 2 3 1 2 4 2 3 2 1 1 2 4 4 5 4 3 5 5 2 4 3 2 4 3 2 4 3 4 5 1 3 1 1 1 5 3 3 5 3 3 3 1 5 2 1 2 4 3 2 2 1 3 3 3 2 5 3 3 3 4 4 5 2 4 4 5 4 4 4 5 2 3 3 3 1 3 5 1 2 3 1 3 5 1 2 1 2 5 1 2 4 2 4 1 1 5 4 3 3 3 5 4
14 15 4 2 1 3 5 5 2 4 1 1 5 4 3 2 3 3 4 2 3 3 5 5 3 2 2 1 4 4 2 2 3 2 4 4 4 5 1 4 3 1 5 2 4 5 4 3 5 4 4 5 2 1 1 1 5 4 3 4 4 4 4 1 3 3 1 1 5 3 1 4 2 1 3 4 3 4 4 4 4 1 5 4 2 3 2 3 1 1 2 3 4 3 3 4 4 4 1 1 3 4 5 1 2 2 5 3 2 5 3 2 2 1 1 1 5 3 5 1 2 5 3 4 3 1 1 4 3 2 3 3 2 3 5 5 2 4 5 3 1 4 1 5 1 4 3 5 4 5 2 3 1 2 2 3 5 3 2 4 1 1 2 3 2 2 1 1 5 5 3 4 4 5 4 1 5 4 3 2 3 5 5 1 3 5 3 1 3 4 1 3 2 3 1 3 3 5 2 2 5 1
15 14 1 1 4 2 5 3 1 3 1 4 1 2 1 1 1 5 1 2 2 3 1 4 5 5 4 2 3 5 5 5 2 5 3 1 5 3 2 5 5 3 2 5 3 4 1 2 4 2 3 3 1 4 4 5 1 2 1 1 3 3 4 3 1 4 1 4 4 5 1 2 4 5 5 4 1 1 4 4 1 4 1 5 3 3 5 1 5 5 5 5 3 2 1 2 3 1 5 4 4 3 3 5 1 1 3 3 1 1 4 5 1 2 5 5 3 4 4 4 1 1 1 4 2 1 3 2 2 1 2 5 5 3 2 5 5 1 3 2 1 3 3 4 4 4 4 5 2 5 4 5 1 1 3 2 2 2 2 5 4 5 1 3 4 1 1 1 1 1 4 5 2 2 2 4 2 5 5 5 3 1 5 5 1 4 5 3 3 5 4 1 3 4 4 4 4 1 3 4 4 4
16 9 5 3 2 5 2 5 3 1 4 4 4 3 1 5 3 5 2 2 4 3 2 5 1 3 1 3 2 5 5 5 4 1 3 3 2 1 2 4 5 5 2 5 1 2 3 3 1 1 2 2 2 2 2 5 2 2 5 3 3 2 1 4 3 4 1 3 3 4 1 3 5 2 3 4 2 4 5 4 1 3 2 5 1 2 1 5 2 4 5 5 3 1 5 2 3 5 4 5 3 2 1 3 5 3 3 2 4 4 1 5 4 3 1 4 3 1 5 3 1 4 1 4 1 5 4 3 3 5 5 2 5 2 1 4 5 1 3 2 4 5 3 2 5 1 3 4 1 2 2 2 2 5 5 5 1 3 2 4 3 2 4 2 5 4 4 3 4 2 3 2 5 5 4 4 3 5 2 3 1 4 4 5 4 1 3 2 1 1 3 3 1 4 5 3 4 2 4 4 1 1
17 7 1 4 1 3 4 2 1 5 5 5 1 5 1 3 3 5 2 2 4 5 2 3 3 3 5 4 2 2 2 3 1 2 2 5 4 2 5 5 4 4 2 2 4 4 5 2 3 4 2 3 2 3 2 2 1 2 4 3 4 5 4 3 1 1 1 5 3 3 1 1 4 5 3 1 3 4 4 3 4 3 3 2 3 3 5 2 2 4 1 3 2 5 3 2 4 4 3 2 3 2 1 3 3 1 4 3 2 3 1 5 4 5 1 1 4 4 4 5 3 5 5 5 1 3 3 3 5 5 4 1 1 1 4 1 1 3 1 4 3 2 3 2 3 5 4 1 2 5 1 2 5 3 1 4 2 3 4 1 3 2 5 3 5 2 4 2 3 2 3 1 2 4 5 3 4 5 4 4 4 5 3 1 1 5 2 2 5 1 5 1 3 5 1 1 4 1 4 2 5 5
18 12 3 3 1 5 1 2 5 5 5 2 4 5 4 5 4 5 1 4 2 2 2 4 4 5 2 2 5 2 4 3 4 4 4 2 4 2 3 5 4 1 2 1 2 5 5 3 1 1 4 2 2 2 4 5 3 2 4 5 5 1 4 5 5 1 2 3 3 1 1 1 5 1 2 2 4 5 5 4 1 1 3 5 2 1 1 1 2 2 3 2 3 4 1 3 5 1 5 4 2 1 3 3 4 5 3 1 5 3 1 2 3 3 2 2 3 4 2 1 3 2 5 3 5 1 5 5 1 4 2 5 3 4 3 3 1 3 5 2 2 2 2 4 3 1 1 1 4 2 5 3 2 1 4 4 5 3 2 2 3 3 4 4 2 5 2 3 4 2 1 5 4 1 5 4 1 3 3 1 5 3 2 4 2 3 4 5 5 1 4 4 2 4 2 3 3 3 2 5 3 4
19 10 3 2 5 1 2 5 1 4 1 5 2 1 4 4 3 1 1 5 1 1 4 1 1 2 1 3 2 2 3 3 2 2 5 5 2 1 4 5 5 1 4 1 4 5 5 3 4 4 3 3 1 2 5 5 3 1 5 5 3 3 5 1 1 3 5 2 3 5 5 3 4 1 4 4 3 2 1 3 4 4 3 2 3 4 1 5 5 3 4 1 1 3 3 5 1 4 3 2 3 4 4 5 5 2 1 4 4 3 5 4 1 3 5 4 3 2 5 1 4 2 1 1 2 3 4 2 5 2 1 1 3 4 5 5 2 1 5 4 2 2 3 5 4 2 1 4 1 2 1 3 5 2 5 1 2 3 2 1 1 4 5 5 5 4 3 2 1 1 1 4 4 4 3 3 2 4 2 2 3 3 4 4 3 1 1 1 1 3 5 3 5 4 1 1 4 3 5 1 5 5
