20 150
NETWORK_TREE :
3 0 7
18 0 3
10 3 10
4 10 5
8 0 2
14 0 5
13 18 7
1 14 3
17 14 6
6 13 6
15 18 4
9 8 6
2 15 5
16 2 8
19 10 3
7 3 10
11 14 7
12 10 9
5 8 6
NODE_PROGRAM :
0 1 2 3 4 5 6 7 8 9 10 11 12 13 14 15 16 17 18 19 20 21 22 23 24 25 26 27 28 29 30 31 32 33 34 35 36 37 38 39 40 41 42 43 44 45 46 47 48 49 50 51 52 53 54 55 56 57 58 59 60 61 62 63 64 65 66 67 68 69 70 71 72 73 74 75 76 77 78 79 80 81 82 83 84 85 86 87 88 89 90 91 92 93 94 95 96 97 98 99 100 101 102 103 104 105 106 107 108 109 110 111 112 113 114 115 116 117 118 119 120 121 122 123 124 125 126 127 128 129 130 131 132 133 134 135 136 137 138 139 140 141 142 143 144 145 146 147 148 149 150
1 2 3 4 5 7 8 9 10 11 12 13 14 15 16 17 19 20 21 22 23 24 25 26 27 29 30 31 32 33 34 35 36 37 39 41 42 43 44 45 46 47 48 49 50 51 52 53 54 55 56 58 59 60 61 62 63 64 65 67 68 69 70 71 73 74 75 76 77 78 79 81 82 84 85 86 89 90 91 93 94 97 98 99 100 101 103 105 106 107 108 109 110 111 112 113 114 115 116 117 120 121 122 126 127 129 131 132 133 134 135 136 137 138 139 140 141 142 143 144 145 146 147 148 149 150
2 129 1 2 5 135 8 136 9 137 138 10 139 13 141 142 15 16 17 18 19 147 20 149 25 26 27 28 31 32 38 43 44 46 47 48 49 51 52 55 63 65 66 68 69 72 74 75 76 82 84 88 89 90 91 94 99 100 106 108 109 110 112 113 114 115 118 120 123 125
3 1 2 3 4 5 6 7 8 9 10 11 12 13 14 15 16 17 18 20 21 22 23 24 25 26 27 28 29 30 32 33 35 36 37 38 39 40 41 42 43 44 45 46 47 48 49 50 51 52 53 54 55 56 57 58 59 61 62 63 64 65 67 68 70 71 72 73 74 75 76 77 78 79 80 81 82 83 84 85 86 87 88 89 90 91 92 93 94 95 96 97 98 99 100 101 102 103 104 105 106 107 108 109 110 111 112 113 114 115 116 117 118 119 121 122 123 124 125 126 129 130 131 132 133 134 135 136 137 139 140 141 142 143 144 145 146 147 148 149 150
4 128 1 130 3 132 5 133 6 8 10 138 12 143 144 145 17 19 148 20 22 150 29 35 37 42 51 52 55 61 63 66 68 71 78 79 81 88 89 92 94 95 97 99 101 102 104 105 106 111 112 113 114 115 119 120 123 124 125 127
5 1 2 3 4 5 6 7 8 9 10 11 12 13 14 15 16 17 18 20 22 23 24 26 27 28 30 32 33 34 35 36 37 38 39 40 41 44 46 47 48 49 50 51 52 53 54 55 56 57 58 59 60 62 66 67 68 70 72 73 75 79 80 81 82 83 84 85 86 87 90 91 92 94 95 96 97 98 99 100 101 102 103 104 107 110 111 112 113 115 116 117 119 121 123 124 125 126 127 128 129 130 133 134 135 136 137 138 139 140 142 144 145 146 147 148 149
6 135 71 136 139 12 77 13 14 143 22 24 28 29 93 94 30 95 31 96 32 33 97 98 100 36 103 39 42 44 108 46 111 113 54 123 59 124 126 63
7 128 1 3 132 5 134 6 8 138 140 12 16 19 20 148 149 23 24 26 27 28 34 35 39 40 42 43 46 47 50 51 52 54 56 57 58 63 64 66 67 68 73 74 76 78 80 83 88 90 91 96 98 99 100 102 103 105 106 109 114 117 118 122 124
8 1 2 3 4 5 6 7 8 9 10 11 12 13 15 16 17 18 19 20 21 23 24 25 26 27 28 29 30 31 32 33 34 35 36 37 38 39 41 42 43 44 45 46 47 48 49 50 51 52 53 54 55 56 57 58 59 60 61 63 64 65 66 67 68 69 70 71 73 74 75 76 77 78 79 80 82 83 84 85 86 87 88 89 91 92 93 94 95 96 97 98 99 100 101 102 103 104 105 106 107 108 109 110 111 112 113 114 115 116 117 118 119 120 121 122 123 124 125 126 127 128 129 130 131 132 133 134 135 136 137 138 139 140 141 142 143 144 146 147 148 150
9 129 65 66 131 10 77 144 147 83 149 24 92 30 36 38 44 45 111 48 115 56 121 123 60 125
10 130 132 5 69 71 137 9 139 13 80 16 145 82 84 149 25 91 28 30 94 96 36 37 40 105 42 109 46 112 113 116 117 120 121 122 58 59 123 60
11 1 5 6 136 137 138 11 139 12 13 14 16 144 147 19 20 21 150 26 29 30 33 35 37 40 41 43 44 48 49 55 57 58 59 60 62 63 64 65 66 68 69 71 74 75 76 78 81 84 85 88 89 90 91 92 93 96 97 98 99 101 102 104 107 108 109 111 115 116 117 120 121 126 127
12 1 2 3 4 6 7 8 9 11 12 13 14 15 16 17 18 19 20 22 23 24 25 26 27 28 29 30 31 32 33 34 35 38 39 40 41 42 43 44 45 46 47 48 49 50 51 52 53 54 55 56 57 58 59 60 61 63 64 65 66 67 68 69 71 72 73 74 75 76 77 78 79 80 81 82 83 84 85 87 88 90 91 92 93 94 95 96 97 98 100 101 102 105 107 108 109 110 111 112 113 114 116 117 118 119 120 121 122 123 124 125 127 128 130 131 133 134 136 137 138 139 140 141 142 143 144 145 146 147 148 149 150
13 130 132 5 7 8 137 13 16 148 21 150 29 31 32 34 36 44 49 51 53 57 59 62 64 70 71 73 74 82 84 87 90 91 94 96 97 98 100 101 103 108 109 110 111 114 116 117 122 125 126 127
14 1 2 3 7 8 9 10 11 12 13 14 16 17 18 19 20 21 22 23 24 25 26 27 28 29 30 32 34 36 37 38 39 40 41 42 43 44 45 48 49 51 52 53 54 56 57 58 60 62 66 68 69 70 71 74 75 77 78 79 80 81 82 84 86 87 89 90 91 94 95 97 98 99 100 103 104 106 107 108 109 110 111 112 113 116 117 118 119 120 121 122 123 125 126 128 129 131 132 133 138 139 140 141 142 143 144 147 148 150
15 128 129 130 2 132 5 6 134 7 136 137 9 139 11 140 12 141 13 143 15 17 19 147 148 20 149 22 150 23 24 25 26 27 28 29 31 33 34 35 37 39 40 44 45 47 48 49 52 57 59 63 64 65 67 70 72 73 74 76 77 78 80 84 89 90 91 92 93 94 97 100 101 102 103 104 107 110 111 113 117 118 120 121 122 123 125 126
16 1 2 4 5 8 10 11 12 14 15 16 17 18 19 23 24 25 26 27 28 29 30 31 32 33 38 40 42 43 44 46 48 49 51 52 55 56 58 59 63 64 67 68 69 70 71 72 73 74 77 78 80 81 82 83 84 85 87 88 89 90 94 95 96 100 102 104 105 106 107 109 110 112 113 114 115 116 117 118 119 121 123 125 126 127 128 129 130 131 133 134 136 139 140 141 142 144 145 146 149
17 65 130 131 132 6 71 137 73 74 77 14 142 80 82 83 22 87 26 90 93 95 31 97 33 36 102 39 42 45 109 111 47 112 114 115 52 121 57 123 124 125 62
18 130 132 4 133 134 136 72 73 75 12 13 142 143 144 18 20 86 25 27 30 94 31 96 97 35 102 38 40 106 47 51 117 54 119 121 122 123 63
19 128 130 131 4 5 133 7 135 8 137 138 12 140 14 142 143 15 144 19 148 21 149 22 150 24 25 26 29 30 32 33 42 43 46 47 48 49 52 53 54 56 58 59 61 62 63 65 66 75 76 78 80 81 84 86 88 89 90 91 92 93 95 96 97 100 101 102 103 104 105 106 107 108 111 112 114 115 116 117 118 119 120 121 122 123 124 125 126 127
COST_INSTALL_SERVER_AND_PROGRAMS :
0 6 4 2 5 2 5 2 5 4 3 2 4 3 2 2 2 4 1 5 5 3 3 4 3 3 1 4 3 3 2 3 3 5 4 4 5 3 2 4 2 3 4 1 3 3 3 3 5 4 2 1 3 3 3 1 3 2 3 4 3 4 5 3 2 3 1 3 5 5 5 5 1 3 2 4 2 2 3 3 2 4 3 5 1 3 5 2 1 2 2 3 5 1 2 5 4 3 4 5 3 1 2 1 5 1 5 3 2 1 5 3 5 5 1 3 2 4 4 4 3 4 4 1 5 3 5 3 4 2 5 5 3 4 1 3 3 5 1 3 2 4 5 4 1 2 4 4 4 5 3 2
1 9 2 4 3 3 5 5 1 5 1 4 2 5 3 3 3 3 1 1 5 2 1 5 5 3 1 5 5 3 5 1 5 2 5 4 1 5 1 3 5 4 2 5 1 4 2 4 1 3 1 1 3 4 2 2 1 5 5 1 3 4 1 1 3 5 3 4 2 4 2 1 2 4 2 3 5 5 5 2 4 5 2 5 5 3 1 5 1 3 5 1 5 4 2 3 3 4 1 3 5 2 4 5 1 3 1 1 4 3 4 1 4 1 1 5 4 1 1 3 5 3 3 3 4 2 1 1 5 4 1 1 4 3 5 3 2 2 4 1 5 3 3 2 1 3 3 2 2 5 2 1
2 14 2 5 5 5 5 3 2 3 5 5 2 2 3 1 1 2 1 3 5 1 3 4 3 4 3 1 4 4 2 2 4 4 4 3 3 3 3 2 3 2 4 1 2 5 1 3 4 1 1 2 3 2 1 3 3 4 3 4 2 4 2 3 4 1 4 4 3 1 2 5 2 5 5 5 1 1 2 1 5 1 3 2 4 5 4 1 2 2 4 5 2 5 1 1 4 1 2 1 3 4 5 2 4 1 3 1 1 1 4 5 4 3 4 5 2 3 2 5 4 2 3 2 3 3 3 1 4 1 3 5 3 4 5 3 2 4 4 3 2 3 4 1 3 4 2 2 4 3 5 1
3 8 5 4 5 5 2 5 4 2 3 1 2 1 2 2 3 2 3 2 4 3 3 3 1 4 2 3 1 2 5 2 2 4 2 3 1 5 5 5 3 5 5 1 5 2 4 4 2 2 3 1 4 5 3 5 3 1 3 1 5 5 5 2 2 4 4 4 1 1 3 5 4 2 5 3 2 1 5 5 2 1 4 2 3 1 4 1 5 4 5 1 5 2 2 2 3 5 3 5 5 4 1 4 5 2 5 4 1 2 2 2 3 3 2 1 5 4 5 5 4 4 5 2 3 4 4 5 1 2 3 5 4 2 5 3 1 2 3 3 3 4 3 5 5 1 2 5 5 3 1 5
4 12 4 5 5 5 1 4 2 5 5 2 2 5 2 3 5 3 3 5 5 4 1 2 5 2 1 2 5 2 5 1 5 3 1 3 5 5 1 3 4 1 3 1 5 5 5 5 4 2 3 4 2 2 5 5 3 5 2 4 3 5 4 4 3 5 5 1 1 1 5 5 4 3 5 5 1 4 1 4 3 5 1 5 1 4 4 3 4 1 4 2 5 3 4 1 1 2 3 5 3 3 4 2 2 4 1 3 3 4 2 3 5 3 1 5 4 2 3 4 5 1 5 4 3 4 4 3 3 1 5 5 1 4 3 3 2 5 1 1 5 5 2 3 2 2 2 2 4 4 1 4
5 10 1 5 3 1 2 2 1 3 1 3 3 4 1 4 4 3 3 3 4 3 5 4 2 1 1 4 5 1 1 1 3 5 2 3 1 3 3 5 5 1 1 4 4 2 4 1 1 2 4 5 5 4 3 1 1 5 3 1 1 4 1 2 2 2 4 1 4 5 5 1 2 1 3 5 3 4 5 3 1 1 2 4 3 4 1 4 1 1 2 4 3 1 5 2 3 1 4 3 4 5 4 3 1 3 1 1 3 3 2 1 5 1 4 4 3 1 4 2 2 2 3 5 1 4 1 4 3 5 2 4 2 1 4 1 1 2 2 5 2 4 1 2 2 2 1 4 2 5 5 1
6 11 5 4 3 4 5 2 1 3 1 2 1 3 2 4 2 2 3 4 3 4 1 1 4 4 1 5 4 1 1 4 3 1 3 2 3 3 5 1 3 2 5 2 2 1 3 5 4 1 3 2 1 4 2 4 2 4 2 3 5 1 3 3 3 2 4 5 2 5 2 2 5 5 3 2 2 3 1 2 5 2 2 1 1 4 4 4 4 5 1 3 4 4 1 3 3 1 4 3 2 2 1 5 1 5 4 3 5 4 5 2 2 4 5 2 2 3 1 1 3 5 3 1 1 5 3 5 4 5 5 5 2 2 4 2 2 1 4 2 2 4 4 2 1 2 3 4 5 3 1 2
7 11 2 2 4 3 3 2 3 5 2 5 2 2 5 1 4 5 2 1 4 3 1 5 1 3 4 2 3 2 1 2 3 3 1 5 1 1 3 1 4 5 5 4 2 2 2 2 2 3 1 3 5 4 4 2 2 2 4 3 1 3 5 3 5 5 3 4 1 3 3 4 5 4 4 2 4 1 1 4 1 1 4 5 3 4 1 2 4 5 1 5 2 1 5 4 4 1 2 4 2 3 1 4 2 2 3 5 5 4 2 1 4 3 3 5 2 4 3 3 5 4 2 4 5 3 2 4 3 4 5 3 3 1 2 1 5 5 4 5 2 3 5 5 4 3 1 5 1 2 1 2
8 13 3 4 2 2 2 3 5 3 4 2 4 2 5 3 4 1 4 5 4 5 3 2 3 5 2 4 2 2 5 5 1 2 3 3 3 4 1 2 5 3 4 5 1 5 1 3 2 1 1 2 5 5 4 1 4 1 1 5 4 2 2 4 4 3 1 2 1 3 5 3 3 4 5 1 1 2 1 4 3 3 1 5 1 4 2 1 2 5 5 1 2 5 5 4 3 3 2 5 3 1 5 4 4 2 3 2 4 4 2 2 4 2 1 5 2 1 2 2 3 2 5 2 4 1 2 5 2 5 5 2 1 4 3 1 3 3 2 3 5 1 5 3 4 4 5 3 3 4 2 5
9 13 3 5 2 3 1 5 3 4 2 5 3 4 5 1 2 1 5 5 1 3 5 3 4 1 1 2 2 4 3 3 2 5 5 2 5 5 4 1 4 5 5 2 3 5 1 3 5 2 1 4 2 1 5 4 1 3 3 5 4 2 3 3 2 4 4 3 1 2 1 3 2 5 1 5 3 2 2 1 5 1 1 1 1 2 2 3 4 1 1 2 4 2 5 1 2 4 4 1 3 2 3 5 3 5 4 1 3 5 3 1 5 5 3 3 4 5 2 2 2 3 3 3 4 5 3 4 4 2 2 3 1 3 3 1 3 4 3 2 5 2 2 1 1 3 1 3 3 5 3 5
10 6 4 4 2 2 1 2 5 5 4 5 2 4 2 2 4 1 3 2 5 2 3 1 1 2 5 3 2 5 4 2 1 5 4 4 5 3 3 5 5 1 5 3 4 2 5 3 5 1 1 4 4 1 2 1 5 4 1 5 2 3 1 1 2 2 4 2 3 2 1 5 4 3 2 1 2 1 1 5 3 5 3 2 2 4 3 1 3 1 2 5 4 1 3 4 4 4 4 5 2 3 2 5 4 4 4 5 1 5 4 1 5 3 5 4 4 5 5 4 4 3 1 1 5 4 4 1 5 1 3 1 2 2 1 4 1 1 1 4 4 1 5 3 4 3 2 2 1 1 1 5
11 14 3 4 4 2 3 5 1 3 5 4 3 2 5 1 3 4 4 4 1 1 3 4 3 4 3 4 2 5 4 1 3 5 1 2 3 1 4 2 3 4 4 3 5 2 4 5 3 5 1 1 5 1 2 2 4 3 5 2 1 4 4 2 2 1 5 4 1 4 4 5 2 5 3 5 3 2 1 4 5 2 5 2 5 2 3 2 2 3 2 3 5 1 4 2 5 2 4 2 4 4 2 2 3 4 3 1 3 2 3 3 2 5 4 2 3 5 2 1 2 5 3 1 2 5 1 3 2 1 1 5 5 1 3 3 1 1 4 1 4 2 2 1 4 2 3 5 5 5 3 4
12 10 5 2 2 5 1 2 1 5 1 5 3 3 2 2 2 5 3 5 4 5 4 5 1 1 1 5 1 3 4 2 3 2 3 4 2 2 1 4 1 3 3 2 1 4 4 5 2 4 2 1 5 3 5 3 5 3 5 3 4 2 5 4 2 5 2 1 1 2 5 1 4 1 5 3 5 3 5 2 3 4 1 1 3 1 5 3 5 2 1 3 2 1 2 2 2 4 4 4 5 5 4 4 5 1 3 5 4 4 2 5 1 5 3 4 4 2 3 2 1 5 4 1 5 1 4 3 1 2 5 1 5 2 5 5 5 4 4 3 3 3 1 2 3 5 3 3 5 2 1 4
13 8 2 2 4 3 4 4 4 3 4 1 5 1 5 4 4 2 4 4 5 1 4 1 4 4 3 3 3 4 5 5 2 1 4 1 1 4 1 4 4 4 4 5 1 2 2 5 4 1 3 3 1 2 3 3 4 1 5 3 4 1 3 2 1 3 2 1 2 1 4 2 2 1 2 5 5 2 3 1 5 5 5 3 5 4 3 4 4 2 1 5 3 5 2 3 2 5 5 1 3 1 5 2 5 2 4 4 1 2 3 1 2 4 1 3 4 1 3 5 2 3 4 5 5 4 1 3 2 1 3 4 2 3 4 1 3 2 1 1 4 5 1 5 2 2 1 1 2 2 2 3
14 12 3 5 4 2 4 5 1 2 2 3 2 1 5 4 4 3 5 1 1 2 5 5 3 3 5 5 5 2 5 1 3 5 1 2 2 2 3 1 5 1 5 2 5 3 5 4 3 1 2 3 4 4 3 2 4 3 5 5 2 2 2 2 3 3 5 4 2 3 2 4 1 1 5 1 3 3 3 4 4 3 2 2 5 2 5 3 5 2 3 3 3 4 4 3 2 3 5 1 1 4 3 3 5 3 1 4 4 1 1 5 3 4 5 4 4 4 3 5 4 2 1 5 1 5 2 4 2 1 5 5 4 2 5 2 3 3 1 2 3 3 3 2 5 5 5 1 4 3 3 1
15 12 4 3 1 5 3 1 5 1 5 1 1 5 5 1 4 1 2 1 2 2 1 1 2 2 1 2 4 2 1 2 5 5 1 2 3 4 5 2 2 5 2 3 2 2 3 3 2 3 1 1 2 1 1 3 1 3 1 3 3 1 5 2 4 4 4 3 4 5 5 3 1 4 1 2 2 2 1 5 2 3 5 4 5 2 2 2 3 2 2 2 5 4 4 3 3 1 3 4 5 2 1 2 4 3 2 2 2 5 1 1 2 1 5 4 1 1 5 5 1 5 4 3 2 3 1 4 2 1 5 1 4 2 4 3 5 1 5 5 1 3 2 3 2 1 4 3 2 1 2 2
16 11 4 4 2 4 4 2 4 4 5 1 1 3 2 1 2 4 5 1 3 2 4 5 1 1 1 5 5 1 2 3 2 1 5 5 1 3 2 5 4 1 4 1 3 3 5 5 1 5 4 5 1 5 2 3 1 1 1 5 2 1 3 3 5 3 3 2 3 1 2 5 2 5 5 1 1 2 2 2 5 4 1 4 1 5 4 1 3 3 4 1 5 4 1 3 4 5 4 2 1 2 5 5 1 4 2 3 3 4 4 2 3 5 2 3 1 1 2 2 3 4 1 2 4 2 1 3 2 3 2 1 1 4 2 5 3 5 1 4 1 2 1 5 2 3 2 3 1 5 1 3
17 15 5 4 5 2 5 1 2 1 3 1 3 1 3 3 2 4 3 2 5 5 4 3 3 1 1 4 4 2 3 1 4 3 1 3 1 3 1 4 5 3 3 1 3 5 1 1 4 3 1 5 1 1 3 1 5 1 1 4 1 3 1 4 1 2 1 1 4 3 4 2 4 4 1 4 5 1 2 2 3 3 4 1 2 5 4 5 5 1 4 4 3 3 5 1 2 1 3 4 5 2 4 1 4 4 5 1 3 4 2 2 3 3 3 5 3 4 4 5 5 4 5 5 4 5 1 2 4 1 5 2 5 5 2 4 5 1 2 3 1 3 3 2 3 1 4 5 1 3 4 1
18 10 3 5 3 1 5 4 2 5 2 5 4 1 2 2 2 1 4 4 5 1 4 5 5 3 3 1 4 2 2 2 1 2 3 2 5 4 4 5 1 5 1 1 1 4 3 2 2 2 2 4 1 4 4 1 1 3 4 3 5 5 1 2 4 2 5 3 1 1 4 5 1 4 5 1 1 1 2 1 1 2 4 1 3 5 3 4 5 2 1 3 4 1 3 2 2 2 2 2 1 4 3 5 1 2 4 5 3 2 4 2 2 1 4 5 1 1 5 2 5 4 5 3 4 5 4 4 3 1 1 2 1 1 5 4 4 4 5 3 2 4 2 4 1 5 1 4 5 1 5 2
19 9 4 3 4 4 4 5 1 2 1 3 1 1 2 2 1 2 3 2 4 5 4 5 1 5 5 2 4 3 3 2 1 3 4 3 5 5 2 3 4 5 4 4 5 3 4 2 5 1 3 5 2 3 4 5 5 4 2 4 2 1 4 4 5 4 3 1 5 1 1 3 3 2 4 2 3 5 2 5 4 4 4 1 1 3 2 3 4 2 5 2 4 3 5 3 4 1 3 4 3 4 5 4 3 5 2 5 5 4 5 2 5 2 3 2 1 1 3 3 5 3 4 1 5 4 2 5 3 2 3 4 2 5 5 2 4 4 2 2 3 3 3 1 4 2 5 4 4 4 4 4
