20 5
NETWORK_TREE :
13 0 8
6 13 8
19 6 5
2 19 9
9 13 3
5 19 2
4 2 7
7 19 5
17 4 1
3 13 6
14 17 5
12 0 5
8 19 5
16 6 7
1 16 3
15 16 6
18 13 1
11 18 10
10 11 6
NODE_PROGRAM :
0 1 2 3 4 5
1 1 3 4
2 1 2 3
4 1 2 3
5 1 2 3 4
6 1 3 4 5
11 2 5
12 1 2 3 4
13 2 3 4
14 2 3
15 2
17 1 2 4 5
18 4
19 2 4 5
COST_INSTALL_SERVER_AND_PROGRAMS :
0 14 2 2 4 1 4
1 13 5 5 5 4 3
2 12 5 3 4 3 3
3 9 1 5 3 4 1
4 15 5 1 2 2 4
5 12 1 5 1 5 4
6 10 2 3 3 5 3
7 13 5 2 5 2 5
8 7 1 1 4 1 4
9 6 4 1 2 5 5
10 13 4 1 1 2 5
11 14 2 5 3 1 5
12 7 1 1 1 4 5
13 12 2 4 4 4 3
14 7 4 4 3 2 4
15 11 2 3 3 4 5
16 13 2 1 4 3 5
17 7 3 5 3 2 4
18 6 2 3 4 2 1
19 13 3 2 5 1 2
