20 100
NETWORK_TREE :
17 0 5
19 0 6
10 17 6
16 10 3
15 16 7
13 0 2
8 16 10
5 15 10
9 10 1
6 16 9
12 13 2
2 19 6
7 0 3
18 10 9
1 9 7
14 0 9
3 7 9
11 17 4
4 10 2
NODE_PROGRAM :
0 1 2 3 4 5 6 7 8 9 10 11 12 13 14 15 16 17 18 19 20 21 22 23 24 25 26 27 28 29 30 31 32 33 34 35 36 37 38 39 40 41 42 43 44 45 46 47 48 49 50 51 52 53 54 55 56 57 58 59 60 61 62 63 64 65 66 67 68 69 70 71 72 73 74 75 76 77 78 79 80 81 82 83 84 85 86 87 88 89 90 91 92 93 94 95 96 97 98 99 100
1 1 2 3 4 5 6 7 8 9 10 11 12 13 14 15 16 17 18 19 20 21 22 23 24 25 26 27 28 29 30 31 32 33 34 35 36 37 38 39 40 41 42 43 44 45 46 47 48 49 50 51 52 53 54 55 56 57 58 59 60 61 62 63 64 65 66 67 68 69 70 71 72 73 74 75 76 77 78 79 80 81 82 83 84 85 87 88 89 90 91 92 93 94 95 96 97 98 99 100
2 1 33 2 34 99 100 68 5 69 39 10 11 12 14 47 81 53 88 30
3 1 2 3 4 5 6 7 9 10 11 15 16 17 19 20 22 23 24 25 26 28 29 30 31 32 33 34 35 36 37 38 39 40 41 42 43 44 45 46 47 48 50 51 52 53 54 55 56 57 59 60 61 62 63 64 65 66 67 68 69 70 71 72 73 74 75 76 77 78 79 80 81 82 83 84 85 86 87 88 89 90 91 93 94 95 96 97 98 99
4 99 5 70 6 39 8 72 73 76 14 15 79 47 80 17 20 93 95
5 65 1 2 35 67 100 9 42 74 43 11 46 14 15 79 48 51 52 56 57 89 94 30 31
6 80 16 81 50 3 83 55 9 42
7 3 9 10 11 13 14 15 16 17 18 20 22 23 24 25 26 27 29 30 31 32 33 34 35 37 38 39 41 45 48 52 53 57 61 62 63 64 65 67 68 70 72 74 75 77 78 81 82 83 84 85 86 88 89 90 91 93 94 95 96 97 99 100
8 64 1 67 3 4 8 74 11 76 13 80 21 22 86 23 25 26 90 93 31 32 33 97 35 41 44 52 56 60
9 65 67 69 5 70 8 9 73 74 10 12 76 77 14 79 15 18 83 86 23 87 24 88 25 89 91 92 30 95 31 97 35 100 37 39 41 42 43 45 49 52 57 58 59 62
10 1 2 3 4 5 6 7 8 9 11 12 13 14 15 16 18 19 20 21 23 24 25 26 27 28 29 32 33 35 36 39 41 43 44 46 47 48 49 50 51 52 53 54 56 58 59 60 62 66 67 70 72 73 74 75 78 80 81 82 83 84 85 86 87 88 90 91 92 94 95 97 98 99 100
11 65 66 68 70 71 7 72 9 74 10 11 75 12 78 14 79 80 17 81 82 86 22 23 87 88 25 27 94 96 32 33 98 34 35 99 37 39 40 47 50 51 52 54 55 58 59 63
12 1 2 3 4 5 6 7 9 11 13 14 15 16 17 18 19 20 21 22 24 25 27 28 29 30 31 32 34 35 36 37 38 39 40 41 43 45 46 47 49 50 51 52 53 55 56 59 60 61 62 63 64 65 66 67 68 69 70 71 72 73 75 76 77 78 79 80 82 83 84 85 86 87 88 89 92 94 95 96 98 99
13 1 2 3 4 5 6 7 8 10 11 12 13 14 15 16 17 18 19 20 21 22 23 24 26 27 28 29 30 31 32 33 34 35 36 37 38 39 40 41 42 43 44 45 46 47 48 49 50 51 52 53 54 55 56 57 58 59 60 61 62 63 64 65 66 67 68 69 70 71 72 73 74 75 76 77 78 79 80 81 82 83 84 85 86 87 88 89 90 91 92 93 94 95 96 97 98 99 100
14 67 39 9 11 51 88 57 92 28 60 29 95 63
15 97 1 36 100 6 70 39 7 73 9 43 13 14 46 15 48 81 17 18 85 54 86 90 92
16 1 2 3 70 71 72 74 10 12 13 14 15 80 18 83 20 21 86 87 27 29 31 96 98 37 40 42 45 48 49 51 54 57 59 61
17 3 4 7 8 9 10 11 12 13 14 15 16 17 18 19 20 21 22 23 24 27 28 30 31 32 33 34 36 37 38 39 40 41 43 44 46 47 48 50 51 52 53 54 55 57 58 59 60 61 62 63 64 65 66 68 70 71 73 74 75 76 77 78 79 80 82 84 85 86 87 88 89 91 92 94 95 96 97 98 100
18 1 2 3 4 5 6 7 8 9 11 12 13 14 16 17 18 19 20 22 24 25 26 27 28 30 31 32 33 34 35 36 37 38 39 40 41 42 43 44 46 48 49 50 51 53 54 55 56 57 58 59 60 61 62 63 64 65 66 67 69 70 71 72 73 75 76 77 78 79 80 81 82 83 85 86 88 89 90 91 93 94 95 96 97 98 99 100
19 3 4 5 7 8 10 12 13 14 15 17 18 20 21 24 25 28 29 30 31 35 36 37 39 41 42 45 46 48 50 52 53 54 55 57 59 60 62 63 64 67 68 69 71 73 74 75 76 77 80 83 84 87 88 89 90 91 93 94 96 97 99
COST_INSTALL_SERVER_AND_PROGRAMS :
0 11 2 5 1 2 1 4 3 2 2 1 5 5 2 4 4 5 3 3 1 5 3 5 4 2 1 3 2 1 3 3 1 2 4 1 4 4 1 3 2 4 5 5 1 5 2 3 4 1 2 2 1 2 1 4 4 3 2 3 4 5 2 3 1 2 1 1 5 3 1 1 5 4 1 1 2 1 2 1 1 5 2 2 3 5 3 2 1 3 4 3 1 3 2 1 5 2 1 4 1 2
1 10 2 1 2 1 4 1 2 5 5 5 5 2 3 5 1 5 5 4 4 4 5 1 2 4 1 2 4 1 2 1 3 2 5 3 1 5 3 1 2 5 1 2 2 2 3 2 1 5 4 1 5 1 4 3 2 5 5 2 5 2 2 2 2 2 2 2 2 1 3 1 4 2 1 1 5 5 4 4 2 2 3 2 5 1 4 1 1 3 1 4 1 5 3 1 5 1 5 2 1 1
2 8 1 4 3 2 1 2 2 1 5 4 2 4 2 2 2 1 5 2 3 4 2 5 5 3 5 3 3 4 1 3 3 1 1 3 5 1 4 5 2 3 4 4 5 3 2 3 2 4 2 1 5 5 4 1 3 5 5 3 2 1 4 5 3 2 4 4 2 5 3 4 4 4 1 1 5 3 3 2 4 4 2 4 3 1 1 3 1 4 3 4 5 1 2 3 5 1 4 2 2 2
3 12 1 2 1 1 3 1 2 1 4 4 2 4 4 4 2 2 4 2 1 4 1 4 5 5 3 4 5 1 4 1 3 3 4 3 1 4 4 4 3 3 1 1 1 5 2 4 1 5 1 5 2 3 1 1 2 4 5 5 3 5 5 3 2 2 2 5 5 1 5 4 4 3 4 5 4 3 3 1 2 1 4 4 3 3 2 3 5 5 5 2 1 1 4 1 1 4 1 5 3 5
4 6 3 5 2 1 3 1 3 1 2 2 2 1 5 2 1 4 3 1 1 1 5 3 2 5 1 5 3 3 2 4 3 2 5 1 3 5 3 2 5 1 2 3 4 1 1 4 3 1 5 4 2 2 2 3 4 1 5 5 4 1 2 1 5 5 1 3 2 1 3 1 3 5 3 3 1 4 2 2 1 5 1 2 5 1 3 5 3 3 2 1 4 4 4 1 4 5 1 1 4 1
5 10 1 1 2 2 4 5 2 4 1 3 5 5 1 4 1 4 4 3 4 4 5 2 4 3 5 1 4 2 4 1 1 1 4 4 2 4 3 4 5 4 3 1 4 5 2 2 4 2 2 2 1 2 1 5 5 5 1 3 2 2 3 2 4 4 4 1 5 2 1 4 3 2 4 5 5 4 3 3 3 4 1 1 2 3 3 3 1 3 5 3 2 3 1 2 3 4 3 4 3 2
6 11 1 4 5 5 1 4 3 2 4 5 1 5 4 5 2 4 3 1 1 5 1 4 4 3 2 1 2 5 4 5 3 4 3 3 4 3 5 1 4 5 2 2 5 1 2 5 4 2 1 5 3 1 5 5 2 5 3 5 4 3 1 5 4 5 3 4 2 1 3 1 5 1 3 1 1 2 4 1 3 2 3 3 3 5 4 3 4 1 1 3 1 3 5 3 5 2 5 3 3 2
7 9 1 2 2 5 1 4 5 1 4 3 3 2 1 2 3 4 4 5 5 1 3 4 1 5 1 1 4 3 5 5 4 4 3 3 5 3 2 2 3 4 5 5 2 1 1 2 5 3 3 5 5 4 5 3 5 4 5 3 3 1 5 5 3 5 3 5 1 3 3 5 4 3 3 2 2 5 2 3 5 4 1 2 1 4 3 1 2 1 4 4 4 3 2 3 4 5 3 1 3 5
8 8 1 3 2 1 3 3 5 3 5 2 3 1 2 1 2 3 5 5 4 4 5 1 1 2 3 4 4 2 1 3 5 1 4 1 1 4 5 1 4 3 1 2 5 5 1 5 4 4 5 1 4 5 1 2 3 3 3 2 1 1 4 3 4 3 2 3 2 1 4 2 5 3 1 5 3 5 4 1 3 5 4 3 1 2 2 4 1 5 1 2 1 4 4 5 4 3 4 5 2 4
9 6 4 1 2 4 2 3 2 2 5 4 4 1 1 3 1 3 1 3 4 5 4 5 4 5 3 4 5 5 4 1 5 2 4 5 4 2 3 1 1 5 1 1 5 2 3 5 2 5 4 5 1 2 4 2 2 5 3 4 5 1 4 5 1 1 1 5 3 4 5 4 4 4 5 1 3 1 4 5 1 4 3 3 3 4 3 2 4 3 3 1 4 5 3 5 5 3 1 2 5 5
10 8 3 4 3 2 4 2 4 4 5 4 4 1 2 5 1 1 2 3 3 1 2 5 3 3 5 4 1 2 4 5 3 2 1 3 2 2 1 5 2 2 3 4 1 1 3 4 1 2 4 5 2 1 3 1 1 2 1 3 4 1 1 5 5 2 1 5 5 4 4 2 4 4 3 2 2 2 4 2 4 1 5 5 2 3 2 3 2 1 3 4 5 5 5 1 4 4 1 1 2 3
11 10 1 5 2 1 4 5 1 3 1 1 1 1 4 1 4 1 3 5 5 1 1 1 5 4 1 4 2 1 1 2 4 5 5 3 2 2 2 4 1 5 5 1 5 1 2 5 2 5 4 3 3 4 4 2 2 2 5 4 3 5 4 2 5 2 4 1 4 4 3 5 3 5 4 2 2 5 1 1 3 5 5 1 2 2 1 4 1 2 3 4 1 4 5 2 1 5 5 4 5 1
12 11 1 2 4 1 2 3 1 5 5 3 3 4 3 2 4 5 3 2 1 3 2 4 3 2 1 5 3 2 2 4 1 1 1 5 1 3 5 1 1 4 3 2 3 4 1 3 5 3 2 5 4 3 2 4 1 3 1 1 5 3 1 3 3 3 4 3 1 1 2 2 2 4 3 5 2 5 4 3 2 5 4 1 5 4 1 3 5 3 2 3 2 5 4 2 2 5 4 1 5 2
13 10 1 3 3 2 1 1 5 1 2 2 2 4 4 1 2 1 2 5 2 3 3 2 2 3 2 3 4 3 2 3 3 4 5 5 5 1 5 4 2 2 5 5 3 5 3 3 2 3 4 1 3 2 1 4 3 3 3 5 2 5 1 5 4 1 5 1 5 2 1 5 3 2 5 2 2 5 3 5 4 1 3 4 2 5 1 5 1 5 5 1 3 1 3 1 2 2 5 5 5 1
14 8 2 2 4 3 3 5 2 5 2 3 5 5 3 1 1 5 2 4 5 4 3 2 3 2 3 5 2 2 3 5 5 2 5 1 3 5 4 1 3 1 2 3 5 3 2 1 1 5 4 2 1 3 5 4 2 2 1 4 1 2 4 1 4 2 4 3 1 3 5 3 2 1 4 3 3 3 3 5 5 1 2 4 1 4 2 3 4 2 2 3 4 4 4 1 1 3 2 1 5 5
15 12 3 3 3 3 4 3 3 3 3 5 1 1 4 1 1 2 1 1 1 1 4 5 1 5 2 5 2 2 4 4 4 1 4 1 5 2 5 3 4 3 1 2 5 1 3 2 5 4 3 4 3 1 1 3 4 2 1 2 1 4 4 4 3 1 4 1 1 2 4 1 1 3 4 1 4 1 3 2 1 5 2 2 2 4 5 4 2 2 5 1 1 2 4 3 3 1 5 1 3 4
16 10 3 3 4 3 2 5 4 1 5 5 1 5 1 1 4 5 1 4 2 2 2 1 4 5 1 5 5 1 5 2 3 3 3 2 2 3 4 4 1 1 3 4 1 3 4 2 4 1 4 3 2 2 5 2 3 3 3 1 3 1 1 5 5 5 2 2 1 4 5 4 3 3 1 4 1 5 1 3 5 2 1 1 3 3 2 1 2 5 5 1 2 1 4 3 3 5 3 2 3 3
17 12 4 2 5 5 5 3 1 5 2 4 3 1 4 5 2 4 2 1 4 3 2 1 5 4 1 2 2 2 1 2 4 5 1 5 4 1 1 1 4 1 4 4 4 4 1 4 4 3 5 4 1 5 1 4 5 2 5 3 1 1 4 1 1 1 5 5 5 4 3 5 5 4 5 1 3 3 5 2 4 2 3 3 2 3 1 2 3 4 2 4 3 5 5 3 4 3 5 1 3 2
18 12 4 1 4 4 1 2 2 5 2 4 1 3 1 2 4 4 4 1 3 3 3 2 5 4 3 4 5 3 1 5 4 4 3 3 1 3 3 3 3 4 5 2 5 4 5 4 1 4 4 3 4 4 1 5 5 5 2 3 4 1 3 4 3 2 5 5 1 2 4 4 5 1 3 2 2 2 4 4 4 4 1 3 4 1 3 4 3 5 3 2 5 3 4 4 4 5 3 3 1 1
19 14 3 5 3 4 4 4 3 5 5 3 2 2 3 1 4 1 2 3 4 1 2 5 3 3 5 2 5 1 1 4 5 5 4 4 1 1 4 4 5 5 3 2 2 3 3 5 1 1 4 5 2 3 3 3 1 4 2 2 1 3 2 2 1 5 2 5 4 4 2 3 4 2 1 1 2 3 3 3 3 1 1 5 2 1 1 3 2 2 5 1 5 4 3 1 4 1 3 1 1 1
