20 50
NETWORK_TREE :
11 0 5
7 0 6
12 7 2
13 11 1
16 12 6
19 16 10
17 12 2
15 11 10
18 19 10
6 19 4
9 18 3
3 11 4
10 7 4
14 13 2
4 16 9
2 18 4
1 17 4
8 12 9
5 14 2
NODE_PROGRAM :
0 1 2 3 4 5 6 7 8 9 10 11 12 13 14 15 16 17 18 19 20 21 22 23 24 25 26 27 28 29 30 31 32 33 34 35 36 37 38 39 40 41 42 43 44 45 46 47 48 49 50
1 1 2 3 4 5 7 8 9 10 11 13 14 15 16 17 18 19 20 22 23 24 25 26 27 28 29 31 32 33 34 35 36 37 38 40 43 45 46 48 50
2 1 2 35 3 38 40 9 42 11 12 44 45 19 20 24 26 29 31
4 1 2 3 4 6 7 9 10 11 12 13 14 15 16 17 18 20 21 22 23 25 26 29 30 32 33 34 35 36 37 38 39 41 42 43 45 46 47 49 50
5 2 3 4 5 6 7 8 9 10 12 13 14 15 17 18 19 21 22 23 24 25 26 27 28 29 30 31 33 35 36 37 38 39 40 41 42 43 44 45 47 48 49 50
6 1 2 3 4 6 10 11 12 14 15 16 21 22 23 25 27 28 29 30 31 32 33 35 37 38 39 40 41 43 44 45 46 47 49 50
7 32 1 3 4 6 42 11 45 49 50 21 22 25
8 1 2 3 4 5 6 7 8 9 10 11 12 13 14 16 17 18 19 20 21 22 23 24 25 26 27 28 29 30 31 32 33 34 35 36 37 38 39 40 41 42 43 44 45 46 47 48 49 50
9 1 2 3 5 6 8 9 10 11 12 13 14 15 16 17 18 19 20 22 23 24 25 26 27 28 31 32 33 34 35 36 37 39 40 41 42 43 44 46 47 48 49 50
10 2 3 5 6 7 10 12 13 14 15 16 17 18 19 20 21 22 24 26 28 29 31 32 33 34 35 36 37 40 41 43 44 47 48 50
11 1 2 4 5 6 7 8 9 10 11 12 14 15 16 17 18 21 22 23 25 26 27 28 29 30 31 32 33 36 37 38 39 40 42 43 44 46 47 48 49 50
12 1 4 37 38 7 8 41 12 13 45 46 16 18 50 22 23 25 27 28 30
13 32 1 4 43
14 3 5 7 9 11 12 13 15 17 18 19 20 23 28 32 33 34 35 37 38 40 41 42 49 50
15 32 1 33 2 35 4 38 9 41 13 18 19 20 22 26 28
16 2 3 4 5 7 11 12 17 18 19 20 22 23 25 29 31 33 34 36 37 38 39 41 45 46 48 49 50
17 1 2 3 4 5 6 7 8 9 10 11 12 13 14 15 16 17 18 20 21 22 23 24 25 26 27 28 29 30 32 33 34 35 36 37 38 39 40 41 42 43 44 45 46 48 49 50
18 32 48 34 35 4 37 5 24 47
19 34 3 4 5 6 38 39 41 42 10 43 12 45 13 47 49 50 19 23 24 28 29 30
COST_INSTALL_SERVER_AND_PROGRAMS :
0 7 1 2 2 1 5 1 3 1 2 5 2 5 5 3 5 1 1 1 1 5 5 5 3 5 4 3 4 4 1 4 4 5 5 2 1 3 2 4 1 2 3 4 4 4 5 3 1 2 2 2
1 13 2 1 4 1 1 2 2 1 5 2 2 3 5 3 4 4 1 2 4 5 1 3 4 2 2 5 1 5 1 2 2 3 3 4 3 3 4 5 4 4 5 5 1 4 3 5 4 1 3 3
2 8 1 3 1 3 4 4 1 3 3 3 2 5 4 1 2 4 3 1 1 3 4 3 3 1 3 4 1 3 3 4 4 4 4 2 5 4 2 1 2 4 3 1 2 2 5 1 3 5 1 1
3 10 1 2 3 3 5 2 2 1 2 5 3 1 3 1 2 2 4 2 2 1 4 4 4 1 4 1 5 2 3 5 2 1 3 3 5 1 2 4 5 1 3 4 1 4 5 3 1 2 3 5
4 11 3 3 2 1 3 1 2 5 3 3 5 4 1 5 3 4 1 3 3 1 3 3 2 5 3 2 3 2 5 1 3 4 3 3 3 1 4 1 3 1 1 2 1 3 3 2 3 4 2 4
5 8 2 2 5 1 2 2 3 3 1 3 1 2 2 2 3 4 2 5 1 4 3 3 5 1 2 1 5 1 1 3 5 5 4 2 2 1 3 4 5 2 3 1 2 2 1 3 2 4 2 4
6 7 3 1 5 3 1 1 3 1 5 5 3 1 1 5 2 5 2 1 4 5 3 5 2 3 4 1 5 4 1 4 3 3 5 4 5 2 1 3 4 4 1 3 3 2 2 2 5 2 5 1
7 12 2 3 4 3 5 3 4 3 5 2 3 5 5 3 1 1 3 5 2 5 4 4 5 1 3 5 2 3 5 4 5 2 1 5 1 1 5 5 2 2 5 5 3 1 3 4 3 5 4 1
8 14 2 5 1 4 3 5 5 3 5 5 4 1 3 5 2 4 3 3 3 4 2 3 4 1 1 2 1 5 2 3 1 4 3 3 2 5 5 4 2 4 4 5 5 5 4 2 5 2 1 1
9 6 1 1 5 3 3 5 3 3 4 3 1 2 4 4 3 3 3 3 1 2 2 2 2 5 2 4 2 5 5 5 1 1 5 2 4 5 4 3 1 3 4 4 5 2 4 3 2 5 4 4
10 7 4 4 4 3 2 3 4 5 4 1 1 1 5 2 5 4 3 1 5 4 5 5 1 1 5 5 3 5 3 3 1 3 5 4 4 3 2 5 3 5 3 3 2 4 1 2 2 1 4 2
11 11 1 3 4 3 1 2 2 1 1 1 5 3 2 5 5 3 5 3 4 5 4 3 3 4 2 1 1 5 4 4 5 5 3 5 3 2 2 1 2 3 4 1 1 3 4 4 2 2 5 3
12 7 4 4 2 5 5 3 3 5 1 2 1 1 1 5 3 4 3 5 3 5 3 3 1 4 3 5 1 2 5 2 1 5 2 2 1 2 5 3 3 2 1 1 2 1 1 1 4 1 3 2
13 11 2 4 3 4 3 4 3 3 1 4 2 3 1 5 5 4 1 3 3 1 5 2 1 1 1 1 2 4 4 1 2 5 3 5 1 3 4 1 4 3 3 1 1 2 5 2 1 3 4 5
14 9 4 2 1 3 3 2 5 2 1 1 1 1 4 4 2 5 3 5 1 3 5 1 2 3 5 1 2 2 2 4 4 5 1 3 3 3 5 3 2 4 5 1 1 5 2 2 5 5 4 2
15 8 4 4 4 1 3 4 5 5 4 4 3 1 5 5 3 4 1 1 3 4 1 3 2 5 1 2 4 1 1 2 5 3 2 2 4 5 5 5 3 3 3 4 2 2 4 2 2 3 1 3
16 14 2 5 3 5 3 2 3 5 4 5 1 3 5 2 4 3 2 4 4 3 4 1 5 3 1 5 4 4 4 2 1 4 4 5 3 4 3 3 3 3 1 5 5 5 4 5 1 3 2 5
17 11 1 5 5 3 5 4 1 3 1 5 2 2 1 5 5 4 3 1 5 2 2 1 2 1 5 3 1 1 1 5 3 3 5 5 3 5 3 2 2 3 2 3 5 4 1 3 5 3 1 3
18 7 2 2 2 5 1 5 1 1 1 3 5 3 3 2 4 1 5 3 3 1 1 5 2 2 5 1 2 1 2 2 2 4 4 1 1 4 1 1 5 3 1 1 3 3 5 5 5 5 3 5
19 9 2 5 3 3 3 3 4 1 3 5 4 2 1 4 1 2 2 2 4 1 1 4 1 3 4 5 3 4 3 1 5 3 5 1 1 5 1 2 2 2 1 1 1 1 3 1 2 1 4 5
