Generations vod_50x150
0 13391.0
1 12973.0
2 12803.0
3 11267.0
4 11267.0
5 11267.0
6 11112.0
7 11112.0
8 11112.0
9 10930.0
10 10620.0
11 10620.0
12 10620.0
13 10620.0
14 10549.0
15 10549.0
16 10549.0
17 10549.0
18 10549.0
19 10549.0
20 10499.0
21 10499.0
22 10412.0
23 10410.0
24 10410.0
25 10410.0
26 10410.0
27 10410.0
28 10410.0
29 10410.0
30 10410.0
31 10410.0
32 10410.0
33 10410.0
34 10410.0
35 10410.0
36 10410.0
37 10410.0
38 10410.0
39 10410.0
40 10410.0
41 10410.0
42 10410.0
43 10410.0
44 10410.0
45 10410.0
46 10410.0
47 10410.0
48 10410.0
49 10410.0
50 10410.0
51 10410.0
52 10410.0
53 10410.0
54 10410.0
55 10410.0
56 10410.0
57 10410.0
58 10410.0
59 10410.0
60 10410.0
61 10410.0
62 10410.0
63 10410.0
64 10410.0
65 10410.0
66 10410.0
67 10410.0
68 10410.0
69 10410.0
70 10410.0
71 10410.0
72 10410.0
73 10410.0
74 10410.0
75 10410.0
76 10410.0
77 10410.0
78 10410.0
79 10410.0
80 10410.0
81 10410.0
82 10410.0
83 10410.0
84 10410.0
85 10410.0
86 10410.0
87 10410.0
88 10410.0
89 10410.0
90 10410.0
91 10410.0
92 10410.0
93 10410.0
94 10410.0
95 10410.0
96 10410.0
97 10410.0
98 10410.0
99 10410.0
100 10410.0
101 10410.0
102 10410.0
103 10410.0
104 10410.0
105 10410.0
106 10410.0
107 10410.0
108 10410.0
109 10410.0
110 10410.0
111 10410.0
112 10410.0
113 10410.0
114 10410.0
115 10410.0
116 10410.0
117 10410.0
118 10410.0
119 10410.0
120 10410.0
121 10410.0
122 10410.0
123 10410.0
124 10410.0
125 10410.0
126 10410.0
127 10410.0
128 10410.0
129 10410.0
130 10410.0
131 10410.0
132 10410.0
133 10410.0
134 10410.0
135 10410.0
136 10410.0
137 10410.0
138 10410.0
139 10410.0
140 10410.0
141 10410.0
142 10410.0
143 10410.0
144 10410.0
145 10410.0
146 10410.0
147 10410.0
148 10410.0
149 10410.0
150 10410.0
151 10410.0
152 10410.0
153 10410.0
154 10410.0
155 10410.0
156 10410.0
157 10410.0
158 10410.0
159 10410.0
160 10410.0
161 10410.0
162 10410.0
163 10410.0
164 10410.0
165 10410.0
166 10410.0
167 10410.0
168 10410.0
169 10410.0
170 10410.0
171 10410.0
172 10410.0
173 10410.0
174 10410.0
175 10410.0
176 10410.0
177 10410.0
178 10410.0
179 10410.0
180 10410.0
181 10410.0
182 10410.0
183 10410.0
184 10410.0
185 10410.0
186 10410.0
187 10410.0
188 10410.0
189 10410.0
190 10410.0
191 10410.0
192 10410.0
193 10410.0
194 10410.0
195 10410.0
196 10410.0
197 10410.0
198 10410.0
199 10410.0
200 10410.0
201 10410.0
202 10410.0
203 10410.0
204 10410.0
205 10410.0
206 10410.0
207 10410.0
208 10410.0
209 10410.0
210 10410.0
211 10410.0
212 10410.0
213 10410.0
214 10410.0
215 10410.0
216 10410.0
217 10410.0
218 10410.0
219 10410.0
220 10410.0
221 10410.0
222 10410.0
223 10410.0
224 10410.0
225 10410.0
226 10410.0
227 10410.0
228 10410.0
229 10410.0
230 10410.0
231 10410.0
232 10410.0
233 10410.0
234 10410.0
235 10410.0
236 10410.0
237 10410.0
238 10410.0
239 10410.0
240 10410.0
241 10410.0
242 10410.0
243 10410.0
244 10410.0
245 10410.0
246 10410.0
247 10410.0
248 10410.0
249 10410.0
250 10410.0
251 10410.0
252 10410.0
253 10410.0
254 10410.0
255 10410.0
256 10410.0
257 10410.0
258 10410.0
259 10410.0
260 10410.0
261 10410.0
262 10410.0
263 10410.0
264 10410.0
265 10410.0
266 10410.0
267 10410.0
268 10410.0
269 10410.0
270 10410.0
271 10410.0
272 10410.0
273 10410.0
274 10410.0
275 10410.0
276 10410.0
277 10410.0
278 10410.0
279 10410.0
280 10410.0
281 10410.0
282 10410.0
283 10410.0
284 10410.0
285 10410.0
286 10410.0
287 10410.0
288 10410.0
289 10410.0
290 10410.0
291 10410.0
292 10410.0
293 10410.0
294 10410.0
295 10410.0
296 10410.0
297 10410.0
298 10410.0
299 10410.0
300 10410.0
301 10410.0
302 10410.0
303 10410.0
304 10410.0
305 10410.0
306 10410.0
307 10410.0
308 10410.0
309 10410.0
310 10410.0
311 10410.0
312 10410.0
313 10410.0
314 10410.0
315 10410.0
316 10410.0
317 10410.0
318 10410.0
319 10410.0
320 10410.0
321 10410.0
322 10410.0
323 10410.0
324 10410.0
325 10410.0
326 10410.0
327 10410.0
328 10410.0
329 10410.0
330 10410.0
331 10410.0
332 10410.0
333 10410.0
334 10410.0
335 10410.0
336 10410.0
337 10410.0
338 10410.0
339 10410.0
340 10410.0
341 10410.0
342 10410.0
343 10410.0
344 10410.0
345 10410.0
346 10410.0
347 10410.0
348 10410.0
349 10410.0
350 10410.0
351 10410.0
352 10410.0
353 10410.0
354 10410.0
355 10410.0
356 10410.0
357 10410.0
358 10410.0
359 10410.0
360 10410.0
361 10410.0
362 10410.0
363 10410.0
364 10410.0
365 10410.0
366 10410.0
367 10410.0
368 10410.0
369 10410.0
370 10410.0
371 10410.0
372 10410.0
373 10410.0
374 10410.0
375 10410.0
376 10410.0
377 10410.0
378 10410.0
379 10410.0
380 10410.0
381 10410.0
382 10410.0
383 10410.0
384 10410.0
385 10410.0
386 10410.0
387 10410.0
388 10410.0
389 10410.0
390 10410.0
391 10410.0
392 10410.0
393 10410.0
394 10410.0
395 10410.0
396 10410.0
397 10410.0
398 10410.0
399 10410.0
400 10410.0
401 10410.0
402 10410.0
403 10410.0
404 10410.0
405 10410.0
406 10410.0
407 10410.0
408 10410.0
409 10410.0
410 10410.0
411 10410.0
412 10410.0
413 10410.0
414 10410.0
415 10410.0
416 10410.0
417 10410.0
418 10410.0
419 10410.0
420 10410.0
421 10410.0
422 10410.0
423 10410.0
424 10410.0
425 10410.0
426 10410.0
427 10410.0
428 10410.0
429 10410.0
430 10410.0
431 10410.0
432 10410.0
433 10410.0
434 10410.0
435 10410.0
436 10410.0
437 10410.0
438 10410.0
439 10410.0
440 10410.0
441 10410.0
442 10410.0
443 10410.0
444 10410.0
445 10410.0
446 10410.0
447 10410.0
448 10410.0
449 10410.0
450 10410.0
451 10410.0
452 10410.0
453 10410.0
454 10410.0
455 10410.0
456 10410.0
457 10410.0
458 10410.0
459 10410.0
460 10410.0
461 10410.0
462 10410.0
463 10410.0
464 10410.0
465 10410.0
466 10410.0
467 10410.0
468 10410.0
469 10410.0
470 10410.0
471 10410.0
472 10410.0
473 10410.0
474 10410.0
475 10410.0
476 10410.0
477 10410.0
478 10410.0
479 10410.0
480 10410.0
481 10410.0
482 10410.0
483 10410.0
484 10410.0
485 10410.0
486 10410.0
487 10410.0
488 10410.0
489 10410.0
490 10410.0
491 10410.0
492 10410.0
493 10410.0
494 10410.0
495 10410.0
496 10410.0
497 10410.0
498 10410.0
499 10410.0
