Generations vod_20x150
0 6075.0
1 5881.0
2 5639.0
3 5384.0
4 5088.0
5 5088.0
6 5009.0
7 5009.0
8 5009.0
9 5009.0
10 5009.0
11 5009.0
12 5009.0
13 5009.0
14 5009.0
15 5009.0
16 5009.0
17 5009.0
18 5009.0
19 5009.0
20 5009.0
21 5009.0
22 5009.0
23 5009.0
24 5009.0
25 5009.0
26 5009.0
27 5009.0
28 5009.0
29 5009.0
30 5009.0
31 5009.0
32 5009.0
33 5009.0
34 5009.0
35 5009.0
36 5009.0
37 5009.0
38 5009.0
39 5009.0
40 5009.0
41 5009.0
42 5009.0
43 5009.0
44 5009.0
45 5009.0
46 5009.0
47 5009.0
48 5009.0
49 5009.0
50 5009.0
51 5009.0
52 5009.0
53 5009.0
54 5009.0
55 5009.0
56 5009.0
57 5009.0
58 5009.0
59 5009.0
60 5009.0
61 5009.0
62 5009.0
63 5009.0
64 5009.0
65 5009.0
66 5009.0
67 5009.0
68 5009.0
69 5009.0
70 5009.0
71 5009.0
72 5009.0
73 5009.0
74 5009.0
75 5009.0
76 5009.0
77 5009.0
78 5009.0
79 5009.0
80 5009.0
81 5009.0
82 5009.0
83 5009.0
84 5009.0
85 5009.0
86 5009.0
87 5009.0
88 5009.0
89 5009.0
90 5009.0
91 5009.0
92 5009.0
93 5009.0
94 5009.0
95 5009.0
96 5009.0
97 5009.0
98 5009.0
99 5009.0
100 5009.0
101 5009.0
102 5009.0
103 5009.0
104 5009.0
105 5009.0
106 5009.0
107 5009.0
108 5009.0
109 5009.0
110 5009.0
111 5009.0
112 5009.0
113 5009.0
114 5009.0
115 5009.0
116 5009.0
117 5009.0
118 5009.0
119 5009.0
120 5009.0
121 5009.0
122 5009.0
123 5009.0
124 5009.0
125 5009.0
126 5009.0
127 5009.0
128 5009.0
129 5009.0
130 5009.0
131 5009.0
132 5009.0
133 5009.0
134 5009.0
135 5009.0
136 5009.0
137 5009.0
138 5009.0
139 5009.0
140 5009.0
141 5009.0
142 5009.0
143 5009.0
144 5009.0
145 5009.0
146 5009.0
147 5009.0
148 5009.0
149 5009.0
150 5009.0
151 5009.0
152 5009.0
153 5009.0
154 5009.0
155 5009.0
156 5009.0
157 5009.0
158 5009.0
159 5009.0
160 5009.0
161 5009.0
162 5009.0
163 5009.0
164 5009.0
165 5009.0
166 5009.0
167 5009.0
168 5009.0
169 5009.0
170 5009.0
171 5009.0
172 5009.0
173 5009.0
174 5009.0
175 5009.0
176 5009.0
177 5009.0
178 5009.0
179 5009.0
180 5009.0
181 5009.0
182 5009.0
183 5009.0
184 5009.0
185 5009.0
186 5009.0
187 5009.0
188 5009.0
189 5009.0
190 5009.0
191 5009.0
192 5009.0
193 5009.0
194 5009.0
195 5009.0
196 5009.0
197 5009.0
198 5009.0
199 5009.0
200 5009.0
201 5009.0
202 5009.0
203 5009.0
204 5009.0
205 5009.0
206 5009.0
207 5009.0
208 5009.0
209 5009.0
210 5009.0
211 5009.0
212 5009.0
213 5009.0
214 5009.0
215 5009.0
216 5009.0
217 5009.0
218 5009.0
219 5009.0
220 5009.0
221 5009.0
222 5009.0
223 5009.0
224 5009.0
225 5009.0
226 5009.0
227 5009.0
228 5009.0
229 5009.0
230 5009.0
231 5009.0
232 5009.0
233 5009.0
234 5009.0
235 5009.0
236 5009.0
237 5009.0
238 5009.0
239 5009.0
240 5009.0
241 5009.0
242 5009.0
243 5009.0
244 5009.0
245 5009.0
246 5009.0
247 5009.0
248 5009.0
249 5009.0
250 5009.0
251 5009.0
252 5009.0
253 5009.0
254 5009.0
255 5009.0
256 5009.0
257 5009.0
258 5009.0
259 5009.0
260 5009.0
261 5009.0
262 5009.0
263 5009.0
264 5009.0
265 5009.0
266 5009.0
267 5009.0
268 5009.0
269 5009.0
270 5009.0
271 5009.0
272 5009.0
273 5009.0
274 5009.0
275 5009.0
276 5009.0
277 5009.0
278 5009.0
279 5009.0
280 5009.0
281 5009.0
282 5009.0
283 5009.0
284 5009.0
285 5009.0
286 5009.0
287 5009.0
288 5009.0
289 5009.0
290 5009.0
291 5009.0
292 5009.0
293 5009.0
294 5009.0
295 5009.0
296 5009.0
297 5009.0
298 5009.0
299 5009.0
300 5009.0
301 5009.0
302 5009.0
303 5009.0
304 5009.0
305 5009.0
306 5009.0
307 5009.0
308 5009.0
309 5009.0
310 5009.0
311 5009.0
312 5009.0
313 5009.0
314 5009.0
315 5009.0
316 5009.0
317 5009.0
318 5009.0
319 5009.0
320 5009.0
321 5009.0
322 5009.0
323 5009.0
324 5009.0
325 5009.0
326 5009.0
327 5009.0
328 5009.0
329 5009.0
330 5009.0
331 5009.0
332 5009.0
333 5009.0
334 5009.0
335 5009.0
336 5009.0
337 5009.0
338 5009.0
339 5009.0
340 5009.0
341 5009.0
342 5009.0
343 5009.0
344 5009.0
345 5009.0
346 5009.0
347 5009.0
348 5009.0
349 5009.0
350 5009.0
351 5009.0
352 5009.0
353 5009.0
354 5009.0
355 5009.0
356 5009.0
357 5009.0
358 5009.0
359 5009.0
360 5009.0
361 5009.0
362 5009.0
363 5009.0
364 5009.0
365 5009.0
366 5009.0
367 5009.0
368 5009.0
369 5009.0
370 5009.0
371 5009.0
372 5009.0
373 5009.0
374 5009.0
375 5009.0
376 5009.0
377 5009.0
378 5009.0
379 5009.0
380 5009.0
381 5009.0
382 5009.0
383 5009.0
384 5009.0
385 5009.0
386 5009.0
387 5009.0
388 5009.0
389 5009.0
390 5009.0
391 5009.0
392 5009.0
393 5009.0
394 5009.0
395 5009.0
396 5009.0
397 5009.0
398 5009.0
399 5009.0
400 5009.0
401 5009.0
402 5009.0
403 5009.0
404 5009.0
405 5009.0
406 5009.0
407 5009.0
408 5009.0
409 5009.0
410 5009.0
411 5009.0
412 5009.0
413 5009.0
414 5009.0
415 5009.0
416 5009.0
417 5009.0
418 5009.0
419 5009.0
420 5009.0
421 5009.0
422 5009.0
423 5009.0
424 5009.0
425 5009.0
426 5009.0
427 5009.0
428 5009.0
429 5009.0
430 5009.0
431 5009.0
432 5009.0
433 5009.0
434 5009.0
435 5009.0
436 5009.0
437 5009.0
438 5009.0
439 5009.0
440 5009.0
441 5009.0
442 5009.0
443 5009.0
444 5009.0
445 5009.0
446 5009.0
447 5009.0
448 5009.0
449 5009.0
450 5009.0
451 5009.0
452 5009.0
453 5009.0
454 5009.0
455 5009.0
456 5009.0
457 5009.0
458 5009.0
459 5009.0
460 5009.0
461 5009.0
462 5009.0
463 5009.0
464 5009.0
465 5009.0
466 5009.0
467 5009.0
468 5009.0
469 5009.0
470 5009.0
471 5009.0
472 5009.0
473 5009.0
474 5009.0
475 5009.0
476 5009.0
477 5009.0
478 5009.0
479 5009.0
480 5009.0
481 5009.0
482 5009.0
483 5009.0
484 5009.0
485 5009.0
486 5009.0
487 5009.0
488 5009.0
489 5009.0
490 5009.0
491 5009.0
492 5009.0
493 5009.0
494 5009.0
495 5009.0
496 5009.0
497 5009.0
498 5009.0
499 5009.0
