Generations vod_20x25
0 735.0
1 735.0
2 735.0
3 735.0
4 720.0
5 720.0
6 718.0
7 714.0
8 714.0
9 714.0
10 714.0
11 714.0
12 714.0
13 714.0
14 714.0
15 714.0
16 714.0
17 714.0
18 714.0
19 714.0
20 714.0
21 714.0
22 714.0
23 714.0
24 714.0
25 714.0
26 714.0
27 714.0
28 714.0
29 714.0
30 714.0
31 714.0
32 714.0
33 714.0
34 714.0
35 714.0
36 714.0
37 714.0
38 714.0
39 714.0
40 714.0
41 714.0
42 714.0
43 714.0
44 714.0
45 714.0
46 714.0
47 714.0
48 714.0
49 714.0
50 714.0
51 714.0
52 714.0
53 714.0
54 714.0
55 714.0
56 714.0
57 714.0
58 714.0
59 714.0
60 714.0
61 714.0
62 714.0
63 714.0
64 714.0
65 714.0
66 714.0
67 714.0
68 714.0
69 714.0
70 714.0
71 714.0
72 714.0
73 714.0
74 714.0
75 714.0
76 714.0
77 714.0
78 714.0
79 714.0
80 714.0
81 714.0
82 714.0
83 714.0
84 714.0
85 714.0
86 714.0
87 714.0
88 714.0
89 714.0
90 714.0
91 714.0
92 714.0
93 714.0
94 714.0
95 714.0
96 714.0
97 714.0
98 714.0
99 714.0
100 714.0
101 714.0
102 714.0
103 714.0
104 714.0
105 714.0
106 714.0
107 714.0
108 714.0
109 714.0
110 714.0
111 714.0
112 714.0
113 714.0
114 714.0
115 714.0
116 714.0
117 714.0
118 714.0
119 714.0
120 714.0
121 714.0
122 714.0
123 714.0
124 714.0
125 714.0
126 714.0
127 714.0
128 714.0
129 714.0
130 714.0
131 714.0
132 714.0
133 714.0
134 714.0
135 714.0
136 714.0
137 714.0
138 714.0
139 714.0
140 714.0
141 714.0
142 714.0
143 714.0
144 714.0
145 714.0
146 714.0
147 714.0
148 714.0
149 714.0
150 714.0
151 714.0
152 714.0
153 714.0
154 714.0
155 714.0
156 714.0
157 714.0
158 714.0
159 714.0
160 714.0
161 714.0
162 714.0
163 714.0
164 714.0
165 714.0
166 714.0
167 714.0
168 714.0
169 714.0
170 714.0
171 714.0
172 714.0
173 714.0
174 714.0
175 714.0
176 714.0
177 714.0
178 714.0
179 714.0
180 714.0
181 714.0
182 714.0
183 714.0
184 714.0
185 714.0
186 714.0
187 714.0
188 714.0
189 714.0
190 714.0
191 714.0
192 714.0
193 714.0
194 714.0
195 714.0
196 714.0
197 714.0
198 714.0
199 714.0
200 714.0
201 714.0
202 714.0
203 714.0
204 714.0
205 714.0
206 714.0
207 714.0
208 714.0
209 714.0
210 714.0
211 714.0
212 714.0
213 714.0
214 714.0
215 714.0
216 714.0
217 714.0
218 714.0
219 714.0
220 714.0
221 714.0
222 714.0
223 714.0
224 714.0
225 714.0
226 714.0
227 714.0
228 714.0
229 714.0
230 714.0
231 714.0
232 714.0
233 714.0
234 714.0
235 714.0
236 714.0
237 714.0
238 714.0
239 714.0
240 714.0
241 714.0
242 714.0
243 714.0
244 714.0
245 714.0
246 714.0
247 714.0
248 714.0
249 714.0
250 714.0
251 714.0
252 714.0
253 714.0
254 714.0
255 714.0
256 714.0
257 714.0
258 714.0
259 714.0
260 714.0
261 714.0
262 714.0
263 714.0
264 714.0
265 714.0
266 714.0
267 714.0
268 714.0
269 714.0
270 714.0
271 714.0
272 714.0
273 714.0
274 714.0
275 714.0
276 714.0
277 714.0
278 714.0
279 714.0
280 714.0
281 714.0
282 714.0
283 714.0
284 714.0
285 714.0
286 714.0
287 714.0
288 714.0
289 714.0
290 714.0
291 714.0
292 714.0
293 714.0
294 714.0
295 714.0
296 714.0
297 714.0
298 714.0
299 714.0
300 714.0
301 714.0
302 714.0
303 714.0
304 714.0
305 714.0
306 714.0
307 714.0
308 714.0
309 714.0
310 714.0
311 714.0
312 714.0
313 714.0
314 714.0
315 714.0
316 714.0
317 714.0
318 714.0
319 714.0
320 714.0
321 714.0
322 714.0
323 714.0
324 714.0
325 714.0
326 714.0
327 714.0
328 714.0
329 714.0
330 714.0
331 714.0
332 714.0
333 714.0
334 714.0
335 714.0
336 714.0
337 714.0
338 714.0
339 714.0
340 714.0
341 714.0
342 714.0
343 714.0
344 714.0
345 714.0
346 714.0
347 714.0
348 714.0
349 714.0
350 714.0
351 714.0
352 714.0
353 714.0
354 714.0
355 714.0
356 714.0
357 714.0
358 714.0
359 714.0
360 714.0
361 714.0
362 714.0
363 714.0
364 714.0
365 714.0
366 714.0
367 714.0
368 714.0
369 714.0
370 714.0
371 714.0
372 714.0
373 714.0
374 714.0
375 714.0
376 714.0
377 714.0
378 714.0
379 714.0
380 714.0
381 714.0
382 714.0
383 714.0
384 714.0
385 714.0
386 714.0
387 714.0
388 714.0
389 714.0
390 714.0
391 714.0
392 714.0
393 714.0
394 714.0
395 714.0
396 714.0
397 714.0
398 714.0
399 714.0
400 714.0
401 714.0
402 714.0
403 714.0
404 714.0
405 714.0
406 714.0
407 714.0
408 714.0
409 714.0
410 714.0
411 714.0
412 714.0
413 714.0
414 714.0
415 714.0
416 714.0
417 714.0
418 714.0
419 714.0
420 714.0
421 714.0
422 714.0
423 714.0
424 714.0
425 714.0
426 714.0
427 714.0
428 714.0
429 714.0
430 714.0
431 714.0
432 714.0
433 714.0
434 714.0
435 714.0
436 714.0
437 714.0
438 714.0
439 714.0
440 714.0
441 714.0
442 714.0
443 714.0
444 714.0
445 714.0
446 714.0
447 714.0
448 714.0
449 714.0
450 714.0
451 714.0
452 714.0
453 714.0
454 714.0
455 714.0
456 714.0
457 714.0
458 714.0
459 714.0
460 714.0
461 714.0
462 714.0
463 714.0
464 714.0
465 714.0
466 714.0
467 714.0
468 714.0
469 714.0
470 714.0
471 714.0
472 714.0
473 714.0
474 714.0
475 714.0
476 714.0
477 714.0
478 714.0
479 714.0
480 714.0
481 714.0
482 714.0
483 714.0
484 714.0
485 714.0
486 714.0
487 714.0
488 714.0
489 714.0
490 714.0
491 714.0
492 714.0
493 714.0
494 714.0
495 714.0
496 714.0
497 714.0
498 714.0
499 714.0
