150 40
NETWORK_TREE :
1 0 7.0 
62 0 8.0 
63 62 7.0 
2 1 6.0 
3 2 6.0 
64 63 10.0 
86 62 7.0 
75 63 10.0 
87 86 3.0 
4 3 6.0 
88 87 7.0 
99 87 7.0 
5 4 9.0 
125 0 10.0 
76 75 8.0 
89 88 5.0 
134 0 9.0 
41 1 7.0 
126 125 8.0 
104 62 10.0 
9 4 10.0 
23 3 5.0 
30 3 7.0 
6 5 1.0 
34 2 7.0 
44 1 2.0 
65 64 7.0 
24 23 3.0 
45 44 10.0 
105 104 7.0 
77 76 5.0 
127 126 7.0 
21 4 2.0 
67 64 2.0 
36 2 10.0 
100 99 3.0 
110 62 6.0 
142 0 3.0 
26 23 6.0 
28 23 8.0 
143 142 1.0 
46 45 5.0 
85 75 8.0 
10 9 1.0 
11 9 10.0 
114 62 4.0 
47 46 5.0 
135 134 10.0 
78 77 7.0 
58 1 9.0 
115 114 10.0 
12 11 5.0 
132 125 5.0 
90 89 6.0 
42 41 6.0 
82 76 4.0 
148 0 6.0 
98 88 3.0 
31 30 9.0 
48 45 8.0 
53 44 9.0 
66 65 4.0 
128 127 9.0 
123 62 1.0 
59 58 4.0 
101 100 10.0 
133 132 4.0 
25 24 1.0 
116 115 2.0 
130 127 6.0 
32 30 10.0 
119 114 9.0 
147 142 8.0 
91 89 5.0 
92 91 5.0 
17 9 8.0 
111 110 1.0 
124 62 5.0 
107 104 10.0 
102 99 2.0 
22 21 4.0 
108 107 6.0 
37 36 1.0 
7 5 5.0 
121 114 7.0 
93 91 8.0 
106 105 6.0 
83 82 6.0 
79 78 7.0 
61 1 1.0 
96 91 4.0 
97 96 9.0 
39 2 6.0 
122 114 6.0 
70 64 10.0 
40 39 9.0 
131 130 10.0 
117 115 3.0 
55 44 10.0 
94 93 5.0 
43 41 8.0 
84 82 3.0 
80 79 6.0 
68 67 2.0 
54 53 2.0 
140 134 4.0 
27 26 10.0 
56 55 5.0 
144 143 7.0 
49 48 5.0 
8 5 9.0 
145 144 7.0 
19 9 6.0 
81 80 4.0 
136 135 9.0 
52 45 9.0 
129 128 3.0 
38 37 9.0 
33 3 7.0 
109 108 8.0 
18 17 10.0 
137 136 7.0 
118 117 5.0 
71 70 6.0 
50 49 5.0 
16 11 9.0 
112 110 7.0 
20 9 4.0 
120 119 2.0 
103 87 6.0 
138 137 6.0 
57 44 1.0 
13 12 9.0 
60 58 6.0 
113 112 5.0 
14 13 7.0 
29 28 5.0 
74 64 4.0 
72 71 4.0 
51 50 5.0 
15 12 8.0 
146 144 10.0 
69 68 6.0 
141 134 8.0 
149 148 8.0 
95 94 2.0 
73 71 3.0 
35 34 8.0 
139 138 8.0 
NODE_PROGRAM :
0 1 2 3 4 5 6 7 8 9 10 11 12 13 14 15 16 17 18 19 20 21 22 23 24 25 26 27 28 29 30 31 32 33 34 35 36 37 38 39 40  
11 1 2 3 4 5 6 8 9 10 11 12 13 14 15 16 19 22 23 25 26 27 28 29 30 31 33 34 35 36 37 38 39 40  
146 3 5 8 12 13 21 24 29  
110 2 4 9 14 15 17 18 36  
70 7 14 19 35  
7 1 2 3 5 6 7 10 12 13 14 15 19 25 29 31 34 37  
98 1 2 3 16 20 26 27 29 35  
25 25 36  
87 9 13 21 22 23 28 30 31 33 40  
39 4 13 22 28 34 35  
113 1 2 4 5 6 7 10 11 12 13 14 15 16 17 18 19 20 21 22 23 24 25 26 27 29 30 31 32 33 34 35 36 37 38 39  
29 1 2 3 4 5 6 7 8 9 10 11 13 15 16 17 18 19 21 23 24 25 26 27 28 29 31 32 34 35 36 37 38 39 40  
57 3 8 9 23 34  
79 5 10 12 14 16 17 20 23 29 31 32 33 35 37 39  
53 1 2 3 4 5 7 8 9 13 14 15 16 17 19 20 21 22 23 24 25 26 27 28 29 31 32 33 34 35 36 37 38 39 40  
67 1 3 4 5 8 9 12 14 15 16 18 19 20 21 22 23 27 29 31 32 33 34 35 37 39  
9 1 3 5 7 8 9 11 13 14 15 16 17 18 20 21 22 23 24 26 27 28 29 31 32 35 36 38 39 40  
18 1 2 3 4 5 6 7 9 10 11 12 14 15 16 17 18 19 20 21 22 23 24 25 27 28 29 30 31 32 33 34 35 36 37 38 39 40  
115 9 13 15 18 19 22 23 26 29 31 33 34 35 36 39 40  
99 2 3 6 14 18 21 26 32 37 39 40  
17 1 3 4 6 8 9 10 12 13 14 15 16 17 18 19 21 22 24 26 27 28 30 32 33 34 35 36 37 38 39 40  
134 1 6 11 17 23 26 27 29 40  
26 6 9 10 12 17 20 23 24 31 35 36 37  
72 1 2 3 4 5 6 10 11 13 14 19 20 21 22 25 29 30 31 32 34 35 38 39 40  
137 1 4 9 10 11 15 21 23 24 25 28  
48 1 2 3 4 5 6 7 8 9 10 11 12 13 14 17 18 19 20 21 24 25 26 27 28 29 30 31 32 33 34 35 36 37 38 39 40  
66 1 3 4 5 6 7 10 11 13 14 15 16 17 20 21 25 26 27 28 29 31 34 36 37 39  
69 4 5 9 14 15 16 18 21 28 29 30 33 34 37 39  
120 1 3 7 9 13 14 22 23 24 25 29 31 32 34 36  
143 1 2 4 6 12 13 14 16 18 19 22 23 25 26 30 31 33 38 40  
40 13 18 23 39 40  
93 3 4 6 7 8 9 11 13 14 16 17 18 19 22 25 29 30 31 33 35 36  
118 1 2 3 4 5 6 7 8 9 10 11 12 13 14 15 16 17 18 19 20 21 22 23 25 26 28 29 30 31 32 33 34 35 36 37 38 39 40  
107 1 2 4 5 6 7 8 9 10 12 14 15 16 18 19 20 21 22 23 24 25 29 30 31 32 33 34 35 36 37 38 39 40  
144 1 8 10 11 20 22 24 25 27 31 32 35 36 39  
3 3 4 6 7 8 9 11 12 14 18 21 22 23 24 25 29 30 31 32 33 34 35 38 39 40  
24 5 6 12 13 22 35  
42 11 15 16 19 31 34  
83 1 2 3 4 5 6 7 9 10 11 12 13 14 15 16 17 18 19 20 21 22 23 24 25 26 27 28 29 30 31 33 34 36 37 38 39  
147 2 6 11 15 16 17 18 19 22 23 24 26 28 29 31 32 34 35 37 38 39 40  
131 1 2 3 4 5 6 7 8 9 11 12 13 14 15 16 17 18 19 20 21 22 23 25 26 27 28 29 30 31 32 33 34 35 36 37 38 39 40  
135 2 5 7 8 9 10 11 12 13 14 15 16 17 18 19 20 21 23 24 25 28 29 30 31 32 33 34 36 37 39 40  
148 2 3 4 5 6 7 8 9 11 12 13 14 15 16 17 18 21 22 24 25 26 27 28 29 30 31 32 33 34 35 36 37 38 39 40  
36 1 2 4 9 10 14 15 19 22 23 24 27 29 30 31 32 34 35 37 38 39 40  
103 1 2 3 4 5 6 7 9 10 11 12 14 15 17 18 19 20 22 24 28 29 30 32 35 37 38 39  
38 1 2 3 4 5 6 7 8 9 10 11 12 13 14 15 16 17 18 19 20 21 22 23 25 26 27 28 29 30 33 34 35 36 37 38 40  
20 6 8 13 15 16 20 23 24 28 31 33  
136 1 2 3 4 5 7 8 9 10 11 12 13 14 15 16 17 18 19 20 21 22 23 24 25 26 27 28 29 30 31 32 33 34 36 37 38 39 40  
56 4 12 19 29 32 33 37 39 40  
22 1 3 4 5 6 7 8 9 10 11 12 13 14 15 16 17 18 19 20 21 22 23 24 25 26 27 28 29 30 31 32 33 34 35 36 37 38 39 40  
128 1 2 3 4 5 6 7 8 9 10 11 12 13 14 15 16 17 18 19 20 21 22 23 24 25 26 27 28 29 30 31 32 33 35 36 37 38 39 40  
97 1 2 3 4 5 7 8 9 10 11 12 13 14 15 16 17 18 19 20 21 22 23 24 25 26 27 28 30 31 32 33 34 35 36 37 38 39 40  
114 1 2 3 4 5 7 9 10 11 12 13 14 15 18 19 20 21 22 25 26 27 29 32 34 35 37 38 39  
34 1 2 3 4 5 6 8 9 10 12 14 15 16 17 19 20 23 25 29 30 31 33 34 35 36 37 38 39 40  
88 2 3 7 9 11 13 14 21 23 25 27 28 31 32 33 35 38 39 40  
96 4 39  
21 2 3 4 5 6 7 10 15 17 18 19 21 22 24 25 26 27 28 29 30 32 34 36  
119 1 2 3 5 7 8 16 20 22 24 28 31 32 33 37  
100 1 2 3 4 6 11 12 14 15 16 17 19 22 23 24 25 26 28 29 30 31 32 33 34 38 39 40  
105 3 6 9 13 21 27  
10 1 5 23  
27 7 30  
77 1 2 3 5 6 7 8 10 11 14 15 17 18 19 20 23 24 25 26 28 29 31 34 36 38 39 40  
35 6  
74 1 2 3 4 5 6 7 8 9 10 11 12 13 14 15 16 17 18 19 20 21 22 23 24 25 26 27 28 29 30 31 32 33 35 36 37 38 39 40  
2 1 3 4 5 6 7 8 9 10 11 12 13 14 15 16 17 18 20 22 23 24 25 26 27 28 29 30 31 32 33 34 35 36 38 39 40  
92 2 4 6 7 8 9 11 13 14 15 16 17 18 19 20 21 22 23 25 26 27 28 29 31 32 33 35 38  
81 1 3 5 6 8 9 10 12 13 14 15 16 17 22 24 26 29 30 32 35 36 39 40  
58 1 2 3 4 7 8 11 12 13 19 21 22 23 24 26 27 28 32 33 34 36 37 38  
33 1 5 10 12 14 15 20 21 24 27 34 35 38 39  
85 4 6 9 10 13 14 15 18 19 20 22 23 24 25 34 37 38 39 40  
63 1 2 3 4 5 6 7 10 11 12 14 15 18 19 20 22 23 24 25 27 28 31 34 35 36 39 40  
101 1 2 5 7 8 9 10 12 13 15 16 18 19 20 21 22 23 24 25 26 27 28 30 32 34 35 36 37 38 39 40  
82 3 14 34 36 38  
68 4 8 11 12 16 18 21 22 25 27 32 38 39  
31 1 5 7 14 15 16 17 19 20 21 22 27 28 37 40  
112 6 10 15 17 33 35 36  
54 2 3 10 11 13 14 16 17 19 21 30 33 34 36  
65 10 30  
37 1 3 4 5 8 9 11 13 15 16 17 19 20 21 24 25 29 30 31 32 33 35 36 37 38  
138 1 2 3 4 5 6 7 8 9 10 11 12 13 14 15 16 17 18 19 20 21 22 23 25 26 27 28 29 30 31 32 34 36 37 38 39 40  
41 3 6 7 9 12 14 15 24 25 26 27 28 29 30 32 34 35 38 39  
127 18 28 35  
129 1 3 6 12 18 19 23 24 25 29 30 31 32 34 37 38  
76 1 2 8 10 13 14 16 17 19 23 25  
145 1 3 6 7 8 9 10 12 13 14 15 16 17 19 21 23 24 25 27 28 29 30 31 32 33 34 36 37 38 40  
50 1 2 7 16 30 33 36  
80 2 29 33  
49 2 5 9 10 11 13 14 17 18 19 20 21 22 23 24 25 26 27 28 29 30 33 34 35 36 38 40  
102 2 4 5 6 9 10 15 16 17 21 29 30 36 37 39  
1 2 5 12 13 15 18 19 22 26 27 29 31 32 33 34 36 38  
47 3 5 6 10 12 17 18 21 22 23 24 26 28 30 32 33 34 35 37 38 40  
140 2 5 7 11 14 16 17 19 21 23 26 29 32 33 37  
12 1 2 8 10 14 15 18 21 23 24 26 27 28 29 30 31 34 36 37 38 39 40  
124 1 12 15 18 20 25 27 35 40  
32 1 2 3 4 5 6 7 8 9 10 11 12 13 16 17 18 19 20 21 22 23 24 25 26 27 28 30 31 32 33 34 35 36 37 38 39 40  
4 1 10 21 22 23 28 35 39  
94 4 10 13 15 17 20 22 23 26 30 39  
51 1 2 3 4 5 6 7 8 9 10 11 12 13 14 15 17 18 19 21 22 23 24 25 26 27 28 29 30 31 32 33 34 35 36 37 38 39 40  
149 1 2 3 4 5 6 8 9 10 11 12 13 14 15 17 18 19 20 21 22 23 24 25 26 27 28 29 31 32 33 34 35 39  
75 1 2 3 4 5 6 7 8 9 10 11 12 13 14 15 16 17 18 19 20 21 22 23 25 26 27 28 29 30 31 32 33 34 35 36 37 39  
44 1 2 9 14 21 23 25 28 29 30 31 34 36 38 39  
84 2 3 5 6 7 8 9 10 11 13 14 15 16 17 19 20 22 23 24 25 26 27 29 31 32 35 36 38 39 40  
90 4 11 15 26 30 37 40  
89 2 10 11 18 21 26 31  
16 7 8 18 19 25 29 33 34 40  
133 6 8 13 14 16 25 26 31 37 38 40  
71 1 2 3 4 8 9 10 12 17 18 19 23 25 26 28 30 31 34 35 36 37 38 39 40  
106 1 2 4 6 7 8 9 10 12 13 14 15 16 17 18 19 20 21 23 24 26 29 30 31 32 33 34 37 39 40  
64 2 6 8 10 11 16 18 23 24 25 30 32 33 38  
126 1 2 4 5 6 7 8 10 11 13 14 15 17 18 20 21 22 23 24 25 26 28 29 31 32 33 34 37 38  
141 2 4 6 7 8 10 11 12 15 18 19 21 22 25 26 27 28 29 31 32 33 34 35 36 37 38 39 40  
60 1 2 3 4 5 6 7 8 9 10 11 12 14 15 16 17 18 19 20 21 22 23 24 25 26 27 28 29 30 31 32 33 34 35 36 37 38 39 40  
95 1 2 4 5 6 7 8 9 10 11 12 13 15 17 19 20 21 22 23 24 25 26 27 29 31 34 36 38  
45 1 3 4 5 6 7 8 9 10 11 12 13 14 15 16 17 18 19 20 21 22 23 24 25 26 27 28 30 31 32 33 34 35 36 37 38 39 40  
116  
19 2 3 4 8 12 13 14 16 24 36  
130 1 2 3 4 5 6 7 8 9 10 11 12 13 14 15 16 17 18 19 20 21 22 23 24 25 26 27 28 29 31 32 33 34 35 36 37 38 39 40  
5 1 3 6 7 10 14 16 18 19 21 22 24 25 28 30 31 35 36 37 39  
73 4  
104 10 20 34  
30 22 30  
59 6 16 17 18 24 25 30 37 38 39  
125 5 6 7 9 11 12 13 15 19 21 23 24 25 27 28 29 34 35 38  
109 29 31 34  
108 4 5 6 7 8 9 10 13 15 18 19 22 23 25 27 30 32 33 34 36 37 39 40  
62 9 11 14 15 21 27 31 34 36 40  
61 3 4 7 8 10 11 12 13 14 15 17 18 19 20 21 22 24 25 28 30 31 33 34 35 37 39  
122 3 4 7 11 15 37 40  
15 7 8 10 11 14 17 18 19 21 24 26 27 32 35 40  
117 1 2 3 5 6 7 8 10 11 12 13 14 15 18 20 21 23 25 28 29 30 31 34 36 37 38 39 40  
132 2 3 4 5 6 7 8 9 10 11 13 14 15 16 17 18 19 21 23 24 26 27 28 30 31 32 33 34 35 37 38 39 40  
23 1 4 5 19 21 26 31 32 35 36  
6 7 16 19 21 34 37 38 40  
55 14 16 19 30 33 36  
46 1 2 3 4 6 12 13 15 16 18 19 20 21 23 24 29 32 36 38  
139 1 2 3 4 5 6 7 9 10 11 13 15 17 18 19 23 24 29 30 32 35 36 38 40  
13 1 2 4 6 9 10 12 13 14 15 16 19 23 24 25 27 28 29 32 34 35 36 38 39 40  
121 1 2 3 4 5 6 7 8 9 10 11 12 14 15 16 17 18 19 20 21 23 24 25 26 27 28 29 30 31 32 33 34 35 37 38 39 40  
111 1 2 3 4 5 6 8 9 10 12 13 14 15 16 17 18 19 20 21 23 24 27 28 29 31 32 33 34 35 36 38 39 40  
78 1 3 6 8 9 15 16 17 22 23 28 29 32 33 34 35 39 40  
14 1 10 18 24 37 38  
86 1 2 3 5 6 7 8 9 10 14 15 17 18 19 20 21 22 24 25 27 28 29 30 31 32 33 34 35 36 37 38 40  
43 1 3 4 5 7 9 10 12 14 18 20 23 24 29 31 33 34 36 37 39  
28 1 3 4 5 6 7 8 9 10 11 12 13 14 15 16 17 18 19 20 21 22 23 24 25 26 27 28 29 30 32 33 34 35 36 37 38 39 40  
52 1 2 4 8 9 12 14 19 20 21 23 26 31 34  
91 2 3 40  
8 1 2 4 5 6 7 8 9 11 12 15 16 18 20 22 23 24 25 26 27 28 29 30 31 32 33 34 35 36 37 38  
123 1 2 3 4 5 6 7 8 9 10 11 12 13 14 15 16 17 18 19 20 21 23 24 25 26 27 28 29 30 31 32 33 34 35 36 37 38 39 40  
142 1 2 3 4 5 6 7 8 9 10 11 12 13 14 15 17 18 19 20 21 22 24 25 26 27 29 30 31 32 33 34 35 36 37 38 39 40  
COST_INSTALL_SERVER_AND_PROGRAMS :
0 13.0 3.0 3.0 5.0 1.0 5.0 4.0 2.0 5.0 2.0 1.0 5.0 5.0 1.0 1.0 4.0 3.0 5.0 3.0 2.0 2.0 4.0 3.0 4.0 4.0 5.0 5.0 1.0 1.0 3.0 5.0 5.0 5.0 5.0 4.0 5.0 2.0 3.0 1.0 2.0 3.0  
11 9.0 1.0 2.0 3.0 1.0 4.0 5.0 5.0 3.0 3.0 4.0 5.0 1.0 2.0 2.0 5.0 4.0 2.0 4.0 5.0 3.0 3.0 1.0 5.0 4.0 5.0 1.0 1.0 3.0 1.0 4.0 2.0 2.0 3.0 4.0 2.0 4.0 2.0 3.0 1.0 4.0  
146 10.0 3.0 5.0 3.0 5.0 3.0 3.0 1.0 3.0 5.0 5.0 4.0 1.0 1.0 3.0 1.0 4.0 2.0 5.0 1.0 1.0 5.0 5.0 5.0 2.0 3.0 4.0 5.0 2.0 5.0 2.0 2.0 4.0 1.0 4.0 1.0 4.0 3.0 2.0 5.0 1.0  
110 12.0 5.0 4.0 5.0 3.0 2.0 3.0 3.0 2.0 3.0 2.0 1.0 2.0 4.0 1.0 5.0 4.0 3.0 1.0 5.0 4.0 1.0 5.0 4.0 3.0 4.0 1.0 4.0 3.0 3.0 4.0 4.0 1.0 1.0 2.0 1.0 4.0 3.0 1.0 5.0 5.0  
70 13.0 4.0 4.0 2.0 4.0 2.0 5.0 3.0 5.0 5.0 2.0 1.0 4.0 4.0 2.0 5.0 2.0 1.0 5.0 5.0 1.0 3.0 4.0 2.0 2.0 2.0 5.0 5.0 3.0 2.0 2.0 3.0 4.0 1.0 2.0 2.0 2.0 5.0 2.0 2.0 3.0  
7 13.0 5.0 2.0 4.0 2.0 3.0 4.0 4.0 2.0 2.0 5.0 2.0 2.0 1.0 2.0 2.0 5.0 5.0 2.0 4.0 2.0 2.0 4.0 4.0 3.0 1.0 1.0 1.0 5.0 1.0 5.0 2.0 1.0 4.0 3.0 2.0 3.0 5.0 2.0 5.0 5.0  
98 8.0 1.0 2.0 5.0 5.0 1.0 1.0 4.0 2.0 5.0 4.0 5.0 4.0 1.0 3.0 1.0 2.0 5.0 3.0 5.0 3.0 2.0 1.0 3.0 5.0 1.0 2.0 1.0 2.0 5.0 1.0 4.0 1.0 4.0 3.0 4.0 2.0 3.0 5.0 4.0 3.0  
25 7.0 2.0 2.0 1.0 2.0 2.0 2.0 5.0 2.0 2.0 2.0 3.0 4.0 3.0 2.0 3.0 4.0 1.0 3.0 1.0 1.0 5.0 2.0 1.0 3.0 2.0 4.0 5.0 3.0 2.0 5.0 4.0 2.0 1.0 1.0 1.0 1.0 4.0 2.0 2.0 2.0  
87 13.0 1.0 3.0 1.0 2.0 1.0 5.0 4.0 4.0 5.0 3.0 4.0 1.0 4.0 3.0 4.0 2.0 3.0 4.0 5.0 5.0 4.0 5.0 4.0 3.0 4.0 3.0 2.0 1.0 2.0 5.0 5.0 2.0 2.0 4.0 4.0 4.0 3.0 4.0 3.0 2.0  
39 15.0 1.0 5.0 3.0 3.0 3.0 2.0 4.0 3.0 4.0 4.0 3.0 5.0 4.0 4.0 5.0 1.0 3.0 4.0 2.0 4.0 3.0 4.0 1.0 3.0 2.0 5.0 1.0 5.0 2.0 4.0 4.0 1.0 1.0 4.0 2.0 3.0 2.0 3.0 5.0 4.0  
113 11.0 5.0 2.0 5.0 3.0 3.0 2.0 4.0 2.0 4.0 4.0 2.0 4.0 4.0 4.0 3.0 4.0 2.0 2.0 5.0 5.0 1.0 1.0 5.0 3.0 4.0 4.0 2.0 1.0 1.0 3.0 4.0 1.0 4.0 2.0 5.0 5.0 3.0 3.0 5.0 5.0  
29 15.0 1.0 3.0 2.0 5.0 3.0 2.0 3.0 2.0 2.0 3.0 2.0 1.0 1.0 5.0 4.0 2.0 4.0 1.0 4.0 2.0 3.0 4.0 1.0 4.0 4.0 4.0 2.0 4.0 1.0 3.0 5.0 5.0 3.0 4.0 2.0 2.0 1.0 4.0 2.0 5.0  
57 13.0 4.0 4.0 5.0 1.0 5.0 3.0 5.0 5.0 4.0 3.0 1.0 3.0 3.0 4.0 4.0 5.0 1.0 2.0 5.0 1.0 1.0 5.0 2.0 5.0 5.0 1.0 2.0 2.0 1.0 2.0 4.0 2.0 1.0 1.0 1.0 1.0 3.0 5.0 2.0 5.0  
79 7.0 1.0 3.0 2.0 2.0 4.0 1.0 2.0 2.0 3.0 5.0 4.0 3.0 3.0 5.0 4.0 1.0 3.0 5.0 1.0 3.0 1.0 4.0 5.0 2.0 1.0 4.0 1.0 3.0 5.0 5.0 2.0 5.0 5.0 2.0 5.0 1.0 4.0 5.0 2.0 4.0  
53 8.0 5.0 3.0 2.0 4.0 3.0 4.0 1.0 4.0 1.0 4.0 2.0 2.0 4.0 3.0 4.0 3.0 1.0 3.0 3.0 2.0 2.0 4.0 2.0 5.0 2.0 5.0 5.0 1.0 2.0 2.0 2.0 1.0 4.0 3.0 2.0 4.0 1.0 2.0 3.0 3.0  
67 15.0 3.0 4.0 3.0 1.0 3.0 5.0 5.0 4.0 2.0 5.0 3.0 2.0 1.0 5.0 4.0 4.0 5.0 4.0 5.0 3.0 1.0 3.0 2.0 1.0 5.0 3.0 4.0 2.0 1.0 4.0 2.0 1.0 4.0 5.0 4.0 2.0 1.0 5.0 5.0 4.0  
9 15.0 5.0 3.0 4.0 1.0 5.0 5.0 3.0 2.0 5.0 3.0 2.0 2.0 2.0 2.0 3.0 5.0 4.0 3.0 1.0 5.0 5.0 4.0 3.0 1.0 2.0 5.0 4.0 4.0 3.0 3.0 3.0 1.0 4.0 2.0 1.0 4.0 3.0 1.0 4.0 2.0  
18 6.0 4.0 1.0 4.0 3.0 1.0 1.0 2.0 4.0 3.0 4.0 2.0 2.0 4.0 1.0 4.0 3.0 5.0 3.0 5.0 1.0 2.0 3.0 5.0 3.0 3.0 1.0 5.0 1.0 2.0 3.0 5.0 4.0 1.0 1.0 1.0 2.0 5.0 1.0 4.0 3.0  
115 6.0 4.0 3.0 3.0 1.0 5.0 2.0 1.0 3.0 4.0 5.0 5.0 1.0 1.0 5.0 5.0 3.0 4.0 5.0 3.0 5.0 4.0 1.0 1.0 1.0 4.0 4.0 1.0 3.0 3.0 5.0 5.0 4.0 3.0 5.0 3.0 4.0 5.0 4.0 5.0 5.0  
99 12.0 5.0 2.0 5.0 2.0 3.0 5.0 3.0 5.0 3.0 3.0 3.0 5.0 5.0 5.0 3.0 4.0 2.0 4.0 3.0 4.0 5.0 5.0 5.0 3.0 3.0 5.0 3.0 3.0 2.0 3.0 4.0 5.0 3.0 5.0 1.0 3.0 3.0 4.0 1.0 5.0  
17 14.0 1.0 4.0 5.0 5.0 1.0 5.0 5.0 1.0 4.0 3.0 3.0 1.0 4.0 3.0 2.0 5.0 1.0 4.0 5.0 3.0 1.0 3.0 2.0 2.0 1.0 2.0 4.0 3.0 2.0 5.0 4.0 2.0 5.0 2.0 4.0 2.0 2.0 1.0 4.0 3.0  
134 7.0 3.0 3.0 2.0 3.0 1.0 1.0 5.0 5.0 5.0 3.0 4.0 5.0 3.0 3.0 3.0 4.0 4.0 5.0 4.0 5.0 4.0 5.0 1.0 1.0 2.0 3.0 1.0 1.0 2.0 3.0 2.0 5.0 1.0 5.0 5.0 4.0 5.0 4.0 3.0 4.0  
26 15.0 3.0 4.0 4.0 2.0 4.0 3.0 3.0 2.0 3.0 2.0 5.0 3.0 1.0 1.0 2.0 4.0 5.0 3.0 5.0 4.0 4.0 2.0 3.0 3.0 5.0 2.0 4.0 5.0 3.0 2.0 5.0 3.0 2.0 1.0 4.0 1.0 3.0 4.0 1.0 3.0  
72 15.0 3.0 5.0 5.0 2.0 4.0 5.0 3.0 2.0 4.0 3.0 2.0 2.0 3.0 1.0 4.0 5.0 3.0 2.0 2.0 3.0 1.0 2.0 4.0 1.0 2.0 4.0 5.0 1.0 3.0 1.0 3.0 4.0 5.0 3.0 2.0 3.0 1.0 1.0 1.0 4.0  
137 12.0 4.0 1.0 5.0 4.0 5.0 5.0 1.0 5.0 4.0 3.0 4.0 1.0 4.0 4.0 5.0 5.0 1.0 5.0 1.0 4.0 4.0 2.0 1.0 4.0 5.0 2.0 1.0 3.0 3.0 5.0 4.0 3.0 4.0 2.0 3.0 2.0 1.0 5.0 2.0 4.0  
48 11.0 5.0 3.0 1.0 5.0 3.0 3.0 1.0 2.0 2.0 5.0 5.0 1.0 1.0 3.0 1.0 1.0 5.0 3.0 4.0 3.0 3.0 2.0 2.0 5.0 1.0 1.0 3.0 2.0 1.0 2.0 3.0 3.0 1.0 4.0 4.0 5.0 3.0 3.0 1.0 2.0  
66 14.0 5.0 3.0 4.0 1.0 1.0 4.0 1.0 3.0 4.0 4.0 3.0 3.0 5.0 5.0 2.0 5.0 1.0 3.0 1.0 1.0 3.0 3.0 4.0 3.0 5.0 3.0 1.0 4.0 1.0 5.0 2.0 1.0 4.0 3.0 4.0 4.0 1.0 1.0 3.0 1.0  
69 15.0 4.0 3.0 2.0 2.0 1.0 3.0 1.0 1.0 1.0 5.0 3.0 3.0 1.0 5.0 5.0 2.0 1.0 2.0 2.0 2.0 3.0 5.0 5.0 4.0 1.0 3.0 1.0 1.0 1.0 4.0 2.0 5.0 2.0 4.0 3.0 1.0 2.0 3.0 2.0 2.0  
120 8.0 5.0 4.0 2.0 3.0 1.0 5.0 5.0 4.0 5.0 2.0 1.0 2.0 3.0 4.0 2.0 5.0 3.0 3.0 4.0 1.0 5.0 4.0 4.0 3.0 1.0 4.0 1.0 2.0 5.0 4.0 1.0 5.0 2.0 4.0 1.0 2.0 2.0 5.0 5.0 1.0  
143 7.0 1.0 3.0 1.0 1.0 3.0 3.0 4.0 5.0 2.0 2.0 5.0 3.0 5.0 4.0 1.0 2.0 5.0 3.0 4.0 5.0 2.0 3.0 2.0 5.0 5.0 1.0 3.0 3.0 2.0 4.0 5.0 4.0 4.0 2.0 3.0 3.0 3.0 1.0 3.0 2.0  
40 11.0 3.0 5.0 1.0 5.0 1.0 3.0 3.0 1.0 5.0 3.0 5.0 1.0 3.0 4.0 4.0 2.0 2.0 4.0 2.0 5.0 4.0 1.0 4.0 1.0 5.0 5.0 3.0 1.0 1.0 3.0 1.0 1.0 3.0 5.0 2.0 4.0 5.0 3.0 2.0 1.0  
93 6.0 1.0 2.0 4.0 4.0 2.0 4.0 2.0 1.0 2.0 3.0 4.0 1.0 1.0 1.0 4.0 4.0 5.0 1.0 5.0 2.0 2.0 5.0 5.0 2.0 2.0 1.0 2.0 3.0 4.0 2.0 5.0 1.0 5.0 1.0 5.0 2.0 2.0 5.0 3.0 2.0  
118 15.0 2.0 5.0 4.0 3.0 2.0 4.0 3.0 4.0 2.0 2.0 3.0 1.0 3.0 4.0 1.0 2.0 3.0 1.0 3.0 2.0 3.0 5.0 5.0 5.0 3.0 3.0 4.0 2.0 3.0 1.0 4.0 1.0 2.0 2.0 4.0 3.0 1.0 5.0 1.0 3.0  
107 14.0 1.0 5.0 3.0 2.0 1.0 4.0 1.0 1.0 1.0 5.0 1.0 5.0 2.0 4.0 2.0 1.0 1.0 3.0 3.0 4.0 2.0 4.0 3.0 3.0 3.0 1.0 5.0 5.0 2.0 5.0 1.0 5.0 5.0 2.0 1.0 5.0 3.0 3.0 5.0 5.0  
144 12.0 2.0 5.0 1.0 4.0 3.0 4.0 4.0 5.0 5.0 3.0 2.0 5.0 4.0 2.0 2.0 5.0 5.0 2.0 5.0 4.0 2.0 5.0 3.0 4.0 5.0 1.0 5.0 1.0 1.0 4.0 5.0 4.0 5.0 2.0 4.0 3.0 5.0 2.0 3.0 5.0  
3 12.0 5.0 2.0 4.0 5.0 4.0 4.0 1.0 1.0 4.0 5.0 2.0 3.0 2.0 4.0 3.0 1.0 3.0 5.0 4.0 5.0 3.0 3.0 3.0 3.0 5.0 4.0 3.0 4.0 2.0 5.0 3.0 4.0 1.0 3.0 1.0 4.0 4.0 3.0 2.0 2.0  
24 12.0 5.0 1.0 3.0 2.0 3.0 4.0 4.0 3.0 1.0 3.0 5.0 4.0 4.0 3.0 4.0 3.0 4.0 4.0 2.0 4.0 3.0 1.0 4.0 4.0 4.0 4.0 5.0 1.0 1.0 3.0 5.0 5.0 3.0 5.0 3.0 3.0 1.0 4.0 3.0 1.0  
42 6.0 4.0 4.0 4.0 5.0 2.0 3.0 5.0 2.0 5.0 4.0 2.0 4.0 4.0 2.0 1.0 4.0 5.0 4.0 4.0 4.0 1.0 2.0 1.0 2.0 5.0 4.0 5.0 5.0 3.0 3.0 1.0 3.0 1.0 5.0 3.0 2.0 2.0 2.0 5.0 2.0  
83 11.0 3.0 5.0 1.0 5.0 1.0 4.0 2.0 4.0 2.0 5.0 3.0 2.0 1.0 2.0 2.0 4.0 3.0 5.0 2.0 1.0 1.0 2.0 4.0 4.0 1.0 4.0 4.0 3.0 3.0 2.0 3.0 3.0 2.0 3.0 1.0 2.0 1.0 1.0 2.0 3.0  
147 15.0 2.0 1.0 1.0 1.0 5.0 3.0 3.0 4.0 4.0 1.0 5.0 5.0 2.0 1.0 1.0 2.0 4.0 1.0 1.0 2.0 1.0 4.0 3.0 3.0 5.0 2.0 1.0 2.0 3.0 3.0 5.0 3.0 4.0 1.0 3.0 1.0 5.0 2.0 4.0 3.0  
131 13.0 2.0 5.0 3.0 2.0 3.0 4.0 2.0 2.0 5.0 5.0 1.0 1.0 5.0 4.0 2.0 2.0 5.0 3.0 3.0 4.0 1.0 3.0 1.0 1.0 3.0 2.0 4.0 3.0 1.0 4.0 1.0 1.0 1.0 5.0 4.0 2.0 1.0 1.0 2.0 4.0  
135 6.0 3.0 4.0 4.0 2.0 4.0 1.0 5.0 4.0 2.0 3.0 3.0 1.0 1.0 2.0 4.0 2.0 2.0 4.0 5.0 5.0 4.0 2.0 1.0 5.0 3.0 1.0 1.0 1.0 2.0 3.0 4.0 4.0 2.0 4.0 4.0 4.0 1.0 2.0 2.0 4.0  
148 15.0 4.0 4.0 1.0 1.0 5.0 1.0 3.0 2.0 2.0 2.0 4.0 3.0 3.0 1.0 5.0 2.0 5.0 3.0 3.0 5.0 4.0 5.0 5.0 1.0 3.0 2.0 1.0 3.0 3.0 5.0 3.0 5.0 1.0 5.0 3.0 5.0 3.0 2.0 4.0 4.0  
36 14.0 2.0 1.0 1.0 3.0 1.0 2.0 3.0 2.0 1.0 5.0 3.0 5.0 5.0 5.0 4.0 3.0 5.0 3.0 5.0 5.0 2.0 4.0 1.0 4.0 5.0 5.0 3.0 1.0 3.0 4.0 3.0 3.0 3.0 5.0 4.0 3.0 3.0 2.0 5.0 2.0  
103 14.0 3.0 5.0 4.0 1.0 5.0 2.0 1.0 5.0 3.0 3.0 3.0 3.0 2.0 3.0 2.0 5.0 2.0 1.0 3.0 1.0 1.0 4.0 1.0 1.0 3.0 4.0 3.0 2.0 5.0 3.0 1.0 1.0 3.0 3.0 3.0 5.0 2.0 3.0 1.0 1.0  
38 6.0 1.0 4.0 4.0 1.0 3.0 5.0 2.0 3.0 2.0 4.0 3.0 1.0 5.0 2.0 1.0 4.0 1.0 1.0 3.0 2.0 2.0 1.0 3.0 3.0 4.0 1.0 4.0 2.0 4.0 3.0 1.0 5.0 4.0 5.0 2.0 5.0 1.0 1.0 4.0 2.0  
20 13.0 2.0 2.0 3.0 2.0 2.0 4.0 2.0 4.0 3.0 5.0 5.0 2.0 5.0 3.0 2.0 2.0 5.0 2.0 4.0 3.0 5.0 2.0 4.0 1.0 5.0 5.0 3.0 5.0 1.0 4.0 1.0 3.0 5.0 3.0 5.0 3.0 1.0 5.0 2.0 1.0  
136 15.0 1.0 2.0 5.0 2.0 3.0 2.0 4.0 2.0 1.0 5.0 2.0 2.0 4.0 1.0 2.0 4.0 4.0 3.0 3.0 2.0 1.0 4.0 3.0 5.0 5.0 2.0 1.0 1.0 2.0 2.0 2.0 5.0 5.0 3.0 3.0 2.0 2.0 5.0 1.0 5.0  
56 8.0 1.0 2.0 2.0 3.0 4.0 2.0 2.0 5.0 2.0 4.0 1.0 2.0 1.0 3.0 3.0 5.0 1.0 2.0 4.0 1.0 5.0 5.0 4.0 3.0 1.0 5.0 3.0 3.0 5.0 4.0 1.0 1.0 1.0 5.0 5.0 1.0 2.0 4.0 3.0 2.0  
22 11.0 3.0 1.0 4.0 2.0 2.0 2.0 2.0 2.0 3.0 1.0 5.0 1.0 3.0 3.0 2.0 3.0 3.0 5.0 4.0 2.0 2.0 5.0 4.0 3.0 3.0 1.0 4.0 5.0 5.0 4.0 1.0 1.0 5.0 1.0 3.0 3.0 4.0 1.0 5.0 1.0  
128 13.0 5.0 3.0 4.0 4.0 5.0 1.0 2.0 2.0 5.0 1.0 4.0 5.0 1.0 4.0 2.0 1.0 2.0 5.0 2.0 2.0 4.0 2.0 5.0 3.0 3.0 4.0 5.0 4.0 4.0 2.0 2.0 4.0 4.0 4.0 4.0 2.0 5.0 4.0 2.0 3.0  
97 15.0 3.0 2.0 2.0 2.0 1.0 5.0 2.0 4.0 5.0 4.0 2.0 4.0 3.0 5.0 5.0 1.0 2.0 1.0 2.0 1.0 2.0 3.0 1.0 4.0 2.0 2.0 1.0 1.0 1.0 4.0 4.0 4.0 1.0 4.0 2.0 3.0 2.0 1.0 2.0 2.0  
114 14.0 4.0 3.0 4.0 1.0 4.0 5.0 2.0 5.0 4.0 5.0 2.0 2.0 2.0 3.0 5.0 1.0 2.0 4.0 4.0 2.0 3.0 1.0 4.0 5.0 1.0 1.0 2.0 2.0 5.0 3.0 5.0 4.0 1.0 1.0 4.0 3.0 3.0 5.0 3.0 1.0  
34 10.0 4.0 4.0 4.0 4.0 1.0 4.0 4.0 4.0 1.0 1.0 2.0 4.0 1.0 2.0 5.0 2.0 1.0 2.0 3.0 3.0 1.0 1.0 3.0 4.0 1.0 2.0 5.0 5.0 3.0 2.0 4.0 3.0 2.0 1.0 1.0 1.0 4.0 2.0 1.0 3.0  
88 9.0 1.0 5.0 5.0 2.0 5.0 2.0 5.0 1.0 4.0 4.0 5.0 3.0 2.0 1.0 1.0 4.0 5.0 3.0 2.0 4.0 3.0 2.0 3.0 3.0 1.0 5.0 2.0 1.0 2.0 1.0 3.0 3.0 5.0 5.0 3.0 4.0 1.0 2.0 3.0 5.0  
96 14.0 3.0 2.0 3.0 4.0 4.0 5.0 3.0 3.0 5.0 4.0 1.0 5.0 3.0 5.0 1.0 4.0 5.0 5.0 2.0 1.0 1.0 2.0 5.0 5.0 1.0 2.0 3.0 1.0 4.0 5.0 3.0 3.0 1.0 5.0 2.0 2.0 1.0 4.0 3.0 5.0  
21 11.0 1.0 3.0 1.0 2.0 4.0 2.0 1.0 5.0 1.0 4.0 2.0 1.0 4.0 2.0 1.0 5.0 3.0 4.0 4.0 5.0 1.0 2.0 2.0 2.0 2.0 4.0 3.0 2.0 4.0 1.0 1.0 5.0 1.0 4.0 4.0 5.0 4.0 4.0 1.0 4.0  
119 6.0 2.0 4.0 2.0 5.0 3.0 2.0 5.0 4.0 3.0 1.0 4.0 4.0 1.0 3.0 1.0 2.0 2.0 5.0 4.0 4.0 1.0 2.0 2.0 4.0 3.0 4.0 1.0 5.0 1.0 5.0 5.0 2.0 2.0 1.0 3.0 5.0 3.0 1.0 1.0 4.0  
100 11.0 2.0 2.0 4.0 5.0 1.0 4.0 4.0 1.0 1.0 5.0 3.0 5.0 1.0 4.0 2.0 3.0 5.0 2.0 3.0 1.0 1.0 1.0 5.0 3.0 3.0 5.0 3.0 2.0 3.0 3.0 1.0 3.0 4.0 4.0 3.0 2.0 1.0 4.0 1.0 2.0  
105 11.0 5.0 1.0 5.0 2.0 2.0 1.0 2.0 5.0 4.0 4.0 1.0 1.0 4.0 5.0 4.0 5.0 5.0 1.0 4.0 4.0 3.0 2.0 4.0 4.0 1.0 2.0 5.0 1.0 1.0 5.0 4.0 3.0 1.0 5.0 5.0 5.0 5.0 1.0 5.0 2.0  
10 15.0 5.0 5.0 2.0 1.0 5.0 1.0 1.0 3.0 2.0 5.0 1.0 3.0 3.0 1.0 2.0 4.0 5.0 4.0 3.0 5.0 5.0 5.0 3.0 4.0 3.0 1.0 4.0 4.0 4.0 4.0 5.0 2.0 1.0 1.0 4.0 4.0 3.0 1.0 5.0 2.0  
27 6.0 3.0 3.0 2.0 2.0 1.0 1.0 3.0 3.0 5.0 1.0 2.0 3.0 4.0 4.0 5.0 4.0 1.0 2.0 4.0 3.0 4.0 5.0 3.0 5.0 5.0 3.0 3.0 2.0 4.0 3.0 3.0 5.0 1.0 3.0 4.0 1.0 5.0 1.0 3.0 5.0  
77 10.0 1.0 1.0 1.0 5.0 4.0 5.0 5.0 5.0 5.0 2.0 2.0 5.0 3.0 5.0 1.0 1.0 1.0 5.0 5.0 5.0 4.0 2.0 2.0 1.0 2.0 3.0 1.0 2.0 2.0 4.0 5.0 3.0 3.0 1.0 4.0 4.0 1.0 3.0 4.0 2.0  
35 6.0 5.0 1.0 2.0 1.0 3.0 5.0 5.0 4.0 3.0 3.0 4.0 2.0 5.0 5.0 2.0 1.0 3.0 5.0 2.0 5.0 4.0 4.0 1.0 3.0 1.0 1.0 5.0 1.0 5.0 1.0 1.0 3.0 1.0 2.0 5.0 1.0 2.0 3.0 5.0 3.0  
74 13.0 1.0 4.0 5.0 4.0 5.0 5.0 5.0 2.0 5.0 1.0 2.0 4.0 3.0 1.0 5.0 2.0 5.0 3.0 4.0 5.0 5.0 5.0 1.0 2.0 3.0 3.0 5.0 5.0 1.0 3.0 1.0 2.0 4.0 2.0 2.0 2.0 2.0 3.0 2.0 3.0  
2 15.0 5.0 2.0 1.0 3.0 2.0 1.0 1.0 3.0 1.0 2.0 5.0 4.0 4.0 4.0 4.0 3.0 2.0 3.0 4.0 3.0 3.0 3.0 4.0 2.0 2.0 2.0 5.0 3.0 2.0 4.0 4.0 3.0 2.0 3.0 2.0 1.0 2.0 3.0 5.0 4.0  
92 11.0 4.0 5.0 4.0 4.0 1.0 5.0 5.0 2.0 3.0 1.0 3.0 3.0 5.0 2.0 4.0 3.0 2.0 3.0 4.0 2.0 4.0 5.0 5.0 5.0 3.0 3.0 5.0 1.0 1.0 3.0 3.0 4.0 2.0 1.0 2.0 1.0 2.0 2.0 1.0 2.0  
81 11.0 3.0 5.0 2.0 1.0 5.0 2.0 1.0 1.0 2.0 1.0 2.0 1.0 3.0 2.0 2.0 1.0 1.0 1.0 1.0 5.0 3.0 3.0 5.0 4.0 5.0 5.0 4.0 2.0 2.0 1.0 2.0 4.0 1.0 3.0 5.0 1.0 3.0 2.0 2.0 3.0  
58 6.0 1.0 2.0 3.0 5.0 3.0 1.0 4.0 2.0 4.0 4.0 4.0 4.0 1.0 5.0 5.0 3.0 4.0 3.0 4.0 2.0 1.0 4.0 5.0 1.0 2.0 2.0 3.0 1.0 4.0 3.0 3.0 4.0 3.0 3.0 5.0 5.0 3.0 3.0 2.0 1.0  
33 14.0 5.0 3.0 5.0 4.0 5.0 4.0 3.0 1.0 3.0 5.0 2.0 3.0 4.0 5.0 4.0 3.0 5.0 4.0 5.0 4.0 4.0 3.0 5.0 3.0 5.0 3.0 4.0 4.0 3.0 4.0 1.0 1.0 3.0 5.0 1.0 1.0 4.0 2.0 1.0 5.0  
85 6.0 5.0 1.0 5.0 5.0 4.0 5.0 2.0 4.0 3.0 3.0 5.0 5.0 5.0 5.0 2.0 4.0 5.0 5.0 3.0 3.0 1.0 5.0 3.0 5.0 5.0 5.0 4.0 4.0 4.0 2.0 1.0 4.0 1.0 5.0 1.0 1.0 3.0 1.0 4.0 2.0  
63 7.0 1.0 5.0 2.0 1.0 4.0 3.0 2.0 3.0 5.0 2.0 4.0 3.0 3.0 2.0 4.0 5.0 5.0 5.0 3.0 4.0 3.0 3.0 1.0 2.0 2.0 1.0 4.0 2.0 4.0 5.0 5.0 5.0 3.0 1.0 3.0 2.0 4.0 4.0 4.0 1.0  
101 9.0 3.0 4.0 1.0 1.0 4.0 2.0 2.0 5.0 3.0 2.0 3.0 1.0 4.0 4.0 1.0 5.0 5.0 4.0 2.0 3.0 1.0 2.0 5.0 4.0 2.0 2.0 4.0 4.0 1.0 4.0 3.0 5.0 4.0 4.0 4.0 3.0 4.0 5.0 2.0 5.0  
82 14.0 1.0 1.0 3.0 3.0 1.0 2.0 5.0 3.0 3.0 3.0 5.0 3.0 4.0 1.0 3.0 5.0 5.0 4.0 3.0 2.0 4.0 5.0 5.0 2.0 1.0 1.0 4.0 1.0 1.0 1.0 1.0 2.0 2.0 5.0 4.0 5.0 4.0 1.0 5.0 5.0  
68 14.0 5.0 1.0 1.0 1.0 1.0 2.0 2.0 3.0 1.0 4.0 2.0 5.0 4.0 1.0 2.0 3.0 2.0 2.0 3.0 3.0 2.0 5.0 4.0 5.0 5.0 1.0 5.0 1.0 2.0 2.0 2.0 3.0 1.0 2.0 1.0 5.0 5.0 2.0 1.0 5.0  
31 10.0 4.0 3.0 1.0 4.0 5.0 5.0 5.0 4.0 2.0 5.0 4.0 3.0 4.0 5.0 5.0 1.0 4.0 1.0 5.0 2.0 3.0 2.0 4.0 1.0 4.0 4.0 4.0 2.0 4.0 2.0 2.0 3.0 3.0 1.0 1.0 2.0 4.0 3.0 5.0 2.0  
112 12.0 3.0 4.0 3.0 2.0 5.0 5.0 2.0 2.0 5.0 4.0 1.0 2.0 1.0 1.0 5.0 1.0 2.0 4.0 5.0 3.0 4.0 3.0 1.0 5.0 5.0 5.0 3.0 4.0 1.0 4.0 2.0 2.0 5.0 3.0 5.0 4.0 3.0 1.0 4.0 4.0  
54 10.0 1.0 4.0 2.0 3.0 5.0 3.0 4.0 1.0 3.0 4.0 5.0 5.0 3.0 1.0 2.0 1.0 2.0 1.0 5.0 4.0 5.0 1.0 1.0 4.0 2.0 3.0 3.0 4.0 1.0 4.0 5.0 5.0 1.0 5.0 5.0 5.0 1.0 2.0 3.0 2.0  
65 15.0 3.0 5.0 2.0 4.0 1.0 4.0 2.0 5.0 1.0 4.0 4.0 5.0 3.0 3.0 3.0 3.0 3.0 1.0 2.0 4.0 4.0 3.0 1.0 4.0 4.0 1.0 5.0 4.0 1.0 5.0 1.0 2.0 5.0 2.0 1.0 1.0 1.0 2.0 4.0 2.0  
37 10.0 4.0 2.0 4.0 2.0 4.0 2.0 2.0 5.0 4.0 5.0 5.0 1.0 3.0 1.0 5.0 1.0 2.0 1.0 4.0 4.0 2.0 1.0 1.0 1.0 1.0 4.0 3.0 1.0 3.0 4.0 4.0 3.0 3.0 4.0 2.0 2.0 3.0 4.0 2.0 1.0  
138 9.0 2.0 1.0 2.0 4.0 1.0 1.0 1.0 4.0 4.0 1.0 4.0 5.0 4.0 5.0 3.0 5.0 3.0 2.0 2.0 2.0 4.0 4.0 2.0 2.0 2.0 5.0 5.0 4.0 2.0 4.0 3.0 4.0 5.0 4.0 3.0 1.0 4.0 2.0 5.0 2.0  
41 11.0 2.0 4.0 2.0 3.0 4.0 5.0 5.0 5.0 4.0 4.0 4.0 1.0 5.0 4.0 2.0 5.0 2.0 2.0 2.0 3.0 3.0 5.0 5.0 4.0 5.0 3.0 5.0 5.0 5.0 1.0 3.0 2.0 1.0 2.0 5.0 1.0 1.0 2.0 3.0 4.0  
127 12.0 5.0 4.0 5.0 3.0 5.0 5.0 1.0 1.0 1.0 5.0 2.0 5.0 3.0 4.0 1.0 3.0 5.0 1.0 2.0 3.0 1.0 3.0 2.0 3.0 2.0 5.0 4.0 4.0 5.0 2.0 4.0 3.0 4.0 3.0 4.0 1.0 3.0 2.0 5.0 2.0  
129 8.0 2.0 3.0 5.0 5.0 3.0 5.0 1.0 4.0 5.0 4.0 2.0 4.0 4.0 5.0 5.0 4.0 1.0 5.0 5.0 4.0 5.0 1.0 4.0 2.0 3.0 4.0 1.0 5.0 5.0 1.0 5.0 4.0 1.0 4.0 2.0 3.0 5.0 5.0 2.0 3.0  
76 9.0 1.0 3.0 1.0 5.0 5.0 5.0 3.0 5.0 5.0 5.0 1.0 4.0 3.0 1.0 5.0 3.0 4.0 4.0 2.0 3.0 3.0 3.0 1.0 1.0 5.0 5.0 5.0 1.0 3.0 1.0 5.0 3.0 3.0 3.0 5.0 4.0 1.0 1.0 4.0 1.0  
145 13.0 4.0 3.0 4.0 4.0 3.0 4.0 3.0 4.0 2.0 5.0 5.0 2.0 4.0 2.0 2.0 5.0 1.0 2.0 4.0 4.0 1.0 5.0 1.0 4.0 4.0 1.0 5.0 4.0 4.0 2.0 4.0 2.0 2.0 4.0 2.0 3.0 3.0 2.0 1.0 1.0  
50 15.0 5.0 1.0 3.0 3.0 2.0 1.0 3.0 5.0 3.0 4.0 4.0 4.0 5.0 2.0 2.0 1.0 1.0 2.0 1.0 3.0 3.0 1.0 4.0 4.0 3.0 1.0 1.0 5.0 1.0 5.0 2.0 5.0 4.0 2.0 4.0 4.0 5.0 5.0 3.0 3.0  
80 12.0 2.0 4.0 5.0 5.0 2.0 5.0 3.0 1.0 1.0 3.0 1.0 4.0 1.0 5.0 3.0 2.0 1.0 2.0 3.0 1.0 5.0 4.0 4.0 2.0 5.0 3.0 1.0 4.0 2.0 3.0 2.0 1.0 1.0 2.0 1.0 3.0 4.0 1.0 5.0 3.0  
49 9.0 5.0 2.0 3.0 5.0 2.0 4.0 1.0 3.0 2.0 3.0 5.0 4.0 1.0 1.0 3.0 3.0 5.0 1.0 3.0 4.0 2.0 5.0 4.0 3.0 2.0 3.0 1.0 3.0 3.0 4.0 3.0 5.0 3.0 2.0 3.0 1.0 4.0 1.0 5.0 4.0  
102 12.0 3.0 5.0 1.0 5.0 4.0 4.0 2.0 4.0 3.0 2.0 1.0 2.0 2.0 1.0 2.0 1.0 1.0 5.0 4.0 4.0 1.0 1.0 1.0 4.0 3.0 2.0 4.0 1.0 5.0 3.0 3.0 1.0 1.0 3.0 4.0 1.0 3.0 1.0 4.0 1.0  
1 7.0 4.0 2.0 3.0 5.0 1.0 2.0 1.0 5.0 3.0 5.0 4.0 2.0 1.0 1.0 1.0 2.0 3.0 3.0 1.0 5.0 3.0 2.0 5.0 2.0 2.0 5.0 3.0 1.0 2.0 2.0 2.0 4.0 3.0 3.0 2.0 2.0 3.0 1.0 4.0 5.0  
47 13.0 4.0 4.0 3.0 5.0 5.0 3.0 5.0 1.0 3.0 2.0 2.0 5.0 2.0 5.0 1.0 1.0 4.0 5.0 3.0 5.0 1.0 3.0 1.0 5.0 2.0 2.0 4.0 1.0 1.0 5.0 1.0 3.0 4.0 5.0 2.0 2.0 5.0 3.0 3.0 2.0  
140 7.0 2.0 1.0 2.0 1.0 5.0 1.0 2.0 2.0 2.0 4.0 4.0 1.0 1.0 1.0 2.0 2.0 2.0 1.0 4.0 2.0 3.0 5.0 3.0 3.0 5.0 3.0 1.0 4.0 4.0 3.0 4.0 1.0 3.0 2.0 4.0 1.0 5.0 4.0 5.0 3.0  
12 13.0 3.0 4.0 3.0 4.0 1.0 3.0 3.0 2.0 1.0 5.0 4.0 4.0 1.0 1.0 5.0 5.0 1.0 4.0 2.0 2.0 5.0 3.0 2.0 4.0 4.0 5.0 5.0 1.0 4.0 4.0 3.0 5.0 5.0 4.0 2.0 2.0 4.0 3.0 3.0 3.0  
124 8.0 4.0 3.0 5.0 5.0 4.0 4.0 1.0 3.0 5.0 4.0 4.0 3.0 1.0 3.0 1.0 1.0 2.0 5.0 5.0 4.0 4.0 3.0 4.0 1.0 5.0 2.0 4.0 5.0 3.0 1.0 5.0 1.0 3.0 1.0 1.0 5.0 4.0 5.0 4.0 5.0  
32 6.0 4.0 4.0 4.0 2.0 3.0 2.0 4.0 5.0 5.0 5.0 5.0 4.0 4.0 1.0 3.0 4.0 3.0 5.0 1.0 4.0 3.0 5.0 2.0 5.0 4.0 1.0 4.0 3.0 2.0 2.0 2.0 5.0 5.0 1.0 4.0 1.0 1.0 3.0 5.0 2.0  
4 12.0 1.0 2.0 1.0 3.0 5.0 2.0 1.0 5.0 3.0 1.0 1.0 2.0 1.0 3.0 5.0 3.0 3.0 1.0 4.0 3.0 2.0 5.0 3.0 5.0 4.0 5.0 2.0 1.0 4.0 4.0 3.0 2.0 2.0 5.0 3.0 5.0 4.0 1.0 1.0 2.0  
94 10.0 3.0 2.0 5.0 2.0 4.0 3.0 2.0 2.0 2.0 5.0 1.0 4.0 5.0 5.0 2.0 1.0 3.0 1.0 5.0 5.0 4.0 5.0 4.0 4.0 3.0 3.0 4.0 3.0 4.0 3.0 3.0 1.0 2.0 5.0 1.0 5.0 2.0 5.0 2.0 4.0  
51 13.0 3.0 2.0 4.0 3.0 1.0 2.0 3.0 4.0 1.0 4.0 3.0 2.0 5.0 4.0 4.0 4.0 2.0 3.0 3.0 3.0 4.0 4.0 4.0 5.0 3.0 2.0 5.0 4.0 2.0 1.0 3.0 1.0 1.0 1.0 5.0 1.0 1.0 2.0 2.0 1.0  
149 12.0 5.0 3.0 2.0 2.0 4.0 5.0 2.0 2.0 1.0 5.0 2.0 2.0 1.0 5.0 2.0 1.0 4.0 2.0 4.0 3.0 2.0 1.0 4.0 5.0 4.0 1.0 3.0 5.0 3.0 3.0 4.0 4.0 3.0 5.0 2.0 3.0 2.0 4.0 2.0 5.0  
75 15.0 3.0 3.0 3.0 4.0 3.0 3.0 5.0 2.0 3.0 4.0 3.0 2.0 4.0 2.0 2.0 5.0 4.0 4.0 3.0 1.0 1.0 3.0 4.0 2.0 3.0 3.0 5.0 4.0 4.0 1.0 2.0 5.0 2.0 1.0 3.0 1.0 1.0 1.0 1.0 3.0  
44 13.0 1.0 4.0 3.0 5.0 3.0 5.0 4.0 2.0 1.0 3.0 2.0 1.0 5.0 3.0 3.0 2.0 3.0 1.0 5.0 1.0 1.0 3.0 3.0 5.0 2.0 3.0 2.0 2.0 3.0 4.0 1.0 1.0 5.0 5.0 5.0 3.0 4.0 2.0 3.0 2.0  
84 10.0 3.0 2.0 4.0 4.0 5.0 3.0 3.0 5.0 4.0 2.0 2.0 5.0 4.0 1.0 2.0 1.0 3.0 3.0 5.0 4.0 5.0 2.0 2.0 2.0 3.0 4.0 1.0 5.0 4.0 3.0 2.0 2.0 3.0 4.0 1.0 3.0 1.0 1.0 2.0 1.0  
90 7.0 3.0 1.0 5.0 5.0 4.0 1.0 4.0 3.0 5.0 2.0 1.0 4.0 2.0 4.0 3.0 2.0 4.0 1.0 5.0 4.0 5.0 3.0 2.0 1.0 5.0 1.0 1.0 3.0 4.0 2.0 3.0 3.0 4.0 2.0 2.0 5.0 5.0 1.0 5.0 1.0  
89 12.0 4.0 1.0 4.0 2.0 5.0 2.0 1.0 3.0 5.0 2.0 1.0 3.0 5.0 2.0 3.0 1.0 1.0 2.0 3.0 1.0 1.0 1.0 2.0 4.0 2.0 2.0 1.0 2.0 2.0 3.0 4.0 1.0 1.0 1.0 4.0 3.0 1.0 2.0 1.0 4.0  
16 13.0 2.0 4.0 1.0 1.0 1.0 4.0 4.0 3.0 4.0 4.0 3.0 2.0 3.0 5.0 4.0 4.0 3.0 2.0 2.0 4.0 2.0 1.0 3.0 3.0 4.0 3.0 1.0 3.0 5.0 1.0 3.0 1.0 1.0 4.0 4.0 2.0 2.0 4.0 1.0 5.0  
133 14.0 2.0 5.0 1.0 2.0 1.0 2.0 5.0 1.0 5.0 2.0 3.0 3.0 5.0 1.0 4.0 5.0 4.0 3.0 3.0 1.0 1.0 4.0 1.0 4.0 3.0 3.0 4.0 2.0 4.0 5.0 3.0 5.0 1.0 4.0 2.0 2.0 4.0 5.0 5.0 3.0  
71 12.0 2.0 3.0 4.0 3.0 5.0 4.0 1.0 4.0 1.0 5.0 5.0 4.0 5.0 3.0 2.0 5.0 2.0 1.0 5.0 2.0 3.0 5.0 1.0 2.0 5.0 2.0 1.0 5.0 2.0 3.0 1.0 1.0 3.0 4.0 1.0 2.0 2.0 4.0 2.0 4.0  
106 7.0 5.0 1.0 5.0 2.0 2.0 2.0 5.0 4.0 2.0 4.0 4.0 5.0 1.0 1.0 3.0 5.0 2.0 4.0 5.0 4.0 4.0 1.0 2.0 4.0 4.0 5.0 1.0 1.0 5.0 1.0 3.0 2.0 1.0 2.0 4.0 4.0 3.0 3.0 2.0 1.0  
64 10.0 1.0 5.0 3.0 3.0 3.0 3.0 5.0 2.0 5.0 2.0 2.0 2.0 1.0 4.0 5.0 2.0 5.0 5.0 4.0 4.0 3.0 2.0 1.0 3.0 2.0 1.0 2.0 1.0 5.0 2.0 2.0 5.0 2.0 4.0 4.0 1.0 5.0 1.0 4.0 3.0  
126 12.0 2.0 2.0 4.0 2.0 5.0 3.0 4.0 1.0 5.0 5.0 2.0 1.0 2.0 4.0 3.0 2.0 1.0 5.0 1.0 5.0 1.0 3.0 2.0 3.0 2.0 4.0 5.0 2.0 2.0 5.0 3.0 1.0 5.0 4.0 1.0 1.0 4.0 5.0 1.0 5.0  
141 7.0 4.0 5.0 2.0 4.0 2.0 4.0 2.0 2.0 1.0 5.0 2.0 1.0 3.0 3.0 4.0 5.0 5.0 5.0 4.0 4.0 5.0 5.0 5.0 4.0 5.0 1.0 3.0 4.0 1.0 2.0 2.0 5.0 4.0 1.0 3.0 4.0 1.0 5.0 4.0 3.0  
60 8.0 4.0 2.0 2.0 3.0 1.0 4.0 5.0 4.0 2.0 1.0 5.0 5.0 4.0 2.0 2.0 5.0 5.0 5.0 3.0 1.0 1.0 4.0 4.0 3.0 5.0 1.0 3.0 3.0 5.0 4.0 4.0 1.0 4.0 3.0 4.0 4.0 2.0 3.0 1.0 4.0  
95 7.0 3.0 2.0 5.0 3.0 5.0 3.0 5.0 3.0 4.0 3.0 2.0 3.0 3.0 4.0 1.0 3.0 3.0 3.0 3.0 2.0 2.0 3.0 5.0 1.0 2.0 2.0 4.0 5.0 2.0 2.0 5.0 5.0 2.0 2.0 2.0 1.0 4.0 1.0 1.0 1.0  
45 13.0 3.0 4.0 2.0 1.0 1.0 4.0 4.0 5.0 1.0 4.0 1.0 1.0 3.0 4.0 4.0 1.0 4.0 5.0 5.0 5.0 4.0 2.0 3.0 2.0 2.0 2.0 5.0 4.0 3.0 1.0 5.0 3.0 1.0 2.0 4.0 4.0 3.0 1.0 4.0 3.0  
116 8.0 5.0 3.0 2.0 2.0 3.0 5.0 5.0 2.0 2.0 4.0 4.0 1.0 1.0 4.0 3.0 4.0 4.0 3.0 2.0 4.0 1.0 4.0 1.0 2.0 3.0 5.0 5.0 5.0 3.0 1.0 4.0 3.0 4.0 5.0 3.0 4.0 3.0 2.0 4.0 3.0  
19 6.0 5.0 4.0 4.0 2.0 5.0 2.0 5.0 2.0 3.0 5.0 2.0 4.0 3.0 5.0 5.0 3.0 3.0 1.0 1.0 5.0 4.0 2.0 2.0 2.0 1.0 3.0 5.0 3.0 4.0 2.0 3.0 5.0 1.0 1.0 3.0 4.0 1.0 1.0 2.0 4.0  
130 13.0 1.0 2.0 5.0 4.0 5.0 2.0 4.0 3.0 2.0 5.0 3.0 3.0 3.0 2.0 3.0 1.0 5.0 3.0 3.0 3.0 1.0 3.0 1.0 5.0 4.0 1.0 3.0 2.0 4.0 5.0 1.0 4.0 5.0 5.0 2.0 1.0 3.0 3.0 4.0 5.0  
5 10.0 2.0 2.0 4.0 2.0 5.0 2.0 2.0 2.0 5.0 1.0 4.0 1.0 3.0 3.0 1.0 4.0 4.0 1.0 3.0 1.0 4.0 1.0 5.0 4.0 2.0 3.0 5.0 4.0 2.0 2.0 2.0 5.0 4.0 5.0 5.0 2.0 2.0 4.0 2.0 1.0  
73 14.0 1.0 2.0 5.0 1.0 4.0 5.0 5.0 4.0 2.0 1.0 3.0 3.0 2.0 1.0 3.0 4.0 1.0 5.0 3.0 3.0 2.0 3.0 3.0 5.0 5.0 5.0 1.0 5.0 2.0 3.0 4.0 2.0 2.0 3.0 3.0 1.0 1.0 5.0 5.0 5.0  
104 10.0 5.0 1.0 2.0 4.0 3.0 4.0 1.0 3.0 3.0 2.0 1.0 3.0 5.0 2.0 3.0 3.0 2.0 2.0 4.0 3.0 4.0 1.0 3.0 2.0 3.0 3.0 3.0 2.0 2.0 5.0 4.0 2.0 2.0 5.0 1.0 2.0 2.0 3.0 1.0 5.0  
30 15.0 4.0 5.0 3.0 1.0 3.0 4.0 4.0 3.0 5.0 3.0 5.0 1.0 5.0 5.0 2.0 4.0 1.0 5.0 4.0 1.0 3.0 1.0 5.0 4.0 4.0 5.0 2.0 5.0 4.0 2.0 3.0 3.0 1.0 1.0 1.0 4.0 1.0 2.0 5.0 5.0  
59 10.0 4.0 2.0 3.0 4.0 4.0 4.0 4.0 5.0 4.0 1.0 3.0 5.0 1.0 5.0 3.0 3.0 2.0 3.0 4.0 2.0 5.0 1.0 5.0 2.0 1.0 5.0 3.0 4.0 5.0 1.0 1.0 4.0 4.0 2.0 1.0 5.0 5.0 5.0 2.0 5.0  
125 8.0 4.0 5.0 2.0 4.0 2.0 5.0 4.0 1.0 3.0 1.0 1.0 1.0 3.0 2.0 4.0 5.0 5.0 3.0 1.0 5.0 3.0 3.0 3.0 5.0 4.0 3.0 1.0 4.0 3.0 3.0 2.0 3.0 4.0 1.0 5.0 1.0 1.0 5.0 5.0 5.0  
109 6.0 4.0 3.0 2.0 4.0 1.0 5.0 3.0 2.0 2.0 1.0 1.0 2.0 2.0 3.0 4.0 4.0 3.0 1.0 3.0 5.0 5.0 4.0 1.0 5.0 1.0 1.0 5.0 5.0 5.0 4.0 2.0 4.0 3.0 3.0 3.0 5.0 1.0 1.0 5.0 5.0  
108 15.0 5.0 4.0 5.0 4.0 3.0 2.0 4.0 1.0 2.0 2.0 1.0 1.0 2.0 1.0 5.0 3.0 2.0 3.0 1.0 5.0 3.0 5.0 1.0 2.0 2.0 3.0 3.0 1.0 3.0 3.0 2.0 1.0 3.0 3.0 4.0 2.0 1.0 4.0 5.0 4.0  
62 14.0 2.0 1.0 2.0 3.0 4.0 3.0 1.0 1.0 3.0 1.0 4.0 4.0 3.0 4.0 2.0 1.0 3.0 3.0 3.0 4.0 4.0 2.0 3.0 3.0 5.0 5.0 3.0 1.0 4.0 5.0 4.0 4.0 3.0 3.0 5.0 1.0 3.0 2.0 4.0 3.0  
61 10.0 1.0 2.0 2.0 5.0 4.0 3.0 4.0 1.0 1.0 1.0 1.0 1.0 1.0 5.0 3.0 3.0 5.0 5.0 4.0 4.0 3.0 4.0 2.0 5.0 5.0 2.0 3.0 2.0 2.0 5.0 1.0 4.0 1.0 2.0 4.0 4.0 4.0 3.0 4.0 5.0  
122 10.0 1.0 3.0 3.0 4.0 3.0 3.0 3.0 1.0 5.0 1.0 3.0 3.0 2.0 2.0 3.0 1.0 3.0 5.0 4.0 5.0 2.0 2.0 2.0 3.0 3.0 3.0 5.0 3.0 4.0 5.0 5.0 5.0 4.0 2.0 1.0 2.0 1.0 5.0 2.0 2.0  
15 15.0 2.0 5.0 3.0 4.0 4.0 2.0 2.0 1.0 2.0 2.0 1.0 5.0 4.0 5.0 5.0 3.0 5.0 1.0 1.0 3.0 3.0 1.0 1.0 5.0 1.0 2.0 4.0 1.0 2.0 2.0 2.0 4.0 1.0 3.0 2.0 1.0 2.0 1.0 5.0 4.0  
117 15.0 5.0 5.0 4.0 2.0 3.0 4.0 3.0 2.0 5.0 2.0 3.0 3.0 4.0 4.0 1.0 2.0 2.0 4.0 5.0 2.0 4.0 4.0 1.0 5.0 1.0 4.0 1.0 2.0 5.0 1.0 2.0 2.0 5.0 1.0 1.0 1.0 1.0 3.0 1.0 1.0  
132 12.0 3.0 5.0 2.0 3.0 4.0 1.0 3.0 2.0 5.0 5.0 1.0 3.0 1.0 2.0 3.0 3.0 3.0 3.0 4.0 5.0 3.0 4.0 3.0 5.0 1.0 5.0 3.0 1.0 1.0 1.0 1.0 2.0 1.0 1.0 5.0 2.0 3.0 5.0 3.0 5.0  
23 11.0 1.0 2.0 2.0 3.0 3.0 1.0 3.0 2.0 2.0 5.0 4.0 4.0 2.0 2.0 5.0 3.0 4.0 3.0 2.0 3.0 1.0 2.0 5.0 5.0 4.0 2.0 1.0 2.0 3.0 2.0 2.0 4.0 5.0 5.0 4.0 2.0 2.0 5.0 1.0 3.0  
6 13.0 5.0 1.0 4.0 5.0 3.0 1.0 4.0 2.0 1.0 5.0 1.0 1.0 5.0 4.0 4.0 3.0 1.0 2.0 5.0 1.0 4.0 4.0 1.0 1.0 1.0 2.0 5.0 1.0 4.0 2.0 2.0 5.0 1.0 4.0 1.0 2.0 2.0 1.0 2.0 5.0  
55 15.0 4.0 2.0 5.0 1.0 3.0 5.0 1.0 5.0 5.0 2.0 2.0 1.0 1.0 4.0 1.0 5.0 3.0 3.0 1.0 4.0 5.0 5.0 1.0 2.0 5.0 5.0 2.0 5.0 5.0 2.0 4.0 2.0 4.0 3.0 3.0 1.0 5.0 3.0 5.0 1.0  
46 9.0 2.0 2.0 1.0 1.0 5.0 5.0 5.0 5.0 2.0 1.0 1.0 5.0 4.0 1.0 4.0 4.0 1.0 2.0 5.0 5.0 1.0 2.0 5.0 1.0 5.0 4.0 2.0 2.0 4.0 5.0 4.0 2.0 5.0 1.0 4.0 4.0 5.0 3.0 1.0 2.0  
139 12.0 2.0 3.0 2.0 5.0 1.0 3.0 1.0 3.0 1.0 2.0 3.0 4.0 4.0 2.0 5.0 1.0 2.0 1.0 1.0 1.0 5.0 1.0 4.0 5.0 4.0 2.0 4.0 1.0 3.0 3.0 4.0 4.0 3.0 5.0 5.0 1.0 2.0 3.0 1.0 3.0  
13 6.0 4.0 4.0 3.0 3.0 3.0 4.0 4.0 1.0 3.0 1.0 5.0 5.0 3.0 4.0 3.0 5.0 2.0 1.0 3.0 4.0 5.0 4.0 1.0 4.0 3.0 2.0 2.0 2.0 2.0 1.0 5.0 2.0 5.0 2.0 2.0 5.0 5.0 4.0 2.0 5.0  
121 10.0 5.0 1.0 1.0 4.0 5.0 4.0 4.0 3.0 5.0 4.0 3.0 1.0 4.0 4.0 3.0 4.0 5.0 5.0 5.0 1.0 1.0 4.0 5.0 4.0 2.0 1.0 3.0 2.0 5.0 1.0 3.0 3.0 5.0 3.0 4.0 5.0 3.0 3.0 1.0 2.0  
111 8.0 3.0 4.0 2.0 5.0 3.0 3.0 5.0 5.0 2.0 5.0 1.0 3.0 1.0 3.0 5.0 5.0 2.0 3.0 5.0 3.0 4.0 2.0 1.0 4.0 4.0 3.0 5.0 1.0 2.0 1.0 2.0 2.0 5.0 5.0 5.0 3.0 1.0 4.0 2.0 2.0  
78 12.0 1.0 3.0 5.0 3.0 1.0 5.0 5.0 2.0 3.0 4.0 5.0 2.0 3.0 2.0 4.0 2.0 5.0 3.0 3.0 3.0 2.0 3.0 1.0 4.0 3.0 1.0 4.0 1.0 5.0 3.0 1.0 1.0 3.0 1.0 2.0 3.0 4.0 5.0 3.0 3.0  
14 6.0 2.0 2.0 3.0 4.0 4.0 4.0 3.0 5.0 2.0 5.0 4.0 2.0 3.0 5.0 4.0 3.0 5.0 4.0 1.0 4.0 2.0 5.0 1.0 5.0 1.0 3.0 5.0 4.0 2.0 3.0 2.0 4.0 4.0 2.0 2.0 1.0 2.0 1.0 3.0 1.0  
86 9.0 3.0 1.0 2.0 4.0 5.0 1.0 3.0 2.0 2.0 3.0 2.0 3.0 1.0 3.0 1.0 4.0 1.0 5.0 4.0 4.0 5.0 4.0 4.0 1.0 4.0 1.0 1.0 3.0 3.0 3.0 4.0 3.0 3.0 1.0 2.0 5.0 4.0 2.0 3.0 5.0  
43 14.0 3.0 2.0 1.0 4.0 4.0 3.0 1.0 2.0 4.0 2.0 5.0 5.0 3.0 5.0 4.0 1.0 3.0 2.0 5.0 2.0 2.0 5.0 4.0 1.0 4.0 5.0 5.0 5.0 2.0 2.0 3.0 2.0 2.0 4.0 5.0 4.0 3.0 5.0 2.0 5.0  
28 9.0 5.0 5.0 1.0 4.0 1.0 4.0 2.0 1.0 2.0 3.0 3.0 2.0 1.0 4.0 2.0 2.0 4.0 4.0 2.0 2.0 3.0 2.0 2.0 1.0 1.0 2.0 5.0 1.0 3.0 2.0 3.0 2.0 5.0 2.0 1.0 1.0 3.0 5.0 5.0 5.0  
52 9.0 5.0 5.0 4.0 5.0 1.0 5.0 2.0 4.0 2.0 4.0 3.0 5.0 2.0 1.0 2.0 4.0 5.0 2.0 4.0 3.0 1.0 2.0 4.0 1.0 4.0 4.0 4.0 5.0 2.0 3.0 4.0 2.0 2.0 1.0 2.0 4.0 1.0 1.0 1.0 5.0  
91 11.0 5.0 3.0 2.0 5.0 4.0 2.0 4.0 5.0 4.0 5.0 5.0 2.0 1.0 4.0 4.0 2.0 4.0 1.0 2.0 1.0 5.0 4.0 2.0 1.0 3.0 3.0 2.0 5.0 1.0 5.0 5.0 5.0 4.0 4.0 2.0 5.0 5.0 1.0 5.0 3.0  
8 14.0 4.0 5.0 2.0 1.0 5.0 2.0 3.0 3.0 3.0 1.0 5.0 3.0 2.0 1.0 1.0 2.0 2.0 5.0 5.0 4.0 4.0 4.0 5.0 4.0 4.0 4.0 1.0 2.0 3.0 1.0 4.0 3.0 5.0 2.0 4.0 1.0 3.0 3.0 1.0 5.0  
123 14.0 2.0 3.0 4.0 1.0 4.0 4.0 2.0 5.0 1.0 5.0 3.0 3.0 5.0 2.0 5.0 4.0 4.0 5.0 2.0 2.0 5.0 2.0 4.0 5.0 3.0 5.0 3.0 3.0 5.0 3.0 3.0 5.0 2.0 5.0 3.0 4.0 4.0 3.0 2.0 2.0  
142 7.0 5.0 4.0 2.0 2.0 2.0 1.0 1.0 2.0 4.0 3.0 5.0 2.0 4.0 1.0 4.0 3.0 3.0 2.0 1.0 3.0 1.0 3.0 5.0 5.0 5.0 1.0 4.0 5.0 1.0 5.0 5.0 2.0 3.0 5.0 4.0 4.0 2.0 1.0 2.0 1.0  
