100 5
NETWORK_TREE :
1 0 1.0 
11 0 6.0 
2 1 3.0 
24 0 6.0 
25 24 7.0 
12 11 8.0 
26 25 7.0 
42 24 5.0 
49 0 9.0 
14 11 4.0 
69 0 2.0 
84 0 10.0 
70 69 7.0 
71 70 1.0 
73 70 10.0 
74 73 1.0 
50 49 8.0 
51 50 7.0 
85 84 1.0 
60 50 7.0 
3 1 5.0 
86 85 5.0 
27 26 8.0 
87 86 9.0 
97 84 3.0 
28 27 6.0 
18 11 3.0 
19 11 9.0 
29 28 5.0 
33 25 5.0 
78 70 10.0 
34 33 6.0 
79 70 5.0 
98 84 9.0 
4 1 6.0 
65 49 4.0 
81 70 8.0 
61 50 7.0 
48 24 1.0 
66 65 3.0 
43 42 2.0 
80 79 2.0 
5 4 5.0 
20 19 6.0 
36 25 7.0 
75 74 2.0 
92 85 2.0 
37 25 9.0 
93 92 8.0 
88 87 2.0 
38 25 7.0 
31 26 1.0 
8 1 4.0 
21 19 9.0 
83 69 2.0 
82 81 8.0 
9 1 4.0 
7 4 3.0 
52 51 2.0 
63 50 3.0 
53 52 9.0 
54 53 2.0 
39 25 7.0 
6 5 5.0 
67 66 7.0 
44 43 1.0 
62 61 6.0 
32 31 7.0 
35 34 6.0 
89 86 10.0 
90 89 6.0 
40 25 7.0 
22 21 1.0 
94 85 4.0 
58 51 6.0 
55 53 2.0 
13 12 2.0 
56 53 2.0 
59 58 2.0 
72 71 3.0 
99 0 5.0 
15 14 8.0 
47 42 7.0 
45 44 7.0 
95 85 10.0 
10 9 7.0 
46 43 8.0 
30 28 7.0 
77 73 5.0 
68 67 6.0 
23 22 5.0 
41 40 6.0 
16 15 6.0 
57 52 9.0 
76 74 9.0 
17 14 10.0 
96 85 3.0 
91 86 7.0 
64 63 2.0 
NODE_PROGRAM :
0 1 2 3 4 5  
24 2 4 5  
76  
49 1 2 3 4  
7 2 3  
73 1 2 3  
64 1  
2 1 3 4 5  
63 1 2 5  
65 1 5  
42  
9  
87 1 4 5  
69 5  
12 1 2 4  
14 1 3 4 5  
18 5  
97 1 3 4 5  
82 1 3 4 5  
32  
4 2 3 4  
89 1 3 4  
99 4 5  
60  
85  
48 2 3 5  
86 4  
43 4  
15 1 3 4 5  
66 3 4  
51 3  
61  
50 3  
10 1 2 3 5  
38  
53 3  
37 1 2 3 4  
25 2 3 4 5  
54 3 5  
74  
83 1  
13  
6 1 3  
93 1 2 5  
80 3  
46 1 2 3 5  
67 2  
29 1 3 4 5  
70 1 2 4  
19 1 3  
17 2 3  
36 1 2 3 5  
3  
16 1 2 4 5  
28 3 4 5  
58 1 3 4 5  
88  
34 1 2 3  
79  
23 3 4  
59 1 2 3 5  
57 1 4  
95 1 3 4 5  
47 1 3 4 5  
90 2  
22 3 4  
91 1 2 4  
8  
68 1 2 3 5  
81 4  
35 1 2 4 5  
1 1 3  
45  
20 3 4  
71 4  
84 1 2 4 5  
78 1  
5 1 2 3 4  
55 1 3 4 5  
11 2 4  
98 3  
41 1 4 5  
96  
44 1 2  
33 2 4 5  
27 2 3 5  
77 1 2 4 5  
62  
72  
40 2 3  
21 3 4  
39 1  
52 2 3 4 5  
75 5  
30  
94 1  
26 1  
92 2  
31 1 2 3 5  
56  
COST_INSTALL_SERVER_AND_PROGRAMS :
0 14.0 5.0 1.0 5.0 4.0 1.0  
24 9.0 4.0 1.0 4.0 5.0 4.0  
76 9.0 5.0 1.0 2.0 1.0 4.0  
49 13.0 5.0 5.0 3.0 4.0 1.0  
7 13.0 1.0 1.0 1.0 2.0 2.0  
73 10.0 5.0 4.0 3.0 2.0 4.0  
64 6.0 5.0 3.0 2.0 3.0 3.0  
2 11.0 2.0 5.0 5.0 4.0 1.0  
63 15.0 5.0 3.0 1.0 3.0 2.0  
65 8.0 3.0 4.0 4.0 1.0 2.0  
42 15.0 3.0 3.0 2.0 2.0 5.0  
9 10.0 5.0 2.0 5.0 3.0 4.0  
87 10.0 3.0 3.0 1.0 1.0 3.0  
69 9.0 4.0 5.0 3.0 3.0 4.0  
12 14.0 1.0 2.0 4.0 4.0 5.0  
14 13.0 4.0 2.0 2.0 2.0 3.0  
18 9.0 3.0 1.0 2.0 5.0 5.0  
97 11.0 5.0 1.0 2.0 3.0 4.0  
82 15.0 3.0 4.0 5.0 4.0 1.0  
32 8.0 5.0 2.0 1.0 3.0 3.0  
4 9.0 4.0 5.0 4.0 4.0 4.0  
89 9.0 2.0 5.0 3.0 3.0 1.0  
99 8.0 3.0 1.0 3.0 4.0 3.0  
60 7.0 4.0 2.0 4.0 2.0 5.0  
85 7.0 5.0 5.0 4.0 5.0 3.0  
48 7.0 2.0 5.0 3.0 1.0 5.0  
86 8.0 4.0 2.0 5.0 5.0 4.0  
43 7.0 5.0 2.0 4.0 2.0 5.0  
15 10.0 2.0 3.0 4.0 4.0 3.0  
66 11.0 2.0 2.0 2.0 2.0 2.0  
51 6.0 2.0 5.0 1.0 4.0 1.0  
61 10.0 5.0 4.0 2.0 2.0 1.0  
50 10.0 2.0 1.0 1.0 1.0 4.0  
10 13.0 2.0 4.0 3.0 2.0 3.0  
38 6.0 1.0 1.0 5.0 3.0 3.0  
53 6.0 4.0 5.0 2.0 5.0 1.0  
37 13.0 4.0 5.0 3.0 3.0 2.0  
25 13.0 1.0 4.0 4.0 1.0 2.0  
54 12.0 3.0 5.0 4.0 1.0 4.0  
74 13.0 3.0 4.0 5.0 1.0 1.0  
83 7.0 1.0 1.0 3.0 3.0 2.0  
13 7.0 2.0 3.0 5.0 5.0 4.0  
6 9.0 1.0 1.0 1.0 5.0 4.0  
93 6.0 4.0 2.0 4.0 3.0 5.0  
80 7.0 3.0 4.0 2.0 2.0 3.0  
46 11.0 5.0 4.0 4.0 5.0 5.0  
67 10.0 3.0 1.0 3.0 2.0 3.0  
29 11.0 3.0 3.0 2.0 4.0 3.0  
70 14.0 1.0 4.0 5.0 2.0 2.0  
19 14.0 3.0 1.0 5.0 2.0 4.0  
17 13.0 3.0 1.0 5.0 4.0 4.0  
36 13.0 1.0 1.0 5.0 1.0 3.0  
3 15.0 2.0 1.0 2.0 1.0 1.0  
16 13.0 3.0 4.0 2.0 2.0 3.0  
28 10.0 2.0 3.0 1.0 1.0 2.0  
58 13.0 5.0 1.0 1.0 1.0 4.0  
88 13.0 5.0 4.0 1.0 4.0 5.0  
34 12.0 4.0 5.0 4.0 1.0 4.0  
79 7.0 5.0 4.0 2.0 5.0 5.0  
23 7.0 5.0 4.0 2.0 5.0 5.0  
59 6.0 2.0 1.0 5.0 5.0 5.0  
57 15.0 5.0 2.0 1.0 5.0 4.0  
95 14.0 5.0 1.0 2.0 1.0 5.0  
47 11.0 4.0 5.0 3.0 2.0 3.0  
90 14.0 5.0 3.0 2.0 2.0 1.0  
22 14.0 4.0 4.0 3.0 2.0 1.0  
91 12.0 2.0 2.0 2.0 1.0 1.0  
8 6.0 5.0 1.0 2.0 1.0 2.0  
68 13.0 4.0 5.0 3.0 2.0 4.0  
81 15.0 1.0 1.0 1.0 1.0 4.0  
35 8.0 4.0 1.0 2.0 5.0 1.0  
1 15.0 2.0 3.0 5.0 4.0 2.0  
45 14.0 5.0 2.0 5.0 1.0 1.0  
20 13.0 1.0 2.0 1.0 3.0 5.0  
71 15.0 3.0 5.0 1.0 1.0 2.0  
84 11.0 2.0 3.0 3.0 4.0 2.0  
78 8.0 4.0 5.0 2.0 5.0 5.0  
5 6.0 2.0 3.0 4.0 2.0 2.0  
55 13.0 2.0 2.0 1.0 1.0 5.0  
11 15.0 2.0 4.0 2.0 1.0 4.0  
98 10.0 4.0 5.0 5.0 5.0 4.0  
41 10.0 5.0 1.0 1.0 1.0 1.0  
96 9.0 2.0 5.0 4.0 1.0 5.0  
44 9.0 4.0 1.0 4.0 1.0 1.0  
33 6.0 1.0 4.0 3.0 4.0 5.0  
27 14.0 1.0 4.0 1.0 1.0 2.0  
77 9.0 4.0 2.0 3.0 1.0 5.0  
62 14.0 5.0 1.0 2.0 3.0 2.0  
72 13.0 1.0 2.0 5.0 2.0 4.0  
40 15.0 2.0 1.0 1.0 3.0 4.0  
21 13.0 3.0 5.0 4.0 3.0 2.0  
39 14.0 4.0 3.0 1.0 1.0 2.0  
52 10.0 3.0 5.0 2.0 2.0 1.0  
75 12.0 3.0 3.0 4.0 4.0 1.0  
30 15.0 2.0 5.0 2.0 2.0 1.0  
94 14.0 2.0 2.0 4.0 1.0 3.0  
26 13.0 4.0 1.0 2.0 2.0 2.0  
92 6.0 3.0 5.0 1.0 2.0 1.0  
31 9.0 1.0 5.0 2.0 3.0 3.0  
56 14.0 3.0 4.0 1.0 1.0 5.0  
