100 150
NETWORK_TREE :
1 0 7.0 
2 1 5.0 
19 1 5.0 
32 1 7.0 
33 32 2.0 
20 19 5.0 
34 33 7.0 
3 2 4.0 
80 1 2.0 
35 34 3.0 
70 32 2.0 
81 80 9.0 
36 35 5.0 
91 1 3.0 
67 33 5.0 
96 1 1.0 
4 3 1.0 
6 3 4.0 
15 2 1.0 
86 80 10.0 
78 32 7.0 
50 34 8.0 
7 6 5.0 
21 20 1.0 
42 35 3.0 
51 50 5.0 
37 36 1.0 
62 34 8.0 
71 70 1.0 
38 37 10.0 
64 34 10.0 
52 51 9.0 
22 21 2.0 
5 4 1.0 
43 35 10.0 
16 15 10.0 
56 51 9.0 
72 70 5.0 
46 35 4.0 
53 52 1.0 
73 72 4.0 
17 16 1.0 
57 56 3.0 
44 43 8.0 
82 81 5.0 
74 73 5.0 
45 43 10.0 
97 96 10.0 
92 91 3.0 
8 7 10.0 
26 21 6.0 
88 80 10.0 
23 22 4.0 
24 23 5.0 
63 62 1.0 
54 52 9.0 
40 36 6.0 
65 64 7.0 
55 54 5.0 
12 7 4.0 
47 46 2.0 
9 8 7.0 
25 23 7.0 
75 74 3.0 
93 92 4.0 
10 8 6.0 
39 38 3.0 
66 64 6.0 
87 86 6.0 
58 57 4.0 
76 72 4.0 
30 19 6.0 
31 19 1.0 
27 21 2.0 
29 20 8.0 
59 58 10.0 
60 58 7.0 
95 92 2.0 
98 1 3.0 
89 88 3.0 
77 72 4.0 
90 80 10.0 
13 6 3.0 
68 33 7.0 
11 8 4.0 
85 81 2.0 
79 32 9.0 
48 46 2.0 
18 2 1.0 
69 33 9.0 
83 82 6.0 
84 83 5.0 
28 27 7.0 
61 51 7.0 
14 6 9.0 
49 35 10.0 
99 0 2.0 
94 93 7.0 
41 36 6.0 
NODE_PROGRAM :
0 1 2 3 4 5 6 7 8 9 10 11 12 13 14 15 16 17 18 19 20 21 22 23 24 25 26 27 28 29 30 31 32 33 34 35 36 37 38 39 40 41 42 43 44 45 46 47 48 49 50 51 52 53 54 55 56 57 58 59 60 61 62 63 64 65 66 67 68 69 70 71 72 73 74 75 76 77 78 79 80 81 82 83 84 85 86 87 88 89 90 91 92 93 94 95 96 97 98 99 100 101 102 103 104 105 106 107 108 109 110 111 112 113 114 115 116 117 118 119 120 121 122 123 124 125 126 127 128 129 130 131 132 133 134 135 136 137 138 139 140 141 142 143 144 145 146 147 148 149 150  
51 11 20 26 27 33 38 47 69 72 84 109 110 127 128 137 140 141 142 143 150  
95 1 2 3 4 5 7 9 10 12 13 14 15 16 17 18 19 20 21 22 23 24 25 26 28 29 30 31 32 33 34 36 37 38 39 40 41 42 43 44 45 46 47 48 49 50 51 52 53 54 55 56 59 60 61 62 63 64 65 67 68 69 70 71 72 73 74 75 76 77 78 79 80 81 82 83 84 85 86 87 88 89 90 91 92 93 94 95 97 98 99 100 103 104 106 107 108 109 110 112 113 115 116 117 118 119 120 121 122 123 124 126 127 128 129 130 133 134 135 136 137 138 139 140 141 142 143 144 147 148 149 150  
85 5 6 13 14 15 17 20 21 23 25 27 28 29 35 47 59 60 64 66 67 81 84 91 96 100 103 110 112 113 118 123 124 127 129 130 135 142 143 144 145  
19 1 2 3 4 5 6 7 8 9 11 12 13 14 15 16 17 19 20 22 23 24 25 26 28 29 30 31 32 33 34 35 36 37 38 39 41 42 43 45 52 53 54 55 57 58 61 62 63 64 65 66 67 68 69 70 73 75 76 77 78 79 80 82 83 85 87 88 90 91 93 94 95 96 97 100 101 103 107 108 109 111 113 114 115 117 118 119 120 121 124 125 126 127 129 131 135 136 139 140 141 142 143 144 145 146 147 148 150  
16 2 3 4 6 7 8 9 10 11 12 14 15 16 17 18 19 20 21 22 23 24 25 26 27 28 29 33 34 35 36 37 38 39 40 41 42 43 44 45 46 47 48 49 50 51 52 53 54 55 56 57 58 59 60 61 62 63 65 66 67 69 70 71 72 73 74 75 77 78 79 80 82 83 84 85 87 88 89 90 91 94 95 97 99 100 101 102 104 107 108 109 110 111 112 113 115 117 118 119 120 123 124 125 126 130 131 132 133 134 135 136 137 138 139 140 142 143 146 147 148 149 150  
4 6 8 28 44 57 120 122  
18 1 2 3 4 5 6 7 9 10 11 12 13 14 15 16 17 18 20 21 22 23 24 25 26 27 28 29 30 31 33 34 35 36 37 38 39 42 43 44 46 47 48 49 51 52 53 55 56 57 58 59 60 61 63 64 65 66 67 69 70 71 72 74 75 76 78 79 80 81 82 83 85 86 87 88 89 90 92 93 95 96 97 98 99 100 101 102 103 104 106 107 108 109 110 111 112 113 114 115 116 117 119 120 121 122 123 125 126 128 130 134 135 136 137 138 139 140 141 142 143 144 145 147 149 150  
64 16 50 119  
89 8 12 13 21 25 27 28 29 41 46 59 62 64 72 85 86 89 92 107 110 112 113 114 120 124 129 130 134 141 142 143 144 148  
57 1 2 4 5 7 9 10 11 14 15 18 19 22 24 25 26 31 36 38 39 41 43 46 47 48 50 51 52 56 58 62 63 64 65 66 67 68 69 71 72 75 78 79 81 83 90 91 94 97 99 100 101 105 106 108 109 110 111 112 115 116 117 118 121 123 125 126 127 130 131 132 135 136 137 140 141 142 144 146  
34 1 4 6 7 10 12 13 14 16 21 22 23 24 25 26 27 28 29 31 32 33 36 37 38 42 46 47 48 50 51 52 55 56 57 60 64 65 66 68 70 71 72 75 76 77 79 80 82 83 85 86 88 89 90 91 94 96 97 98 99 100 101 102 104 105 106 107 109 111 115 116 117 118 121 122 123 124 126 128 130 132 133 134 138 139 140 141 145 146 148  
81 21 31 47 103 113 114 119 145  
71 15 25 28 50 63 81 88 99 101 103 106 117 120 122 127 136 138 149  
75 1 3 5 6 8 10 11 12 13 14 17 19 20 22 23 25 26 27 29 30 31 32 33 37 41 42 43 49 52 53 54 55 56 60 62 65 66 69 70 71 73 74 75 78 79 80 82 84 85 88 89 90 92 93 94 95 96 98 99 100 101 102 103 104 105 106 108 111 112 113 117 120 121 125 129 131 133 134 135 137 138 139 143 146 147 148 149  
67 66 73 121  
90 1 2 3 4 5 6 7 8 9 10 13 14 15 16 17 18 19 20 21 22 24 25 26 27 28 30 31 32 33 36 37 38 39 40 41 42 43 44 46 47 48 49 50 52 53 54 55 56 57 59 60 61 62 63 64 65 67 69 70 71 72 74 75 76 77 78 80 81 82 83 84 85 86 87 89 91 92 94 95 96 97 98 100 102 103 104 105 107 108 109 110 111 112 113 114 115 117 118 120 124 125 126 127 128 129 130 131 134 135 136 137 138 139 140 141 142 144 145 148 150  
11 1 2 3 4 5 6 7 8 9 10 11 12 13 15 16 17 18 19 20 21 22 23 24 25 26 27 28 29 30 31 32 33 34 35 36 37 38 39 40 41 42 43 44 45 46 47 48 49 50 52 53 54 55 56 57 58 59 60 61 62 63 64 65 66 67 68 69 70 71 72 73 74 75 76 77 78 79 80 81 82 83 84 85 86 87 88 89 90 91 92 93 94 95 96 97 98 99 100 101 102 104 105 106 108 109 110 111 112 113 114 115 116 117 118 119 122 123 125 126 127 128 129 130 131 132 133 135 136 137 138 139 140 141 142 143 144 145 147 148 149  
77 1 2 3 5 6 8 11 13 19 20 21 24 25 27 28 30 33 36 37 39 41 43 46 48 49 50 58 61 63 64 65 68 71 72 75 77 78 79 81 83 84 87 90 92 93 94 96 98 100 101 102 104 105 106 107 108 109 111 117 121 124 125 129 130 133 135 137 139 140 141 142 143 146 147 148 150  
10  
5 2 4 6 7 8 16 20 23 24 25 26 29 30 31 33 37 38 42 45 50 54 61 62 63 64 72 75 78 80 81 82 83 86 87 90 95 96 100 104 107 111 113 115 121 122 124 126 127 130 133 134 138 141 146 150  
52 1 2 3 4 5 6 7 8 9 10 11 12 13 14 15 16 17 18 19 20 21 22 23 24 25 26 27 28 29 30 32 33 34 35 36 37 38 39 40 42 44 45 46 47 48 49 50 51 52 53 54 55 56 57 58 59 60 62 63 64 65 66 67 68 69 71 72 73 74 75 76 77 78 79 80 81 82 83 84 85 86 87 88 89 90 91 92 93 94 95 96 97 98 99 100 101 102 103 105 106 107 108 109 110 111 112 113 114 115 116 117 118 119 120 121 122 124 125 126 127 128 129 131 132 133 134 135 136 137 138 139 140 141 142 143 144 145 148 150  
25 5 8 13 37 45 49 55 62 63 64 70 71 76 93 96 98 100 104 112 119 120 125 126 136  
61 1 2 3 4 7 8 9 10 11 12 15 16 18 19 20 21 22 24 26 27 28 30 34 36 37 38 41 42 43 46 48 49 50 51 52 53 55 57 58 60 61 63 65 66 67 68 71 72 73 74 75 78 79 81 82 85 87 88 89 90 91 94 96 100 101 103 104 108 110 111 113 114 116 117 118 119 120 121 122 123 124 125 126 127 128 130 133 134 135 139 140 141 143 145 146 147 148 150  
92 2 3 4 5 6 8 11 12 13 14 15 17 18 19 20 21 22 23 24 25 27 28 29 30 32 33 34 35 36 38 40 41 42 46 47 48 49 50 51 52 53 55 56 57 58 61 62 63 64 65 66 67 68 69 70 71 72 73 74 77 78 79 80 81 82 83 84 85 86 87 88 89 90 91 92 93 94 95 97 98 99 100 102 105 106 107 108 109 111 112 113 114 115 116 117 118 121 122 123 124 125 126 128 129 130 131 132 133 134 136 137 138 139 141 142 143 144 145 146 147 148 149  
14 2 4 13 15 18 21 22 23 24 26 28 31 34 37 42 48 56 65 68 72 73 75 77 80 87 90 96 102 105 106 107 112 115 118 121 128 136 142 146  
59 1 2 4 5 7 9 10 13 14 15 17 18 19 21 22 26 27 28 29 30 31 32 33 35 36 37 38 39 40 41 43 45 47 48 49 50 51 53 54 55 56 57 60 61 62 63 66 67 68 69 71 72 75 76 78 80 81 82 83 84 85 86 87 89 90 92 93 94 95 96 97 98 99 101 102 103 104 105 106 109 110 111 113 114 115 116 117 118 120 121 123 124 125 126 127 129 130 131 132 134 135 136 138 139 141 143 144 147 148 149 150  
32 3 5 6 12 29 30 34 35 36 37 38 45 46 47 49 50 52 53 55 59 60 64 70 75 77 79 80 82 84 86 91 93 95 96 100 104 106 113 119 120 122 123 127 129 130 131 133 137 138 139 143 145 147 150  
62 2 3 11 12 13 14 15 18 20 22 23 24 25 26 27 29 31 32 33 35 36 37 38 39 40 42 43 44 47 51 52 53 56 57 58 63 70 71 73 74 75 76 78 81 82 85 86 87 89 92 93 95 96 99 100 103 104 106 107 111 112 113 115 117 118 120 121 123 124 125 126 127 129 130 131 134 139 140 141 142 145 146 148  
12 1 2 3 4 6 7 8 9 10 11 12 13 14 15 17 18 19 20 22 23 24 25 26 27 28 29 32 33 34 35 36 37 38 39 40 41 42 43 44 46 47 48 49 51 52 56 57 58 59 60 61 62 65 66 67 68 69 70 71 72 73 74 75 76 77 78 79 80 81 82 83 84 85 86 87 88 91 92 93 94 95 96 97 99 100 101 102 103 105 106 107 109 110 111 112 113 114 115 116 117 118 119 120 123 124 125 126 128 129 130 131 132 133 134 135 136 137 138 139 140 141 142 143 144 145 146 147 148 149 150  
94 2 3 4 5 6 7 9 10 11 12 13 14 15 16 17 18 19 20 21 22 23 24 25 26 28 29 30 31 32 33 34 35 36 37 39 40 41 42 43 44 46 47 48 49 50 51 52 53 54 55 56 57 58 59 60 61 62 63 64 67 68 69 70 71 72 73 74 75 76 77 78 80 81 82 83 84 86 87 88 89 90 91 92 93 94 95 96 97 98 99 101 102 103 104 105 106 107 109 110 111 112 113 114 115 116 118 119 120 122 123 124 125 126 127 128 129 130 131 132 133 134 135 136 137 138 140 141 142 143 144 145 146 147 148 150  
69 2 3 4 14 23 24 26 27 28 31 33 35 36 46 48 49 51 52 57 61 65 66 67 69 70 72 73 76 77 78 80 89 91 92 93 94 95 96 98 107 108 112 113 121 122 123 125 126 131 133 134 137 140 146 147 148  
65 3 5 6 7 10 14 15 19 21 22 24 25 26 29 30 31 35 36 37 38 49 52 53 54 55 57 58 61 62 64 65 68 69 71 72 74 75 76 78 79 81 82 84 85 90 94 96 97 99 102 107 108 109 110 111 113 117 118 121 126 127 130 132 134 135 136 138 141 142 143 146 147  
53 1 2 3 4 5 6 7 8 9 10 11 12 13 14 15 16 17 18 19 20 21 22 23 24 25 26 27 28 29 30 31 32 33 35 36 37 38 39 40 41 42 43 44 45 46 47 48 49 50 51 52 53 54 56 57 59 60 61 62 63 64 65 66 67 68 69 70 71 72 73 74 75 76 77 78 79 80 81 82 83 84 85 86 87 88 89 90 91 92 93 94 95 96 97 98 99 100 101 102 103 104 106 107 108 109 110 111 112 113 114 115 116 117 118 119 120 121 122 123 124 125 126 127 129 130 131 132 133 134 135 136 137 138 139 140 141 142 143 144 145 146 147 148 149  
93 1 4 6 8 9 11 12 13 14 16 17 19 20 21 25 26 27 28 29 31 33 34 35 36 37 41 42 43 45 47 48 50 51 54 56 57 58 60 61 62 64 68 69 70 72 75 76 78 79 81 84 86 89 90 95 96 97 98 100 101 104 107 108 113 115 119 121 126 128 129 130 132 139 140 141 143 144 145 150  
98 1 3 5 6 7 8 10 11 12 14 15 16 17 18 21 22 24 26 27 28 31 32 34 35 36 38 39 41 42 43 44 45 47 48 50 51 54 55 56 57 58 59 60 61 62 63 64 67 69 71 72 75 76 78 80 81 82 83 84 85 86 87 88 90 91 92 93 94 95 96 97 98 99 103 104 105 106 107 108 109 110 111 112 116 117 118 120 123 125 126 127 128 130 133 134 136 137 138 139 141 143 144 146 147 148 149  
88 1 2 3 4 5 7 11 12 13 14 16 18 20 21 22 23 24 26 27 28 29 30 31 32 33 35 36 37 38 39 41 42 43 44 45 47 48 49 50 52 53 56 57 58 59 60 61 62 63 64 65 67 68 69 70 71 74 76 78 81 82 83 84 85 87 89 91 92 93 94 95 96 97 99 100 101 102 104 105 106 107 108 109 110 111 112 115 116 117 118 119 120 121 122 123 125 126 127 128 129 130 132 133 134 135 137 138 140 142 143 144 145 146 147 148 149 150  
60 2 3 4 6 7 8 9 10 11 12 13 14 15 16 17 18 19 20 21 22 24 25 26 27 28 29 30 31 32 33 34 35 36 37 38 39 40 41 42 43 45 47 48 49 50 51 52 53 55 57 58 59 61 63 64 65 66 68 69 70 72 73 77 78 79 80 81 82 83 84 85 86 87 88 89 90 91 92 93 95 97 98 99 100 101 102 103 104 105 106 108 109 112 113 115 116 117 118 119 120 121 124 125 126 127 129 130 131 133 135 138 139 140 141 142 144 145 146 148 149  
70 1 3 7 8 10 11 12 13 14 16 18 19 20 22 23 24 26 27 29 30 31 32 33 34 35 36 37 38 39 41 42 44 45 46 48 49 53 54 55 56 58 59 61 63 65 66 67 68 69 70 71 72 73 74 76 78 79 80 81 82 83 85 86 87 88 89 90 91 94 95 96 97 98 99 100 101 103 104 105 106 107 109 110 112 114 116 117 119 121 122 123 125 126 129 131 132 133 134 135 136 137 138 139 140 141 142 143 144 145 146 148 149 150  
1 29 43 48 63 137  
36 1 3 4 5 6 7 8 9 10 11 12 13 14 15 16 17 18 19 20 21 22 23 24 25 26 27 29 30 31 32 33 34 35 36 37 39 41 43 44 45 46 47 48 49 50 51 53 54 55 56 57 58 59 60 61 62 63 64 65 66 67 68 69 70 71 72 73 74 75 76 77 78 79 80 81 82 83 84 85 86 87 88 89 90 91 92 93 94 95 96 97 98 99 100 101 102 103 104 105 106 107 109 110 111 112 113 114 115 116 117 118 119 120 121 122 123 124 125 126 127 128 129 130 131 132 134 135 136 137 138 139 140 141 143 144 145 146 147 148 149 150  
42 4 6 20 44 77 81 124  
28 1 3 4 7 9 11 12 13 19 22 25 26 27 28 30 32 35 39 43 48 51 52 55 56 57 59 61 62 63 65 66 67 70 71 76 77 78 81 82 88 92 94 95 97 99 100 102 107 109 110 113 114 120 122 127 128 129 131 133 136 137 138 139 141 142 145 147 149 150  
84 4 11 13 21 54 69 71 91 93 136  
72 10 15 20 28 31 50 53 54 62 69 72 77 82 85 87 96 105 115 117 118 123 132 136 138 148  
15 2 4 6 9 11 12 13 14 15 16 19 20 21 22 23 25 26 28 30 31 33 34 35 37 41 43 44 45 50 53 54 55 58 59 60 61 62 63 64 65 69 73 74 75 76 77 79 80 81 82 83 85 86 88 89 92 95 97 98 100 101 103 105 108 109 111 113 114 115 116 117 120 121 124 125 128 129 130 131 133 134 135 136 138 139 142 143 144 145 147 148 150  
91 1 2 3 5 7 9 10 11 14 15 16 17 20 22 23 24 25 26 27 35 39 42 44 45 49 50 55 56 57 60 61 62 65 70 74 77 80 81 82 85 89 90 92 94 95 96 100 101 104 107 108 111 113 115 117 119 120 122 124 125 126 127 128 129 133 135 137 138 140 141 142 143 144  
87 2 3 5 6 7 8 9 10 11 12 13 14 17 18 21 22 23 26 27 29 31 33 35 36 38 39 40 41 42 43 44 45 46 47 48 49 50 52 55 59 60 62 63 64 65 66 67 69 70 71 72 74 76 77 79 80 82 83 84 88 89 90 91 92 93 96 97 98 99 100 101 102 104 105 106 107 108 109 110 111 112 113 114 115 116 117 118 120 123 126 127 128 130 131 132 133 134 135 136 137 138 139 141 142 143 145 146 149 150  
82 23 28 55 57 73 75 83 84 87 100  
7 16 18 21 22 28 32 41 45 46 47 50 58 60 62 63 85 87 98 106 111 114 115 121 130 143  
40 1 3 14 23 36 38 41 44 45 47 48 56 58 60 66 68 75 76 78 80 83 89 92 95 98 99 100 110 112 122 123 127 128 130 132 134 149  
17 2 4 6 13 18 21 22 25 26 28 29 30 31 32 33 34 38 39 44 45 46 49 52 56 58 61 63 67 68 70 71 72 73 75 76 78 80 81 82 83 85 86 87 88 89 96 99 101 103 105 106 107 108 109 111 114 115 123 124 126 127 128 130 131 136 137 138 140 141 144 145 147 149  
83  
97 1 2 6 7 11 13 14 16 18 20 21 22 23 28 30 31 32 33 36 39 40 42 44 46 47 48 50 51 52 55 56 57 61 63 64 65 67 68 70 72 74 75 77 79 80 83 84 86 87 88 90 92 93 95 97 99 101 104 105 106 113 114 115 116 117 118 119 121 124 125 127 128 130 135 136 139 141 142 143 144 147 149  
44 1 11 26 27 33 42 48 63 74 76 80 82 96 97 100 111 116 117 126 142 147 148 150  
78 3 5 7 10 11 12 14 18 19 22 23 26 27 28 29 31 32 34 35 36 37 38 39 40 43 47 48 49 52 53 55 56 57 60 64 66 67 68 69 70 71 72 73 76 77 78 79 80 81 82 83 84 86 87 88 93 94 95 96 98 99 100 101 102 103 106 108 109 110 111 113 114 115 116 117 118 119 122 123 124 125 128 131 132 133 136 137 139 140 141 142 143 145 146 147 150  
9 1 3 4 5 6 7 10 14 15 16 17 18 19 20 21 22 23 24 25 26 27 28 30 33 34 35 36 37 38 41 42 43 44 45 46 47 48 49 50 51 52 53 54 55 56 57 58 59 60 61 62 63 64 65 66 67 69 70 71 72 73 75 77 78 79 80 81 82 83 84 85 86 87 88 89 90 91 92 93 94 96 97 98 99 100 102 103 105 106 107 108 109 110 111 112 113 114 115 116 117 118 119 120 121 122 123 124 125 126 127 128 129 130 131 132 133 134 135 136 138 139 140 141 142 143 144 145 146 147 148 149 150  
31 2 3 5 11 12 14 16 17 19 20 28 31 35 38 40 41 44 46 47 49 50 53 58 60 61 62 63 64 72 74 75 76 78 81 82 83 84 85 86 87 88 89 91 93 94 96 98 99 100 101 104 106 109 110 111 113 116 118 119 121 122 124 126 128 129 130 131 132 133 136 139 140 143 144 145 146 148 149  
23 3 4 6 9 10 12 15 16 17 21 22 23 24 25 26 29 35 36 37 39 40 41 44 45 46 50 52 54 55 56 57 58 59 60 62 64 65 66 68 71 73 76 77 78 79 80 82 83 84 86 88 89 90 93 95 97 98 99 102 104 105 106 108 110 111 112 114 115 116 117 118 119 120 124 125 127 128 130 132 133 134 136 137 139 142 144 145 147 148 149 150  
38 1 2 3 4 7 8 9 10 12 13 15 17 19 20 21 22 23 24 25 26 27 28 30 31 33 34 40 43 47 49 50 52 53 55 57 60 61 62 65 67 68 69 73 75 76 77 79 80 83 84 85 87 89 91 93 94 95 96 97 98 99 100 101 102 103 104 105 108 113 114 115 116 117 118 119 120 121 122 124 125 127 129 130 131 134 135 136 137 138 139 140 141 142 144 148 149  
13 1 2 3 4 5 6 7 8 9 10 11 12 13 14 15 16 17 18 19 20 21 22 24 25 26 27 28 29 30 31 32 33 35 36 37 38 40 42 43 44 45 46 47 48 49 50 51 52 53 54 55 56 58 59 60 61 62 63 64 65 66 67 68 69 70 71 72 73 74 75 76 78 79 80 81 82 83 84 85 86 87 88 89 90 91 92 93 94 95 96 97 98 99 100 101 102 103 104 105 106 107 108 109 110 111 112 113 114 115 116 118 119 120 121 122 123 124 125 126 127 128 129 130 131 132 133 134 135 136 137 138 139 140 141 142 143 144 145 146 147 148 149  
46 1 3 8 11 12 13 14 15 16 19 21 25 29 33 34 38 39 40 41 44 47 48 56 57 59 66 69 71 72 75 79 80 81 86 89 90 91 96 97 99 101 102 106 108 109 110 111 115 117 118 119 120 123 124 125 126 130 132 133 138 140 141 142 146 147 149 150  
86 1 2 6 7 9 10 12 13 14 15 16 17 18 19 21 22 25 26 29 31 32 34 38 43 46 49 50 51 52 53 55 56 57 58 59 61 62 63 64 65 66 71 73 75 80 84 85 86 88 91 92 93 94 95 96 103 104 107 109 116 117 120 129 130 134 136 139 140 141 142 144  
30 1 4 6 12 13 16 17 19 20 21 24 27 28 30 31 33 36 37 38 39 41 42 43 48 49 50 54 55 60 62 65 67 68 69 70 71 72 73 74 75 77 81 87 88 92 95 98 101 102 103 104 105 106 107 108 110 111 113 114 115 116 118 119 122 123 124 125 127 131 132 133 134 135 137 138 140 143 144 146 147 148 149 150  
45 1 2 3 4 6 7 9 10 11 12 13 14 15 16 17 18 19 20 21 22 24 25 26 27 28 29 30 31 32 33 34 35 36 37 38 40 41 42 43 44 45 46 47 48 49 50 51 52 53 54 55 56 57 60 61 62 63 64 65 66 67 68 69 70 71 72 73 74 75 76 77 78 79 80 81 82 83 84 85 86 87 88 89 90 91 92 93 94 95 96 97 98 99 100 101 102 103 104 105 106 107 108 109 110 111 112 113 114 115 116 117 118 119 120 121 122 123 124 125 126 128 129 130 131 132 133 134 135 137 138 139 141 142 143 144 145 146 147 148 149 150  
20 4 5 6 7 8 10 11 12 13 14 16 17 20 21 23 24 28 29 30 31 32 34 35 36 37 38 39 40 41 43 45 46 47 49 50 51 52 53 54 56 57 58 60 61 62 63 64 65 71 74 75 78 79 80 82 83 85 86 91 93 94 98 100 101 102 103 104 105 106 107 109 110 112 113 115 116 117 118 120 121 122 123 124 125 126 127 128 129 130 131 132 134 135 136 137 138 139 141 142 145 146 147 148 150  
43 1 2 3 4 7 8 9 10 11 12 13 14 15 16 17 18 19 20 21 22 23 24 25 26 27 28 29 30 31 32 33 34 35 36 37 39 40 41 42 43 44 45 46 47 48 50 52 53 54 55 56 58 59 60 61 62 64 65 66 67 68 69 70 71 72 73 74 75 76 77 78 79 80 81 82 84 85 86 87 89 90 91 92 93 94 95 96 97 98 99 100 101 102 103 104 105 106 107 108 109 110 111 112 113 114 115 116 117 118 119 120 121 122 123 124 125 126 127 128 129 130 131 132 133 134 135 136 137 138 139 140 141 142 143 144 145 146 147 148 149 150  
41 1 2 3 4 5 6 9 10 11 12 13 15 17 18 19 20 24 25 27 28 31 35 37 38 40 42 43 44 45 46 49 54 55 58 59 62 63 64 65 66 68 69 70 71 72 75 76 80 82 83 85 86 88 89 92 97 98 99 100 101 102 104 105 107 110 112 114 120 125 128 130 132 134 135 137 138 139 142 147 149 150  
68 4 14 24 29 34 35 40 45 78 90 106 108 127 135 140  
47 10 43 55 74 116 121  
22 5 7 20 31 39 58 69 72 87 99 103 106 118 126 129 133 134 136 142  
55 9 10 25 35 41 47 49 61 79 86 94 95 97 120 127 130 137 150  
76 1 2 5 13 14 15 18 23 26 32 37 38 39 44 45 49 50 53 60 61 62 66 69 70 73 74 75 86 88 95 102 107 109 113 115 123 132 135 149  
24 2 3 4 5 7 9 12 13 16 17 20 24 25 27 28 29 30 31 33 34 37 38 39 41 45 47 48 52 56 57 58 60 62 63 64 65 67 71 73 75 76 77 80 82 85 87 90 91 92 93 94 95 97 98 100 101 102 107 109 112 113 118 119 120 121 122 123 124 126 127 134 135 139 141 143 145 147 148 150  
50 1 2 3 4 5 6 7 12 13 14 19 20 22 25 27 28 29 30 31 32 33 36 38 40 41 44 45 49 51 53 54 56 57 58 59 61 62 63 64 65 67 68 69 72 76 77 78 80 83 84 85 87 89 91 93 97 99 103 104 105 106 107 110 112 113 114 115 121 122 124 126 127 128 129 131 134 135 138 140 141 142 144 146 150  
49 2 3 4 6 7 10 12 15 17 18 19 21 22 25 30 33 34 35 36 38 39 41 42 46 48 50 55 57 59 63 65 66 67 68 69 70 71 72 73 75 76 78 81 83 84 85 89 90 91 92 94 95 97 99 101 102 103 105 108 110 111 115 117 118 119 120 121 122 123 124 125 126 127 128 130 131 134 135 136 138 139 141 142 144 146 147 148 149  
54 1 2 3 4 5 6 8 9 10 11 12 14 15 16 17 19 20 21 22 23 24 25 26 27 28 29 32 33 34 35 36 37 38 39 40 41 42 43 44 45 46 47 48 49 50 51 52 53 54 55 56 57 58 60 61 62 63 64 65 66 68 69 70 71 72 74 75 76 77 78 80 81 82 83 84 85 86 87 88 89 90 91 92 94 95 96 98 100 101 102 103 104 105 106 108 109 112 114 116 117 118 119 120 121 122 123 125 126 127 128 129 130 131 132 133 134 135 136 137 138 140 141 142 143 144 145 147 148 149 150  
2 4 6 7 9 10 14 15 16 18 19 22 25 29 31 34 35 36 43 45 46 49 51 52 54 61 67 69 70 76 77 78 79 82 87 88 90 92 93 94 99 100 101 105 107 108 109 111 112 113 114 117 119 120 123 125 126 130 138 139 140 144 145 148 149  
35 1 3 4 11 12 15 17 21 28 30 32 34 36 40 42 43 44 45 47 48 53 56 57 60 65 72 73 77 79 81 83 84 85 88 94 98 100 101 106 107 109 112 114 118 119 120 121 124 125 128 136 137 140 141 143 144 148  
26 4 7 12 13 15 16 18 19 24 25 28 29 30 31 32 36 38 39 41 42 43 46 47 49 53 57 58 62 63 68 69 70 71 73 74 77 78 79 81 85 86 89 90 97 102 104 107 111 112 115 116 117 119 120 124 125 126 127 130 134 136 137 139 143 144 145 148 149 150  
66 17 37 39 45 47 51 53 73 75 85 86 87 95 105 108 116 122 124 125 131 135 136 137 141  
74 1 2 4 5 6 7 8 9 10 11 13 14 16 17 18 19 21 24 25 27 29 30 31 34 37 38 39 40 42 43 45 49 50 51 54 55 56 57 58 59 60 61 62 63 64 65 66 67 68 70 71 72 73 74 75 76 77 78 79 80 81 82 83 84 86 88 89 90 91 93 94 95 97 98 100 101 102 105 106 107 108 111 114 118 119 120 121 122 123 124 125 126 129 130 131 132 133 134 135 136 137 139 140 141 142 143 144 145 146 149 150  
21 1 14 20 31 45 49 54 73 76 82 85 86 95 96 104 109 131 135 145  
3 1 2 3 4 5 6 7 8 9 10 11 12 13 14 15 16 17 18 19 20 21 22 23 24 25 26 27 28 29 30 31 32 33 34 35 36 37 38 39 40 41 42 43 44 45 46 47 48 49 50 51 52 53 54 55 56 57 58 59 60 61 62 63 64 65 66 67 68 69 72 73 74 75 76 77 78 79 80 81 82 83 84 85 86 87 88 89 90 91 92 93 94 95 96 97 98 99 100 101 102 103 104 105 106 107 108 109 110 111 112 113 114 115 116 117 118 119 120 121 122 123 124 125 126 127 128 129 130 131 132 133 134 135 136 137 138 139 140 141 142 143 144 145 146 147 148 149 150  
48 1 2 3 4 5 6 7 8 9 10 11 12 13 14 15 16 17 18 19 21 22 23 24 25 26 27 28 29 30 31 32 33 34 35 36 37 39 40 41 42 43 44 45 46 47 48 49 51 52 53 54 56 57 58 59 60 61 62 63 64 65 66 67 68 69 70 71 72 73 74 75 76 77 78 79 80 81 82 83 84 85 86 87 88 89 90 91 92 93 94 95 96 97 98 99 100 101 102 103 105 106 107 108 109 110 111 112 113 114 115 116 117 118 119 120 121 122 123 124 125 126 127 128 129 130 131 132 133 134 135 136 137 138 139 140 141 142 143 144 145 146 147 148 149 150  
99 1 3 5 6 10 11 13 14 18 21 23 25 26 28 29 32 34 35 36 37 40 41 43 45 46 50 54 55 57 58 60 61 62 63 66 71 75 76 77 78 79 80 81 82 84 85 86 87 88 89 90 91 93 94 95 96 97 100 101 103 104 106 108 110 111 112 113 115 116 117 118 121 124 125 126 127 128 130 132 133 135 136 138 140 141 142 143 146 147 149  
96 1 2 3 5 6 8 11 18 23 25 28 33 34 35 38 39 40 41 42 44 48 49 51 53 55 58 63 65 67 70 73 76 78 79 83 84 89 92 93 97 99 101 108 109 110 113 115 117 119 120 121 122 126 127 130 131 132 134 137 140 142 143 147 148 149  
8 1 2 9 10 12 13 14 16 18 19 21 22 24 27 28 29 31 34 44 45 46 47 49 51 52 54 56 63 64 65 71 72 74 76 79 81 85 88 91 93 94 95 96 97 99 105 107 110 111 115 119 124 125 126 128 129 130 131 132 133 134 135 136 139 143 144 145 146 147  
73 2 3 5 6 9 14 17 19 20 22 29 34 39 42 45 47 48 49 51 52 68 78 79 84 85 88 90 91 92 94 95 96 104 107 112 114 125 126 129 133 136 146 147 149 150  
37 3 8 32 33 53 59 80 92 103 113 117 119 121 123 137  
6 2 4 5 6 14 15 16 17 19 21 22 23 24 25 28 30 31 33 35 36 37 38 40 42 43 45 46 49 50 52 53 56 58 59 61 64 66 69 70 74 75 78 81 82 84 86 89 90 91 96 98 100 107 108 110 112 113 114 115 118 121 123 125 128 132 135 136 138 139 140 144 146 150  
33 1 2 5 6 7 8 10 11 13 14 15 16 17 19 20 21 22 23 24 25 27 28 30 32 35 37 38 39 40 41 42 44 46 47 48 49 50 51 52 56 57 59 60 62 64 66 67 68 69 70 71 72 73 74 75 76 77 78 79 80 81 82 85 87 88 89 90 91 92 94 95 97 98 99 100 101 102 104 106 107 108 109 110 111 113 116 117 118 120 124 125 126 129 130 132 133 135 136 137 139 140 142 143 144 145 146 147 148 149 150  
63 7 13 17 19 20 22 24 32 33 34 42 47 52 55 60 74 77 79 84 85 87 90 93 100 101 105 107 108 111 112 113 117 121 123 124 125 134 137 140 142 145 150  
27 1 2 4 5 6 10 11 12 13 14 15 17 18 19 23 24 25 27 28 29 32 34 36 37 38 39 40 41 42 43 44 45 46 47 48 49 50 51 52 54 55 56 57 58 59 60 61 62 64 65 66 67 71 74 75 76 77 78 80 81 82 83 84 86 87 88 89 90 91 94 95 96 97 98 99 100 101 102 103 104 105 109 110 113 115 116 118 120 123 124 125 126 128 131 132 134 135 136 137 140 142 143 144 146 147 148 150  
79 4 9 11 14 24 25 28 37 41 42 43 50 52 57 59 61 63 67 68 71 75 81 82 98 99 100 103 104 110 111 112 113 117 118 120 122 123 131 132 136 138 142 148 149  
80 2 3 5 6 10 12 14 15 16 17 18 19 20 21 22 23 24 26 27 28 29 31 32 35 36 37 38 40 42 43 45 48 49 51 52 57 58 59 60 61 65 66 67 68 69 70 71 73 74 75 76 77 78 79 80 81 82 83 86 87 88 89 92 93 96 97 98 99 100 102 103 105 107 108 109 111 112 113 114 115 117 120 121 122 123 126 127 129 130 131 133 134 135 138 139 140 141 142 145 146 148 149 150  
56 1 2 3 4 5 6 7 8 9 10 11 12 13 14 15 16 17 18 19 20 21 22 23 24 25 26 27 28 29 30 31 32 33 34 35 36 37 38 39 40 41 42 43 44 45 46 47 48 49 50 51 52 53 54 55 56 57 58 59 60 61 62 63 64 65 66 67 68 69 70 71 72 73 74 75 76 77 78 79 80 81 82 83 84 85 87 88 89 90 91 92 93 94 95 96 97 98 99 100 101 102 103 104 105 107 108 109 110 111 112 113 114 115 116 117 118 120 121 122 123 124 125 126 127 128 129 130 131 132 133 134 135 136 137 138 139 140 141 142 143 144 145 146 147 148 149 150  
39 3 4 6 13 14 20 21 23 27 31 33 34 35 37 41 50 59 62 66 70 71 74 78 79 80 88 91 98 101 103 106 109 114 118 122 124 130 131 134 136 137 140 144 145  
29 14 15 17 33 43 45 46 52 56 57 72 77 81 84 85 86 87 89 92 94 98 101 106 117 122 130 141 147  
58 2 3 5 6 7 9 10 11 14 16 17 19 20 21 22 23 24 25 28 30 32 34 36 38 40 41 42 43 44 45 46 48 51 52 53 54 55 56 58 61 62 63 64 65 66 67 68 70 71 72 73 74 77 78 81 82 83 84 85 86 89 90 92 93 94 95 98 99 100 101 102 103 105 106 108 110 111 112 113 114 115 116 117 118 119 120 121 122 123 125 127 128 129 133 134 135 136 137 140 142 143 144 145 147 148 150  
COST_INSTALL_SERVER_AND_PROGRAMS :
0 13.0 4.0 4.0 2.0 3.0 5.0 3.0 2.0 2.0 5.0 2.0 2.0 5.0 1.0 3.0 5.0 2.0 2.0 4.0 2.0 5.0 3.0 2.0 1.0 4.0 1.0 4.0 5.0 5.0 5.0 3.0 5.0 4.0 1.0 3.0 4.0 2.0 2.0 4.0 3.0 5.0 3.0 4.0 2.0 2.0 5.0 1.0 2.0 1.0 3.0 4.0 1.0 3.0 3.0 5.0 2.0 4.0 2.0 5.0 2.0 1.0 4.0 4.0 1.0 1.0 2.0 3.0 5.0 5.0 4.0 2.0 1.0 3.0 2.0 1.0 3.0 3.0 1.0 5.0 2.0 2.0 4.0 4.0 4.0 2.0 2.0 1.0 1.0 2.0 4.0 5.0 1.0 1.0 3.0 1.0 2.0 2.0 2.0 5.0 3.0 2.0 4.0 2.0 3.0 2.0 5.0 4.0 3.0 2.0 5.0 4.0 3.0 3.0 3.0 4.0 4.0 4.0 1.0 1.0 4.0 1.0 5.0 5.0 5.0 5.0 2.0 2.0 5.0 3.0 1.0 3.0 3.0 5.0 4.0 4.0 5.0 4.0 4.0 4.0 4.0 3.0 5.0 3.0 4.0 1.0 4.0 5.0 2.0 1.0 5.0 3.0  
51 11.0 3.0 1.0 2.0 4.0 3.0 1.0 1.0 1.0 1.0 5.0 5.0 3.0 5.0 4.0 1.0 4.0 5.0 5.0 4.0 3.0 1.0 4.0 1.0 3.0 4.0 2.0 4.0 4.0 3.0 2.0 3.0 4.0 2.0 4.0 4.0 4.0 3.0 5.0 4.0 5.0 2.0 2.0 4.0 3.0 2.0 3.0 1.0 4.0 2.0 3.0 1.0 4.0 2.0 3.0 2.0 2.0 5.0 3.0 2.0 5.0 5.0 4.0 2.0 3.0 1.0 3.0 5.0 1.0 3.0 2.0 1.0 3.0 1.0 2.0 1.0 1.0 1.0 1.0 5.0 4.0 4.0 4.0 2.0 3.0 4.0 4.0 5.0 1.0 1.0 4.0 3.0 2.0 3.0 1.0 2.0 1.0 3.0 3.0 2.0 2.0 4.0 3.0 2.0 2.0 4.0 3.0 1.0 1.0 5.0 1.0 2.0 2.0 5.0 1.0 1.0 5.0 2.0 4.0 4.0 1.0 2.0 5.0 2.0 3.0 1.0 2.0 5.0 4.0 5.0 2.0 5.0 4.0 5.0 1.0 4.0 3.0 5.0 2.0 5.0 1.0 4.0 3.0 3.0 5.0 2.0 4.0 5.0 2.0 1.0 3.0  
95 14.0 1.0 3.0 4.0 4.0 1.0 3.0 4.0 5.0 1.0 5.0 2.0 2.0 1.0 1.0 2.0 3.0 5.0 5.0 1.0 3.0 4.0 4.0 5.0 1.0 1.0 1.0 1.0 4.0 2.0 4.0 2.0 4.0 3.0 4.0 4.0 4.0 3.0 2.0 2.0 1.0 2.0 3.0 4.0 1.0 5.0 4.0 1.0 2.0 2.0 4.0 5.0 3.0 5.0 4.0 4.0 4.0 5.0 5.0 4.0 4.0 4.0 3.0 1.0 1.0 1.0 5.0 3.0 1.0 2.0 4.0 4.0 1.0 2.0 1.0 3.0 4.0 5.0 3.0 2.0 4.0 2.0 1.0 5.0 4.0 1.0 4.0 1.0 5.0 3.0 2.0 2.0 3.0 1.0 1.0 4.0 4.0 2.0 1.0 4.0 2.0 5.0 3.0 3.0 1.0 1.0 5.0 4.0 2.0 5.0 4.0 1.0 1.0 4.0 4.0 2.0 5.0 3.0 3.0 4.0 5.0 2.0 2.0 2.0 3.0 4.0 4.0 1.0 5.0 5.0 5.0 1.0 5.0 4.0 4.0 4.0 4.0 5.0 4.0 4.0 5.0 5.0 3.0 3.0 2.0 1.0 1.0 5.0 1.0 2.0 4.0  
85 13.0 1.0 2.0 2.0 4.0 2.0 1.0 4.0 1.0 1.0 3.0 3.0 4.0 5.0 1.0 2.0 3.0 4.0 1.0 4.0 5.0 2.0 4.0 3.0 2.0 2.0 3.0 2.0 4.0 3.0 4.0 5.0 2.0 1.0 2.0 3.0 4.0 4.0 4.0 4.0 3.0 4.0 1.0 5.0 2.0 4.0 4.0 5.0 1.0 1.0 3.0 2.0 5.0 2.0 2.0 1.0 2.0 4.0 2.0 1.0 5.0 4.0 2.0 1.0 1.0 3.0 3.0 3.0 1.0 4.0 3.0 3.0 2.0 5.0 3.0 4.0 5.0 3.0 5.0 5.0 1.0 4.0 5.0 5.0 3.0 1.0 4.0 2.0 5.0 3.0 5.0 1.0 2.0 1.0 1.0 3.0 4.0 5.0 4.0 1.0 1.0 3.0 2.0 1.0 2.0 3.0 1.0 5.0 1.0 5.0 4.0 4.0 4.0 2.0 3.0 4.0 5.0 5.0 4.0 1.0 1.0 1.0 4.0 2.0 2.0 5.0 5.0 4.0 1.0 5.0 5.0 2.0 5.0 2.0 2.0 2.0 2.0 4.0 2.0 1.0 4.0 4.0 1.0 2.0 4.0 2.0 4.0 5.0 1.0 3.0 3.0  
19 6.0 4.0 4.0 2.0 2.0 2.0 4.0 3.0 4.0 4.0 3.0 3.0 4.0 2.0 5.0 2.0 1.0 3.0 1.0 1.0 2.0 5.0 2.0 3.0 2.0 4.0 5.0 3.0 2.0 1.0 2.0 5.0 4.0 5.0 3.0 5.0 4.0 4.0 2.0 3.0 4.0 1.0 5.0 5.0 5.0 5.0 5.0 1.0 4.0 5.0 2.0 3.0 1.0 1.0 2.0 5.0 2.0 3.0 3.0 5.0 2.0 1.0 1.0 1.0 5.0 5.0 5.0 4.0 3.0 3.0 3.0 5.0 5.0 3.0 3.0 4.0 3.0 2.0 1.0 1.0 5.0 5.0 1.0 2.0 3.0 2.0 2.0 2.0 1.0 3.0 5.0 1.0 4.0 1.0 5.0 2.0 5.0 4.0 5.0 3.0 1.0 4.0 1.0 2.0 4.0 1.0 5.0 2.0 1.0 2.0 4.0 5.0 5.0 5.0 2.0 5.0 3.0 2.0 3.0 2.0 5.0 5.0 3.0 2.0 1.0 3.0 3.0 3.0 2.0 3.0 4.0 1.0 2.0 2.0 2.0 3.0 1.0 1.0 3.0 2.0 2.0 4.0 4.0 5.0 4.0 2.0 2.0 3.0 2.0 4.0 1.0  
16 9.0 2.0 3.0 4.0 5.0 4.0 2.0 3.0 2.0 4.0 1.0 1.0 4.0 1.0 4.0 3.0 1.0 2.0 1.0 4.0 3.0 5.0 1.0 1.0 3.0 5.0 1.0 2.0 3.0 3.0 3.0 5.0 4.0 5.0 2.0 2.0 3.0 5.0 2.0 1.0 4.0 2.0 3.0 5.0 5.0 1.0 5.0 3.0 3.0 3.0 5.0 2.0 3.0 2.0 5.0 2.0 4.0 1.0 3.0 4.0 4.0 1.0 5.0 4.0 1.0 5.0 3.0 2.0 4.0 3.0 5.0 1.0 1.0 4.0 4.0 4.0 2.0 2.0 2.0 1.0 5.0 4.0 4.0 1.0 4.0 2.0 2.0 1.0 4.0 4.0 1.0 4.0 3.0 1.0 3.0 5.0 3.0 1.0 2.0 5.0 1.0 3.0 3.0 5.0 4.0 5.0 4.0 4.0 4.0 3.0 4.0 5.0 5.0 3.0 2.0 3.0 2.0 5.0 3.0 4.0 4.0 5.0 4.0 5.0 4.0 1.0 4.0 5.0 5.0 3.0 5.0 1.0 4.0 1.0 4.0 3.0 4.0 3.0 4.0 3.0 4.0 1.0 2.0 2.0 2.0 2.0 2.0 5.0 3.0 1.0 5.0  
4 14.0 1.0 4.0 3.0 1.0 3.0 1.0 5.0 5.0 1.0 2.0 5.0 4.0 2.0 3.0 4.0 2.0 2.0 5.0 3.0 2.0 1.0 4.0 4.0 4.0 1.0 4.0 3.0 3.0 2.0 3.0 4.0 4.0 1.0 1.0 5.0 1.0 4.0 5.0 4.0 4.0 4.0 4.0 2.0 4.0 4.0 2.0 2.0 5.0 1.0 1.0 2.0 1.0 5.0 5.0 4.0 1.0 3.0 4.0 3.0 1.0 4.0 2.0 1.0 3.0 2.0 1.0 3.0 4.0 4.0 1.0 4.0 4.0 5.0 1.0 4.0 5.0 5.0 3.0 5.0 2.0 3.0 5.0 2.0 4.0 1.0 5.0 1.0 1.0 1.0 2.0 1.0 2.0 3.0 1.0 2.0 5.0 1.0 5.0 3.0 4.0 2.0 5.0 3.0 5.0 1.0 2.0 5.0 2.0 3.0 1.0 2.0 1.0 5.0 1.0 5.0 2.0 2.0 5.0 4.0 3.0 1.0 4.0 3.0 1.0 4.0 3.0 4.0 1.0 4.0 2.0 5.0 1.0 2.0 4.0 1.0 3.0 4.0 4.0 1.0 1.0 3.0 5.0 5.0 2.0 3.0 5.0 1.0 1.0 3.0 5.0  
18 7.0 4.0 4.0 1.0 3.0 2.0 4.0 2.0 3.0 3.0 1.0 4.0 1.0 5.0 3.0 2.0 1.0 1.0 3.0 1.0 4.0 2.0 1.0 1.0 3.0 4.0 4.0 3.0 3.0 5.0 4.0 3.0 2.0 3.0 3.0 4.0 2.0 4.0 3.0 1.0 4.0 4.0 5.0 2.0 1.0 1.0 3.0 2.0 4.0 4.0 1.0 4.0 2.0 4.0 4.0 3.0 1.0 3.0 2.0 3.0 3.0 4.0 4.0 3.0 3.0 5.0 4.0 1.0 3.0 5.0 2.0 5.0 5.0 3.0 4.0 1.0 1.0 5.0 2.0 3.0 3.0 4.0 2.0 2.0 2.0 4.0 2.0 5.0 2.0 2.0 3.0 1.0 1.0 1.0 1.0 4.0 1.0 1.0 3.0 4.0 4.0 3.0 1.0 5.0 1.0 5.0 4.0 5.0 4.0 3.0 3.0 5.0 5.0 1.0 1.0 2.0 1.0 1.0 4.0 2.0 4.0 4.0 1.0 5.0 5.0 1.0 5.0 5.0 1.0 5.0 2.0 5.0 5.0 2.0 5.0 5.0 5.0 1.0 5.0 2.0 2.0 4.0 1.0 4.0 3.0 5.0 3.0 3.0 2.0 4.0 3.0  
64 10.0 2.0 1.0 1.0 4.0 2.0 3.0 4.0 3.0 2.0 4.0 5.0 1.0 3.0 3.0 5.0 2.0 2.0 3.0 2.0 2.0 4.0 1.0 5.0 3.0 5.0 3.0 2.0 1.0 1.0 1.0 1.0 4.0 1.0 1.0 5.0 4.0 3.0 1.0 1.0 1.0 1.0 4.0 2.0 3.0 3.0 3.0 1.0 1.0 3.0 1.0 1.0 1.0 3.0 4.0 3.0 1.0 4.0 5.0 4.0 1.0 4.0 2.0 4.0 1.0 5.0 2.0 1.0 1.0 3.0 3.0 4.0 3.0 5.0 2.0 3.0 3.0 3.0 3.0 2.0 3.0 1.0 1.0 2.0 2.0 3.0 5.0 1.0 3.0 3.0 1.0 2.0 5.0 1.0 2.0 4.0 2.0 5.0 4.0 1.0 2.0 4.0 1.0 1.0 4.0 3.0 4.0 4.0 3.0 1.0 1.0 4.0 4.0 1.0 4.0 5.0 5.0 3.0 1.0 5.0 2.0 1.0 1.0 4.0 2.0 3.0 5.0 1.0 4.0 2.0 4.0 4.0 3.0 1.0 4.0 1.0 1.0 1.0 1.0 3.0 2.0 5.0 1.0 4.0 2.0 3.0 1.0 3.0 2.0 5.0 5.0  
89 8.0 5.0 3.0 3.0 2.0 4.0 3.0 5.0 4.0 4.0 2.0 2.0 5.0 5.0 1.0 5.0 5.0 5.0 4.0 3.0 4.0 2.0 4.0 2.0 3.0 4.0 1.0 1.0 3.0 1.0 1.0 4.0 3.0 2.0 3.0 2.0 5.0 1.0 3.0 2.0 3.0 3.0 1.0 5.0 5.0 5.0 1.0 1.0 2.0 1.0 2.0 3.0 5.0 4.0 1.0 3.0 2.0 5.0 5.0 1.0 4.0 1.0 5.0 1.0 2.0 2.0 3.0 2.0 2.0 2.0 5.0 4.0 5.0 3.0 4.0 2.0 1.0 4.0 1.0 4.0 2.0 4.0 2.0 2.0 5.0 4.0 1.0 3.0 4.0 2.0 5.0 5.0 5.0 3.0 3.0 5.0 4.0 2.0 2.0 5.0 4.0 5.0 2.0 3.0 4.0 3.0 3.0 4.0 2.0 5.0 1.0 5.0 2.0 3.0 2.0 4.0 5.0 1.0 5.0 4.0 1.0 3.0 4.0 4.0 5.0 4.0 3.0 3.0 4.0 3.0 2.0 2.0 4.0 2.0 2.0 4.0 5.0 5.0 1.0 2.0 1.0 4.0 3.0 4.0 1.0 1.0 1.0 2.0 2.0 2.0 4.0  
57 6.0 3.0 1.0 1.0 3.0 3.0 1.0 2.0 5.0 3.0 1.0 1.0 2.0 3.0 2.0 1.0 3.0 4.0 3.0 1.0 3.0 2.0 1.0 5.0 1.0 4.0 5.0 4.0 2.0 1.0 1.0 4.0 4.0 3.0 5.0 2.0 4.0 1.0 3.0 2.0 5.0 3.0 1.0 1.0 1.0 2.0 1.0 1.0 3.0 3.0 1.0 2.0 3.0 2.0 2.0 4.0 3.0 2.0 2.0 3.0 5.0 2.0 1.0 4.0 4.0 1.0 1.0 5.0 3.0 1.0 4.0 4.0 2.0 4.0 4.0 2.0 4.0 3.0 5.0 1.0 1.0 2.0 4.0 3.0 4.0 2.0 2.0 1.0 3.0 2.0 4.0 2.0 2.0 2.0 4.0 4.0 1.0 5.0 1.0 4.0 4.0 4.0 4.0 5.0 4.0 4.0 3.0 4.0 3.0 5.0 4.0 1.0 4.0 3.0 5.0 2.0 2.0 5.0 4.0 4.0 3.0 4.0 4.0 5.0 2.0 4.0 2.0 1.0 4.0 2.0 4.0 4.0 1.0 4.0 5.0 4.0 3.0 2.0 5.0 1.0 4.0 2.0 3.0 5.0 3.0 1.0 3.0 5.0 2.0 5.0 1.0  
34 6.0 4.0 5.0 4.0 4.0 4.0 1.0 2.0 3.0 5.0 5.0 3.0 2.0 1.0 3.0 4.0 1.0 2.0 2.0 5.0 1.0 1.0 5.0 1.0 4.0 1.0 1.0 4.0 2.0 1.0 1.0 1.0 2.0 3.0 1.0 4.0 2.0 2.0 4.0 5.0 3.0 5.0 3.0 4.0 4.0 5.0 2.0 3.0 3.0 2.0 2.0 5.0 3.0 3.0 5.0 4.0 3.0 5.0 3.0 1.0 2.0 1.0 3.0 4.0 3.0 5.0 5.0 1.0 4.0 5.0 2.0 2.0 3.0 2.0 1.0 5.0 4.0 2.0 1.0 5.0 1.0 1.0 3.0 1.0 1.0 4.0 5.0 2.0 1.0 2.0 2.0 5.0 3.0 2.0 3.0 4.0 1.0 3.0 2.0 2.0 2.0 2.0 5.0 2.0 5.0 2.0 4.0 5.0 4.0 5.0 1.0 2.0 3.0 2.0 2.0 3.0 2.0 1.0 1.0 4.0 2.0 2.0 3.0 3.0 4.0 4.0 5.0 4.0 5.0 5.0 4.0 4.0 2.0 2.0 2.0 4.0 2.0 1.0 4.0 5.0 1.0 2.0 2.0 5.0 5.0 4.0 1.0 1.0 2.0 4.0 2.0  
81 10.0 1.0 4.0 2.0 4.0 3.0 3.0 3.0 1.0 2.0 5.0 1.0 2.0 5.0 1.0 5.0 5.0 4.0 3.0 3.0 2.0 1.0 1.0 1.0 5.0 4.0 5.0 4.0 4.0 3.0 1.0 4.0 2.0 3.0 1.0 1.0 3.0 3.0 3.0 3.0 2.0 5.0 4.0 5.0 5.0 3.0 4.0 1.0 1.0 3.0 1.0 5.0 1.0 1.0 5.0 1.0 2.0 5.0 2.0 1.0 5.0 5.0 1.0 2.0 2.0 2.0 3.0 2.0 4.0 2.0 5.0 3.0 4.0 4.0 5.0 2.0 5.0 1.0 2.0 4.0 5.0 2.0 1.0 1.0 5.0 3.0 4.0 4.0 3.0 1.0 1.0 2.0 4.0 4.0 2.0 2.0 1.0 2.0 4.0 3.0 1.0 5.0 1.0 1.0 3.0 2.0 5.0 1.0 3.0 3.0 1.0 1.0 5.0 1.0 5.0 5.0 4.0 5.0 3.0 4.0 1.0 3.0 3.0 4.0 3.0 1.0 3.0 5.0 1.0 2.0 4.0 4.0 5.0 3.0 3.0 2.0 2.0 4.0 2.0 1.0 5.0 5.0 3.0 4.0 1.0 1.0 4.0 3.0 1.0 1.0 4.0  
71 13.0 1.0 2.0 4.0 2.0 1.0 3.0 3.0 3.0 4.0 3.0 2.0 4.0 2.0 4.0 4.0 2.0 1.0 2.0 2.0 3.0 4.0 3.0 1.0 4.0 3.0 1.0 1.0 3.0 1.0 4.0 4.0 4.0 2.0 3.0 4.0 5.0 1.0 3.0 1.0 2.0 1.0 1.0 1.0 3.0 2.0 5.0 5.0 5.0 4.0 5.0 2.0 5.0 5.0 5.0 2.0 5.0 4.0 5.0 4.0 5.0 4.0 4.0 5.0 4.0 5.0 2.0 1.0 5.0 4.0 3.0 3.0 5.0 2.0 3.0 1.0 5.0 2.0 5.0 3.0 2.0 3.0 3.0 1.0 4.0 2.0 3.0 3.0 3.0 3.0 5.0 3.0 5.0 4.0 3.0 5.0 1.0 3.0 5.0 5.0 1.0 2.0 3.0 2.0 4.0 3.0 2.0 2.0 5.0 5.0 2.0 3.0 3.0 5.0 1.0 5.0 4.0 4.0 4.0 2.0 1.0 3.0 4.0 1.0 5.0 4.0 1.0 3.0 3.0 3.0 3.0 4.0 1.0 3.0 3.0 3.0 1.0 4.0 5.0 5.0 5.0 4.0 1.0 2.0 4.0 3.0 2.0 4.0 2.0 1.0 4.0  
75 6.0 5.0 2.0 1.0 5.0 5.0 2.0 1.0 2.0 5.0 2.0 4.0 4.0 5.0 3.0 5.0 2.0 4.0 2.0 5.0 1.0 3.0 2.0 5.0 2.0 2.0 1.0 4.0 4.0 5.0 1.0 5.0 3.0 4.0 5.0 5.0 4.0 5.0 5.0 4.0 3.0 3.0 3.0 5.0 4.0 1.0 1.0 4.0 4.0 1.0 3.0 4.0 2.0 3.0 3.0 3.0 4.0 5.0 4.0 3.0 1.0 5.0 4.0 4.0 3.0 1.0 3.0 5.0 1.0 1.0 1.0 3.0 5.0 1.0 2.0 1.0 2.0 2.0 5.0 1.0 2.0 4.0 1.0 2.0 3.0 5.0 2.0 4.0 3.0 1.0 2.0 1.0 3.0 5.0 1.0 3.0 2.0 5.0 2.0 1.0 5.0 5.0 2.0 2.0 1.0 1.0 3.0 5.0 2.0 5.0 5.0 1.0 4.0 1.0 3.0 5.0 4.0 1.0 4.0 1.0 1.0 3.0 3.0 2.0 1.0 3.0 2.0 1.0 5.0 4.0 4.0 2.0 4.0 4.0 2.0 5.0 5.0 3.0 3.0 4.0 4.0 2.0 4.0 1.0 2.0 3.0 2.0 1.0 5.0 1.0 1.0  
67 8.0 1.0 5.0 3.0 1.0 1.0 4.0 3.0 1.0 1.0 4.0 1.0 2.0 4.0 4.0 4.0 2.0 5.0 4.0 3.0 3.0 3.0 5.0 4.0 4.0 2.0 3.0 5.0 1.0 1.0 1.0 1.0 5.0 2.0 3.0 3.0 5.0 5.0 4.0 5.0 1.0 1.0 4.0 4.0 3.0 3.0 3.0 1.0 1.0 4.0 1.0 1.0 5.0 4.0 4.0 5.0 4.0 2.0 1.0 3.0 5.0 2.0 4.0 3.0 3.0 2.0 5.0 3.0 5.0 2.0 2.0 1.0 3.0 5.0 4.0 4.0 4.0 1.0 3.0 2.0 2.0 2.0 4.0 1.0 5.0 4.0 5.0 1.0 1.0 1.0 1.0 2.0 5.0 1.0 3.0 5.0 3.0 2.0 3.0 2.0 4.0 4.0 2.0 5.0 5.0 4.0 4.0 5.0 3.0 2.0 1.0 3.0 4.0 4.0 2.0 2.0 2.0 4.0 3.0 4.0 2.0 1.0 2.0 4.0 1.0 3.0 1.0 3.0 2.0 3.0 1.0 4.0 3.0 1.0 2.0 5.0 1.0 3.0 2.0 1.0 5.0 4.0 2.0 4.0 4.0 3.0 4.0 4.0 1.0 1.0 1.0  
90 7.0 5.0 4.0 5.0 2.0 4.0 2.0 5.0 4.0 4.0 3.0 5.0 4.0 2.0 1.0 4.0 3.0 1.0 5.0 2.0 4.0 3.0 5.0 1.0 5.0 2.0 5.0 5.0 4.0 2.0 2.0 1.0 2.0 3.0 5.0 3.0 2.0 5.0 5.0 3.0 2.0 5.0 3.0 3.0 5.0 5.0 5.0 5.0 3.0 4.0 4.0 5.0 5.0 1.0 3.0 4.0 4.0 4.0 3.0 4.0 4.0 3.0 1.0 3.0 4.0 2.0 1.0 4.0 1.0 1.0 2.0 1.0 5.0 5.0 1.0 1.0 2.0 1.0 5.0 1.0 5.0 2.0 3.0 2.0 2.0 5.0 3.0 4.0 5.0 3.0 3.0 5.0 1.0 4.0 3.0 3.0 1.0 5.0 2.0 3.0 3.0 4.0 2.0 1.0 4.0 2.0 1.0 2.0 1.0 2.0 3.0 3.0 4.0 3.0 1.0 2.0 1.0 5.0 2.0 3.0 2.0 5.0 3.0 2.0 3.0 4.0 2.0 4.0 3.0 1.0 4.0 5.0 1.0 1.0 4.0 2.0 5.0 4.0 4.0 2.0 3.0 1.0 2.0 3.0 4.0 2.0 5.0 3.0 3.0 2.0 2.0  
11 9.0 3.0 2.0 4.0 2.0 1.0 4.0 2.0 2.0 4.0 2.0 4.0 4.0 1.0 2.0 2.0 2.0 3.0 3.0 4.0 5.0 2.0 3.0 2.0 4.0 2.0 4.0 3.0 2.0 3.0 1.0 1.0 1.0 4.0 4.0 5.0 4.0 1.0 1.0 1.0 2.0 3.0 4.0 2.0 4.0 3.0 3.0 1.0 2.0 4.0 1.0 1.0 2.0 2.0 3.0 4.0 3.0 2.0 3.0 4.0 2.0 5.0 4.0 4.0 3.0 3.0 1.0 3.0 5.0 4.0 4.0 3.0 2.0 4.0 4.0 3.0 5.0 2.0 3.0 2.0 1.0 5.0 3.0 4.0 3.0 4.0 2.0 2.0 3.0 1.0 5.0 3.0 2.0 2.0 1.0 3.0 4.0 5.0 2.0 5.0 5.0 5.0 5.0 4.0 3.0 4.0 4.0 3.0 3.0 5.0 3.0 3.0 3.0 3.0 4.0 1.0 3.0 2.0 4.0 1.0 2.0 1.0 5.0 3.0 1.0 4.0 1.0 2.0 2.0 5.0 3.0 1.0 4.0 2.0 5.0 5.0 3.0 5.0 3.0 2.0 4.0 5.0 1.0 4.0 1.0 3.0 3.0 3.0 3.0 5.0 3.0  
77 6.0 1.0 3.0 1.0 4.0 1.0 1.0 2.0 1.0 5.0 1.0 1.0 4.0 4.0 4.0 4.0 2.0 4.0 4.0 4.0 3.0 2.0 5.0 2.0 5.0 5.0 1.0 1.0 1.0 3.0 2.0 3.0 5.0 4.0 3.0 5.0 1.0 5.0 2.0 2.0 2.0 4.0 2.0 5.0 5.0 3.0 2.0 3.0 5.0 2.0 1.0 2.0 1.0 1.0 5.0 3.0 4.0 5.0 1.0 3.0 2.0 5.0 5.0 4.0 4.0 5.0 3.0 1.0 3.0 2.0 4.0 4.0 2.0 5.0 4.0 4.0 5.0 4.0 3.0 3.0 2.0 4.0 1.0 4.0 2.0 2.0 3.0 3.0 3.0 2.0 3.0 3.0 5.0 5.0 4.0 4.0 4.0 5.0 1.0 2.0 5.0 1.0 5.0 1.0 2.0 5.0 5.0 2.0 5.0 5.0 4.0 5.0 2.0 5.0 2.0 1.0 2.0 5.0 4.0 1.0 4.0 1.0 5.0 1.0 4.0 1.0 5.0 2.0 1.0 1.0 4.0 4.0 2.0 5.0 3.0 5.0 2.0 1.0 5.0 5.0 5.0 3.0 5.0 1.0 4.0 2.0 2.0 5.0 5.0 3.0 3.0  
10 8.0 4.0 1.0 3.0 1.0 3.0 3.0 5.0 1.0 4.0 3.0 4.0 5.0 3.0 5.0 2.0 2.0 2.0 5.0 4.0 1.0 2.0 3.0 5.0 5.0 5.0 5.0 3.0 3.0 4.0 3.0 3.0 2.0 4.0 2.0 5.0 5.0 1.0 1.0 2.0 5.0 4.0 5.0 5.0 3.0 2.0 4.0 1.0 4.0 4.0 4.0 3.0 5.0 2.0 4.0 2.0 2.0 3.0 5.0 1.0 1.0 2.0 2.0 4.0 2.0 2.0 1.0 5.0 4.0 2.0 1.0 4.0 4.0 1.0 5.0 3.0 1.0 3.0 3.0 5.0 1.0 4.0 2.0 1.0 4.0 4.0 2.0 5.0 2.0 1.0 5.0 3.0 1.0 2.0 3.0 3.0 3.0 3.0 1.0 4.0 5.0 4.0 4.0 5.0 1.0 2.0 2.0 3.0 5.0 2.0 2.0 2.0 3.0 1.0 3.0 1.0 2.0 5.0 1.0 2.0 5.0 5.0 2.0 3.0 2.0 2.0 4.0 5.0 3.0 3.0 2.0 1.0 1.0 4.0 5.0 4.0 2.0 1.0 1.0 5.0 4.0 2.0 5.0 1.0 3.0 2.0 3.0 3.0 3.0 3.0 3.0  
5 10.0 2.0 1.0 2.0 3.0 4.0 5.0 4.0 5.0 5.0 2.0 3.0 2.0 2.0 1.0 2.0 3.0 3.0 4.0 5.0 3.0 1.0 3.0 2.0 3.0 5.0 2.0 4.0 2.0 1.0 2.0 2.0 1.0 1.0 5.0 5.0 4.0 2.0 3.0 1.0 4.0 2.0 5.0 2.0 5.0 1.0 1.0 4.0 4.0 2.0 3.0 4.0 4.0 3.0 4.0 2.0 4.0 1.0 2.0 2.0 2.0 1.0 2.0 2.0 4.0 4.0 3.0 4.0 4.0 4.0 5.0 4.0 5.0 5.0 4.0 5.0 1.0 1.0 3.0 4.0 1.0 1.0 5.0 3.0 3.0 3.0 1.0 3.0 1.0 3.0 5.0 3.0 3.0 2.0 1.0 4.0 1.0 5.0 1.0 3.0 2.0 1.0 1.0 3.0 3.0 5.0 1.0 2.0 3.0 2.0 1.0 3.0 3.0 1.0 3.0 1.0 4.0 2.0 5.0 1.0 1.0 4.0 4.0 2.0 3.0 1.0 5.0 3.0 4.0 1.0 1.0 1.0 1.0 3.0 2.0 3.0 1.0 2.0 4.0 5.0 1.0 4.0 1.0 4.0 1.0 3.0 2.0 5.0 3.0 3.0 1.0  
52 13.0 2.0 3.0 5.0 2.0 2.0 5.0 4.0 2.0 1.0 5.0 1.0 2.0 5.0 1.0 3.0 3.0 1.0 2.0 5.0 5.0 1.0 4.0 1.0 2.0 1.0 3.0 1.0 2.0 2.0 2.0 1.0 1.0 5.0 5.0 1.0 5.0 4.0 1.0 5.0 4.0 5.0 1.0 4.0 1.0 4.0 4.0 3.0 3.0 4.0 3.0 4.0 5.0 3.0 1.0 5.0 1.0 4.0 2.0 1.0 2.0 3.0 3.0 2.0 4.0 4.0 2.0 2.0 1.0 4.0 4.0 1.0 1.0 2.0 4.0 4.0 2.0 1.0 2.0 2.0 3.0 2.0 4.0 2.0 3.0 3.0 2.0 4.0 4.0 4.0 2.0 5.0 3.0 2.0 2.0 4.0 2.0 2.0 5.0 5.0 4.0 1.0 1.0 5.0 5.0 4.0 4.0 1.0 5.0 5.0 2.0 5.0 3.0 4.0 2.0 5.0 1.0 3.0 3.0 4.0 2.0 1.0 3.0 2.0 3.0 5.0 5.0 4.0 5.0 2.0 2.0 1.0 5.0 2.0 3.0 5.0 3.0 3.0 1.0 3.0 1.0 4.0 3.0 1.0 1.0 3.0 4.0 1.0 5.0 4.0 2.0  
25 8.0 5.0 2.0 5.0 3.0 4.0 2.0 1.0 2.0 5.0 5.0 2.0 5.0 2.0 3.0 5.0 5.0 4.0 2.0 2.0 3.0 1.0 4.0 4.0 5.0 3.0 4.0 5.0 5.0 2.0 5.0 5.0 3.0 4.0 5.0 5.0 5.0 1.0 4.0 4.0 1.0 5.0 3.0 2.0 4.0 5.0 5.0 1.0 1.0 1.0 1.0 4.0 1.0 4.0 3.0 2.0 1.0 2.0 5.0 4.0 2.0 3.0 4.0 1.0 3.0 5.0 3.0 5.0 5.0 1.0 4.0 5.0 5.0 4.0 3.0 1.0 2.0 3.0 1.0 5.0 3.0 1.0 4.0 4.0 5.0 1.0 1.0 1.0 4.0 5.0 3.0 1.0 1.0 5.0 2.0 4.0 5.0 5.0 4.0 3.0 2.0 5.0 3.0 1.0 5.0 5.0 2.0 1.0 4.0 3.0 5.0 3.0 4.0 3.0 4.0 1.0 1.0 2.0 1.0 5.0 2.0 1.0 4.0 4.0 2.0 4.0 3.0 4.0 3.0 1.0 3.0 1.0 5.0 1.0 5.0 2.0 3.0 2.0 2.0 2.0 2.0 2.0 1.0 3.0 5.0 1.0 4.0 5.0 1.0 2.0 2.0  
61 10.0 5.0 3.0 3.0 5.0 4.0 3.0 2.0 2.0 5.0 1.0 4.0 1.0 4.0 2.0 5.0 2.0 5.0 3.0 1.0 2.0 5.0 3.0 4.0 1.0 1.0 3.0 3.0 1.0 1.0 4.0 5.0 3.0 3.0 2.0 5.0 2.0 5.0 1.0 4.0 5.0 5.0 3.0 1.0 3.0 3.0 1.0 5.0 1.0 1.0 5.0 4.0 2.0 4.0 3.0 4.0 1.0 5.0 5.0 5.0 3.0 3.0 5.0 1.0 1.0 4.0 3.0 1.0 3.0 4.0 1.0 4.0 2.0 1.0 3.0 2.0 2.0 1.0 3.0 3.0 2.0 3.0 3.0 3.0 3.0 1.0 4.0 2.0 2.0 5.0 2.0 3.0 3.0 3.0 2.0 2.0 2.0 1.0 5.0 4.0 5.0 1.0 4.0 3.0 4.0 3.0 2.0 2.0 1.0 3.0 4.0 2.0 2.0 4.0 3.0 5.0 3.0 5.0 4.0 5.0 4.0 4.0 5.0 4.0 4.0 4.0 5.0 5.0 2.0 4.0 4.0 5.0 1.0 1.0 4.0 4.0 3.0 1.0 5.0 4.0 1.0 1.0 5.0 2.0 2.0 2.0 4.0 3.0 5.0 4.0 1.0  
92 11.0 5.0 1.0 5.0 1.0 4.0 3.0 1.0 2.0 2.0 4.0 2.0 1.0 2.0 3.0 5.0 5.0 2.0 4.0 2.0 1.0 2.0 5.0 2.0 1.0 5.0 1.0 2.0 5.0 2.0 5.0 4.0 1.0 3.0 5.0 5.0 5.0 3.0 3.0 3.0 4.0 3.0 4.0 4.0 4.0 4.0 5.0 4.0 5.0 4.0 2.0 3.0 5.0 1.0 2.0 5.0 4.0 2.0 3.0 4.0 2.0 2.0 1.0 5.0 2.0 5.0 5.0 3.0 1.0 3.0 4.0 5.0 3.0 2.0 1.0 3.0 2.0 4.0 1.0 5.0 4.0 2.0 1.0 4.0 3.0 4.0 3.0 5.0 1.0 2.0 3.0 5.0 5.0 4.0 3.0 4.0 2.0 2.0 3.0 4.0 4.0 2.0 3.0 5.0 5.0 5.0 3.0 4.0 5.0 4.0 4.0 2.0 3.0 5.0 5.0 4.0 4.0 2.0 3.0 4.0 2.0 4.0 3.0 3.0 5.0 1.0 4.0 5.0 4.0 3.0 3.0 4.0 2.0 4.0 3.0 1.0 4.0 3.0 5.0 5.0 5.0 5.0 5.0 4.0 5.0 5.0 2.0 3.0 3.0 5.0 1.0  
14 10.0 1.0 1.0 5.0 1.0 3.0 3.0 4.0 4.0 2.0 2.0 1.0 2.0 4.0 2.0 3.0 1.0 4.0 3.0 5.0 4.0 3.0 3.0 1.0 5.0 3.0 2.0 2.0 3.0 2.0 5.0 4.0 2.0 5.0 3.0 1.0 5.0 5.0 1.0 4.0 5.0 3.0 2.0 4.0 1.0 4.0 5.0 4.0 2.0 2.0 4.0 4.0 4.0 2.0 3.0 4.0 5.0 4.0 1.0 2.0 3.0 3.0 4.0 4.0 1.0 5.0 4.0 3.0 3.0 5.0 5.0 5.0 4.0 2.0 1.0 5.0 2.0 4.0 3.0 1.0 5.0 2.0 2.0 2.0 3.0 5.0 1.0 2.0 1.0 2.0 2.0 4.0 4.0 4.0 5.0 2.0 2.0 3.0 3.0 3.0 4.0 3.0 1.0 3.0 1.0 4.0 4.0 4.0 3.0 3.0 3.0 4.0 3.0 3.0 1.0 1.0 3.0 4.0 2.0 5.0 5.0 2.0 5.0 2.0 5.0 3.0 4.0 1.0 3.0 4.0 5.0 4.0 1.0 3.0 5.0 2.0 3.0 3.0 3.0 1.0 1.0 5.0 1.0 4.0 1.0 4.0 4.0 1.0 1.0 4.0 1.0  
59 7.0 4.0 2.0 3.0 2.0 3.0 2.0 2.0 2.0 1.0 5.0 2.0 1.0 5.0 4.0 4.0 2.0 4.0 3.0 5.0 3.0 1.0 2.0 5.0 1.0 5.0 3.0 5.0 4.0 3.0 5.0 5.0 2.0 1.0 4.0 5.0 3.0 4.0 5.0 2.0 1.0 5.0 2.0 2.0 5.0 3.0 4.0 2.0 4.0 3.0 3.0 3.0 3.0 3.0 3.0 5.0 1.0 4.0 2.0 5.0 2.0 3.0 2.0 2.0 3.0 3.0 2.0 3.0 4.0 1.0 3.0 5.0 2.0 3.0 1.0 3.0 2.0 3.0 5.0 4.0 4.0 1.0 1.0 2.0 4.0 5.0 5.0 1.0 5.0 1.0 3.0 4.0 1.0 5.0 5.0 3.0 4.0 4.0 2.0 1.0 1.0 4.0 3.0 1.0 4.0 3.0 4.0 2.0 2.0 5.0 1.0 5.0 3.0 2.0 4.0 1.0 2.0 1.0 3.0 1.0 5.0 3.0 3.0 5.0 5.0 2.0 5.0 3.0 5.0 2.0 4.0 5.0 2.0 5.0 5.0 4.0 4.0 3.0 1.0 2.0 3.0 5.0 3.0 2.0 5.0 3.0 1.0 5.0 1.0 5.0 2.0  
32 7.0 4.0 3.0 2.0 3.0 3.0 1.0 5.0 5.0 3.0 3.0 3.0 1.0 3.0 3.0 3.0 4.0 1.0 3.0 5.0 1.0 3.0 1.0 2.0 4.0 3.0 4.0 3.0 4.0 2.0 5.0 5.0 4.0 2.0 4.0 4.0 4.0 4.0 3.0 3.0 4.0 3.0 2.0 5.0 1.0 1.0 3.0 1.0 5.0 4.0 3.0 1.0 5.0 3.0 3.0 3.0 2.0 5.0 4.0 3.0 3.0 3.0 5.0 1.0 2.0 3.0 5.0 4.0 1.0 1.0 5.0 4.0 2.0 4.0 1.0 3.0 1.0 2.0 4.0 3.0 3.0 4.0 3.0 3.0 4.0 3.0 1.0 2.0 4.0 3.0 3.0 5.0 5.0 1.0 5.0 2.0 5.0 5.0 5.0 3.0 3.0 4.0 1.0 1.0 3.0 3.0 5.0 5.0 5.0 5.0 4.0 4.0 1.0 4.0 1.0 4.0 5.0 2.0 5.0 3.0 5.0 3.0 3.0 3.0 5.0 1.0 2.0 1.0 5.0 3.0 3.0 3.0 3.0 4.0 3.0 1.0 4.0 4.0 1.0 4.0 5.0 1.0 5.0 1.0 3.0 3.0 1.0 1.0 2.0 1.0 3.0  
62 11.0 3.0 2.0 3.0 3.0 1.0 4.0 3.0 3.0 1.0 3.0 4.0 5.0 4.0 1.0 4.0 2.0 1.0 2.0 4.0 5.0 1.0 4.0 3.0 2.0 4.0 4.0 1.0 4.0 1.0 3.0 2.0 1.0 4.0 5.0 5.0 3.0 3.0 5.0 1.0 2.0 5.0 4.0 2.0 4.0 1.0 4.0 4.0 2.0 2.0 1.0 3.0 5.0 5.0 3.0 5.0 4.0 1.0 1.0 3.0 4.0 2.0 4.0 3.0 1.0 3.0 2.0 4.0 3.0 5.0 1.0 1.0 4.0 4.0 5.0 1.0 5.0 4.0 2.0 3.0 3.0 1.0 2.0 5.0 1.0 5.0 2.0 1.0 1.0 2.0 4.0 2.0 1.0 2.0 2.0 5.0 4.0 3.0 2.0 5.0 3.0 4.0 3.0 1.0 4.0 5.0 2.0 5.0 5.0 2.0 1.0 4.0 1.0 2.0 3.0 1.0 5.0 1.0 3.0 4.0 2.0 3.0 2.0 4.0 2.0 1.0 5.0 3.0 3.0 5.0 2.0 4.0 4.0 4.0 4.0 3.0 3.0 2.0 4.0 5.0 1.0 5.0 5.0 4.0 5.0 1.0 2.0 2.0 5.0 3.0 1.0  
12 9.0 4.0 5.0 2.0 4.0 3.0 3.0 3.0 4.0 5.0 3.0 3.0 2.0 2.0 3.0 3.0 4.0 2.0 3.0 2.0 4.0 5.0 4.0 2.0 1.0 5.0 4.0 4.0 2.0 2.0 3.0 4.0 5.0 3.0 5.0 2.0 2.0 1.0 1.0 4.0 1.0 3.0 1.0 4.0 2.0 1.0 3.0 2.0 3.0 3.0 4.0 2.0 1.0 4.0 4.0 5.0 4.0 4.0 2.0 1.0 1.0 1.0 3.0 1.0 2.0 2.0 2.0 4.0 2.0 5.0 4.0 4.0 2.0 1.0 1.0 5.0 4.0 3.0 3.0 1.0 2.0 3.0 2.0 3.0 3.0 1.0 4.0 5.0 3.0 4.0 5.0 5.0 3.0 5.0 1.0 1.0 2.0 4.0 5.0 3.0 3.0 4.0 3.0 3.0 2.0 1.0 2.0 3.0 3.0 4.0 2.0 3.0 3.0 4.0 2.0 1.0 1.0 4.0 4.0 5.0 2.0 3.0 1.0 1.0 3.0 2.0 1.0 3.0 3.0 1.0 1.0 4.0 5.0 5.0 3.0 3.0 1.0 1.0 3.0 3.0 3.0 1.0 5.0 4.0 3.0 4.0 2.0 3.0 2.0 4.0 3.0  
94 12.0 2.0 4.0 3.0 5.0 5.0 4.0 1.0 5.0 1.0 4.0 5.0 4.0 5.0 3.0 3.0 3.0 3.0 3.0 1.0 1.0 3.0 5.0 3.0 4.0 4.0 5.0 2.0 5.0 3.0 4.0 1.0 5.0 5.0 3.0 2.0 4.0 5.0 5.0 4.0 5.0 1.0 4.0 2.0 3.0 2.0 2.0 1.0 3.0 4.0 3.0 1.0 2.0 5.0 1.0 5.0 2.0 5.0 3.0 3.0 2.0 3.0 2.0 1.0 2.0 2.0 3.0 2.0 2.0 1.0 5.0 5.0 2.0 5.0 1.0 1.0 3.0 2.0 4.0 5.0 3.0 5.0 1.0 5.0 5.0 2.0 5.0 2.0 2.0 5.0 5.0 4.0 4.0 4.0 5.0 5.0 3.0 5.0 5.0 4.0 2.0 5.0 3.0 1.0 2.0 4.0 2.0 5.0 2.0 3.0 3.0 4.0 4.0 3.0 5.0 4.0 4.0 3.0 5.0 2.0 5.0 2.0 2.0 3.0 2.0 4.0 4.0 2.0 2.0 3.0 2.0 4.0 2.0 2.0 3.0 5.0 5.0 1.0 2.0 5.0 4.0 5.0 5.0 4.0 3.0 4.0 3.0 2.0 2.0 3.0 3.0  
69 14.0 3.0 2.0 3.0 4.0 3.0 1.0 4.0 1.0 4.0 1.0 5.0 1.0 3.0 2.0 5.0 5.0 1.0 2.0 3.0 2.0 1.0 3.0 3.0 4.0 4.0 4.0 2.0 4.0 3.0 5.0 5.0 4.0 5.0 5.0 5.0 2.0 4.0 3.0 4.0 1.0 2.0 1.0 1.0 3.0 3.0 1.0 4.0 3.0 5.0 5.0 4.0 5.0 2.0 3.0 1.0 2.0 4.0 5.0 2.0 1.0 4.0 3.0 4.0 5.0 4.0 5.0 2.0 1.0 3.0 5.0 2.0 2.0 3.0 4.0 2.0 4.0 3.0 2.0 3.0 5.0 4.0 4.0 1.0 1.0 5.0 5.0 5.0 3.0 5.0 5.0 1.0 3.0 5.0 1.0 1.0 2.0 4.0 5.0 4.0 4.0 3.0 2.0 2.0 5.0 5.0 3.0 3.0 2.0 4.0 3.0 3.0 2.0 5.0 2.0 1.0 2.0 4.0 1.0 2.0 4.0 3.0 2.0 5.0 3.0 1.0 3.0 2.0 1.0 4.0 3.0 3.0 5.0 2.0 1.0 3.0 5.0 3.0 1.0 4.0 2.0 5.0 3.0 4.0 3.0 1.0 4.0 1.0 4.0 1.0 4.0  
65 6.0 1.0 5.0 3.0 2.0 2.0 1.0 5.0 4.0 2.0 5.0 1.0 4.0 2.0 4.0 5.0 3.0 3.0 4.0 1.0 2.0 1.0 5.0 2.0 5.0 2.0 4.0 3.0 2.0 1.0 4.0 5.0 3.0 5.0 4.0 1.0 5.0 1.0 4.0 4.0 5.0 3.0 3.0 1.0 3.0 3.0 2.0 5.0 5.0 3.0 1.0 2.0 1.0 2.0 3.0 4.0 1.0 5.0 4.0 5.0 2.0 1.0 5.0 4.0 2.0 5.0 1.0 3.0 5.0 5.0 2.0 5.0 5.0 5.0 1.0 2.0 2.0 2.0 3.0 3.0 1.0 4.0 2.0 4.0 3.0 1.0 4.0 4.0 4.0 4.0 2.0 3.0 5.0 1.0 1.0 5.0 4.0 5.0 4.0 2.0 4.0 1.0 5.0 5.0 5.0 1.0 1.0 4.0 1.0 3.0 5.0 2.0 5.0 1.0 4.0 4.0 3.0 2.0 5.0 2.0 5.0 2.0 2.0 5.0 2.0 5.0 2.0 1.0 1.0 3.0 5.0 3.0 5.0 1.0 4.0 5.0 4.0 1.0 4.0 2.0 5.0 3.0 2.0 3.0 4.0 3.0 4.0 5.0 3.0 2.0 5.0  
53 7.0 4.0 2.0 5.0 4.0 4.0 1.0 5.0 5.0 5.0 3.0 5.0 2.0 2.0 5.0 4.0 1.0 4.0 5.0 2.0 4.0 5.0 5.0 5.0 1.0 3.0 3.0 4.0 5.0 4.0 3.0 1.0 5.0 2.0 4.0 3.0 4.0 1.0 4.0 2.0 5.0 4.0 3.0 1.0 5.0 1.0 5.0 2.0 3.0 3.0 2.0 5.0 4.0 4.0 3.0 3.0 5.0 2.0 3.0 2.0 2.0 5.0 2.0 1.0 3.0 2.0 3.0 2.0 1.0 1.0 1.0 2.0 2.0 3.0 3.0 1.0 5.0 5.0 2.0 4.0 5.0 1.0 2.0 5.0 4.0 3.0 3.0 2.0 5.0 1.0 4.0 2.0 2.0 4.0 1.0 5.0 2.0 1.0 4.0 2.0 3.0 5.0 3.0 1.0 1.0 2.0 4.0 5.0 5.0 5.0 5.0 4.0 5.0 2.0 5.0 2.0 3.0 5.0 2.0 2.0 5.0 5.0 5.0 4.0 3.0 4.0 3.0 1.0 5.0 4.0 2.0 2.0 5.0 4.0 4.0 3.0 5.0 4.0 4.0 4.0 3.0 4.0 2.0 1.0 3.0 4.0 4.0 3.0 3.0 5.0 5.0  
93 14.0 3.0 2.0 4.0 3.0 5.0 3.0 3.0 2.0 4.0 1.0 2.0 3.0 1.0 3.0 2.0 5.0 3.0 1.0 2.0 5.0 5.0 5.0 1.0 1.0 4.0 2.0 5.0 4.0 4.0 3.0 4.0 5.0 5.0 1.0 2.0 3.0 3.0 4.0 4.0 5.0 2.0 1.0 2.0 3.0 5.0 2.0 5.0 3.0 5.0 1.0 4.0 1.0 5.0 1.0 1.0 2.0 4.0 3.0 1.0 5.0 5.0 2.0 5.0 4.0 4.0 2.0 1.0 2.0 1.0 1.0 4.0 1.0 3.0 3.0 5.0 5.0 5.0 2.0 1.0 1.0 5.0 3.0 2.0 2.0 1.0 2.0 3.0 1.0 4.0 2.0 4.0 5.0 1.0 3.0 4.0 5.0 1.0 3.0 2.0 1.0 4.0 3.0 2.0 4.0 2.0 4.0 4.0 1.0 4.0 4.0 1.0 2.0 2.0 5.0 4.0 5.0 2.0 4.0 1.0 4.0 2.0 2.0 5.0 2.0 5.0 5.0 5.0 2.0 4.0 2.0 2.0 4.0 1.0 5.0 3.0 3.0 1.0 3.0 1.0 3.0 1.0 4.0 3.0 4.0 3.0 2.0 2.0 5.0 4.0 3.0  
98 8.0 3.0 5.0 4.0 5.0 5.0 2.0 1.0 2.0 5.0 4.0 5.0 5.0 4.0 3.0 4.0 2.0 5.0 4.0 2.0 5.0 5.0 4.0 3.0 2.0 4.0 5.0 5.0 3.0 3.0 2.0 3.0 2.0 3.0 3.0 2.0 4.0 1.0 3.0 2.0 4.0 4.0 2.0 3.0 4.0 2.0 3.0 5.0 5.0 1.0 1.0 5.0 4.0 2.0 4.0 2.0 1.0 1.0 4.0 3.0 1.0 1.0 3.0 1.0 3.0 1.0 1.0 2.0 3.0 4.0 1.0 1.0 3.0 5.0 2.0 5.0 1.0 5.0 3.0 4.0 1.0 2.0 1.0 3.0 5.0 4.0 3.0 5.0 5.0 5.0 3.0 3.0 4.0 5.0 4.0 3.0 4.0 1.0 5.0 5.0 1.0 1.0 1.0 5.0 3.0 4.0 5.0 2.0 5.0 4.0 3.0 5.0 4.0 1.0 1.0 5.0 2.0 4.0 4.0 4.0 2.0 2.0 2.0 2.0 1.0 5.0 3.0 1.0 2.0 5.0 3.0 1.0 4.0 5.0 3.0 4.0 2.0 2.0 4.0 3.0 2.0 2.0 3.0 1.0 4.0 3.0 3.0 2.0 4.0 3.0 3.0  
88 6.0 5.0 4.0 4.0 5.0 4.0 2.0 2.0 5.0 5.0 2.0 5.0 2.0 5.0 4.0 2.0 3.0 5.0 2.0 5.0 3.0 2.0 5.0 3.0 2.0 2.0 4.0 5.0 3.0 5.0 3.0 3.0 2.0 4.0 2.0 1.0 4.0 2.0 1.0 2.0 3.0 1.0 3.0 4.0 2.0 5.0 5.0 3.0 5.0 5.0 4.0 5.0 2.0 2.0 1.0 2.0 4.0 3.0 2.0 4.0 4.0 1.0 3.0 3.0 1.0 4.0 1.0 1.0 3.0 3.0 1.0 2.0 5.0 1.0 2.0 5.0 1.0 4.0 4.0 4.0 5.0 3.0 2.0 5.0 1.0 2.0 1.0 2.0 5.0 2.0 3.0 1.0 1.0 3.0 5.0 2.0 2.0 5.0 1.0 4.0 3.0 4.0 1.0 5.0 4.0 2.0 3.0 2.0 1.0 2.0 5.0 5.0 5.0 3.0 5.0 1.0 1.0 1.0 2.0 5.0 1.0 1.0 4.0 2.0 5.0 4.0 4.0 5.0 1.0 3.0 3.0 2.0 3.0 5.0 5.0 2.0 2.0 5.0 1.0 5.0 5.0 3.0 4.0 5.0 4.0 1.0 2.0 1.0 5.0 4.0 4.0  
60 10.0 1.0 3.0 3.0 3.0 5.0 3.0 3.0 2.0 5.0 2.0 3.0 4.0 5.0 2.0 2.0 3.0 1.0 2.0 3.0 1.0 1.0 2.0 4.0 4.0 4.0 5.0 3.0 1.0 1.0 2.0 3.0 1.0 1.0 3.0 4.0 1.0 1.0 3.0 3.0 2.0 3.0 5.0 4.0 1.0 2.0 2.0 5.0 4.0 1.0 2.0 1.0 4.0 1.0 3.0 4.0 3.0 5.0 5.0 3.0 3.0 1.0 1.0 1.0 4.0 3.0 2.0 4.0 2.0 4.0 5.0 5.0 2.0 5.0 5.0 1.0 5.0 2.0 3.0 3.0 2.0 3.0 3.0 2.0 4.0 4.0 4.0 5.0 2.0 4.0 3.0 5.0 4.0 4.0 5.0 1.0 2.0 2.0 5.0 2.0 2.0 3.0 3.0 1.0 1.0 2.0 2.0 4.0 5.0 1.0 2.0 3.0 1.0 4.0 2.0 3.0 3.0 1.0 2.0 1.0 3.0 5.0 1.0 3.0 2.0 1.0 1.0 3.0 3.0 5.0 1.0 2.0 1.0 1.0 1.0 4.0 1.0 5.0 2.0 3.0 4.0 3.0 2.0 3.0 4.0 4.0 2.0 5.0 4.0 1.0 2.0  
70 12.0 4.0 5.0 5.0 2.0 5.0 2.0 2.0 2.0 3.0 2.0 2.0 5.0 1.0 4.0 3.0 4.0 2.0 1.0 2.0 3.0 2.0 5.0 4.0 4.0 5.0 1.0 2.0 4.0 4.0 3.0 4.0 5.0 4.0 1.0 4.0 3.0 1.0 4.0 5.0 4.0 4.0 5.0 4.0 5.0 4.0 5.0 1.0 1.0 1.0 5.0 5.0 5.0 3.0 3.0 3.0 3.0 4.0 1.0 2.0 1.0 3.0 1.0 5.0 4.0 3.0 1.0 4.0 1.0 4.0 5.0 4.0 4.0 5.0 4.0 3.0 2.0 3.0 4.0 5.0 1.0 1.0 3.0 2.0 4.0 4.0 4.0 4.0 2.0 1.0 3.0 3.0 4.0 2.0 5.0 1.0 1.0 5.0 4.0 4.0 5.0 3.0 2.0 4.0 4.0 5.0 3.0 1.0 1.0 5.0 2.0 3.0 4.0 4.0 5.0 3.0 1.0 1.0 2.0 5.0 5.0 2.0 4.0 5.0 1.0 3.0 2.0 4.0 4.0 5.0 4.0 2.0 5.0 5.0 3.0 3.0 5.0 5.0 5.0 4.0 2.0 1.0 5.0 2.0 1.0 5.0 3.0 2.0 5.0 5.0 1.0  
1 8.0 1.0 4.0 1.0 3.0 2.0 5.0 5.0 3.0 3.0 5.0 5.0 2.0 1.0 4.0 5.0 4.0 4.0 5.0 1.0 5.0 4.0 2.0 3.0 5.0 3.0 1.0 1.0 2.0 4.0 3.0 2.0 1.0 4.0 2.0 3.0 4.0 5.0 2.0 3.0 5.0 4.0 1.0 1.0 2.0 5.0 4.0 3.0 5.0 4.0 3.0 3.0 3.0 1.0 2.0 1.0 5.0 2.0 1.0 1.0 5.0 1.0 1.0 5.0 1.0 4.0 1.0 2.0 3.0 1.0 4.0 4.0 2.0 4.0 3.0 2.0 3.0 1.0 3.0 2.0 2.0 2.0 4.0 4.0 4.0 5.0 5.0 5.0 1.0 1.0 1.0 2.0 4.0 1.0 4.0 2.0 1.0 3.0 2.0 3.0 3.0 2.0 2.0 3.0 3.0 2.0 5.0 2.0 1.0 2.0 5.0 5.0 3.0 5.0 3.0 3.0 4.0 1.0 4.0 2.0 1.0 2.0 2.0 3.0 5.0 3.0 1.0 3.0 2.0 1.0 5.0 3.0 4.0 5.0 1.0 3.0 5.0 1.0 4.0 2.0 1.0 1.0 1.0 5.0 4.0 1.0 1.0 5.0 5.0 2.0 3.0  
36 14.0 3.0 2.0 2.0 5.0 2.0 1.0 5.0 2.0 5.0 3.0 5.0 4.0 1.0 4.0 1.0 4.0 3.0 3.0 2.0 5.0 5.0 5.0 5.0 2.0 5.0 2.0 5.0 1.0 5.0 4.0 1.0 1.0 4.0 5.0 3.0 1.0 3.0 3.0 5.0 4.0 2.0 5.0 5.0 4.0 2.0 2.0 2.0 1.0 1.0 4.0 5.0 4.0 2.0 1.0 2.0 1.0 3.0 1.0 5.0 2.0 2.0 3.0 5.0 1.0 1.0 2.0 2.0 5.0 4.0 1.0 1.0 1.0 2.0 1.0 2.0 3.0 5.0 5.0 3.0 2.0 2.0 3.0 1.0 1.0 4.0 2.0 1.0 5.0 4.0 4.0 3.0 2.0 5.0 2.0 3.0 3.0 2.0 5.0 1.0 1.0 3.0 5.0 5.0 4.0 3.0 5.0 2.0 3.0 3.0 1.0 3.0 3.0 4.0 3.0 5.0 2.0 2.0 3.0 4.0 4.0 2.0 3.0 4.0 2.0 4.0 3.0 2.0 5.0 5.0 5.0 1.0 1.0 5.0 5.0 4.0 2.0 3.0 1.0 3.0 5.0 1.0 5.0 4.0 1.0 3.0 1.0 5.0 4.0 1.0 5.0  
42 10.0 3.0 2.0 2.0 1.0 5.0 1.0 1.0 1.0 3.0 4.0 1.0 3.0 4.0 5.0 5.0 1.0 2.0 5.0 3.0 1.0 4.0 1.0 5.0 2.0 4.0 3.0 4.0 2.0 3.0 2.0 4.0 1.0 3.0 1.0 2.0 4.0 5.0 4.0 4.0 2.0 2.0 5.0 3.0 1.0 4.0 5.0 1.0 5.0 3.0 2.0 2.0 4.0 1.0 2.0 1.0 3.0 2.0 3.0 1.0 4.0 1.0 2.0 4.0 3.0 3.0 2.0 3.0 5.0 5.0 3.0 2.0 2.0 3.0 3.0 2.0 4.0 2.0 2.0 1.0 5.0 5.0 2.0 4.0 5.0 4.0 5.0 3.0 3.0 4.0 1.0 2.0 1.0 4.0 2.0 4.0 5.0 1.0 5.0 4.0 1.0 3.0 1.0 4.0 2.0 5.0 3.0 3.0 3.0 4.0 5.0 4.0 2.0 2.0 2.0 1.0 3.0 1.0 5.0 1.0 1.0 5.0 3.0 2.0 2.0 3.0 4.0 5.0 5.0 2.0 3.0 3.0 4.0 2.0 4.0 1.0 4.0 5.0 2.0 3.0 4.0 5.0 2.0 3.0 2.0 4.0 2.0 3.0 5.0 3.0 3.0  
28 11.0 4.0 2.0 4.0 3.0 5.0 4.0 3.0 5.0 2.0 1.0 4.0 2.0 2.0 4.0 5.0 1.0 1.0 1.0 5.0 5.0 4.0 2.0 1.0 1.0 2.0 4.0 3.0 1.0 2.0 3.0 2.0 1.0 4.0 4.0 5.0 1.0 5.0 3.0 3.0 2.0 3.0 4.0 2.0 5.0 5.0 2.0 3.0 1.0 4.0 5.0 1.0 5.0 2.0 2.0 1.0 1.0 5.0 5.0 5.0 4.0 1.0 5.0 1.0 1.0 5.0 3.0 2.0 1.0 5.0 3.0 1.0 1.0 5.0 5.0 4.0 4.0 1.0 4.0 3.0 3.0 2.0 3.0 4.0 4.0 4.0 1.0 5.0 4.0 4.0 2.0 1.0 2.0 5.0 5.0 1.0 2.0 2.0 2.0 4.0 3.0 1.0 1.0 2.0 2.0 2.0 4.0 3.0 5.0 2.0 1.0 3.0 5.0 3.0 5.0 2.0 4.0 3.0 4.0 5.0 1.0 2.0 2.0 1.0 1.0 2.0 5.0 4.0 4.0 3.0 4.0 3.0 2.0 1.0 4.0 4.0 4.0 5.0 5.0 5.0 5.0 5.0 5.0 4.0 2.0 1.0 5.0 1.0 1.0 3.0 5.0  
84 12.0 3.0 3.0 5.0 4.0 3.0 2.0 5.0 3.0 1.0 4.0 2.0 1.0 3.0 2.0 2.0 3.0 2.0 1.0 3.0 1.0 4.0 1.0 4.0 3.0 2.0 5.0 3.0 4.0 2.0 1.0 5.0 5.0 5.0 5.0 3.0 4.0 4.0 5.0 1.0 1.0 4.0 4.0 2.0 1.0 4.0 1.0 2.0 4.0 2.0 5.0 3.0 2.0 1.0 4.0 5.0 5.0 4.0 4.0 4.0 1.0 2.0 1.0 5.0 2.0 2.0 1.0 3.0 2.0 3.0 2.0 3.0 2.0 2.0 3.0 5.0 2.0 2.0 1.0 3.0 4.0 5.0 5.0 2.0 4.0 3.0 2.0 2.0 4.0 4.0 4.0 3.0 4.0 1.0 1.0 4.0 4.0 4.0 5.0 4.0 1.0 3.0 4.0 1.0 1.0 4.0 5.0 5.0 5.0 1.0 1.0 2.0 1.0 4.0 5.0 2.0 3.0 2.0 4.0 3.0 1.0 5.0 5.0 5.0 2.0 4.0 1.0 3.0 2.0 5.0 4.0 3.0 2.0 3.0 4.0 4.0 3.0 5.0 5.0 3.0 3.0 4.0 5.0 5.0 4.0 1.0 2.0 3.0 3.0 2.0 4.0  
72 14.0 2.0 3.0 1.0 5.0 3.0 3.0 1.0 4.0 3.0 4.0 3.0 5.0 2.0 2.0 4.0 5.0 4.0 1.0 5.0 3.0 4.0 4.0 4.0 3.0 5.0 2.0 3.0 1.0 5.0 3.0 1.0 2.0 3.0 2.0 1.0 3.0 3.0 1.0 3.0 3.0 2.0 3.0 4.0 1.0 5.0 3.0 4.0 4.0 3.0 2.0 2.0 4.0 3.0 3.0 5.0 1.0 5.0 1.0 5.0 3.0 3.0 2.0 2.0 4.0 2.0 3.0 1.0 5.0 1.0 4.0 2.0 1.0 5.0 3.0 5.0 4.0 4.0 4.0 4.0 2.0 5.0 1.0 5.0 5.0 1.0 1.0 2.0 3.0 3.0 3.0 2.0 5.0 1.0 4.0 3.0 3.0 5.0 2.0 3.0 5.0 2.0 1.0 1.0 1.0 2.0 1.0 2.0 5.0 4.0 3.0 3.0 2.0 5.0 5.0 1.0 1.0 3.0 5.0 5.0 2.0 5.0 2.0 2.0 5.0 1.0 4.0 4.0 3.0 4.0 3.0 2.0 5.0 2.0 2.0 4.0 4.0 5.0 2.0 4.0 5.0 2.0 5.0 4.0 3.0 3.0 2.0 2.0 3.0 3.0 2.0  
15 7.0 3.0 3.0 2.0 5.0 4.0 1.0 5.0 4.0 4.0 4.0 2.0 5.0 2.0 3.0 5.0 2.0 3.0 5.0 4.0 5.0 4.0 4.0 2.0 1.0 1.0 1.0 3.0 5.0 1.0 3.0 1.0 5.0 4.0 3.0 2.0 1.0 4.0 2.0 3.0 4.0 1.0 1.0 2.0 4.0 1.0 1.0 2.0 1.0 5.0 5.0 5.0 3.0 2.0 3.0 5.0 3.0 1.0 1.0 1.0 3.0 2.0 5.0 3.0 2.0 4.0 3.0 1.0 3.0 5.0 3.0 5.0 3.0 1.0 2.0 1.0 3.0 4.0 5.0 4.0 5.0 1.0 4.0 2.0 3.0 3.0 3.0 2.0 3.0 2.0 1.0 3.0 4.0 5.0 5.0 2.0 3.0 4.0 5.0 2.0 2.0 5.0 1.0 1.0 4.0 2.0 4.0 1.0 2.0 5.0 1.0 5.0 1.0 1.0 5.0 4.0 5.0 5.0 3.0 1.0 3.0 3.0 1.0 5.0 4.0 1.0 3.0 2.0 2.0 2.0 4.0 3.0 1.0 4.0 2.0 5.0 5.0 2.0 2.0 3.0 2.0 4.0 3.0 3.0 3.0 5.0 5.0 4.0 1.0 4.0 3.0  
91 14.0 1.0 5.0 2.0 3.0 3.0 4.0 5.0 3.0 1.0 4.0 4.0 1.0 1.0 3.0 1.0 1.0 1.0 4.0 5.0 4.0 3.0 3.0 4.0 4.0 1.0 3.0 1.0 1.0 1.0 4.0 4.0 3.0 2.0 5.0 1.0 1.0 3.0 2.0 2.0 3.0 2.0 5.0 4.0 2.0 2.0 1.0 3.0 4.0 1.0 1.0 4.0 2.0 2.0 4.0 3.0 5.0 1.0 4.0 5.0 5.0 2.0 5.0 1.0 1.0 4.0 4.0 1.0 2.0 3.0 3.0 1.0 2.0 5.0 3.0 1.0 5.0 4.0 5.0 4.0 3.0 3.0 5.0 2.0 5.0 3.0 2.0 2.0 2.0 3.0 4.0 5.0 1.0 5.0 3.0 3.0 2.0 2.0 4.0 3.0 3.0 5.0 3.0 4.0 3.0 1.0 1.0 4.0 3.0 5.0 3.0 4.0 4.0 1.0 4.0 4.0 1.0 3.0 2.0 3.0 1.0 3.0 5.0 2.0 2.0 1.0 4.0 3.0 1.0 5.0 1.0 3.0 2.0 3.0 1.0 4.0 4.0 2.0 1.0 3.0 1.0 5.0 4.0 2.0 5.0 3.0 5.0 2.0 2.0 3.0 1.0  
87 9.0 4.0 5.0 1.0 4.0 2.0 1.0 5.0 5.0 1.0 3.0 2.0 5.0 3.0 5.0 2.0 4.0 1.0 4.0 3.0 5.0 5.0 3.0 2.0 1.0 1.0 3.0 4.0 3.0 3.0 1.0 1.0 5.0 2.0 2.0 2.0 1.0 5.0 3.0 3.0 1.0 5.0 5.0 1.0 5.0 5.0 1.0 2.0 5.0 2.0 5.0 1.0 4.0 3.0 3.0 2.0 3.0 2.0 2.0 3.0 5.0 4.0 4.0 2.0 4.0 4.0 1.0 3.0 4.0 1.0 5.0 5.0 5.0 4.0 2.0 1.0 2.0 5.0 1.0 4.0 3.0 3.0 1.0 2.0 4.0 4.0 3.0 1.0 5.0 1.0 4.0 2.0 1.0 5.0 2.0 4.0 2.0 3.0 3.0 2.0 3.0 4.0 4.0 4.0 5.0 4.0 1.0 2.0 4.0 5.0 2.0 5.0 4.0 1.0 3.0 2.0 2.0 5.0 4.0 2.0 1.0 4.0 2.0 5.0 4.0 1.0 5.0 2.0 1.0 1.0 1.0 3.0 1.0 2.0 2.0 4.0 3.0 2.0 4.0 2.0 1.0 2.0 2.0 2.0 4.0 1.0 1.0 5.0 2.0 5.0 1.0  
82 14.0 5.0 1.0 4.0 2.0 2.0 1.0 1.0 4.0 5.0 4.0 1.0 3.0 4.0 4.0 4.0 1.0 3.0 5.0 1.0 1.0 1.0 3.0 4.0 1.0 2.0 5.0 3.0 5.0 1.0 2.0 3.0 3.0 3.0 4.0 2.0 5.0 5.0 4.0 5.0 2.0 1.0 2.0 4.0 1.0 2.0 1.0 5.0 1.0 4.0 5.0 4.0 4.0 4.0 3.0 4.0 3.0 5.0 5.0 4.0 2.0 2.0 1.0 1.0 1.0 1.0 1.0 4.0 4.0 1.0 5.0 1.0 1.0 5.0 3.0 5.0 5.0 2.0 3.0 2.0 3.0 3.0 5.0 2.0 1.0 3.0 1.0 3.0 3.0 5.0 1.0 2.0 1.0 5.0 5.0 4.0 4.0 1.0 4.0 1.0 4.0 5.0 3.0 5.0 2.0 3.0 2.0 1.0 3.0 3.0 4.0 1.0 4.0 1.0 3.0 4.0 4.0 1.0 4.0 5.0 5.0 4.0 3.0 3.0 1.0 2.0 2.0 2.0 3.0 5.0 5.0 1.0 5.0 1.0 4.0 1.0 2.0 4.0 4.0 3.0 1.0 1.0 3.0 3.0 5.0 4.0 2.0 3.0 1.0 4.0 5.0  
7 14.0 1.0 4.0 3.0 2.0 3.0 5.0 1.0 3.0 3.0 1.0 1.0 2.0 2.0 4.0 1.0 5.0 3.0 2.0 2.0 1.0 4.0 5.0 3.0 5.0 5.0 3.0 2.0 3.0 2.0 1.0 2.0 1.0 5.0 1.0 2.0 1.0 3.0 4.0 2.0 4.0 4.0 1.0 1.0 1.0 4.0 1.0 2.0 3.0 4.0 4.0 5.0 4.0 5.0 5.0 1.0 2.0 3.0 2.0 5.0 3.0 5.0 3.0 1.0 5.0 3.0 5.0 4.0 5.0 2.0 4.0 3.0 1.0 5.0 2.0 4.0 2.0 4.0 2.0 2.0 1.0 2.0 3.0 3.0 2.0 4.0 3.0 2.0 3.0 4.0 3.0 1.0 2.0 2.0 2.0 5.0 4.0 4.0 4.0 5.0 2.0 3.0 1.0 3.0 5.0 1.0 3.0 2.0 2.0 2.0 2.0 4.0 3.0 4.0 4.0 5.0 4.0 4.0 3.0 3.0 3.0 5.0 5.0 4.0 5.0 1.0 1.0 1.0 1.0 2.0 2.0 5.0 4.0 1.0 2.0 4.0 3.0 5.0 2.0 2.0 4.0 5.0 5.0 1.0 5.0 5.0 3.0 1.0 5.0 3.0 2.0  
40 12.0 5.0 5.0 1.0 5.0 1.0 4.0 1.0 1.0 5.0 5.0 4.0 2.0 4.0 2.0 5.0 5.0 2.0 1.0 3.0 2.0 2.0 2.0 3.0 3.0 2.0 4.0 2.0 4.0 2.0 3.0 1.0 3.0 2.0 3.0 2.0 4.0 1.0 3.0 4.0 5.0 2.0 2.0 3.0 1.0 4.0 2.0 2.0 3.0 3.0 5.0 3.0 4.0 3.0 2.0 4.0 2.0 1.0 5.0 2.0 1.0 2.0 4.0 4.0 2.0 3.0 3.0 3.0 3.0 3.0 4.0 3.0 2.0 3.0 3.0 2.0 1.0 4.0 4.0 1.0 3.0 1.0 2.0 1.0 2.0 3.0 5.0 2.0 5.0 2.0 4.0 4.0 3.0 3.0 1.0 1.0 2.0 1.0 1.0 4.0 4.0 2.0 3.0 2.0 4.0 3.0 2.0 4.0 3.0 2.0 3.0 4.0 3.0 3.0 4.0 5.0 1.0 3.0 1.0 5.0 2.0 1.0 1.0 3.0 5.0 3.0 3.0 1.0 5.0 2.0 2.0 4.0 1.0 4.0 2.0 5.0 3.0 2.0 5.0 4.0 2.0 3.0 3.0 2.0 1.0 1.0 2.0 3.0 5.0 1.0 5.0  
17 8.0 4.0 2.0 1.0 4.0 2.0 3.0 3.0 1.0 4.0 4.0 4.0 2.0 1.0 4.0 5.0 2.0 1.0 2.0 4.0 4.0 4.0 2.0 5.0 5.0 1.0 1.0 3.0 4.0 5.0 4.0 2.0 5.0 2.0 1.0 3.0 5.0 1.0 1.0 2.0 2.0 3.0 1.0 5.0 3.0 3.0 5.0 4.0 2.0 2.0 5.0 4.0 1.0 2.0 2.0 1.0 3.0 1.0 1.0 5.0 4.0 3.0 1.0 4.0 4.0 1.0 3.0 5.0 3.0 4.0 2.0 1.0 1.0 4.0 5.0 2.0 4.0 5.0 1.0 4.0 3.0 3.0 1.0 4.0 4.0 1.0 2.0 5.0 5.0 1.0 2.0 2.0 1.0 3.0 5.0 3.0 3.0 2.0 1.0 2.0 3.0 2.0 5.0 5.0 5.0 4.0 4.0 2.0 2.0 3.0 1.0 5.0 2.0 4.0 1.0 4.0 3.0 5.0 4.0 3.0 4.0 5.0 3.0 4.0 2.0 4.0 1.0 5.0 1.0 5.0 2.0 4.0 2.0 4.0 3.0 2.0 5.0 5.0 3.0 4.0 3.0 4.0 3.0 2.0 3.0 2.0 3.0 2.0 3.0 2.0 3.0  
83 14.0 5.0 1.0 3.0 3.0 2.0 2.0 5.0 2.0 5.0 3.0 3.0 1.0 2.0 4.0 3.0 3.0 5.0 4.0 1.0 5.0 4.0 5.0 4.0 5.0 5.0 4.0 2.0 3.0 3.0 2.0 5.0 1.0 5.0 2.0 4.0 3.0 2.0 3.0 4.0 4.0 4.0 3.0 5.0 2.0 4.0 5.0 2.0 1.0 2.0 1.0 4.0 3.0 5.0 2.0 2.0 4.0 1.0 4.0 3.0 5.0 1.0 4.0 4.0 3.0 2.0 2.0 4.0 3.0 3.0 4.0 5.0 1.0 4.0 5.0 2.0 3.0 5.0 1.0 1.0 4.0 3.0 4.0 4.0 2.0 1.0 2.0 4.0 1.0 1.0 2.0 1.0 5.0 1.0 1.0 3.0 3.0 3.0 3.0 2.0 1.0 3.0 3.0 5.0 4.0 2.0 1.0 3.0 1.0 5.0 1.0 2.0 2.0 5.0 4.0 3.0 1.0 4.0 1.0 5.0 1.0 1.0 3.0 5.0 4.0 4.0 5.0 4.0 5.0 5.0 2.0 4.0 3.0 4.0 5.0 4.0 4.0 2.0 5.0 4.0 5.0 3.0 4.0 1.0 5.0 5.0 5.0 4.0 1.0 5.0 3.0  
97 8.0 2.0 5.0 2.0 3.0 2.0 2.0 2.0 1.0 2.0 3.0 3.0 1.0 1.0 2.0 3.0 3.0 4.0 3.0 2.0 1.0 2.0 3.0 3.0 2.0 4.0 2.0 1.0 1.0 5.0 4.0 1.0 4.0 5.0 2.0 2.0 2.0 5.0 5.0 3.0 4.0 4.0 2.0 4.0 1.0 5.0 5.0 1.0 1.0 2.0 1.0 3.0 1.0 1.0 5.0 1.0 3.0 5.0 3.0 2.0 3.0 2.0 4.0 1.0 1.0 4.0 4.0 2.0 1.0 1.0 4.0 4.0 1.0 3.0 3.0 2.0 3.0 1.0 2.0 5.0 1.0 3.0 3.0 3.0 2.0 4.0 5.0 4.0 1.0 1.0 1.0 2.0 5.0 4.0 5.0 2.0 2.0 3.0 4.0 5.0 3.0 3.0 1.0 1.0 2.0 1.0 3.0 3.0 5.0 4.0 3.0 2.0 4.0 3.0 2.0 1.0 1.0 1.0 2.0 3.0 5.0 2.0 5.0 3.0 2.0 1.0 3.0 4.0 3.0 1.0 1.0 2.0 3.0 2.0 3.0 5.0 5.0 1.0 1.0 4.0 5.0 3.0 1.0 4.0 1.0 1.0 3.0 5.0 3.0 4.0 4.0  
44 7.0 4.0 4.0 5.0 1.0 3.0 5.0 3.0 4.0 2.0 5.0 2.0 1.0 3.0 5.0 5.0 5.0 3.0 1.0 4.0 2.0 2.0 4.0 5.0 3.0 1.0 5.0 5.0 3.0 5.0 2.0 2.0 5.0 1.0 3.0 2.0 3.0 1.0 3.0 4.0 4.0 3.0 4.0 1.0 4.0 1.0 1.0 4.0 5.0 5.0 2.0 2.0 4.0 5.0 2.0 4.0 1.0 4.0 2.0 3.0 2.0 3.0 4.0 3.0 4.0 4.0 3.0 2.0 5.0 5.0 4.0 1.0 5.0 1.0 2.0 2.0 3.0 1.0 3.0 2.0 2.0 3.0 1.0 1.0 2.0 3.0 5.0 5.0 4.0 4.0 3.0 1.0 1.0 5.0 5.0 2.0 3.0 5.0 1.0 2.0 4.0 1.0 3.0 4.0 2.0 3.0 2.0 2.0 2.0 3.0 2.0 2.0 1.0 3.0 2.0 1.0 2.0 4.0 1.0 3.0 3.0 2.0 1.0 1.0 2.0 3.0 1.0 5.0 1.0 4.0 1.0 3.0 3.0 4.0 4.0 2.0 1.0 3.0 5.0 3.0 1.0 4.0 2.0 4.0 3.0 4.0 1.0 3.0 2.0 4.0 3.0  
78 10.0 4.0 1.0 1.0 4.0 2.0 1.0 4.0 5.0 3.0 5.0 1.0 4.0 3.0 2.0 2.0 5.0 3.0 5.0 1.0 3.0 2.0 4.0 5.0 3.0 5.0 2.0 1.0 2.0 5.0 4.0 5.0 5.0 2.0 4.0 5.0 2.0 4.0 2.0 3.0 5.0 1.0 3.0 1.0 5.0 3.0 2.0 2.0 3.0 5.0 5.0 1.0 1.0 4.0 2.0 1.0 2.0 3.0 2.0 1.0 5.0 3.0 5.0 3.0 2.0 1.0 1.0 3.0 2.0 5.0 2.0 4.0 2.0 3.0 2.0 2.0 4.0 1.0 1.0 5.0 5.0 4.0 4.0 3.0 1.0 5.0 5.0 1.0 4.0 5.0 5.0 3.0 2.0 5.0 4.0 5.0 5.0 4.0 5.0 4.0 4.0 3.0 2.0 2.0 5.0 5.0 1.0 3.0 1.0 2.0 4.0 4.0 4.0 1.0 1.0 2.0 1.0 1.0 5.0 1.0 2.0 4.0 1.0 4.0 2.0 1.0 5.0 1.0 2.0 5.0 2.0 5.0 4.0 1.0 2.0 3.0 2.0 1.0 1.0 1.0 5.0 4.0 4.0 5.0 2.0 1.0 3.0 4.0 3.0 3.0 5.0  
9 15.0 3.0 4.0 2.0 2.0 4.0 2.0 1.0 3.0 5.0 2.0 2.0 5.0 2.0 5.0 1.0 3.0 3.0 2.0 5.0 2.0 1.0 3.0 4.0 2.0 2.0 1.0 5.0 5.0 3.0 1.0 1.0 1.0 5.0 4.0 4.0 3.0 2.0 5.0 3.0 3.0 5.0 5.0 2.0 4.0 4.0 1.0 3.0 3.0 2.0 5.0 4.0 1.0 1.0 4.0 1.0 3.0 4.0 1.0 2.0 1.0 3.0 5.0 3.0 5.0 2.0 5.0 3.0 1.0 2.0 2.0 3.0 5.0 3.0 3.0 2.0 3.0 3.0 3.0 5.0 4.0 1.0 3.0 4.0 5.0 3.0 1.0 5.0 2.0 2.0 5.0 1.0 5.0 3.0 3.0 1.0 5.0 4.0 5.0 1.0 5.0 3.0 2.0 3.0 5.0 4.0 2.0 3.0 3.0 3.0 4.0 5.0 5.0 2.0 4.0 3.0 5.0 2.0 1.0 3.0 1.0 5.0 1.0 3.0 2.0 2.0 2.0 5.0 3.0 4.0 5.0 1.0 1.0 4.0 1.0 5.0 2.0 4.0 2.0 5.0 2.0 5.0 3.0 5.0 5.0 2.0 5.0 3.0 3.0 4.0 2.0  
31 9.0 1.0 1.0 2.0 2.0 3.0 3.0 5.0 4.0 3.0 1.0 1.0 4.0 1.0 3.0 3.0 4.0 4.0 3.0 1.0 2.0 3.0 2.0 3.0 4.0 2.0 5.0 2.0 5.0 2.0 2.0 1.0 2.0 4.0 1.0 3.0 4.0 5.0 3.0 1.0 3.0 1.0 2.0 3.0 3.0 5.0 4.0 3.0 4.0 1.0 4.0 2.0 5.0 4.0 5.0 2.0 2.0 4.0 3.0 1.0 3.0 1.0 5.0 1.0 3.0 1.0 5.0 2.0 4.0 3.0 4.0 1.0 3.0 5.0 4.0 1.0 5.0 3.0 5.0 4.0 3.0 4.0 4.0 5.0 2.0 2.0 2.0 5.0 3.0 4.0 2.0 4.0 3.0 5.0 1.0 2.0 1.0 4.0 2.0 3.0 4.0 1.0 3.0 3.0 2.0 3.0 3.0 3.0 2.0 1.0 1.0 3.0 3.0 2.0 1.0 2.0 5.0 4.0 2.0 2.0 2.0 5.0 5.0 2.0 5.0 2.0 1.0 5.0 3.0 1.0 4.0 1.0 4.0 3.0 1.0 5.0 1.0 1.0 1.0 2.0 3.0 3.0 5.0 2.0 5.0 2.0 5.0 4.0 3.0 3.0 2.0  
23 13.0 2.0 5.0 2.0 5.0 5.0 3.0 2.0 5.0 5.0 1.0 3.0 4.0 4.0 3.0 1.0 4.0 2.0 2.0 5.0 1.0 4.0 1.0 2.0 5.0 5.0 3.0 3.0 2.0 2.0 5.0 3.0 1.0 4.0 5.0 4.0 4.0 1.0 1.0 1.0 3.0 3.0 4.0 1.0 3.0 4.0 5.0 3.0 4.0 5.0 3.0 3.0 4.0 3.0 1.0 5.0 5.0 4.0 1.0 1.0 2.0 3.0 1.0 3.0 5.0 3.0 4.0 5.0 1.0 1.0 5.0 3.0 4.0 5.0 2.0 3.0 4.0 3.0 4.0 5.0 3.0 4.0 1.0 2.0 3.0 5.0 2.0 2.0 5.0 5.0 1.0 1.0 1.0 1.0 1.0 4.0 5.0 1.0 5.0 1.0 5.0 2.0 5.0 2.0 2.0 2.0 4.0 5.0 4.0 1.0 5.0 4.0 2.0 3.0 3.0 2.0 3.0 5.0 1.0 2.0 2.0 3.0 3.0 4.0 1.0 5.0 2.0 5.0 4.0 4.0 4.0 1.0 1.0 4.0 1.0 2.0 5.0 5.0 1.0 3.0 4.0 1.0 3.0 5.0 3.0 1.0 3.0 3.0 1.0 3.0 5.0  
38 13.0 3.0 4.0 5.0 2.0 3.0 5.0 5.0 4.0 5.0 5.0 3.0 2.0 1.0 2.0 3.0 5.0 2.0 2.0 5.0 5.0 3.0 3.0 4.0 5.0 2.0 5.0 4.0 1.0 3.0 3.0 2.0 1.0 2.0 3.0 5.0 5.0 5.0 2.0 1.0 1.0 5.0 1.0 1.0 1.0 2.0 1.0 5.0 1.0 3.0 1.0 3.0 4.0 3.0 2.0 1.0 2.0 5.0 1.0 3.0 3.0 2.0 4.0 2.0 4.0 1.0 3.0 3.0 4.0 2.0 1.0 5.0 2.0 1.0 1.0 1.0 3.0 5.0 3.0 4.0 4.0 2.0 5.0 1.0 2.0 4.0 5.0 1.0 1.0 5.0 5.0 2.0 2.0 5.0 4.0 3.0 1.0 2.0 5.0 3.0 3.0 3.0 1.0 1.0 5.0 4.0 4.0 2.0 2.0 2.0 5.0 4.0 1.0 5.0 5.0 1.0 1.0 1.0 5.0 2.0 2.0 3.0 2.0 4.0 1.0 3.0 5.0 5.0 1.0 3.0 5.0 2.0 2.0 5.0 3.0 3.0 1.0 3.0 2.0 5.0 3.0 2.0 3.0 1.0 2.0 4.0 2.0 2.0 1.0 5.0 4.0  
13 7.0 1.0 5.0 1.0 1.0 3.0 5.0 4.0 3.0 3.0 2.0 1.0 3.0 1.0 2.0 2.0 4.0 5.0 2.0 2.0 5.0 1.0 3.0 5.0 3.0 1.0 4.0 1.0 5.0 5.0 3.0 4.0 1.0 1.0 1.0 3.0 2.0 3.0 3.0 5.0 1.0 3.0 3.0 3.0 3.0 2.0 5.0 2.0 5.0 3.0 2.0 4.0 1.0 3.0 3.0 4.0 4.0 1.0 5.0 5.0 4.0 3.0 1.0 3.0 3.0 3.0 4.0 5.0 5.0 1.0 2.0 2.0 5.0 1.0 2.0 3.0 2.0 5.0 4.0 1.0 3.0 4.0 5.0 5.0 5.0 4.0 5.0 4.0 5.0 2.0 3.0 1.0 5.0 3.0 1.0 3.0 4.0 4.0 1.0 4.0 2.0 3.0 1.0 2.0 4.0 2.0 3.0 5.0 3.0 3.0 3.0 5.0 4.0 1.0 1.0 1.0 5.0 2.0 4.0 1.0 4.0 1.0 5.0 4.0 5.0 3.0 5.0 5.0 5.0 1.0 2.0 2.0 1.0 5.0 2.0 1.0 4.0 2.0 5.0 4.0 1.0 2.0 4.0 3.0 1.0 3.0 4.0 1.0 2.0 3.0 4.0  
46 13.0 1.0 4.0 5.0 1.0 1.0 1.0 2.0 1.0 5.0 4.0 2.0 4.0 2.0 5.0 3.0 1.0 4.0 2.0 2.0 4.0 4.0 5.0 1.0 1.0 5.0 5.0 4.0 3.0 2.0 3.0 5.0 2.0 5.0 2.0 3.0 5.0 2.0 1.0 5.0 5.0 5.0 1.0 1.0 5.0 5.0 1.0 2.0 1.0 3.0 2.0 2.0 3.0 3.0 3.0 5.0 3.0 3.0 1.0 5.0 4.0 4.0 1.0 2.0 3.0 2.0 3.0 5.0 3.0 4.0 3.0 3.0 3.0 3.0 4.0 2.0 2.0 3.0 2.0 2.0 3.0 4.0 3.0 3.0 1.0 3.0 3.0 1.0 4.0 5.0 2.0 3.0 5.0 1.0 2.0 3.0 4.0 2.0 2.0 3.0 4.0 4.0 2.0 5.0 2.0 2.0 1.0 4.0 1.0 2.0 3.0 1.0 2.0 1.0 4.0 3.0 4.0 5.0 4.0 4.0 1.0 2.0 1.0 5.0 1.0 1.0 2.0 4.0 4.0 2.0 4.0 1.0 3.0 1.0 3.0 4.0 3.0 2.0 4.0 1.0 2.0 3.0 5.0 1.0 4.0 1.0 2.0 1.0 5.0 1.0 4.0  
86 13.0 2.0 5.0 3.0 2.0 1.0 2.0 5.0 3.0 3.0 4.0 5.0 1.0 3.0 1.0 2.0 2.0 4.0 2.0 2.0 2.0 4.0 4.0 5.0 3.0 1.0 3.0 1.0 1.0 1.0 4.0 3.0 1.0 1.0 3.0 3.0 5.0 1.0 1.0 2.0 5.0 2.0 4.0 5.0 4.0 3.0 1.0 5.0 4.0 5.0 1.0 5.0 4.0 1.0 5.0 1.0 5.0 5.0 1.0 3.0 4.0 3.0 3.0 1.0 2.0 1.0 4.0 2.0 3.0 4.0 5.0 3.0 2.0 3.0 2.0 4.0 5.0 2.0 5.0 1.0 3.0 5.0 1.0 4.0 1.0 2.0 1.0 3.0 1.0 4.0 4.0 1.0 1.0 1.0 4.0 5.0 1.0 3.0 3.0 5.0 4.0 2.0 1.0 3.0 3.0 4.0 5.0 3.0 4.0 1.0 1.0 4.0 2.0 5.0 2.0 2.0 5.0 2.0 3.0 3.0 5.0 3.0 2.0 3.0 1.0 1.0 3.0 3.0 5.0 5.0 5.0 4.0 2.0 4.0 5.0 3.0 4.0 2.0 5.0 1.0 1.0 3.0 2.0 4.0 1.0 2.0 5.0 5.0 3.0 2.0 1.0  
30 14.0 1.0 1.0 2.0 3.0 5.0 5.0 3.0 5.0 1.0 5.0 5.0 2.0 1.0 2.0 1.0 5.0 5.0 2.0 4.0 2.0 4.0 5.0 4.0 4.0 1.0 1.0 2.0 3.0 1.0 2.0 2.0 3.0 2.0 5.0 4.0 4.0 5.0 4.0 2.0 2.0 3.0 4.0 3.0 5.0 3.0 5.0 2.0 1.0 4.0 4.0 4.0 2.0 2.0 2.0 1.0 5.0 2.0 3.0 4.0 4.0 2.0 1.0 4.0 4.0 4.0 3.0 1.0 2.0 4.0 5.0 4.0 1.0 1.0 4.0 3.0 2.0 3.0 5.0 1.0 5.0 2.0 1.0 3.0 4.0 1.0 1.0 1.0 4.0 2.0 1.0 2.0 1.0 5.0 3.0 4.0 3.0 3.0 5.0 2.0 2.0 4.0 2.0 3.0 1.0 5.0 5.0 1.0 2.0 1.0 3.0 3.0 2.0 4.0 3.0 1.0 2.0 4.0 3.0 1.0 2.0 4.0 2.0 5.0 4.0 3.0 5.0 4.0 5.0 4.0 5.0 2.0 1.0 3.0 1.0 5.0 3.0 1.0 4.0 3.0 2.0 5.0 5.0 5.0 3.0 1.0 4.0 5.0 1.0 1.0 3.0  
45 12.0 1.0 5.0 5.0 2.0 2.0 5.0 3.0 5.0 4.0 3.0 1.0 4.0 5.0 5.0 3.0 3.0 3.0 3.0 5.0 5.0 4.0 3.0 4.0 3.0 1.0 5.0 3.0 3.0 1.0 3.0 1.0 4.0 2.0 4.0 1.0 4.0 3.0 1.0 3.0 1.0 1.0 2.0 1.0 1.0 5.0 1.0 5.0 2.0 2.0 3.0 3.0 2.0 2.0 2.0 2.0 1.0 1.0 2.0 5.0 5.0 2.0 5.0 4.0 1.0 2.0 5.0 1.0 3.0 2.0 5.0 1.0 1.0 4.0 2.0 5.0 4.0 2.0 1.0 4.0 5.0 4.0 4.0 1.0 4.0 1.0 2.0 5.0 2.0 1.0 1.0 2.0 1.0 5.0 2.0 4.0 1.0 5.0 3.0 4.0 4.0 4.0 2.0 2.0 4.0 5.0 1.0 1.0 4.0 5.0 5.0 2.0 1.0 5.0 5.0 4.0 5.0 2.0 5.0 5.0 2.0 5.0 5.0 5.0 5.0 3.0 3.0 5.0 3.0 2.0 1.0 4.0 4.0 5.0 1.0 2.0 3.0 2.0 2.0 5.0 1.0 3.0 2.0 1.0 4.0 2.0 1.0 5.0 5.0 4.0 4.0  
20 9.0 2.0 1.0 4.0 3.0 4.0 5.0 1.0 5.0 4.0 2.0 2.0 5.0 4.0 5.0 3.0 5.0 5.0 3.0 5.0 1.0 1.0 5.0 1.0 4.0 1.0 5.0 3.0 4.0 2.0 1.0 5.0 5.0 2.0 3.0 1.0 1.0 5.0 2.0 4.0 2.0 1.0 5.0 5.0 5.0 1.0 1.0 3.0 5.0 2.0 5.0 1.0 3.0 2.0 1.0 1.0 2.0 5.0 1.0 1.0 4.0 4.0 5.0 5.0 3.0 2.0 3.0 5.0 5.0 3.0 5.0 4.0 5.0 1.0 5.0 4.0 2.0 1.0 3.0 3.0 3.0 4.0 2.0 4.0 5.0 2.0 1.0 4.0 3.0 3.0 2.0 3.0 5.0 5.0 3.0 5.0 2.0 3.0 1.0 2.0 3.0 4.0 2.0 2.0 5.0 3.0 2.0 5.0 1.0 2.0 4.0 4.0 1.0 3.0 2.0 1.0 4.0 4.0 2.0 4.0 3.0 3.0 2.0 5.0 4.0 1.0 5.0 5.0 4.0 1.0 5.0 1.0 2.0 5.0 1.0 4.0 1.0 1.0 2.0 4.0 2.0 4.0 2.0 4.0 3.0 1.0 3.0 5.0 2.0 5.0 2.0  
43 13.0 2.0 5.0 2.0 4.0 5.0 4.0 1.0 1.0 3.0 3.0 4.0 2.0 1.0 1.0 2.0 1.0 4.0 1.0 4.0 1.0 2.0 4.0 3.0 5.0 4.0 5.0 1.0 4.0 4.0 5.0 5.0 2.0 4.0 4.0 5.0 2.0 4.0 2.0 4.0 3.0 2.0 3.0 4.0 1.0 3.0 3.0 1.0 4.0 3.0 3.0 4.0 1.0 3.0 3.0 4.0 4.0 3.0 2.0 3.0 1.0 2.0 4.0 1.0 3.0 2.0 4.0 3.0 4.0 2.0 5.0 2.0 5.0 2.0 1.0 2.0 3.0 2.0 2.0 3.0 1.0 4.0 3.0 4.0 2.0 5.0 3.0 1.0 3.0 1.0 5.0 5.0 5.0 1.0 1.0 1.0 5.0 1.0 4.0 2.0 1.0 4.0 5.0 2.0 5.0 1.0 1.0 4.0 5.0 3.0 1.0 4.0 2.0 1.0 2.0 4.0 3.0 4.0 5.0 5.0 4.0 5.0 1.0 5.0 4.0 3.0 3.0 4.0 3.0 2.0 2.0 3.0 4.0 1.0 4.0 1.0 4.0 4.0 3.0 4.0 4.0 2.0 5.0 1.0 3.0 3.0 5.0 4.0 4.0 4.0 4.0  
41 8.0 5.0 2.0 3.0 5.0 1.0 1.0 1.0 5.0 1.0 4.0 3.0 4.0 5.0 4.0 3.0 1.0 1.0 5.0 5.0 3.0 4.0 3.0 4.0 5.0 1.0 3.0 4.0 1.0 4.0 1.0 5.0 3.0 3.0 3.0 1.0 5.0 1.0 1.0 1.0 2.0 4.0 2.0 3.0 4.0 1.0 4.0 2.0 3.0 2.0 2.0 5.0 2.0 4.0 4.0 4.0 2.0 2.0 1.0 2.0 3.0 2.0 3.0 4.0 5.0 1.0 1.0 1.0 4.0 4.0 5.0 4.0 4.0 4.0 3.0 2.0 2.0 4.0 5.0 1.0 5.0 1.0 4.0 3.0 4.0 1.0 4.0 1.0 3.0 5.0 1.0 5.0 3.0 1.0 1.0 2.0 4.0 4.0 3.0 5.0 3.0 3.0 4.0 1.0 1.0 4.0 1.0 2.0 4.0 2.0 4.0 5.0 2.0 1.0 5.0 4.0 2.0 3.0 4.0 2.0 1.0 5.0 5.0 4.0 4.0 1.0 5.0 2.0 5.0 5.0 1.0 4.0 1.0 5.0 1.0 3.0 3.0 5.0 4.0 5.0 3.0 3.0 5.0 3.0 4.0 3.0 1.0 1.0 1.0 5.0 3.0  
68 14.0 5.0 3.0 5.0 5.0 1.0 1.0 2.0 2.0 5.0 3.0 3.0 2.0 4.0 3.0 1.0 1.0 5.0 4.0 5.0 4.0 1.0 2.0 4.0 2.0 2.0 2.0 4.0 2.0 4.0 4.0 3.0 1.0 2.0 5.0 5.0 4.0 1.0 5.0 4.0 1.0 3.0 5.0 3.0 1.0 5.0 1.0 2.0 1.0 3.0 5.0 3.0 5.0 5.0 1.0 5.0 1.0 5.0 4.0 2.0 4.0 2.0 4.0 5.0 5.0 4.0 4.0 4.0 3.0 3.0 5.0 4.0 5.0 1.0 5.0 1.0 5.0 3.0 1.0 5.0 2.0 1.0 4.0 4.0 4.0 3.0 3.0 2.0 5.0 4.0 1.0 3.0 2.0 2.0 2.0 2.0 5.0 1.0 5.0 5.0 4.0 4.0 1.0 2.0 4.0 2.0 4.0 5.0 5.0 1.0 3.0 3.0 1.0 4.0 5.0 5.0 5.0 2.0 1.0 5.0 2.0 2.0 1.0 1.0 4.0 3.0 3.0 2.0 5.0 2.0 4.0 3.0 3.0 1.0 1.0 1.0 4.0 2.0 1.0 4.0 1.0 3.0 2.0 2.0 4.0 3.0 3.0 1.0 1.0 1.0 2.0  
47 7.0 1.0 3.0 4.0 2.0 2.0 3.0 5.0 4.0 1.0 4.0 5.0 4.0 1.0 3.0 4.0 3.0 4.0 2.0 3.0 2.0 5.0 1.0 2.0 3.0 3.0 3.0 5.0 2.0 5.0 3.0 3.0 1.0 4.0 4.0 1.0 5.0 2.0 3.0 4.0 3.0 5.0 4.0 5.0 3.0 2.0 5.0 2.0 4.0 3.0 3.0 5.0 1.0 3.0 3.0 4.0 3.0 1.0 2.0 2.0 4.0 3.0 2.0 3.0 5.0 2.0 4.0 5.0 1.0 1.0 4.0 5.0 5.0 1.0 2.0 1.0 2.0 3.0 5.0 4.0 4.0 2.0 5.0 2.0 1.0 1.0 1.0 2.0 1.0 3.0 1.0 3.0 4.0 4.0 3.0 5.0 4.0 2.0 5.0 4.0 3.0 1.0 3.0 4.0 2.0 1.0 2.0 2.0 4.0 4.0 1.0 1.0 4.0 3.0 1.0 5.0 5.0 4.0 5.0 1.0 2.0 3.0 5.0 3.0 2.0 2.0 5.0 4.0 4.0 3.0 5.0 2.0 2.0 2.0 2.0 4.0 3.0 2.0 3.0 5.0 3.0 5.0 2.0 4.0 4.0 1.0 5.0 4.0 5.0 2.0 4.0  
22 15.0 5.0 4.0 1.0 1.0 5.0 1.0 4.0 5.0 2.0 3.0 3.0 5.0 4.0 3.0 5.0 3.0 3.0 3.0 4.0 4.0 2.0 4.0 4.0 1.0 1.0 5.0 2.0 5.0 5.0 2.0 5.0 4.0 5.0 2.0 5.0 5.0 4.0 3.0 4.0 3.0 5.0 5.0 3.0 3.0 1.0 2.0 2.0 3.0 5.0 5.0 5.0 1.0 3.0 2.0 1.0 1.0 5.0 5.0 1.0 3.0 1.0 3.0 4.0 1.0 4.0 3.0 2.0 2.0 3.0 1.0 1.0 1.0 3.0 4.0 1.0 1.0 2.0 2.0 3.0 1.0 2.0 3.0 5.0 3.0 4.0 4.0 3.0 5.0 1.0 2.0 2.0 2.0 3.0 4.0 2.0 1.0 4.0 1.0 3.0 5.0 4.0 1.0 5.0 4.0 1.0 3.0 2.0 2.0 4.0 3.0 4.0 5.0 3.0 1.0 1.0 4.0 1.0 1.0 4.0 3.0 4.0 2.0 4.0 4.0 4.0 1.0 4.0 4.0 3.0 2.0 4.0 2.0 4.0 3.0 1.0 4.0 3.0 3.0 4.0 1.0 5.0 4.0 5.0 4.0 2.0 1.0 3.0 2.0 5.0 5.0  
55 6.0 1.0 1.0 5.0 2.0 1.0 3.0 2.0 4.0 3.0 4.0 3.0 3.0 3.0 5.0 2.0 4.0 4.0 2.0 2.0 2.0 2.0 2.0 2.0 5.0 4.0 1.0 5.0 4.0 4.0 4.0 1.0 1.0 2.0 4.0 3.0 2.0 1.0 2.0 3.0 3.0 3.0 3.0 5.0 1.0 2.0 1.0 1.0 3.0 1.0 3.0 4.0 5.0 5.0 1.0 2.0 3.0 4.0 2.0 5.0 3.0 4.0 1.0 5.0 5.0 2.0 4.0 5.0 1.0 2.0 1.0 3.0 1.0 2.0 5.0 3.0 1.0 1.0 4.0 3.0 4.0 5.0 2.0 1.0 2.0 4.0 1.0 5.0 3.0 1.0 1.0 4.0 1.0 5.0 2.0 4.0 3.0 1.0 4.0 4.0 5.0 2.0 1.0 1.0 1.0 3.0 1.0 5.0 2.0 4.0 1.0 4.0 2.0 2.0 5.0 4.0 2.0 4.0 4.0 3.0 2.0 5.0 2.0 1.0 2.0 1.0 4.0 2.0 5.0 5.0 4.0 1.0 5.0 1.0 3.0 4.0 1.0 5.0 3.0 3.0 3.0 5.0 2.0 3.0 1.0 4.0 3.0 2.0 1.0 1.0 2.0  
76 11.0 4.0 1.0 2.0 5.0 5.0 4.0 3.0 3.0 1.0 5.0 4.0 2.0 3.0 4.0 4.0 3.0 4.0 2.0 1.0 5.0 3.0 1.0 5.0 5.0 4.0 1.0 4.0 1.0 5.0 4.0 1.0 5.0 2.0 3.0 1.0 4.0 5.0 5.0 4.0 1.0 3.0 1.0 5.0 2.0 4.0 2.0 5.0 5.0 2.0 4.0 2.0 1.0 1.0 3.0 3.0 4.0 2.0 1.0 3.0 4.0 3.0 5.0 5.0 1.0 5.0 3.0 1.0 5.0 4.0 1.0 3.0 3.0 3.0 2.0 4.0 4.0 3.0 4.0 3.0 3.0 1.0 3.0 1.0 3.0 2.0 2.0 4.0 4.0 4.0 3.0 4.0 4.0 1.0 3.0 5.0 1.0 4.0 4.0 3.0 2.0 5.0 4.0 4.0 3.0 4.0 5.0 2.0 2.0 1.0 3.0 4.0 2.0 1.0 3.0 5.0 2.0 5.0 2.0 1.0 3.0 3.0 2.0 1.0 5.0 5.0 5.0 1.0 5.0 3.0 5.0 4.0 2.0 2.0 3.0 2.0 5.0 4.0 4.0 2.0 5.0 4.0 1.0 4.0 2.0 4.0 3.0 5.0 3.0 5.0 2.0  
24 12.0 1.0 3.0 4.0 5.0 5.0 4.0 5.0 1.0 5.0 4.0 5.0 3.0 1.0 3.0 1.0 3.0 4.0 2.0 5.0 1.0 1.0 3.0 1.0 1.0 4.0 5.0 4.0 1.0 4.0 1.0 4.0 1.0 4.0 5.0 2.0 1.0 3.0 4.0 5.0 1.0 5.0 3.0 3.0 4.0 2.0 3.0 1.0 5.0 1.0 1.0 3.0 5.0 3.0 4.0 5.0 1.0 5.0 3.0 2.0 4.0 4.0 4.0 1.0 1.0 1.0 4.0 5.0 5.0 2.0 2.0 3.0 5.0 1.0 1.0 5.0 2.0 2.0 3.0 1.0 3.0 1.0 3.0 1.0 3.0 1.0 2.0 5.0 1.0 1.0 5.0 4.0 2.0 2.0 3.0 2.0 4.0 2.0 1.0 2.0 3.0 1.0 2.0 4.0 5.0 3.0 1.0 3.0 3.0 3.0 3.0 4.0 3.0 1.0 3.0 1.0 5.0 2.0 5.0 5.0 1.0 2.0 4.0 4.0 5.0 2.0 2.0 3.0 5.0 5.0 4.0 4.0 2.0 2.0 5.0 2.0 1.0 2.0 4.0 2.0 4.0 5.0 2.0 3.0 3.0 4.0 1.0 1.0 2.0 1.0 3.0  
50 6.0 1.0 5.0 4.0 2.0 2.0 3.0 2.0 2.0 2.0 1.0 1.0 1.0 4.0 1.0 4.0 3.0 1.0 4.0 1.0 2.0 3.0 4.0 5.0 4.0 4.0 3.0 1.0 2.0 4.0 5.0 2.0 4.0 4.0 1.0 3.0 3.0 4.0 1.0 3.0 5.0 4.0 3.0 4.0 5.0 1.0 1.0 4.0 5.0 1.0 4.0 5.0 1.0 2.0 2.0 5.0 3.0 1.0 5.0 2.0 2.0 2.0 2.0 4.0 4.0 3.0 3.0 1.0 2.0 4.0 2.0 1.0 4.0 1.0 3.0 3.0 3.0 2.0 4.0 3.0 3.0 4.0 3.0 3.0 1.0 2.0 2.0 2.0 5.0 1.0 2.0 2.0 1.0 5.0 2.0 3.0 3.0 4.0 1.0 3.0 4.0 3.0 3.0 1.0 2.0 3.0 2.0 2.0 1.0 4.0 4.0 3.0 3.0 1.0 5.0 3.0 5.0 4.0 5.0 2.0 1.0 2.0 4.0 2.0 5.0 5.0 2.0 4.0 3.0 4.0 1.0 1.0 4.0 2.0 3.0 1.0 2.0 4.0 3.0 5.0 1.0 4.0 4.0 5.0 5.0 1.0 2.0 3.0 4.0 4.0 4.0  
49 8.0 2.0 4.0 5.0 5.0 4.0 5.0 2.0 3.0 4.0 2.0 1.0 2.0 2.0 2.0 1.0 2.0 4.0 3.0 3.0 3.0 3.0 3.0 3.0 1.0 2.0 5.0 5.0 2.0 2.0 2.0 1.0 4.0 4.0 5.0 1.0 1.0 3.0 4.0 3.0 4.0 2.0 4.0 4.0 4.0 2.0 2.0 1.0 1.0 1.0 3.0 3.0 3.0 4.0 3.0 1.0 2.0 3.0 3.0 1.0 3.0 2.0 2.0 2.0 3.0 2.0 3.0 2.0 5.0 3.0 1.0 2.0 1.0 4.0 3.0 3.0 4.0 4.0 4.0 4.0 1.0 3.0 3.0 1.0 1.0 1.0 2.0 2.0 5.0 5.0 2.0 1.0 5.0 4.0 4.0 5.0 5.0 1.0 2.0 2.0 2.0 2.0 1.0 2.0 2.0 5.0 5.0 3.0 5.0 3.0 1.0 2.0 3.0 2.0 3.0 2.0 4.0 3.0 4.0 2.0 5.0 5.0 4.0 1.0 2.0 4.0 1.0 1.0 2.0 3.0 4.0 4.0 2.0 2.0 1.0 2.0 5.0 2.0 5.0 3.0 3.0 4.0 2.0 3.0 5.0 5.0 3.0 1.0 5.0 2.0 1.0  
54 10.0 3.0 3.0 2.0 1.0 1.0 2.0 1.0 5.0 5.0 2.0 1.0 4.0 3.0 3.0 5.0 3.0 5.0 2.0 3.0 3.0 1.0 3.0 3.0 4.0 4.0 4.0 5.0 2.0 3.0 2.0 5.0 4.0 1.0 5.0 4.0 5.0 2.0 2.0 5.0 1.0 1.0 3.0 5.0 4.0 5.0 2.0 5.0 5.0 2.0 5.0 4.0 3.0 5.0 5.0 5.0 5.0 4.0 2.0 4.0 4.0 2.0 2.0 4.0 3.0 4.0 5.0 4.0 2.0 4.0 5.0 2.0 5.0 2.0 2.0 4.0 4.0 2.0 2.0 5.0 2.0 2.0 4.0 2.0 2.0 3.0 3.0 5.0 4.0 1.0 3.0 4.0 2.0 4.0 1.0 3.0 4.0 1.0 4.0 4.0 3.0 3.0 5.0 1.0 5.0 1.0 3.0 3.0 4.0 4.0 4.0 2.0 2.0 2.0 2.0 2.0 4.0 5.0 2.0 4.0 1.0 4.0 5.0 2.0 1.0 5.0 5.0 5.0 2.0 2.0 1.0 3.0 5.0 3.0 3.0 2.0 3.0 3.0 1.0 1.0 1.0 3.0 4.0 2.0 2.0 4.0 2.0 4.0 3.0 3.0 2.0  
2 8.0 4.0 4.0 4.0 5.0 1.0 3.0 4.0 1.0 4.0 5.0 5.0 5.0 3.0 1.0 5.0 2.0 3.0 4.0 5.0 2.0 1.0 5.0 2.0 1.0 5.0 4.0 3.0 5.0 2.0 2.0 2.0 4.0 2.0 4.0 5.0 4.0 1.0 4.0 5.0 5.0 5.0 2.0 2.0 4.0 2.0 1.0 1.0 1.0 4.0 4.0 3.0 4.0 2.0 4.0 4.0 4.0 1.0 1.0 2.0 3.0 3.0 5.0 1.0 1.0 3.0 4.0 4.0 1.0 3.0 5.0 4.0 2.0 1.0 1.0 4.0 4.0 4.0 1.0 3.0 2.0 2.0 1.0 2.0 1.0 5.0 4.0 1.0 3.0 2.0 5.0 5.0 1.0 1.0 3.0 3.0 4.0 2.0 4.0 5.0 5.0 3.0 1.0 2.0 2.0 2.0 1.0 2.0 2.0 1.0 5.0 2.0 5.0 2.0 2.0 5.0 2.0 1.0 2.0 3.0 5.0 5.0 4.0 3.0 5.0 1.0 2.0 2.0 5.0 2.0 4.0 5.0 1.0 4.0 4.0 2.0 1.0 4.0 2.0 4.0 5.0 3.0 3.0 3.0 2.0 3.0 2.0 5.0 5.0 4.0 1.0  
35 9.0 2.0 2.0 3.0 3.0 3.0 3.0 2.0 3.0 2.0 4.0 1.0 2.0 1.0 4.0 4.0 5.0 2.0 1.0 3.0 3.0 5.0 3.0 5.0 2.0 2.0 1.0 3.0 1.0 5.0 4.0 4.0 2.0 1.0 1.0 1.0 3.0 1.0 3.0 4.0 4.0 4.0 3.0 2.0 2.0 5.0 5.0 2.0 5.0 2.0 5.0 2.0 1.0 5.0 4.0 4.0 5.0 5.0 4.0 4.0 3.0 1.0 5.0 1.0 2.0 3.0 2.0 1.0 5.0 4.0 5.0 2.0 1.0 1.0 5.0 4.0 2.0 3.0 1.0 2.0 2.0 5.0 3.0 5.0 1.0 1.0 2.0 5.0 2.0 2.0 3.0 2.0 5.0 4.0 3.0 1.0 1.0 4.0 3.0 1.0 3.0 1.0 5.0 1.0 1.0 5.0 2.0 3.0 1.0 3.0 2.0 2.0 2.0 1.0 2.0 5.0 4.0 4.0 5.0 4.0 1.0 5.0 2.0 1.0 1.0 3.0 1.0 5.0 3.0 3.0 4.0 5.0 4.0 1.0 1.0 2.0 1.0 1.0 1.0 3.0 4.0 5.0 3.0 5.0 4.0 4.0 1.0 1.0 2.0 2.0 2.0  
26 8.0 1.0 5.0 4.0 5.0 2.0 2.0 5.0 4.0 1.0 2.0 5.0 5.0 2.0 4.0 2.0 3.0 5.0 1.0 2.0 2.0 4.0 5.0 2.0 2.0 3.0 3.0 3.0 4.0 2.0 3.0 1.0 3.0 3.0 3.0 5.0 5.0 1.0 2.0 1.0 2.0 4.0 2.0 2.0 4.0 1.0 3.0 5.0 3.0 5.0 5.0 4.0 1.0 1.0 3.0 2.0 4.0 2.0 4.0 2.0 2.0 4.0 1.0 2.0 4.0 2.0 5.0 1.0 4.0 1.0 3.0 3.0 4.0 3.0 1.0 4.0 1.0 3.0 3.0 4.0 4.0 3.0 5.0 1.0 1.0 5.0 4.0 5.0 4.0 1.0 1.0 3.0 1.0 3.0 1.0 2.0 2.0 4.0 2.0 5.0 4.0 1.0 2.0 2.0 3.0 1.0 5.0 1.0 3.0 4.0 5.0 3.0 4.0 4.0 2.0 2.0 5.0 5.0 3.0 1.0 4.0 2.0 5.0 4.0 5.0 1.0 5.0 2.0 2.0 3.0 4.0 5.0 5.0 2.0 5.0 5.0 1.0 5.0 4.0 4.0 2.0 2.0 2.0 3.0 5.0 3.0 1.0 3.0 4.0 5.0 2.0  
66 11.0 5.0 5.0 5.0 4.0 4.0 5.0 1.0 5.0 2.0 5.0 4.0 3.0 1.0 3.0 4.0 1.0 2.0 2.0 1.0 5.0 3.0 3.0 5.0 2.0 4.0 4.0 5.0 1.0 4.0 5.0 3.0 3.0 5.0 3.0 2.0 5.0 5.0 5.0 3.0 4.0 5.0 3.0 4.0 2.0 4.0 5.0 3.0 2.0 2.0 3.0 3.0 5.0 1.0 4.0 2.0 5.0 1.0 1.0 4.0 3.0 4.0 2.0 4.0 5.0 3.0 4.0 5.0 4.0 2.0 4.0 5.0 4.0 2.0 3.0 3.0 3.0 2.0 5.0 4.0 4.0 2.0 4.0 3.0 2.0 5.0 1.0 3.0 5.0 1.0 4.0 2.0 3.0 1.0 4.0 2.0 5.0 3.0 1.0 4.0 4.0 2.0 2.0 1.0 4.0 1.0 2.0 4.0 5.0 5.0 5.0 5.0 4.0 5.0 5.0 3.0 5.0 2.0 2.0 1.0 4.0 2.0 1.0 1.0 5.0 4.0 2.0 2.0 2.0 2.0 2.0 5.0 1.0 3.0 5.0 4.0 1.0 5.0 3.0 2.0 2.0 2.0 2.0 3.0 5.0 2.0 2.0 3.0 2.0 4.0 5.0  
74 8.0 4.0 4.0 3.0 3.0 3.0 5.0 4.0 3.0 2.0 4.0 3.0 5.0 3.0 3.0 4.0 4.0 4.0 5.0 2.0 2.0 5.0 3.0 1.0 1.0 5.0 2.0 1.0 1.0 1.0 3.0 1.0 5.0 2.0 2.0 4.0 4.0 4.0 4.0 1.0 2.0 1.0 3.0 5.0 3.0 3.0 5.0 3.0 2.0 5.0 4.0 3.0 5.0 1.0 1.0 1.0 5.0 4.0 5.0 1.0 3.0 3.0 5.0 1.0 5.0 1.0 5.0 2.0 3.0 3.0 1.0 5.0 5.0 4.0 1.0 5.0 4.0 5.0 5.0 3.0 3.0 2.0 5.0 2.0 2.0 5.0 1.0 1.0 5.0 4.0 5.0 1.0 1.0 1.0 1.0 1.0 2.0 4.0 1.0 1.0 3.0 5.0 5.0 5.0 1.0 2.0 3.0 3.0 2.0 4.0 3.0 2.0 1.0 5.0 1.0 4.0 5.0 1.0 2.0 5.0 2.0 1.0 5.0 1.0 2.0 3.0 4.0 3.0 4.0 5.0 1.0 4.0 4.0 1.0 4.0 2.0 2.0 2.0 5.0 3.0 5.0 2.0 3.0 3.0 3.0 1.0 3.0 5.0 3.0 1.0 1.0  
21 6.0 4.0 4.0 1.0 5.0 1.0 2.0 3.0 1.0 5.0 3.0 4.0 5.0 2.0 5.0 5.0 4.0 5.0 4.0 3.0 3.0 4.0 3.0 5.0 3.0 1.0 5.0 2.0 5.0 1.0 3.0 3.0 3.0 2.0 5.0 2.0 3.0 3.0 3.0 2.0 3.0 3.0 2.0 4.0 2.0 4.0 2.0 1.0 2.0 1.0 2.0 4.0 4.0 5.0 4.0 2.0 5.0 3.0 5.0 4.0 2.0 5.0 5.0 4.0 1.0 3.0 1.0 5.0 1.0 2.0 4.0 5.0 4.0 2.0 4.0 1.0 3.0 1.0 3.0 4.0 5.0 5.0 2.0 3.0 5.0 2.0 2.0 5.0 1.0 5.0 1.0 3.0 5.0 2.0 4.0 3.0 2.0 5.0 5.0 5.0 3.0 5.0 4.0 3.0 1.0 5.0 4.0 4.0 1.0 5.0 1.0 3.0 2.0 5.0 2.0 5.0 2.0 4.0 1.0 4.0 5.0 3.0 1.0 4.0 4.0 1.0 3.0 4.0 3.0 2.0 2.0 3.0 2.0 3.0 4.0 1.0 1.0 4.0 2.0 3.0 2.0 4.0 3.0 5.0 1.0 4.0 2.0 3.0 5.0 2.0 2.0  
3 12.0 5.0 5.0 1.0 5.0 4.0 1.0 2.0 4.0 4.0 5.0 2.0 3.0 4.0 4.0 2.0 4.0 1.0 2.0 4.0 2.0 2.0 2.0 4.0 1.0 3.0 2.0 2.0 3.0 1.0 4.0 3.0 3.0 4.0 3.0 4.0 1.0 2.0 1.0 2.0 1.0 3.0 1.0 1.0 2.0 5.0 2.0 2.0 5.0 2.0 3.0 1.0 5.0 3.0 4.0 5.0 4.0 4.0 4.0 4.0 2.0 3.0 1.0 4.0 5.0 2.0 1.0 1.0 1.0 4.0 5.0 3.0 2.0 5.0 3.0 5.0 5.0 2.0 1.0 2.0 1.0 1.0 5.0 5.0 4.0 3.0 3.0 3.0 5.0 2.0 1.0 5.0 1.0 3.0 4.0 2.0 3.0 2.0 1.0 4.0 2.0 3.0 1.0 3.0 4.0 3.0 4.0 4.0 3.0 2.0 2.0 4.0 2.0 4.0 2.0 1.0 2.0 1.0 2.0 5.0 1.0 2.0 2.0 5.0 3.0 1.0 1.0 3.0 5.0 4.0 2.0 1.0 1.0 1.0 2.0 2.0 4.0 4.0 2.0 5.0 1.0 4.0 1.0 1.0 2.0 2.0 3.0 3.0 4.0 5.0 2.0  
48 11.0 3.0 5.0 2.0 3.0 3.0 4.0 5.0 1.0 1.0 4.0 1.0 4.0 5.0 2.0 2.0 1.0 4.0 1.0 5.0 3.0 4.0 1.0 5.0 2.0 1.0 3.0 2.0 5.0 3.0 3.0 1.0 3.0 3.0 4.0 2.0 5.0 5.0 2.0 2.0 5.0 4.0 1.0 2.0 4.0 4.0 2.0 1.0 5.0 1.0 4.0 2.0 4.0 4.0 2.0 2.0 3.0 4.0 1.0 3.0 3.0 4.0 2.0 3.0 5.0 4.0 4.0 2.0 3.0 4.0 3.0 5.0 1.0 5.0 2.0 1.0 3.0 3.0 3.0 5.0 3.0 3.0 3.0 1.0 1.0 2.0 5.0 1.0 4.0 3.0 3.0 4.0 4.0 2.0 3.0 5.0 5.0 4.0 5.0 3.0 3.0 3.0 3.0 5.0 3.0 5.0 4.0 4.0 1.0 2.0 4.0 3.0 2.0 3.0 5.0 4.0 4.0 3.0 5.0 3.0 4.0 1.0 1.0 2.0 4.0 5.0 1.0 1.0 5.0 4.0 3.0 1.0 1.0 1.0 2.0 5.0 1.0 1.0 1.0 1.0 2.0 1.0 4.0 3.0 1.0 1.0 5.0 1.0 4.0 5.0 1.0  
99 12.0 4.0 4.0 5.0 3.0 1.0 3.0 2.0 2.0 3.0 4.0 5.0 3.0 5.0 2.0 1.0 5.0 4.0 1.0 5.0 4.0 2.0 4.0 5.0 2.0 4.0 1.0 5.0 1.0 2.0 1.0 3.0 1.0 4.0 4.0 3.0 4.0 5.0 3.0 1.0 3.0 1.0 1.0 1.0 4.0 2.0 4.0 2.0 1.0 1.0 3.0 3.0 2.0 5.0 2.0 3.0 3.0 2.0 1.0 5.0 3.0 1.0 3.0 4.0 1.0 3.0 4.0 4.0 5.0 4.0 4.0 3.0 2.0 2.0 4.0 3.0 1.0 3.0 2.0 4.0 4.0 4.0 5.0 2.0 2.0 1.0 5.0 3.0 1.0 2.0 1.0 4.0 4.0 5.0 1.0 2.0 2.0 4.0 3.0 2.0 5.0 4.0 3.0 5.0 5.0 1.0 3.0 2.0 4.0 3.0 4.0 5.0 4.0 2.0 1.0 1.0 1.0 1.0 2.0 1.0 4.0 2.0 2.0 4.0 4.0 5.0 2.0 1.0 2.0 3.0 4.0 5.0 1.0 3.0 5.0 3.0 2.0 4.0 4.0 2.0 3.0 5.0 2.0 3.0 3.0 1.0 1.0 5.0 5.0 4.0 5.0  
96 6.0 1.0 3.0 4.0 1.0 3.0 3.0 5.0 1.0 3.0 4.0 2.0 1.0 4.0 3.0 3.0 1.0 1.0 1.0 5.0 1.0 4.0 5.0 2.0 4.0 1.0 3.0 4.0 5.0 3.0 2.0 1.0 3.0 3.0 4.0 2.0 5.0 1.0 4.0 4.0 3.0 2.0 1.0 3.0 5.0 5.0 3.0 5.0 2.0 2.0 5.0 2.0 5.0 3.0 4.0 5.0 4.0 3.0 4.0 2.0 4.0 2.0 4.0 3.0 2.0 5.0 3.0 5.0 1.0 4.0 4.0 1.0 5.0 2.0 4.0 4.0 4.0 4.0 5.0 3.0 5.0 1.0 2.0 3.0 3.0 3.0 2.0 2.0 4.0 4.0 1.0 2.0 2.0 3.0 4.0 3.0 5.0 5.0 3.0 3.0 4.0 2.0 4.0 5.0 1.0 5.0 3.0 3.0 4.0 5.0 2.0 3.0 1.0 1.0 2.0 2.0 5.0 4.0 2.0 4.0 2.0 5.0 3.0 2.0 5.0 1.0 1.0 3.0 2.0 2.0 4.0 2.0 1.0 2.0 1.0 3.0 4.0 1.0 2.0 3.0 2.0 5.0 1.0 4.0 1.0 4.0 2.0 4.0 5.0 5.0 3.0  
8 10.0 1.0 4.0 1.0 1.0 4.0 4.0 2.0 4.0 3.0 2.0 5.0 5.0 2.0 2.0 4.0 1.0 1.0 2.0 2.0 1.0 4.0 5.0 3.0 1.0 2.0 3.0 2.0 3.0 2.0 1.0 4.0 5.0 1.0 1.0 3.0 2.0 2.0 1.0 2.0 1.0 5.0 1.0 3.0 4.0 4.0 4.0 4.0 4.0 1.0 2.0 5.0 1.0 1.0 5.0 4.0 2.0 2.0 5.0 4.0 1.0 5.0 2.0 1.0 4.0 4.0 3.0 4.0 2.0 2.0 1.0 1.0 5.0 3.0 5.0 5.0 3.0 3.0 2.0 2.0 5.0 4.0 3.0 1.0 4.0 5.0 1.0 1.0 3.0 2.0 5.0 3.0 3.0 5.0 5.0 1.0 2.0 5.0 5.0 3.0 2.0 3.0 2.0 3.0 5.0 4.0 2.0 2.0 1.0 1.0 1.0 1.0 5.0 4.0 5.0 2.0 5.0 4.0 2.0 3.0 5.0 2.0 1.0 1.0 1.0 4.0 3.0 4.0 5.0 2.0 5.0 5.0 5.0 1.0 1.0 5.0 5.0 4.0 5.0 1.0 4.0 4.0 3.0 1.0 4.0 4.0 4.0 1.0 4.0 4.0 1.0  
73 7.0 2.0 2.0 4.0 5.0 5.0 2.0 5.0 4.0 1.0 5.0 5.0 2.0 1.0 1.0 5.0 5.0 5.0 1.0 5.0 1.0 3.0 1.0 2.0 4.0 3.0 2.0 4.0 1.0 5.0 5.0 4.0 5.0 1.0 1.0 1.0 3.0 2.0 3.0 3.0 5.0 5.0 3.0 3.0 3.0 5.0 1.0 1.0 3.0 1.0 5.0 4.0 2.0 5.0 2.0 1.0 3.0 2.0 2.0 3.0 3.0 1.0 3.0 1.0 4.0 1.0 4.0 1.0 2.0 2.0 3.0 1.0 2.0 2.0 2.0 4.0 2.0 4.0 4.0 4.0 4.0 2.0 4.0 3.0 5.0 5.0 2.0 2.0 4.0 2.0 1.0 2.0 1.0 5.0 5.0 1.0 1.0 1.0 4.0 1.0 2.0 2.0 4.0 5.0 5.0 3.0 5.0 3.0 5.0 2.0 4.0 1.0 4.0 1.0 3.0 1.0 2.0 2.0 5.0 5.0 5.0 5.0 3.0 1.0 5.0 2.0 4.0 1.0 4.0 1.0 3.0 3.0 3.0 3.0 1.0 1.0 1.0 3.0 2.0 1.0 5.0 1.0 2.0 1.0 4.0 5.0 2.0 4.0 5.0 5.0 4.0  
37 9.0 5.0 2.0 4.0 5.0 1.0 1.0 4.0 2.0 4.0 2.0 3.0 2.0 4.0 3.0 3.0 3.0 4.0 5.0 2.0 2.0 2.0 4.0 2.0 2.0 1.0 5.0 3.0 1.0 1.0 5.0 4.0 5.0 4.0 5.0 5.0 1.0 2.0 1.0 1.0 4.0 4.0 4.0 2.0 1.0 2.0 1.0 4.0 2.0 2.0 2.0 5.0 5.0 2.0 4.0 1.0 5.0 2.0 1.0 4.0 3.0 2.0 3.0 1.0 1.0 2.0 3.0 3.0 5.0 2.0 2.0 5.0 1.0 4.0 4.0 2.0 4.0 3.0 2.0 4.0 1.0 5.0 2.0 1.0 2.0 1.0 3.0 2.0 4.0 2.0 1.0 5.0 1.0 1.0 2.0 2.0 5.0 1.0 1.0 1.0 5.0 2.0 4.0 4.0 3.0 3.0 4.0 2.0 1.0 3.0 1.0 2.0 2.0 4.0 5.0 5.0 1.0 5.0 1.0 4.0 2.0 3.0 5.0 1.0 1.0 3.0 5.0 1.0 3.0 2.0 3.0 1.0 1.0 5.0 5.0 5.0 1.0 2.0 1.0 2.0 3.0 1.0 4.0 4.0 3.0 1.0 5.0 3.0 5.0 5.0 5.0  
6 12.0 2.0 3.0 1.0 4.0 2.0 1.0 3.0 5.0 1.0 4.0 5.0 2.0 1.0 4.0 5.0 2.0 1.0 1.0 4.0 2.0 5.0 3.0 1.0 3.0 3.0 4.0 2.0 1.0 1.0 1.0 3.0 4.0 2.0 4.0 4.0 3.0 4.0 2.0 1.0 3.0 2.0 5.0 3.0 4.0 3.0 2.0 1.0 3.0 2.0 2.0 3.0 1.0 5.0 4.0 3.0 3.0 4.0 1.0 4.0 4.0 5.0 3.0 2.0 1.0 2.0 5.0 4.0 1.0 4.0 5.0 2.0 1.0 2.0 3.0 2.0 2.0 5.0 5.0 2.0 5.0 1.0 5.0 2.0 4.0 3.0 1.0 1.0 2.0 4.0 5.0 5.0 4.0 2.0 2.0 3.0 2.0 5.0 5.0 3.0 5.0 1.0 4.0 4.0 3.0 4.0 5.0 4.0 2.0 2.0 1.0 4.0 3.0 1.0 3.0 4.0 4.0 5.0 3.0 4.0 1.0 5.0 1.0 4.0 5.0 3.0 2.0 4.0 4.0 2.0 5.0 2.0 2.0 2.0 5.0 4.0 3.0 3.0 2.0 1.0 4.0 2.0 3.0 5.0 4.0 5.0 1.0 4.0 4.0 4.0 5.0  
33 12.0 5.0 1.0 4.0 5.0 2.0 4.0 5.0 3.0 1.0 2.0 1.0 5.0 4.0 2.0 4.0 5.0 3.0 2.0 3.0 2.0 3.0 3.0 1.0 5.0 3.0 4.0 2.0 3.0 2.0 5.0 4.0 4.0 4.0 3.0 3.0 2.0 1.0 1.0 5.0 3.0 4.0 2.0 3.0 5.0 3.0 5.0 5.0 4.0 3.0 5.0 3.0 3.0 5.0 4.0 5.0 1.0 1.0 1.0 2.0 3.0 4.0 5.0 1.0 2.0 4.0 5.0 5.0 5.0 5.0 3.0 1.0 5.0 4.0 5.0 2.0 5.0 3.0 5.0 5.0 5.0 5.0 5.0 3.0 3.0 1.0 2.0 4.0 4.0 1.0 3.0 3.0 5.0 4.0 4.0 3.0 1.0 4.0 3.0 3.0 1.0 5.0 3.0 4.0 3.0 2.0 5.0 2.0 4.0 2.0 4.0 4.0 4.0 4.0 1.0 2.0 1.0 5.0 1.0 4.0 5.0 3.0 4.0 2.0 1.0 2.0 2.0 2.0 5.0 4.0 3.0 1.0 3.0 2.0 2.0 1.0 2.0 1.0 2.0 1.0 4.0 1.0 2.0 2.0 4.0 3.0 4.0 4.0 3.0 2.0 5.0  
63 12.0 3.0 4.0 2.0 1.0 3.0 4.0 3.0 1.0 4.0 4.0 2.0 4.0 3.0 3.0 1.0 4.0 5.0 2.0 2.0 5.0 2.0 1.0 3.0 3.0 1.0 4.0 1.0 2.0 4.0 2.0 1.0 5.0 1.0 5.0 3.0 2.0 5.0 2.0 4.0 1.0 4.0 2.0 2.0 5.0 5.0 1.0 3.0 3.0 1.0 3.0 1.0 4.0 3.0 1.0 2.0 1.0 1.0 1.0 1.0 4.0 1.0 1.0 4.0 2.0 1.0 5.0 4.0 4.0 4.0 5.0 5.0 2.0 4.0 4.0 5.0 4.0 2.0 2.0 5.0 3.0 3.0 4.0 4.0 1.0 3.0 5.0 1.0 4.0 4.0 3.0 4.0 1.0 2.0 1.0 3.0 2.0 1.0 3.0 4.0 4.0 4.0 1.0 4.0 5.0 2.0 1.0 2.0 1.0 2.0 5.0 1.0 5.0 1.0 5.0 5.0 1.0 3.0 4.0 4.0 3.0 2.0 5.0 1.0 1.0 1.0 1.0 3.0 5.0 2.0 4.0 2.0 3.0 3.0 3.0 1.0 4.0 1.0 5.0 5.0 4.0 5.0 5.0 4.0 4.0 3.0 2.0 5.0 3.0 3.0 1.0  
27 11.0 3.0 2.0 3.0 2.0 5.0 5.0 5.0 3.0 1.0 2.0 4.0 3.0 3.0 4.0 2.0 4.0 1.0 3.0 2.0 3.0 2.0 4.0 5.0 3.0 5.0 4.0 1.0 4.0 5.0 4.0 4.0 3.0 1.0 4.0 1.0 1.0 5.0 2.0 1.0 4.0 4.0 5.0 2.0 1.0 5.0 1.0 5.0 2.0 4.0 1.0 2.0 4.0 1.0 5.0 1.0 4.0 1.0 2.0 4.0 3.0 2.0 5.0 1.0 2.0 5.0 3.0 4.0 3.0 3.0 2.0 1.0 2.0 5.0 1.0 1.0 4.0 3.0 1.0 1.0 2.0 2.0 4.0 1.0 1.0 3.0 3.0 1.0 4.0 3.0 5.0 2.0 3.0 5.0 1.0 4.0 3.0 4.0 2.0 2.0 2.0 4.0 5.0 3.0 2.0 3.0 4.0 2.0 5.0 1.0 1.0 2.0 2.0 1.0 2.0 2.0 2.0 3.0 1.0 5.0 1.0 3.0 2.0 3.0 1.0 1.0 3.0 2.0 3.0 5.0 3.0 5.0 5.0 5.0 2.0 1.0 5.0 2.0 1.0 4.0 5.0 4.0 3.0 1.0 3.0 2.0 4.0 1.0 1.0 3.0 3.0  
79 13.0 4.0 3.0 4.0 1.0 2.0 1.0 4.0 3.0 5.0 3.0 1.0 5.0 2.0 4.0 2.0 4.0 3.0 5.0 4.0 1.0 4.0 5.0 3.0 4.0 4.0 4.0 5.0 4.0 4.0 2.0 1.0 3.0 2.0 1.0 4.0 5.0 5.0 5.0 4.0 1.0 5.0 5.0 3.0 4.0 3.0 3.0 3.0 5.0 5.0 2.0 4.0 5.0 5.0 1.0 5.0 3.0 5.0 4.0 3.0 1.0 3.0 4.0 2.0 1.0 1.0 1.0 1.0 2.0 1.0 3.0 3.0 2.0 3.0 1.0 3.0 4.0 3.0 3.0 5.0 5.0 1.0 4.0 5.0 3.0 2.0 4.0 1.0 2.0 1.0 5.0 4.0 1.0 3.0 5.0 2.0 4.0 2.0 3.0 3.0 5.0 4.0 1.0 5.0 1.0 2.0 3.0 1.0 3.0 4.0 5.0 5.0 3.0 1.0 2.0 4.0 2.0 5.0 4.0 4.0 2.0 4.0 3.0 3.0 1.0 5.0 3.0 5.0 1.0 1.0 1.0 2.0 1.0 4.0 3.0 3.0 2.0 2.0 1.0 4.0 5.0 3.0 3.0 3.0 1.0 5.0 1.0 2.0 3.0 3.0 5.0  
80 15.0 3.0 2.0 5.0 3.0 5.0 5.0 4.0 3.0 5.0 3.0 5.0 4.0 1.0 5.0 5.0 1.0 2.0 3.0 3.0 2.0 2.0 5.0 2.0 3.0 5.0 3.0 1.0 3.0 1.0 2.0 2.0 1.0 2.0 1.0 2.0 3.0 1.0 4.0 4.0 3.0 3.0 2.0 5.0 3.0 4.0 3.0 1.0 5.0 1.0 3.0 5.0 2.0 3.0 3.0 2.0 3.0 3.0 5.0 4.0 2.0 3.0 3.0 4.0 4.0 5.0 2.0 3.0 5.0 5.0 5.0 4.0 3.0 4.0 3.0 3.0 1.0 5.0 5.0 4.0 4.0 4.0 3.0 1.0 1.0 2.0 1.0 2.0 1.0 1.0 4.0 2.0 2.0 4.0 4.0 5.0 2.0 1.0 4.0 4.0 5.0 3.0 4.0 1.0 1.0 3.0 2.0 2.0 5.0 2.0 4.0 4.0 5.0 5.0 5.0 4.0 2.0 2.0 4.0 3.0 4.0 4.0 3.0 3.0 5.0 4.0 5.0 3.0 4.0 4.0 2.0 5.0 5.0 1.0 1.0 1.0 1.0 2.0 3.0 2.0 3.0 5.0 2.0 3.0 4.0 4.0 1.0 5.0 3.0 2.0 5.0  
56 15.0 5.0 1.0 5.0 5.0 5.0 3.0 2.0 5.0 2.0 5.0 4.0 3.0 1.0 3.0 2.0 5.0 3.0 2.0 3.0 4.0 5.0 3.0 2.0 4.0 4.0 5.0 4.0 4.0 4.0 1.0 4.0 2.0 2.0 2.0 5.0 1.0 1.0 3.0 2.0 5.0 2.0 4.0 5.0 4.0 3.0 5.0 1.0 4.0 2.0 1.0 2.0 5.0 5.0 1.0 1.0 2.0 3.0 2.0 1.0 2.0 5.0 3.0 3.0 1.0 3.0 4.0 1.0 4.0 5.0 3.0 5.0 1.0 2.0 5.0 5.0 3.0 4.0 3.0 4.0 1.0 4.0 4.0 2.0 5.0 5.0 1.0 5.0 3.0 2.0 2.0 3.0 3.0 1.0 5.0 2.0 5.0 4.0 4.0 4.0 1.0 4.0 5.0 1.0 4.0 2.0 5.0 2.0 3.0 2.0 3.0 5.0 1.0 5.0 1.0 5.0 5.0 3.0 4.0 5.0 3.0 1.0 1.0 4.0 4.0 3.0 4.0 5.0 3.0 3.0 3.0 4.0 5.0 5.0 3.0 5.0 2.0 3.0 3.0 2.0 2.0 3.0 1.0 2.0 2.0 4.0 5.0 2.0 2.0 4.0 3.0  
39 12.0 5.0 2.0 4.0 2.0 4.0 3.0 1.0 5.0 1.0 4.0 2.0 1.0 4.0 2.0 3.0 1.0 1.0 4.0 5.0 2.0 1.0 1.0 1.0 4.0 5.0 2.0 5.0 5.0 4.0 4.0 4.0 3.0 2.0 4.0 4.0 4.0 5.0 1.0 1.0 3.0 3.0 2.0 4.0 1.0 3.0 1.0 2.0 5.0 3.0 1.0 5.0 2.0 3.0 5.0 1.0 3.0 5.0 5.0 1.0 5.0 3.0 2.0 3.0 5.0 3.0 3.0 1.0 3.0 4.0 3.0 1.0 4.0 1.0 5.0 5.0 3.0 4.0 1.0 3.0 3.0 4.0 2.0 4.0 1.0 3.0 3.0 3.0 2.0 1.0 1.0 1.0 3.0 1.0 1.0 3.0 3.0 3.0 1.0 2.0 1.0 5.0 5.0 4.0 5.0 5.0 2.0 5.0 4.0 5.0 1.0 2.0 5.0 4.0 4.0 3.0 3.0 5.0 2.0 2.0 3.0 3.0 4.0 1.0 2.0 1.0 4.0 3.0 1.0 2.0 2.0 4.0 5.0 5.0 5.0 5.0 1.0 3.0 2.0 1.0 4.0 3.0 4.0 3.0 4.0 1.0 4.0 1.0 1.0 1.0 4.0  
29 10.0 5.0 2.0 1.0 2.0 4.0 4.0 5.0 3.0 2.0 1.0 5.0 1.0 3.0 1.0 1.0 2.0 1.0 1.0 1.0 5.0 2.0 1.0 2.0 1.0 5.0 4.0 1.0 4.0 2.0 1.0 3.0 1.0 3.0 5.0 5.0 5.0 4.0 2.0 2.0 4.0 5.0 1.0 3.0 3.0 5.0 3.0 4.0 1.0 4.0 4.0 1.0 4.0 3.0 4.0 3.0 5.0 1.0 1.0 1.0 4.0 1.0 2.0 3.0 1.0 5.0 2.0 2.0 2.0 2.0 5.0 4.0 5.0 5.0 4.0 2.0 3.0 2.0 4.0 1.0 2.0 5.0 2.0 2.0 1.0 2.0 4.0 3.0 5.0 4.0 2.0 1.0 5.0 4.0 5.0 3.0 5.0 2.0 1.0 2.0 1.0 3.0 4.0 3.0 2.0 4.0 3.0 5.0 3.0 1.0 4.0 1.0 1.0 1.0 4.0 4.0 2.0 3.0 4.0 2.0 1.0 3.0 2.0 4.0 3.0 2.0 4.0 2.0 4.0 5.0 1.0 5.0 4.0 5.0 1.0 3.0 2.0 4.0 3.0 5.0 3.0 5.0 5.0 4.0 2.0 1.0 1.0 2.0 5.0 2.0 1.0  
58 12.0 2.0 5.0 3.0 4.0 4.0 5.0 2.0 3.0 3.0 3.0 4.0 4.0 5.0 4.0 4.0 3.0 3.0 2.0 2.0 1.0 1.0 5.0 1.0 2.0 1.0 3.0 4.0 4.0 5.0 1.0 3.0 2.0 3.0 5.0 4.0 4.0 2.0 4.0 5.0 1.0 1.0 3.0 5.0 5.0 3.0 2.0 4.0 3.0 5.0 5.0 3.0 5.0 3.0 5.0 4.0 1.0 1.0 2.0 4.0 3.0 4.0 4.0 4.0 5.0 2.0 5.0 2.0 5.0 3.0 4.0 3.0 3.0 4.0 5.0 5.0 3.0 5.0 3.0 3.0 4.0 2.0 1.0 1.0 2.0 1.0 1.0 4.0 2.0 3.0 5.0 1.0 1.0 3.0 4.0 4.0 2.0 5.0 3.0 1.0 1.0 3.0 3.0 2.0 5.0 2.0 3.0 3.0 5.0 4.0 2.0 4.0 3.0 2.0 2.0 3.0 1.0 5.0 3.0 2.0 1.0 4.0 1.0 5.0 3.0 5.0 2.0 1.0 1.0 5.0 4.0 3.0 3.0 3.0 3.0 2.0 2.0 2.0 2.0 5.0 3.0 2.0 2.0 4.0 1.0 5.0 4.0 1.0 1.0 3.0 5.0  
