100 40
NETWORK_TREE :
1 0 7.0 
2 1 6.0 
16 1 6.0 
36 1 8.0 
64 0 3.0 
65 64 1.0 
68 64 7.0 
3 2 6.0 
17 16 3.0 
80 0 1.0 
69 68 3.0 
81 80 5.0 
37 36 4.0 
38 37 7.0 
39 38 10.0 
92 0 3.0 
24 16 5.0 
32 16 2.0 
33 32 1.0 
18 17 3.0 
83 80 3.0 
70 68 4.0 
25 24 3.0 
26 24 5.0 
28 24 3.0 
41 38 4.0 
8 2 3.0 
71 70 3.0 
27 26 9.0 
48 38 10.0 
4 3 3.0 
72 71 3.0 
19 18 10.0 
49 38 5.0 
14 2 2.0 
22 18 8.0 
29 24 6.0 
61 1 10.0 
73 72 9.0 
5 4 10.0 
53 36 10.0 
9 8 9.0 
55 36 9.0 
42 41 1.0 
66 65 2.0 
43 42 10.0 
44 41 1.0 
74 73 8.0 
11 8 2.0 
75 73 10.0 
30 29 2.0 
93 92 5.0 
54 53 3.0 
98 0 9.0 
10 9 9.0 
45 44 4.0 
84 80 4.0 
40 39 1.0 
79 72 3.0 
76 73 7.0 
62 61 6.0 
94 93 4.0 
85 84 8.0 
34 32 8.0 
58 36 3.0 
86 85 2.0 
95 93 1.0 
12 11 6.0 
15 2 5.0 
13 12 3.0 
77 73 3.0 
6 5 8.0 
46 45 2.0 
96 93 6.0 
56 55 9.0 
35 32 3.0 
88 84 8.0 
20 19 4.0 
50 49 1.0 
90 80 3.0 
23 17 8.0 
59 58 5.0 
99 0 10.0 
63 61 7.0 
67 65 9.0 
47 45 5.0 
52 38 4.0 
21 20 7.0 
51 50 7.0 
7 5 5.0 
57 55 1.0 
60 58 3.0 
82 81 1.0 
87 85 1.0 
91 90 2.0 
31 30 1.0 
89 84 3.0 
78 73 9.0 
97 93 5.0 
NODE_PROGRAM :
0 1 2 3 4 5 6 7 8 9 10 11 12 13 14 15 16 17 18 19 20 21 22 23 24 25 26 27 28 29 30 31 32 33 34 35 36 37 38 39 40  
50 4 5 10 12 13 14 15 26 29 30 31 32 33 34 35 36 38 40  
9 1 2 5 6 7 8 9 10 11 12 13 15 16 17 18 19 20 21 22 23 24 25 26 27 28 30 31 32 33 34 35 36 37 38 39 40  
6 2 3 6 10 11 12 17 22 23 24 27 28 33 34 35 36 39 40  
47 25 28 38  
84 2 3 4 14 15 19 24 28 31 36  
14 4 16 17 18 21  
96 7 8 11 15 16 18 19 23 39  
35 6 7 12 14 16 22 23 24 26 27 30 31 32 36 39 40  
62 4 14 15 19 22 28 29 34 35  
83 2 3 4 5 8 12 13 14 15 16 17 20 21 22 23 24 25 26 27 28 29 30 32 33 34 35 36 37 38 39 40  
70 2 35 36  
39 1 2 4 5 6 8 12 13 14 16 17 19 21 22 23 24 25 26 30 31 32 33 34 36 37 38 39  
99 1 2 3 4 5 6 7 8 9 10 11 12 13 14 16 17 18 19 21 22 23 24 25 26 27 28 29 30 31 32 33 34 36 37 38 39 40  
13 1 2 3 5 6 7 8 10 11 12 13 14 15 16 20 21 22 24 25 28 29 31 32 34 36 37 38 39 40  
57 9 10 12 15 17 18 19 20 21 28 29 33 35 39 40  
54 7 10 16 18 26 29 40  
48 1 3 4 5 6 8 9 11 13 14 17 18 19 20 21 22 23 24 26 27 28 29 30 31 32 34 35 36 37 38 39 40  
82 1 7 9 14 15 24 25 28 33  
21 1 3 4 5 6 7 8 9 10 12 13 14 15 16 17 18 19 20 21 22 23 24 25 26 27 28 29 30 31 32 33 34 35 37 38 39 40  
26 9 12 16 20 22 24 26 31 32 34 39  
20 1 2 5 8 9 10 12 13 14 15 16 18 19 20 23 24 26 27 28 30 31 32 33 35 36 37 38 40  
32  
44 7 13 20 24 31 38  
76 8 21 23  
65 2 3 4 6 7 8 12 13 14 15 17 18 19 20 23 24 25 27 29 32 33 34 35 36 38  
31 2 6 8 9 10 11 13 18 19 23 25 26 28 30 31 33 36 39  
58 2 7 21 24 27 33 36 37 38 39  
45 2 20 31  
4 1 2 3 4 5 7 9 10 11 12 15 16 20 25 28 40  
60 1 2 3 4 5 6 7 8 9 10 11 12 14 15 16 17 18 21 23 24 26 28 29 30 31 32 33 34 36 39 40  
15 1 3 8 25 40  
85 1 3 7 10 14 16 18 20 24 25 27 29 30 32 34 37 38  
72 2 4 7 11 16 24 28 35  
68 4 5 18  
71 1 2 3 5 6 11 12 13 14 15 17 19 21 22 23 28 30 31 32 33 37 38 40  
42 4 9 10 14 15 17 20 21 22 24 26 31 32 35 39  
27 1 2 3 4 5 6 7 9 10 11 12 13 15 17 21 22 26 31 32 33 35 37 38 39  
88 2 5 6 9 10 13 16 20 21 22 23 25 26 27 28 29 30 32 37 38 40  
46 3 5 6 8 10 11 12 14 15 17 19 23 24 25 26 28 29 30 31 37 38 39  
10 2 4 6 9 13 15 16 17 20 21 22 24 25 26 28 29 30 32 34 35 36 38 39  
55  
67 24 32  
28 1 3 4 5 6 7 8 9 10 11 12 13 14 15 16 17 18 19 20 21 22 23 24 25 26 27 28 29 30 31 32 33 34 35 36 37 38 39 40  
87 2  
74 2 3 4 5 6 7 8 10 11 12 13 14 16 17 18 19 20 22 24 25 26 27 28 30 31 32 34 35 36 37 38 40  
63 2 4 5 12 13 18 22 27 31 39  
51 1 4 8 11 12 14 17 22 23 24 28 29 32  
98 7 13 22 35  
24 1 2 3 4 5 6 7 8 9 10 11 12 13 14 15 16 18 19 20 21 22 23 24 26 27 28 29 30 32 33 34 35 36 37 38 39 40  
40 1 2 3 4 5 8 10 13 14 15 16 18 19 23 24 25 28 29 32 34 35 36 38 39 40  
53 1 2 3 6 7 8 9 10 11 12 14 17 18 19 20 21 22 23 24 25 27 28 29 31 32 35 36 37 39  
81 5 13 19 27 34 37  
1 8 11 12 16 18 31 33 34 39  
16 4 9 10 11 12 15 16 26 30 31 34 35 38  
52 1 3 4 5 6 7 9 10 12 13 14 15 16 17 21 22 23 24 26 27 28 30 31 32 33 34 35 36 37 38 39 40  
3 5 14 18 25 26 28 34 37  
90 1 9 14 16 18 19 20 24 27 29  
80 1 3 4 6 7 9 14 16 18 19 21 23 24 25 27 28 31 33 34 35 37 39 40  
75 2 5 6 7 8 9 11 13 14 16 18 19 20 22 24 25 28 29 30 31 33 34 35 36 39 40  
86 1 26 28  
11 2 3 4 5 6 7 10 11 13 14 15 16 19 20 21 22 23 25 27 28 29 30 32 33 34 36 37 38 39 40  
78 1 2 3 4 5 6 7 8 9 11 12 13 14 15 16 17 18 19 20 21 22 23 24 26 27 28 29 30 31 32 33 34 35 36 37 38 39 40  
38 8 12 36 37 40  
77 1 2 3 4 5 6 7 9 10 11 12 13 14 16 17 18 19 20 21 22 23 24 25 27 30 34 35 39 40  
79 1 2 3 4 6 9 10 11 12 13 14 15 16 17 18 19 21 22 23 25 26 27 28 29 30 31 32 33 34 35 36 37 38 40  
69 21 23  
94 8 10 15 20 21 25 28 33  
73 2 3 4 5 6 7 9 10 11 12 13 14 15 16 17 18 19 20 21 22 23 24 25 26 27 28 29 30 31 32 33 34 35 36 37 38 39 40  
25 2 5 6 9 14 15 16 17 18 21 26 27 29 34 37 38 39 40  
17 3 4 7 8 9 10 11 12 13 15 16 17 18 19 20 21 24 25 26 27 28 31 33 34 35 36 37 38 39 40  
49 1 2 3 4 5 6 7 8 9 10 11 12 13 14 16 17 18 19 20 21 22 23 24 25 26 27 28 29 30 31 32 33 34 35 36 37 38 39 40  
33 1 2 3 4 5 6 7 8 9 10 11 12 13 15 16 17 18 19 20 21 22 23 25 26 27 28 29 30 31 32 33 35 36 37 38 39 40  
22 4 5 11 12 13 14 15 16 18 33 36  
34 1 3 6 8 9 10 14 16 17 20 21 22 23 25 26 27 28 29 33 34 36 40  
97 1 2 3 5 6 7 8 9 10 11 12 13 14 15 16 18 19 20 21 22 23 25 26 27 28 29 30 31 32 34 37 38 39 40  
36 15 16 20 24 26 27 30 35 36  
89 3 5 6 8 13 17 19 27 32 34 36 38 39 40  
64 1 4 5 8 9 10 11 12 13 14 16 17 18 19 20 21 22 23 24 25 26 27 28 29 30 31 32 33 34 35 36 37 40  
59 1 2 3 4 5 6 7 8 10 11 12 13 14 15 16 17 18 19 20 21 22 24 26 28 29 31 33 34 35 36 38 39 40  
41 1 6 10 11 12 16 18 22 23 24 26 27 32 33 36 39  
56 1 2 3 4 5 7 8 9 10 11 12 13 14 15 16 18 19 20 21 22 23 24 25 26 27 28 29 30 31 32 33 34 36 37 38 39  
61 1 6 10 16 27 30 35  
23 1 2 4 5 6 7 8 9 10 11 12 13 14 15 16 17 19 20 22 24 25 26 28 29 30 31 32 33 34 36 37 38 39 40  
91 4 6 9 11 13 17 19 23 27 28 35 36 37 39  
18 10 17 21 22 33 34  
30 1 3 4 5 6 8 10 11 14 19 20 22 23 24 27 28 31 36 38  
95 1 2 3 4 5 6 7 8 9 10 11 13 14 15 16 18 20 21 22 23 24 25 26 27 28 29 30 31 33 35 36 37 40  
5 6 13 19 22 29 36 37 39  
2 1 2 3 4 6 7 8 9 10 11 12 13 14 15 16 17 18 19 20 21 22 23 24 25 27 28 29 30 31 32 33 34 35 36 37 38 39 40  
37 1 5 6 10 18 22 25 28 29 31 33  
92 20 29  
66 1 2 3 10 12 13 15 18 19 20 21 25 26 30 31 35 38  
7 2 3 5 7 8 9 12 13 14 15 16 19 20 21 23 25 27 28 29 30 31 32 33 35 37 40  
93 1 2 3 4 5 6 7 8 9 10 11 12 13 14 15 16 18 19 20 21 22 24 25 26 27 28 29 30 31 32 33 34 35 36 37 38 39 40  
43 1 2 3 4 9 10 14 15 17 18 20 21 25 26 30 35 37 39  
8 1 7 13 14 20 21 24 30 32 35  
29 2 3 4 7 8 11 15 22 23 25 28 29 30 34 37 38 39  
12 6 9 11 29 32  
19 1 2 3 4 5 6 8 9 10 11 13 14 15 16 17 18 19 20 21 22 23 24 25 26 27 29 30 31 33 34 35 36 37 38 39 40  
COST_INSTALL_SERVER_AND_PROGRAMS :
0 7.0 4.0 2.0 4.0 3.0 3.0 1.0 4.0 3.0 4.0 4.0 5.0 3.0 2.0 3.0 3.0 1.0 5.0 3.0 2.0 1.0 5.0 1.0 5.0 4.0 3.0 3.0 3.0 5.0 4.0 5.0 3.0 2.0 3.0 3.0 5.0 4.0 2.0 5.0 5.0 5.0  
50 8.0 2.0 3.0 1.0 4.0 5.0 1.0 5.0 5.0 3.0 1.0 5.0 1.0 3.0 5.0 5.0 2.0 2.0 3.0 2.0 1.0 1.0 3.0 1.0 3.0 3.0 3.0 3.0 2.0 5.0 5.0 2.0 1.0 4.0 4.0 2.0 3.0 2.0 3.0 2.0 1.0  
9 13.0 3.0 5.0 3.0 1.0 3.0 2.0 1.0 1.0 5.0 3.0 1.0 3.0 5.0 5.0 4.0 4.0 5.0 1.0 2.0 3.0 2.0 1.0 5.0 2.0 1.0 2.0 4.0 3.0 2.0 2.0 4.0 4.0 3.0 3.0 4.0 1.0 5.0 3.0 2.0 1.0  
6 13.0 3.0 5.0 1.0 2.0 4.0 1.0 5.0 3.0 1.0 4.0 2.0 2.0 3.0 3.0 4.0 1.0 3.0 1.0 1.0 4.0 2.0 1.0 1.0 4.0 1.0 4.0 2.0 2.0 3.0 2.0 2.0 5.0 2.0 1.0 1.0 3.0 2.0 2.0 1.0 3.0  
47 9.0 2.0 1.0 4.0 4.0 1.0 4.0 2.0 1.0 2.0 2.0 5.0 3.0 2.0 4.0 3.0 3.0 1.0 2.0 4.0 4.0 4.0 4.0 4.0 2.0 2.0 1.0 5.0 2.0 1.0 3.0 5.0 3.0 1.0 3.0 1.0 1.0 4.0 4.0 2.0 2.0  
84 11.0 1.0 2.0 3.0 2.0 4.0 3.0 3.0 5.0 2.0 5.0 5.0 2.0 1.0 4.0 3.0 1.0 3.0 3.0 2.0 2.0 2.0 1.0 1.0 4.0 1.0 5.0 5.0 1.0 2.0 4.0 3.0 4.0 4.0 4.0 2.0 2.0 3.0 4.0 3.0 5.0  
14 11.0 1.0 3.0 5.0 4.0 4.0 3.0 3.0 4.0 2.0 5.0 5.0 4.0 2.0 1.0 2.0 5.0 4.0 2.0 4.0 1.0 2.0 5.0 3.0 5.0 3.0 2.0 5.0 4.0 5.0 3.0 4.0 4.0 1.0 2.0 1.0 5.0 5.0 3.0 4.0 4.0  
96 11.0 2.0 4.0 4.0 3.0 5.0 1.0 4.0 2.0 5.0 5.0 5.0 2.0 3.0 4.0 4.0 4.0 1.0 3.0 4.0 1.0 5.0 3.0 1.0 3.0 5.0 3.0 1.0 5.0 2.0 4.0 5.0 2.0 2.0 2.0 1.0 1.0 1.0 2.0 5.0 5.0  
35 15.0 5.0 4.0 5.0 4.0 5.0 1.0 3.0 4.0 3.0 4.0 5.0 5.0 3.0 1.0 2.0 5.0 1.0 5.0 1.0 3.0 5.0 2.0 4.0 2.0 3.0 4.0 4.0 4.0 2.0 3.0 4.0 5.0 3.0 4.0 3.0 3.0 5.0 3.0 2.0 5.0  
62 13.0 3.0 4.0 2.0 2.0 5.0 3.0 3.0 3.0 4.0 4.0 5.0 5.0 4.0 5.0 1.0 4.0 2.0 3.0 1.0 4.0 3.0 5.0 4.0 5.0 2.0 4.0 5.0 1.0 5.0 5.0 2.0 3.0 3.0 3.0 2.0 2.0 1.0 3.0 1.0 4.0  
83 9.0 1.0 4.0 1.0 3.0 1.0 5.0 5.0 1.0 4.0 4.0 2.0 3.0 4.0 2.0 5.0 3.0 5.0 3.0 2.0 4.0 5.0 5.0 4.0 4.0 3.0 3.0 4.0 1.0 3.0 2.0 3.0 2.0 1.0 4.0 2.0 1.0 3.0 4.0 3.0 3.0  
70 10.0 2.0 2.0 3.0 1.0 4.0 5.0 4.0 4.0 4.0 2.0 5.0 3.0 2.0 1.0 2.0 3.0 3.0 1.0 5.0 3.0 5.0 2.0 5.0 5.0 5.0 4.0 1.0 4.0 3.0 3.0 2.0 5.0 1.0 1.0 4.0 4.0 1.0 4.0 1.0 1.0  
39 10.0 3.0 5.0 2.0 4.0 3.0 1.0 3.0 3.0 5.0 2.0 5.0 5.0 5.0 5.0 5.0 4.0 5.0 4.0 3.0 1.0 1.0 3.0 2.0 4.0 2.0 4.0 4.0 5.0 4.0 4.0 5.0 1.0 4.0 1.0 3.0 4.0 5.0 5.0 5.0 2.0  
99 12.0 4.0 2.0 1.0 5.0 2.0 1.0 3.0 1.0 1.0 1.0 1.0 3.0 3.0 5.0 5.0 5.0 2.0 1.0 2.0 3.0 4.0 2.0 2.0 2.0 5.0 3.0 1.0 3.0 1.0 5.0 1.0 2.0 5.0 2.0 3.0 3.0 2.0 5.0 2.0 1.0  
13 9.0 5.0 4.0 1.0 2.0 3.0 1.0 5.0 2.0 3.0 4.0 2.0 4.0 1.0 5.0 5.0 3.0 3.0 4.0 3.0 4.0 3.0 4.0 1.0 2.0 1.0 2.0 1.0 4.0 5.0 2.0 2.0 3.0 4.0 1.0 5.0 5.0 3.0 5.0 1.0 4.0  
57 11.0 2.0 4.0 3.0 2.0 3.0 1.0 1.0 2.0 2.0 2.0 4.0 5.0 3.0 2.0 1.0 4.0 1.0 4.0 3.0 5.0 1.0 3.0 1.0 3.0 1.0 2.0 3.0 1.0 1.0 4.0 2.0 3.0 4.0 2.0 1.0 3.0 3.0 2.0 1.0 2.0  
54 11.0 5.0 5.0 1.0 2.0 1.0 4.0 1.0 1.0 5.0 2.0 5.0 5.0 4.0 2.0 5.0 4.0 2.0 1.0 4.0 2.0 2.0 2.0 3.0 4.0 3.0 3.0 5.0 1.0 1.0 1.0 1.0 4.0 1.0 4.0 3.0 5.0 5.0 3.0 3.0 1.0  
48 15.0 2.0 5.0 4.0 3.0 2.0 1.0 3.0 3.0 2.0 1.0 2.0 2.0 5.0 2.0 3.0 5.0 2.0 4.0 2.0 2.0 4.0 4.0 5.0 4.0 1.0 1.0 2.0 4.0 3.0 2.0 5.0 4.0 4.0 4.0 4.0 5.0 1.0 1.0 2.0 2.0  
82 10.0 5.0 4.0 5.0 4.0 4.0 1.0 5.0 5.0 3.0 5.0 5.0 5.0 3.0 5.0 3.0 4.0 4.0 2.0 3.0 1.0 1.0 2.0 4.0 1.0 4.0 4.0 1.0 5.0 1.0 4.0 4.0 3.0 3.0 2.0 1.0 1.0 3.0 5.0 4.0 5.0  
21 11.0 3.0 3.0 5.0 3.0 5.0 1.0 4.0 1.0 2.0 3.0 4.0 4.0 4.0 1.0 1.0 3.0 3.0 3.0 5.0 3.0 3.0 3.0 4.0 4.0 5.0 4.0 5.0 1.0 3.0 4.0 1.0 1.0 3.0 3.0 3.0 5.0 1.0 1.0 1.0 1.0  
26 12.0 4.0 3.0 2.0 2.0 5.0 4.0 2.0 3.0 3.0 5.0 2.0 5.0 2.0 2.0 4.0 4.0 4.0 3.0 1.0 5.0 1.0 4.0 1.0 3.0 5.0 5.0 5.0 5.0 2.0 3.0 1.0 2.0 5.0 1.0 5.0 3.0 2.0 3.0 2.0 5.0  
20 9.0 4.0 5.0 5.0 2.0 1.0 1.0 2.0 5.0 5.0 3.0 2.0 4.0 3.0 5.0 1.0 4.0 3.0 3.0 5.0 1.0 3.0 2.0 1.0 1.0 5.0 5.0 1.0 1.0 3.0 5.0 4.0 4.0 4.0 1.0 2.0 2.0 2.0 5.0 2.0 5.0  
32 9.0 2.0 4.0 5.0 3.0 1.0 3.0 2.0 3.0 5.0 1.0 4.0 1.0 4.0 1.0 4.0 3.0 5.0 4.0 3.0 1.0 5.0 4.0 3.0 1.0 5.0 4.0 5.0 5.0 1.0 2.0 2.0 2.0 3.0 4.0 2.0 2.0 3.0 5.0 3.0 5.0  
44 15.0 3.0 5.0 3.0 5.0 4.0 3.0 2.0 5.0 2.0 5.0 5.0 5.0 4.0 2.0 3.0 2.0 2.0 3.0 2.0 3.0 5.0 4.0 2.0 1.0 2.0 3.0 2.0 1.0 3.0 5.0 5.0 1.0 3.0 2.0 3.0 1.0 4.0 2.0 4.0 2.0  
76 8.0 2.0 3.0 4.0 3.0 2.0 2.0 1.0 1.0 2.0 3.0 4.0 1.0 1.0 4.0 4.0 4.0 5.0 2.0 2.0 2.0 3.0 3.0 3.0 4.0 2.0 4.0 3.0 1.0 1.0 3.0 3.0 1.0 4.0 3.0 1.0 2.0 3.0 2.0 4.0 2.0  
65 8.0 5.0 4.0 2.0 4.0 2.0 2.0 1.0 1.0 4.0 2.0 3.0 1.0 4.0 4.0 1.0 5.0 3.0 4.0 2.0 3.0 5.0 1.0 4.0 3.0 3.0 3.0 1.0 3.0 2.0 2.0 4.0 5.0 3.0 1.0 2.0 5.0 4.0 3.0 5.0 5.0  
31 8.0 3.0 4.0 4.0 2.0 2.0 4.0 5.0 2.0 2.0 5.0 4.0 3.0 2.0 4.0 2.0 1.0 1.0 3.0 1.0 3.0 2.0 2.0 1.0 2.0 4.0 1.0 2.0 1.0 1.0 3.0 2.0 5.0 1.0 2.0 2.0 4.0 5.0 4.0 4.0 4.0  
58 12.0 4.0 5.0 5.0 2.0 4.0 4.0 1.0 4.0 4.0 5.0 1.0 1.0 4.0 5.0 2.0 5.0 4.0 5.0 2.0 1.0 5.0 2.0 3.0 1.0 2.0 4.0 2.0 3.0 3.0 2.0 4.0 1.0 3.0 1.0 4.0 3.0 5.0 4.0 3.0 2.0  
45 14.0 3.0 4.0 4.0 3.0 5.0 4.0 5.0 4.0 4.0 2.0 3.0 2.0 1.0 4.0 1.0 1.0 3.0 2.0 4.0 3.0 1.0 3.0 3.0 1.0 3.0 1.0 3.0 1.0 1.0 1.0 5.0 3.0 4.0 1.0 3.0 2.0 4.0 4.0 5.0 3.0  
4 10.0 2.0 2.0 3.0 3.0 3.0 3.0 3.0 2.0 5.0 3.0 5.0 1.0 2.0 1.0 4.0 2.0 4.0 3.0 3.0 4.0 4.0 3.0 3.0 3.0 5.0 4.0 4.0 4.0 4.0 5.0 3.0 2.0 3.0 4.0 2.0 5.0 4.0 4.0 4.0 1.0  
60 8.0 1.0 5.0 4.0 4.0 1.0 5.0 4.0 3.0 2.0 1.0 2.0 4.0 5.0 1.0 4.0 1.0 5.0 5.0 4.0 1.0 2.0 5.0 4.0 3.0 4.0 3.0 3.0 5.0 3.0 3.0 1.0 3.0 3.0 1.0 1.0 4.0 4.0 1.0 1.0 4.0  
15 8.0 2.0 2.0 4.0 2.0 3.0 4.0 4.0 4.0 2.0 5.0 3.0 2.0 5.0 2.0 4.0 3.0 5.0 1.0 4.0 1.0 5.0 5.0 2.0 3.0 3.0 5.0 5.0 1.0 4.0 2.0 4.0 2.0 3.0 4.0 1.0 5.0 1.0 5.0 2.0 5.0  
85 12.0 3.0 2.0 1.0 3.0 5.0 1.0 3.0 1.0 5.0 1.0 1.0 1.0 3.0 4.0 1.0 3.0 3.0 3.0 3.0 5.0 5.0 2.0 3.0 4.0 2.0 1.0 2.0 1.0 2.0 3.0 4.0 5.0 4.0 3.0 5.0 2.0 3.0 5.0 2.0 2.0  
72 15.0 3.0 1.0 4.0 2.0 3.0 3.0 4.0 3.0 5.0 3.0 4.0 3.0 3.0 3.0 2.0 3.0 1.0 1.0 1.0 4.0 1.0 3.0 3.0 1.0 2.0 4.0 4.0 4.0 1.0 3.0 3.0 5.0 4.0 3.0 5.0 2.0 2.0 2.0 1.0 3.0  
68 14.0 3.0 2.0 3.0 2.0 5.0 3.0 3.0 5.0 3.0 1.0 5.0 4.0 4.0 3.0 4.0 3.0 1.0 4.0 2.0 3.0 3.0 1.0 1.0 2.0 3.0 5.0 1.0 3.0 5.0 2.0 2.0 1.0 2.0 1.0 2.0 1.0 5.0 3.0 4.0 5.0  
71 7.0 3.0 4.0 3.0 1.0 5.0 1.0 2.0 2.0 5.0 5.0 3.0 4.0 4.0 3.0 5.0 4.0 2.0 2.0 5.0 4.0 5.0 4.0 1.0 5.0 1.0 2.0 2.0 5.0 2.0 3.0 3.0 2.0 5.0 2.0 3.0 4.0 3.0 3.0 1.0 1.0  
42 13.0 2.0 5.0 5.0 3.0 2.0 3.0 1.0 3.0 4.0 5.0 1.0 4.0 3.0 4.0 2.0 3.0 1.0 1.0 1.0 5.0 3.0 2.0 5.0 4.0 2.0 4.0 5.0 3.0 5.0 4.0 5.0 1.0 1.0 2.0 3.0 5.0 1.0 1.0 3.0 2.0  
27 7.0 1.0 3.0 5.0 2.0 5.0 1.0 4.0 4.0 3.0 4.0 1.0 4.0 3.0 4.0 4.0 4.0 1.0 2.0 2.0 1.0 5.0 4.0 3.0 2.0 5.0 2.0 2.0 1.0 3.0 1.0 5.0 1.0 4.0 3.0 1.0 5.0 1.0 3.0 2.0 2.0  
88 8.0 5.0 2.0 3.0 4.0 5.0 1.0 5.0 5.0 4.0 4.0 5.0 2.0 3.0 3.0 2.0 5.0 5.0 2.0 3.0 1.0 1.0 5.0 2.0 5.0 3.0 4.0 1.0 3.0 5.0 1.0 5.0 1.0 2.0 3.0 3.0 3.0 1.0 3.0 1.0 3.0  
46 13.0 3.0 3.0 2.0 5.0 3.0 5.0 4.0 4.0 2.0 3.0 1.0 3.0 1.0 3.0 2.0 1.0 2.0 1.0 5.0 1.0 1.0 5.0 4.0 1.0 5.0 3.0 4.0 5.0 1.0 5.0 1.0 2.0 1.0 3.0 3.0 3.0 3.0 3.0 5.0 5.0  
10 9.0 4.0 2.0 5.0 2.0 4.0 2.0 3.0 3.0 4.0 5.0 2.0 1.0 3.0 2.0 2.0 4.0 5.0 3.0 3.0 3.0 2.0 4.0 2.0 2.0 4.0 4.0 1.0 4.0 5.0 4.0 2.0 1.0 3.0 5.0 1.0 2.0 5.0 4.0 3.0 3.0  
55 11.0 2.0 3.0 3.0 3.0 5.0 1.0 1.0 2.0 4.0 4.0 3.0 2.0 1.0 1.0 1.0 2.0 3.0 4.0 1.0 1.0 5.0 5.0 3.0 5.0 1.0 1.0 3.0 3.0 4.0 3.0 4.0 1.0 4.0 5.0 5.0 3.0 1.0 5.0 2.0 3.0  
67 10.0 1.0 4.0 2.0 2.0 1.0 1.0 3.0 1.0 5.0 1.0 3.0 2.0 5.0 1.0 5.0 5.0 3.0 2.0 3.0 4.0 4.0 5.0 4.0 2.0 2.0 4.0 4.0 1.0 1.0 5.0 1.0 3.0 1.0 5.0 4.0 3.0 5.0 1.0 4.0 2.0  
28 8.0 3.0 2.0 2.0 1.0 4.0 5.0 2.0 5.0 3.0 4.0 4.0 5.0 1.0 4.0 4.0 4.0 4.0 1.0 1.0 2.0 3.0 1.0 4.0 5.0 1.0 3.0 2.0 3.0 2.0 4.0 2.0 1.0 5.0 1.0 4.0 4.0 3.0 2.0 2.0 5.0  
87 15.0 1.0 1.0 2.0 5.0 4.0 4.0 3.0 4.0 4.0 3.0 1.0 1.0 4.0 1.0 5.0 5.0 5.0 3.0 4.0 4.0 3.0 4.0 3.0 5.0 3.0 3.0 4.0 1.0 5.0 3.0 5.0 1.0 2.0 5.0 4.0 5.0 5.0 3.0 3.0 5.0  
74 7.0 5.0 5.0 2.0 5.0 2.0 4.0 2.0 4.0 1.0 2.0 1.0 4.0 3.0 1.0 1.0 3.0 4.0 1.0 3.0 3.0 5.0 1.0 5.0 4.0 5.0 1.0 2.0 1.0 3.0 1.0 1.0 5.0 1.0 5.0 3.0 5.0 5.0 2.0 2.0 3.0  
63 15.0 3.0 4.0 2.0 4.0 5.0 5.0 1.0 2.0 4.0 5.0 1.0 2.0 1.0 2.0 5.0 3.0 3.0 5.0 1.0 5.0 4.0 3.0 3.0 4.0 3.0 1.0 4.0 3.0 3.0 3.0 1.0 2.0 4.0 5.0 3.0 5.0 1.0 1.0 2.0 1.0  
51 6.0 3.0 5.0 2.0 3.0 1.0 1.0 1.0 5.0 5.0 1.0 1.0 2.0 4.0 1.0 3.0 3.0 1.0 4.0 2.0 5.0 2.0 3.0 5.0 3.0 4.0 2.0 1.0 2.0 1.0 1.0 4.0 1.0 1.0 4.0 5.0 2.0 1.0 2.0 4.0 4.0  
98 13.0 4.0 4.0 2.0 3.0 1.0 2.0 5.0 4.0 1.0 3.0 5.0 1.0 1.0 1.0 1.0 3.0 4.0 1.0 5.0 3.0 1.0 4.0 2.0 5.0 2.0 1.0 4.0 5.0 3.0 4.0 5.0 4.0 5.0 2.0 3.0 2.0 4.0 2.0 1.0 1.0  
24 6.0 5.0 1.0 1.0 4.0 4.0 3.0 2.0 5.0 3.0 1.0 1.0 2.0 4.0 3.0 4.0 4.0 2.0 3.0 5.0 5.0 4.0 5.0 4.0 4.0 1.0 5.0 1.0 2.0 2.0 3.0 3.0 2.0 1.0 5.0 2.0 4.0 4.0 4.0 5.0 4.0  
40 12.0 4.0 3.0 5.0 2.0 3.0 2.0 4.0 1.0 3.0 3.0 3.0 5.0 3.0 1.0 3.0 1.0 5.0 1.0 3.0 1.0 4.0 5.0 5.0 4.0 5.0 3.0 5.0 3.0 2.0 1.0 3.0 2.0 5.0 3.0 5.0 4.0 4.0 3.0 1.0 1.0  
53 6.0 4.0 2.0 5.0 2.0 3.0 5.0 1.0 3.0 3.0 1.0 1.0 5.0 2.0 3.0 3.0 4.0 4.0 2.0 5.0 4.0 5.0 5.0 5.0 3.0 1.0 5.0 1.0 5.0 3.0 5.0 2.0 1.0 2.0 1.0 3.0 4.0 1.0 2.0 3.0 4.0  
81 7.0 1.0 4.0 5.0 4.0 5.0 2.0 4.0 5.0 2.0 1.0 3.0 5.0 3.0 2.0 1.0 1.0 3.0 4.0 2.0 4.0 5.0 5.0 3.0 3.0 5.0 2.0 1.0 2.0 2.0 2.0 5.0 5.0 1.0 4.0 2.0 2.0 2.0 3.0 2.0 4.0  
1 8.0 5.0 4.0 5.0 3.0 4.0 1.0 1.0 1.0 2.0 5.0 2.0 5.0 5.0 4.0 3.0 5.0 5.0 4.0 3.0 3.0 1.0 5.0 1.0 4.0 2.0 2.0 3.0 5.0 2.0 1.0 3.0 4.0 3.0 2.0 5.0 3.0 4.0 4.0 4.0 2.0  
16 14.0 4.0 4.0 5.0 3.0 5.0 1.0 2.0 5.0 1.0 3.0 3.0 1.0 4.0 1.0 3.0 3.0 1.0 2.0 1.0 1.0 1.0 1.0 4.0 1.0 1.0 5.0 1.0 4.0 3.0 4.0 2.0 4.0 1.0 5.0 4.0 5.0 1.0 2.0 5.0 4.0  
52 15.0 1.0 2.0 5.0 1.0 2.0 2.0 5.0 3.0 1.0 1.0 3.0 5.0 2.0 1.0 2.0 1.0 4.0 2.0 3.0 4.0 1.0 2.0 2.0 3.0 5.0 2.0 1.0 4.0 2.0 3.0 5.0 4.0 2.0 2.0 1.0 2.0 1.0 4.0 5.0 2.0  
3 14.0 5.0 4.0 5.0 4.0 4.0 4.0 2.0 4.0 3.0 5.0 4.0 3.0 2.0 2.0 2.0 4.0 5.0 2.0 5.0 4.0 3.0 5.0 4.0 1.0 2.0 2.0 5.0 1.0 2.0 5.0 5.0 1.0 2.0 3.0 4.0 5.0 4.0 4.0 5.0 4.0  
90 6.0 5.0 2.0 5.0 5.0 1.0 5.0 4.0 4.0 1.0 4.0 4.0 3.0 3.0 5.0 4.0 3.0 4.0 5.0 1.0 3.0 1.0 1.0 2.0 3.0 4.0 1.0 1.0 3.0 1.0 3.0 2.0 3.0 2.0 4.0 2.0 5.0 2.0 3.0 2.0 5.0  
80 14.0 3.0 3.0 5.0 4.0 4.0 4.0 2.0 5.0 2.0 4.0 4.0 1.0 1.0 1.0 1.0 5.0 2.0 3.0 2.0 3.0 2.0 5.0 2.0 2.0 5.0 1.0 4.0 1.0 3.0 3.0 4.0 3.0 1.0 3.0 2.0 3.0 5.0 5.0 1.0 4.0  
75 14.0 5.0 4.0 5.0 4.0 2.0 3.0 4.0 1.0 2.0 5.0 2.0 3.0 3.0 3.0 5.0 1.0 3.0 4.0 2.0 3.0 2.0 4.0 3.0 3.0 1.0 3.0 1.0 1.0 2.0 4.0 4.0 1.0 2.0 1.0 4.0 3.0 1.0 4.0 3.0 3.0  
86 15.0 4.0 3.0 1.0 4.0 5.0 5.0 4.0 4.0 3.0 5.0 2.0 5.0 3.0 4.0 2.0 2.0 1.0 5.0 5.0 1.0 2.0 2.0 4.0 3.0 4.0 2.0 2.0 1.0 1.0 5.0 1.0 3.0 5.0 1.0 5.0 3.0 3.0 4.0 1.0 5.0  
11 15.0 5.0 4.0 5.0 2.0 1.0 2.0 3.0 1.0 1.0 1.0 1.0 2.0 1.0 4.0 5.0 2.0 1.0 2.0 5.0 4.0 2.0 2.0 1.0 4.0 4.0 5.0 1.0 5.0 1.0 1.0 2.0 5.0 5.0 2.0 5.0 3.0 1.0 5.0 1.0 1.0  
78 14.0 1.0 4.0 5.0 5.0 1.0 1.0 2.0 3.0 4.0 4.0 4.0 5.0 4.0 2.0 3.0 3.0 2.0 4.0 1.0 5.0 5.0 4.0 2.0 5.0 4.0 2.0 3.0 4.0 5.0 1.0 4.0 1.0 4.0 3.0 3.0 2.0 1.0 5.0 4.0 1.0  
38 6.0 3.0 1.0 2.0 4.0 3.0 4.0 4.0 4.0 3.0 4.0 4.0 2.0 2.0 2.0 5.0 1.0 5.0 4.0 2.0 3.0 5.0 4.0 4.0 4.0 4.0 2.0 3.0 1.0 3.0 2.0 2.0 2.0 5.0 1.0 2.0 4.0 5.0 5.0 1.0 1.0  
77 10.0 1.0 5.0 1.0 4.0 3.0 1.0 1.0 5.0 4.0 3.0 3.0 4.0 5.0 4.0 4.0 3.0 2.0 1.0 4.0 2.0 4.0 4.0 2.0 4.0 3.0 4.0 3.0 2.0 2.0 4.0 3.0 2.0 2.0 2.0 5.0 1.0 5.0 4.0 5.0 1.0  
79 6.0 4.0 5.0 3.0 5.0 4.0 4.0 2.0 2.0 4.0 1.0 4.0 4.0 5.0 3.0 2.0 3.0 2.0 5.0 2.0 1.0 5.0 3.0 3.0 1.0 4.0 1.0 1.0 3.0 1.0 2.0 4.0 5.0 1.0 3.0 5.0 5.0 5.0 5.0 2.0 3.0  
69 10.0 2.0 2.0 1.0 3.0 4.0 5.0 2.0 4.0 2.0 2.0 2.0 3.0 2.0 1.0 3.0 1.0 4.0 4.0 1.0 3.0 3.0 5.0 2.0 1.0 3.0 4.0 5.0 4.0 4.0 1.0 2.0 5.0 1.0 2.0 5.0 1.0 4.0 4.0 3.0 1.0  
94 9.0 2.0 1.0 5.0 3.0 2.0 3.0 5.0 1.0 1.0 4.0 3.0 5.0 5.0 5.0 3.0 1.0 2.0 5.0 3.0 5.0 3.0 4.0 5.0 2.0 4.0 4.0 1.0 4.0 1.0 2.0 3.0 3.0 4.0 1.0 5.0 3.0 2.0 4.0 4.0 2.0  
73 8.0 1.0 2.0 1.0 4.0 5.0 3.0 2.0 3.0 3.0 1.0 2.0 2.0 5.0 3.0 2.0 3.0 3.0 4.0 3.0 4.0 4.0 2.0 3.0 4.0 1.0 4.0 1.0 1.0 3.0 4.0 2.0 4.0 2.0 5.0 5.0 4.0 1.0 2.0 4.0 3.0  
25 14.0 2.0 5.0 4.0 5.0 5.0 1.0 4.0 5.0 3.0 4.0 3.0 5.0 4.0 1.0 3.0 5.0 1.0 1.0 4.0 4.0 4.0 1.0 3.0 1.0 3.0 4.0 1.0 2.0 4.0 2.0 5.0 3.0 1.0 4.0 3.0 2.0 1.0 5.0 1.0 2.0  
17 12.0 3.0 2.0 1.0 4.0 1.0 2.0 2.0 5.0 2.0 3.0 5.0 5.0 1.0 1.0 1.0 2.0 4.0 4.0 1.0 2.0 4.0 1.0 2.0 2.0 2.0 1.0 1.0 2.0 4.0 2.0 1.0 5.0 3.0 4.0 1.0 4.0 3.0 2.0 3.0 2.0  
49 9.0 4.0 5.0 2.0 3.0 2.0 3.0 2.0 2.0 4.0 4.0 3.0 4.0 5.0 1.0 3.0 1.0 5.0 1.0 2.0 5.0 2.0 2.0 5.0 4.0 1.0 1.0 4.0 3.0 5.0 3.0 3.0 1.0 4.0 2.0 5.0 3.0 4.0 3.0 3.0 1.0  
33 15.0 2.0 2.0 3.0 2.0 5.0 3.0 3.0 4.0 1.0 1.0 4.0 2.0 5.0 5.0 2.0 3.0 4.0 2.0 1.0 5.0 4.0 2.0 5.0 4.0 5.0 3.0 4.0 2.0 5.0 4.0 4.0 2.0 1.0 1.0 5.0 1.0 3.0 2.0 2.0 2.0  
22 6.0 5.0 5.0 5.0 1.0 5.0 3.0 3.0 3.0 1.0 3.0 5.0 1.0 5.0 3.0 2.0 5.0 1.0 3.0 2.0 4.0 1.0 4.0 2.0 2.0 5.0 2.0 2.0 1.0 3.0 2.0 2.0 4.0 4.0 2.0 1.0 5.0 5.0 4.0 4.0 5.0  
34 7.0 5.0 2.0 3.0 3.0 2.0 1.0 3.0 2.0 2.0 2.0 3.0 3.0 1.0 1.0 5.0 4.0 5.0 2.0 2.0 1.0 3.0 3.0 2.0 4.0 5.0 2.0 3.0 4.0 2.0 3.0 4.0 4.0 2.0 1.0 4.0 4.0 4.0 3.0 3.0 2.0  
97 6.0 2.0 2.0 2.0 3.0 5.0 3.0 3.0 1.0 3.0 5.0 5.0 5.0 2.0 3.0 2.0 4.0 3.0 2.0 1.0 3.0 3.0 5.0 4.0 1.0 4.0 1.0 5.0 2.0 5.0 4.0 2.0 1.0 1.0 3.0 4.0 3.0 1.0 3.0 5.0 1.0  
36 7.0 4.0 5.0 4.0 2.0 1.0 1.0 1.0 3.0 5.0 5.0 1.0 4.0 4.0 1.0 5.0 3.0 4.0 3.0 3.0 4.0 1.0 1.0 1.0 5.0 3.0 2.0 3.0 4.0 4.0 5.0 5.0 5.0 3.0 1.0 3.0 4.0 5.0 3.0 4.0 4.0  
89 14.0 2.0 3.0 1.0 3.0 4.0 4.0 4.0 3.0 3.0 1.0 4.0 3.0 1.0 1.0 3.0 1.0 2.0 4.0 1.0 4.0 2.0 3.0 5.0 4.0 4.0 3.0 2.0 5.0 4.0 1.0 5.0 4.0 3.0 2.0 3.0 5.0 4.0 1.0 3.0 5.0  
64 9.0 1.0 1.0 2.0 5.0 5.0 4.0 2.0 2.0 2.0 5.0 3.0 1.0 3.0 5.0 4.0 4.0 2.0 1.0 2.0 3.0 2.0 2.0 3.0 1.0 2.0 4.0 2.0 4.0 4.0 2.0 4.0 3.0 2.0 4.0 1.0 3.0 1.0 5.0 1.0 5.0  
59 8.0 1.0 3.0 4.0 4.0 2.0 4.0 1.0 4.0 5.0 3.0 3.0 4.0 2.0 1.0 1.0 4.0 1.0 2.0 4.0 3.0 1.0 4.0 2.0 2.0 1.0 2.0 2.0 5.0 1.0 5.0 5.0 4.0 3.0 1.0 4.0 5.0 4.0 4.0 5.0 3.0  
41 14.0 4.0 4.0 1.0 4.0 4.0 4.0 1.0 5.0 1.0 2.0 5.0 5.0 4.0 4.0 2.0 1.0 2.0 2.0 3.0 1.0 2.0 3.0 3.0 3.0 5.0 2.0 2.0 2.0 1.0 1.0 5.0 4.0 5.0 4.0 4.0 5.0 5.0 4.0 4.0 2.0  
56 12.0 1.0 5.0 1.0 1.0 4.0 4.0 5.0 1.0 5.0 1.0 4.0 1.0 1.0 5.0 4.0 2.0 1.0 2.0 1.0 2.0 2.0 1.0 1.0 5.0 4.0 4.0 5.0 4.0 2.0 2.0 1.0 5.0 5.0 4.0 1.0 5.0 3.0 3.0 5.0 4.0  
61 13.0 4.0 5.0 3.0 5.0 5.0 5.0 2.0 2.0 5.0 4.0 2.0 2.0 1.0 3.0 4.0 2.0 2.0 1.0 2.0 3.0 3.0 5.0 4.0 4.0 1.0 3.0 2.0 3.0 5.0 4.0 4.0 4.0 3.0 3.0 5.0 5.0 1.0 4.0 5.0 4.0  
23 10.0 5.0 1.0 5.0 3.0 2.0 1.0 3.0 4.0 4.0 5.0 2.0 1.0 3.0 1.0 4.0 3.0 2.0 1.0 3.0 1.0 3.0 2.0 4.0 2.0 4.0 2.0 5.0 1.0 1.0 3.0 4.0 4.0 5.0 3.0 1.0 2.0 5.0 5.0 1.0 2.0  
91 15.0 1.0 4.0 3.0 2.0 4.0 5.0 4.0 1.0 3.0 1.0 3.0 4.0 3.0 2.0 2.0 2.0 5.0 3.0 5.0 3.0 2.0 3.0 3.0 2.0 3.0 2.0 5.0 1.0 3.0 3.0 4.0 3.0 5.0 2.0 4.0 3.0 3.0 2.0 2.0 2.0  
18 7.0 4.0 2.0 4.0 1.0 4.0 2.0 1.0 4.0 5.0 3.0 2.0 4.0 4.0 3.0 1.0 1.0 1.0 4.0 5.0 2.0 4.0 3.0 4.0 4.0 3.0 1.0 5.0 5.0 1.0 1.0 4.0 1.0 5.0 5.0 4.0 3.0 4.0 4.0 3.0 2.0  
30 9.0 1.0 1.0 1.0 3.0 3.0 3.0 4.0 3.0 5.0 1.0 1.0 3.0 4.0 5.0 1.0 2.0 2.0 2.0 2.0 5.0 2.0 5.0 1.0 4.0 4.0 3.0 4.0 2.0 4.0 2.0 2.0 3.0 1.0 2.0 1.0 3.0 5.0 3.0 2.0 5.0  
95 12.0 1.0 2.0 1.0 3.0 2.0 1.0 1.0 4.0 1.0 1.0 1.0 3.0 3.0 2.0 1.0 2.0 5.0 4.0 3.0 2.0 3.0 5.0 2.0 2.0 4.0 4.0 2.0 2.0 3.0 3.0 5.0 4.0 2.0 4.0 3.0 5.0 1.0 5.0 2.0 4.0  
5 8.0 4.0 2.0 3.0 4.0 2.0 3.0 1.0 3.0 4.0 1.0 2.0 2.0 3.0 3.0 1.0 3.0 3.0 3.0 4.0 1.0 2.0 2.0 2.0 3.0 2.0 4.0 1.0 3.0 2.0 4.0 2.0 1.0 4.0 4.0 5.0 3.0 3.0 3.0 1.0 3.0  
2 13.0 2.0 2.0 5.0 5.0 4.0 4.0 2.0 3.0 5.0 3.0 5.0 5.0 1.0 4.0 2.0 3.0 3.0 3.0 1.0 5.0 5.0 3.0 3.0 2.0 1.0 2.0 3.0 4.0 2.0 3.0 5.0 3.0 2.0 1.0 3.0 5.0 1.0 3.0 3.0 3.0  
37 6.0 4.0 1.0 3.0 1.0 4.0 1.0 5.0 5.0 3.0 1.0 1.0 1.0 1.0 3.0 5.0 5.0 3.0 1.0 4.0 2.0 4.0 1.0 5.0 1.0 1.0 1.0 5.0 2.0 3.0 1.0 1.0 4.0 5.0 1.0 2.0 3.0 3.0 3.0 5.0 2.0  
92 15.0 4.0 1.0 4.0 4.0 5.0 4.0 3.0 3.0 3.0 1.0 3.0 3.0 2.0 2.0 2.0 4.0 4.0 2.0 3.0 5.0 1.0 1.0 4.0 4.0 4.0 5.0 1.0 5.0 1.0 2.0 5.0 1.0 5.0 2.0 3.0 2.0 4.0 5.0 3.0 2.0  
66 15.0 2.0 5.0 3.0 4.0 3.0 4.0 4.0 3.0 3.0 2.0 5.0 5.0 2.0 1.0 3.0 4.0 1.0 4.0 5.0 4.0 5.0 5.0 2.0 1.0 5.0 4.0 3.0 2.0 3.0 2.0 4.0 4.0 4.0 1.0 2.0 5.0 5.0 2.0 4.0 1.0  
7 9.0 1.0 5.0 4.0 2.0 4.0 3.0 1.0 4.0 5.0 1.0 5.0 4.0 3.0 3.0 1.0 3.0 4.0 5.0 4.0 1.0 5.0 3.0 2.0 2.0 5.0 5.0 2.0 3.0 2.0 5.0 3.0 5.0 1.0 1.0 4.0 1.0 4.0 1.0 1.0 2.0  
93 11.0 1.0 3.0 3.0 3.0 5.0 2.0 5.0 3.0 3.0 3.0 3.0 5.0 3.0 3.0 2.0 1.0 2.0 2.0 4.0 5.0 4.0 5.0 5.0 1.0 2.0 5.0 1.0 3.0 5.0 2.0 2.0 5.0 4.0 4.0 4.0 4.0 4.0 2.0 1.0 3.0  
43 6.0 4.0 2.0 2.0 3.0 3.0 3.0 2.0 5.0 4.0 1.0 1.0 1.0 1.0 5.0 3.0 2.0 1.0 4.0 1.0 2.0 3.0 5.0 1.0 1.0 3.0 1.0 2.0 1.0 4.0 3.0 1.0 4.0 3.0 2.0 3.0 3.0 1.0 5.0 5.0 1.0  
8 6.0 4.0 5.0 3.0 4.0 5.0 1.0 5.0 2.0 2.0 5.0 5.0 4.0 3.0 1.0 5.0 2.0 5.0 2.0 4.0 2.0 4.0 3.0 1.0 3.0 5.0 3.0 4.0 1.0 4.0 2.0 2.0 1.0 1.0 5.0 2.0 1.0 5.0 3.0 3.0 5.0  
29 11.0 2.0 2.0 5.0 2.0 5.0 5.0 1.0 5.0 5.0 1.0 4.0 3.0 4.0 4.0 5.0 2.0 2.0 4.0 1.0 4.0 2.0 2.0 4.0 1.0 1.0 2.0 2.0 2.0 1.0 2.0 1.0 3.0 2.0 4.0 4.0 5.0 5.0 1.0 1.0 4.0  
12 11.0 5.0 3.0 4.0 2.0 1.0 3.0 3.0 3.0 3.0 3.0 4.0 3.0 3.0 5.0 3.0 2.0 5.0 3.0 1.0 4.0 4.0 1.0 1.0 3.0 4.0 3.0 2.0 4.0 4.0 2.0 3.0 1.0 5.0 5.0 1.0 2.0 4.0 1.0 3.0 5.0  
19 13.0 3.0 1.0 3.0 1.0 5.0 2.0 3.0 4.0 5.0 1.0 1.0 4.0 4.0 1.0 2.0 3.0 1.0 2.0 3.0 4.0 2.0 4.0 4.0 4.0 4.0 5.0 2.0 4.0 1.0 4.0 3.0 5.0 2.0 3.0 5.0 5.0 5.0 3.0 1.0 3.0  
