100 25
NETWORK_TREE :
1 0 9.0 
2 1 6.0 
77 0 1.0 
78 77 5.0 
79 78 2.0 
3 2 5.0 
16 2 6.0 
18 2 8.0 
19 18 5.0 
4 3 6.0 
83 78 1.0 
30 18 1.0 
65 1 7.0 
31 30 2.0 
20 19 5.0 
66 1 10.0 
87 77 4.0 
80 79 7.0 
89 0 7.0 
71 1 1.0 
17 16 5.0 
21 20 4.0 
28 20 4.0 
81 79 7.0 
33 18 1.0 
22 21 7.0 
34 33 8.0 
90 89 10.0 
43 18 9.0 
57 2 2.0 
72 71 6.0 
23 22 6.0 
60 2 4.0 
91 90 9.0 
95 89 7.0 
92 91 10.0 
35 33 4.0 
73 72 4.0 
44 43 5.0 
6 3 8.0 
61 60 3.0 
36 35 9.0 
11 3 1.0 
96 95 7.0 
45 44 2.0 
64 2 8.0 
93 91 4.0 
25 22 10.0 
29 28 7.0 
58 57 6.0 
82 79 9.0 
47 43 7.0 
48 47 9.0 
75 72 8.0 
49 48 7.0 
67 66 6.0 
7 6 3.0 
63 60 3.0 
88 87 5.0 
70 66 9.0 
12 11 7.0 
10 6 8.0 
84 78 3.0 
68 67 6.0 
85 78 5.0 
13 11 4.0 
94 91 5.0 
38 33 6.0 
32 30 6.0 
15 3 3.0 
5 4 7.0 
26 25 6.0 
50 48 3.0 
53 47 3.0 
39 33 2.0 
97 89 6.0 
51 50 3.0 
69 68 9.0 
56 43 4.0 
46 45 6.0 
37 35 2.0 
86 85 1.0 
8 7 1.0 
27 22 2.0 
41 33 2.0 
54 47 9.0 
98 0 5.0 
55 47 4.0 
99 0 8.0 
62 61 6.0 
9 7 6.0 
14 11 4.0 
76 1 8.0 
59 58 10.0 
74 73 4.0 
40 39 5.0 
24 23 3.0 
42 41 3.0 
52 48 9.0 
NODE_PROGRAM :
0 1 2 3 4 5 6 7 8 9 10 11 12 13 14 15 16 17 18 19 20 21 22 23 24 25  
85 1 2 4 6 9 11 12 15 18  
9 3 5 9 11 22  
82 1 2 3 4 5 6 9 10 11 12 13 14 15 16 18 21 22 24 25  
4 1 10 14 15 24  
70 2 21  
51 1 4 15 17 19 21 23  
60 1 2 3 4 7 8 11 12 13 14 15 17 18 19 20 21 22  
18 9 12 20  
59 4 17 19 20 22 23  
48 5 22  
31 1 2 3 4 5 6 7 8 9 10 11 12 13 14 15 16 17 18 19 20 21 23 24 25  
92 1 3 5 6 7 8 12 14 15 16 17 18 19 20 21 23 24 25  
75 2 3 4 5 6 7 9 12 13 14 16 20 21 23 24 25  
72  
77 1 2 3 5 7 8 10 11 12 16 17 19 20 23 25  
71 4 12 18 20 21 25  
49 2 5 7 8 11 12 13 14 15 16 17 18 19 20 23 24 25  
19 1 2 8 12 15 18  
20 21  
65 1 2 3 4 5 6 8 9 11 12 13 14 15 17 18 19 20 23 24  
94 1 2 8 15 16 17 22 23  
83 2 4 8 14 16 17 19  
95 1 2 3 5 6 7 8 9 10 11 12 13 14 15 17 18 25  
62 1 3 5 6 7 9 11 16 17 18 19 20 21 22 23 24 25  
80 1 2 4 5 6 7 8 9 10 12 14 15 16 17 18 20 21 22 23 24 25  
45 3 5 6 8 10 11 14 15 19 20 22 25  
34 3 5 6 7 8 9 10 12 14 15 17 19 20 22 23  
58 2 3 5 6 8 9 13 14 15 19 22 25  
46 1 3 4 5 6 8 11 12 13 14 15 16 18 19 21 22 23 24 25  
73 3 4 5 6 7 8 9 10 11 13 14 17 18 23 24  
86 2 3 8 9 11 12 14 18 22 24  
66 4 7 9 10  
68 4 6 10 12 15 18 24  
21 2 3 5 6 9 10 11 13 15 16 18 19 20 23  
98 4 6 7 8 10 11 14 15 16 17 21 23 25  
39 1 8 13 16 24  
54 1 3 4 5 7 8 9 10 11 12 13 14 15 17 18 19 20 21 22 23 24 25  
93 9  
81 2 14 16 20  
17 2 3 4 5 7 8 9 10 12 13 14 15 16 17 18 19 20 21 22 23 24 25  
2 3 4 7 8 9 10 11 12 15 16 19 21 23 24 25  
44 11 12 13 15 17 18 19 23  
56 1 2 3 4 7 8 9 10 11 13 14 15 16 18 19 20 21 22 23 24 25  
28 1 3 4 6 7 8 10 12 14 15 16 18 21 22 23 24 25  
97 1 2 3 4 5 8 10 11 12 13 14 15 16 17 18 19 22 24 25  
32 1 5 6 7 9 12 15 23  
67 3 4 5 7 8 10 11 13 15 17 18 21 22 23 24 25  
36 5 15  
79 1 2 3 4 5 6 7 8 9 10 11 12 13 14 15 16 17 18 19 20 22 23 24 25  
22 2 3 6 8 13 14 18 23 25  
27 4 6 7 8 9 13 14 23  
8 14 18  
16 1 2 4 5 7 8 9 10 11 13 14 15 16 19 20 21 24 25  
35 5 9 10 19  
10 5 9 12 14 15 17 18 19 20 21 22 24 25  
29 1 2 3 4 5 6 7 8 9 11 12 14 15 16 17 18 19 20 21 23 24 25  
24 4 5 7 8 10 13 15 16 17 21 23 24 25  
15 4 6 8 10 11 12 13 14 17 19 22  
26 1 2 3 6 8 9 12 14 16 17 18 19 20 22 25  
76 1 2 3 4 5 7 9 10 11 12 13 14 15 16 17 18 19 20 21 22 24 25  
1 2 8 9 10 12 15 16 17 18 20 21 23 25  
30 1 3 4 5 6 8 9 10 11 12 13 14 15 16 17 18 19 20 21 22 23 24 25  
47 2 14  
37 2 3 4 6 7 8 9 11 12 16 18 19 20 22 25  
61 5 10 17 25  
23 3 6 7 8 10 13 16  
7 1 2 3 4 5 6 7 8 9 10 11 12 13 14 15 16 17 18 19 20 21 23 24 25  
99 1 2 4 5 6 7 8 9 11 12 14 15 16 17 19 20 21 22 23 24 25  
25 2 4 10 13 14 17 19 21 22 24 25  
91  
78 2 8 14 19 20 22 24  
41 4 7 12 24  
13 2 3 4 5 6 7 8 9 11 13 14 15 16 17 18 19 20 21 22 25  
42 2 5 9 20 23  
12 1 2 6 7 9 10 12 13 14 15 18 20 21 22 23 24  
69 1 2 3 4 5 7 8 10 11 12 13 14 15 16 17 18 19 20 21 22 23 24 25  
74 1 2 3 4 6 7 10 11 12 13 15 17 18 19 20 21 22 23 24 25  
33 1 2 4 5 6 10 11 12 13 15 16 17 21 22 24  
88 4 6 11 13  
5 1 2 3 4 5 8 9 10 11 20 24  
84 1 2 3 4 5 7 8 9 10 12 14 15 16 17 18 19 20 21 22 25  
52 4 6 10 11 12 14 15 20 21  
87 1 2 7 13 15 21 22 23 25  
96 1 2 4 6 7 14 17 23  
50 2 3 4 6 8 10 11 12 13 15 16 17 19 21 22 24 25  
14 1 5 15 16 17 18 24  
89 1 4 5 7 8 10 11 13 14 15 16 17 18 19 20 21 22 23 24 25  
64 1 2 3 4 5 6 7 8 10 11 12 13 14 15 16 17 18 19 20 22 24 25  
53 1 2 4 6 8 10 11 12 13 15 16 18 19 20 21 22 23  
40 3 9 16 20 24  
43 2 6 11 18 19  
63 9 24  
57 1 2 5 7 9 11 13 15 16 17 20 25  
38 1 2 3 4 6 9 10 11 12 14 15 16 17 18 19 20 22 23 25  
6 1 2 3 4 5 6 7 8 9 11 13 14 15 16 17 18 21 22 23 24 25  
11 7 15 20 25  
3 1 2 3 5 6 7 8 9 10 11 13 14 16 17 18 19 20 23 24 25  
90 1 3 4 5 6 7 8 9 10 11 12 13 14 15 16 17 18 19 20 21 22 23 24 25  
55 5 7 9 10 11 12 13 14 16 17 18 21 22 24  
COST_INSTALL_SERVER_AND_PROGRAMS :
0 8.0 3.0 4.0 4.0 3.0 5.0 5.0 2.0 3.0 4.0 2.0 4.0 4.0 2.0 4.0 5.0 2.0 1.0 2.0 3.0 3.0 2.0 4.0 4.0 2.0 5.0  
85 14.0 1.0 1.0 5.0 3.0 3.0 3.0 3.0 4.0 3.0 3.0 5.0 1.0 4.0 1.0 2.0 1.0 5.0 4.0 5.0 1.0 5.0 4.0 5.0 2.0 2.0  
9 6.0 3.0 4.0 3.0 3.0 4.0 4.0 4.0 1.0 5.0 3.0 5.0 4.0 2.0 1.0 5.0 3.0 4.0 4.0 5.0 4.0 1.0 1.0 5.0 3.0 4.0  
82 6.0 1.0 2.0 2.0 5.0 5.0 5.0 1.0 2.0 3.0 5.0 1.0 4.0 2.0 3.0 1.0 5.0 3.0 1.0 5.0 4.0 4.0 4.0 2.0 3.0 5.0  
4 9.0 2.0 2.0 3.0 2.0 5.0 2.0 5.0 2.0 1.0 1.0 3.0 3.0 2.0 3.0 3.0 5.0 3.0 3.0 2.0 1.0 2.0 5.0 4.0 3.0 3.0  
70 13.0 2.0 5.0 4.0 2.0 5.0 2.0 2.0 1.0 1.0 4.0 4.0 1.0 5.0 5.0 2.0 3.0 5.0 5.0 5.0 3.0 2.0 5.0 3.0 1.0 4.0  
51 13.0 3.0 5.0 3.0 4.0 5.0 3.0 5.0 2.0 1.0 5.0 3.0 2.0 2.0 2.0 2.0 5.0 3.0 1.0 1.0 1.0 5.0 5.0 5.0 3.0 3.0  
60 15.0 5.0 2.0 4.0 5.0 1.0 3.0 1.0 5.0 5.0 2.0 5.0 4.0 3.0 2.0 5.0 5.0 4.0 2.0 2.0 3.0 2.0 4.0 1.0 4.0 2.0  
18 8.0 1.0 3.0 3.0 5.0 4.0 3.0 2.0 4.0 1.0 4.0 2.0 2.0 3.0 3.0 4.0 5.0 1.0 3.0 1.0 3.0 1.0 2.0 4.0 5.0 5.0  
59 7.0 4.0 2.0 5.0 3.0 5.0 2.0 1.0 1.0 5.0 3.0 1.0 5.0 4.0 5.0 2.0 4.0 4.0 3.0 2.0 3.0 3.0 2.0 3.0 2.0 2.0  
48 11.0 2.0 5.0 5.0 5.0 2.0 5.0 3.0 3.0 5.0 5.0 5.0 5.0 4.0 3.0 1.0 5.0 2.0 4.0 1.0 3.0 2.0 3.0 5.0 2.0 2.0  
31 12.0 4.0 5.0 3.0 3.0 3.0 2.0 4.0 2.0 1.0 1.0 5.0 2.0 1.0 2.0 4.0 5.0 1.0 4.0 5.0 1.0 4.0 4.0 2.0 4.0 5.0  
92 8.0 3.0 1.0 3.0 2.0 2.0 3.0 1.0 1.0 1.0 2.0 1.0 1.0 2.0 1.0 4.0 2.0 2.0 4.0 3.0 5.0 2.0 2.0 2.0 5.0 4.0  
75 11.0 5.0 5.0 4.0 3.0 1.0 5.0 1.0 2.0 1.0 4.0 2.0 2.0 2.0 4.0 5.0 5.0 2.0 2.0 2.0 4.0 5.0 2.0 5.0 4.0 3.0  
72 8.0 3.0 5.0 3.0 2.0 5.0 4.0 5.0 2.0 3.0 3.0 5.0 4.0 2.0 2.0 2.0 1.0 1.0 3.0 2.0 2.0 2.0 3.0 1.0 1.0 4.0  
77 7.0 1.0 1.0 2.0 5.0 2.0 3.0 2.0 4.0 3.0 5.0 4.0 3.0 4.0 2.0 5.0 2.0 1.0 1.0 2.0 1.0 5.0 1.0 2.0 5.0 4.0  
71 7.0 4.0 2.0 3.0 1.0 1.0 3.0 5.0 2.0 1.0 5.0 4.0 2.0 3.0 3.0 1.0 3.0 3.0 5.0 4.0 3.0 5.0 4.0 4.0 3.0 3.0  
49 7.0 5.0 3.0 1.0 3.0 4.0 3.0 2.0 3.0 5.0 4.0 1.0 2.0 2.0 1.0 4.0 3.0 5.0 3.0 2.0 1.0 2.0 3.0 2.0 4.0 1.0  
19 13.0 5.0 1.0 4.0 5.0 4.0 5.0 1.0 5.0 4.0 5.0 5.0 1.0 4.0 3.0 5.0 2.0 4.0 5.0 2.0 2.0 2.0 3.0 5.0 5.0 1.0  
20 6.0 5.0 1.0 4.0 3.0 4.0 1.0 4.0 1.0 3.0 5.0 5.0 5.0 5.0 5.0 3.0 3.0 3.0 4.0 2.0 3.0 2.0 3.0 2.0 3.0 3.0  
65 6.0 4.0 1.0 3.0 2.0 3.0 3.0 1.0 4.0 1.0 2.0 3.0 5.0 3.0 1.0 2.0 5.0 2.0 5.0 1.0 4.0 1.0 4.0 3.0 2.0 3.0  
94 15.0 3.0 2.0 4.0 1.0 5.0 2.0 1.0 1.0 3.0 4.0 5.0 3.0 3.0 4.0 5.0 2.0 2.0 4.0 3.0 2.0 4.0 3.0 4.0 3.0 5.0  
83 14.0 2.0 3.0 5.0 2.0 2.0 2.0 1.0 4.0 4.0 2.0 3.0 3.0 1.0 1.0 1.0 3.0 4.0 5.0 5.0 2.0 4.0 2.0 2.0 5.0 3.0  
95 8.0 1.0 3.0 1.0 1.0 5.0 5.0 5.0 4.0 3.0 2.0 5.0 4.0 3.0 2.0 2.0 3.0 5.0 1.0 2.0 5.0 2.0 3.0 2.0 4.0 3.0  
62 11.0 3.0 2.0 5.0 2.0 2.0 2.0 3.0 4.0 5.0 1.0 2.0 2.0 2.0 4.0 3.0 3.0 5.0 3.0 3.0 3.0 1.0 5.0 5.0 4.0 3.0  
80 11.0 4.0 4.0 5.0 2.0 4.0 4.0 2.0 2.0 4.0 5.0 1.0 1.0 1.0 3.0 1.0 4.0 2.0 5.0 5.0 2.0 5.0 1.0 4.0 4.0 5.0  
45 7.0 3.0 5.0 3.0 1.0 5.0 4.0 4.0 1.0 5.0 5.0 4.0 2.0 1.0 4.0 1.0 2.0 2.0 5.0 2.0 5.0 2.0 3.0 2.0 4.0 5.0  
34 9.0 5.0 4.0 1.0 4.0 4.0 3.0 3.0 3.0 5.0 1.0 4.0 2.0 1.0 5.0 3.0 5.0 4.0 3.0 1.0 2.0 2.0 1.0 4.0 2.0 3.0  
58 6.0 1.0 5.0 1.0 2.0 5.0 1.0 1.0 5.0 4.0 5.0 1.0 5.0 5.0 1.0 1.0 5.0 5.0 1.0 2.0 3.0 5.0 4.0 4.0 1.0 4.0  
46 7.0 1.0 3.0 1.0 1.0 4.0 2.0 4.0 1.0 2.0 2.0 2.0 1.0 2.0 4.0 2.0 1.0 4.0 4.0 2.0 3.0 3.0 1.0 1.0 4.0 4.0  
73 7.0 3.0 3.0 2.0 4.0 4.0 5.0 1.0 4.0 4.0 5.0 3.0 1.0 4.0 1.0 4.0 4.0 3.0 5.0 2.0 2.0 3.0 5.0 4.0 4.0 1.0  
86 15.0 4.0 5.0 1.0 4.0 4.0 1.0 2.0 1.0 2.0 4.0 4.0 5.0 5.0 4.0 2.0 2.0 4.0 1.0 3.0 3.0 2.0 5.0 5.0 5.0 4.0  
66 13.0 1.0 4.0 1.0 1.0 5.0 1.0 5.0 5.0 5.0 2.0 1.0 2.0 1.0 5.0 2.0 3.0 2.0 3.0 2.0 4.0 2.0 1.0 5.0 1.0 2.0  
68 8.0 5.0 2.0 2.0 2.0 4.0 5.0 4.0 5.0 4.0 2.0 1.0 2.0 1.0 2.0 3.0 2.0 2.0 2.0 3.0 2.0 3.0 3.0 5.0 4.0 4.0  
21 12.0 5.0 4.0 5.0 1.0 3.0 4.0 5.0 5.0 3.0 2.0 3.0 4.0 2.0 2.0 5.0 1.0 1.0 2.0 4.0 2.0 3.0 3.0 3.0 5.0 5.0  
98 8.0 5.0 2.0 3.0 5.0 1.0 5.0 3.0 2.0 4.0 3.0 1.0 1.0 3.0 1.0 4.0 3.0 1.0 4.0 4.0 1.0 3.0 3.0 4.0 1.0 3.0  
39 9.0 5.0 2.0 3.0 4.0 3.0 2.0 3.0 3.0 2.0 4.0 2.0 1.0 2.0 3.0 2.0 1.0 4.0 1.0 4.0 1.0 2.0 2.0 2.0 5.0 4.0  
54 9.0 5.0 3.0 2.0 3.0 5.0 4.0 5.0 5.0 5.0 1.0 3.0 3.0 2.0 3.0 1.0 3.0 3.0 1.0 2.0 3.0 2.0 3.0 3.0 5.0 2.0  
93 15.0 3.0 2.0 4.0 3.0 5.0 4.0 2.0 2.0 5.0 2.0 3.0 2.0 4.0 1.0 4.0 2.0 2.0 3.0 3.0 4.0 5.0 4.0 5.0 2.0 5.0  
81 12.0 1.0 4.0 1.0 5.0 4.0 1.0 1.0 4.0 1.0 5.0 1.0 5.0 3.0 5.0 5.0 3.0 2.0 4.0 3.0 1.0 1.0 3.0 3.0 3.0 2.0  
17 8.0 3.0 5.0 5.0 4.0 4.0 2.0 2.0 4.0 1.0 1.0 4.0 2.0 4.0 5.0 2.0 2.0 2.0 2.0 1.0 4.0 2.0 2.0 1.0 4.0 5.0  
2 9.0 3.0 2.0 5.0 1.0 4.0 5.0 5.0 1.0 2.0 1.0 4.0 1.0 2.0 3.0 4.0 3.0 4.0 5.0 5.0 5.0 2.0 1.0 5.0 4.0 1.0  
44 6.0 3.0 4.0 1.0 5.0 5.0 4.0 1.0 4.0 4.0 2.0 2.0 5.0 1.0 4.0 2.0 2.0 5.0 2.0 4.0 5.0 4.0 5.0 2.0 4.0 4.0  
56 9.0 3.0 5.0 4.0 3.0 4.0 4.0 2.0 2.0 1.0 5.0 2.0 3.0 3.0 3.0 5.0 5.0 3.0 2.0 4.0 3.0 1.0 4.0 2.0 4.0 3.0  
28 6.0 5.0 1.0 2.0 3.0 1.0 5.0 5.0 4.0 5.0 5.0 1.0 5.0 3.0 2.0 4.0 4.0 1.0 2.0 2.0 5.0 5.0 4.0 1.0 3.0 5.0  
97 9.0 5.0 4.0 1.0 1.0 2.0 3.0 4.0 3.0 4.0 1.0 4.0 4.0 3.0 3.0 3.0 2.0 3.0 4.0 2.0 4.0 3.0 2.0 3.0 1.0 4.0  
32 15.0 4.0 2.0 3.0 1.0 5.0 2.0 4.0 2.0 5.0 1.0 5.0 1.0 1.0 2.0 3.0 5.0 2.0 1.0 4.0 5.0 2.0 5.0 2.0 5.0 3.0  
67 13.0 4.0 4.0 2.0 5.0 3.0 4.0 1.0 1.0 2.0 1.0 2.0 3.0 4.0 5.0 5.0 4.0 5.0 4.0 2.0 1.0 2.0 2.0 2.0 4.0 4.0  
36 10.0 2.0 4.0 2.0 4.0 5.0 1.0 3.0 1.0 3.0 2.0 4.0 3.0 1.0 1.0 2.0 3.0 2.0 4.0 3.0 2.0 2.0 2.0 4.0 5.0 3.0  
79 14.0 3.0 1.0 2.0 1.0 4.0 2.0 2.0 2.0 4.0 5.0 5.0 4.0 1.0 3.0 5.0 2.0 3.0 2.0 4.0 3.0 3.0 4.0 3.0 5.0 1.0  
22 13.0 4.0 2.0 3.0 5.0 5.0 3.0 5.0 3.0 5.0 4.0 5.0 1.0 2.0 2.0 5.0 1.0 3.0 1.0 1.0 5.0 3.0 2.0 3.0 5.0 1.0  
27 8.0 5.0 3.0 4.0 5.0 5.0 1.0 5.0 1.0 5.0 3.0 5.0 5.0 1.0 5.0 4.0 4.0 1.0 2.0 3.0 1.0 2.0 4.0 3.0 1.0 5.0  
8 11.0 3.0 4.0 1.0 3.0 5.0 4.0 2.0 2.0 2.0 3.0 2.0 5.0 2.0 5.0 2.0 3.0 1.0 5.0 4.0 1.0 5.0 4.0 3.0 2.0 5.0  
16 10.0 4.0 5.0 3.0 5.0 2.0 2.0 2.0 4.0 5.0 1.0 1.0 1.0 1.0 3.0 5.0 1.0 4.0 2.0 5.0 5.0 5.0 3.0 2.0 3.0 1.0  
35 8.0 2.0 3.0 1.0 5.0 2.0 1.0 5.0 1.0 5.0 4.0 4.0 2.0 2.0 5.0 1.0 4.0 5.0 2.0 5.0 3.0 1.0 2.0 3.0 1.0 2.0  
10 12.0 2.0 1.0 4.0 1.0 5.0 5.0 3.0 5.0 4.0 2.0 2.0 2.0 4.0 3.0 2.0 5.0 5.0 2.0 5.0 4.0 4.0 1.0 4.0 2.0 2.0  
29 10.0 1.0 3.0 4.0 4.0 3.0 2.0 5.0 5.0 4.0 3.0 1.0 2.0 5.0 2.0 2.0 1.0 3.0 5.0 5.0 4.0 3.0 2.0 5.0 5.0 4.0  
24 13.0 2.0 5.0 3.0 1.0 1.0 4.0 2.0 1.0 3.0 4.0 3.0 5.0 1.0 4.0 1.0 3.0 3.0 3.0 1.0 4.0 1.0 1.0 5.0 4.0 4.0  
15 13.0 4.0 5.0 3.0 4.0 4.0 5.0 1.0 1.0 5.0 3.0 3.0 5.0 2.0 3.0 1.0 5.0 2.0 4.0 2.0 3.0 1.0 5.0 5.0 1.0 2.0  
26 10.0 4.0 5.0 5.0 2.0 4.0 4.0 1.0 2.0 5.0 1.0 3.0 3.0 1.0 1.0 2.0 3.0 1.0 5.0 2.0 3.0 2.0 2.0 4.0 3.0 5.0  
76 14.0 5.0 3.0 5.0 3.0 5.0 3.0 3.0 4.0 1.0 5.0 2.0 2.0 4.0 4.0 4.0 1.0 3.0 4.0 2.0 3.0 2.0 3.0 4.0 4.0 2.0  
1 9.0 3.0 3.0 2.0 1.0 2.0 4.0 2.0 4.0 2.0 5.0 2.0 3.0 5.0 2.0 1.0 5.0 2.0 4.0 5.0 1.0 3.0 1.0 1.0 4.0 5.0  
30 14.0 3.0 5.0 2.0 1.0 2.0 3.0 1.0 4.0 5.0 5.0 5.0 3.0 5.0 1.0 3.0 2.0 5.0 4.0 3.0 4.0 3.0 5.0 3.0 2.0 4.0  
47 14.0 2.0 1.0 1.0 1.0 1.0 1.0 2.0 2.0 1.0 1.0 3.0 2.0 4.0 1.0 5.0 1.0 5.0 1.0 5.0 3.0 3.0 4.0 1.0 3.0 5.0  
37 8.0 5.0 5.0 2.0 2.0 5.0 4.0 5.0 5.0 2.0 2.0 4.0 2.0 3.0 2.0 2.0 4.0 3.0 4.0 1.0 1.0 5.0 2.0 2.0 3.0 3.0  
61 8.0 5.0 1.0 4.0 4.0 5.0 5.0 4.0 4.0 5.0 1.0 2.0 3.0 4.0 3.0 1.0 3.0 5.0 3.0 5.0 2.0 3.0 3.0 5.0 1.0 5.0  
23 10.0 1.0 1.0 5.0 2.0 2.0 1.0 2.0 2.0 3.0 2.0 3.0 5.0 3.0 1.0 1.0 2.0 1.0 2.0 5.0 2.0 5.0 4.0 1.0 5.0 4.0  
7 9.0 5.0 3.0 2.0 1.0 2.0 2.0 2.0 2.0 5.0 5.0 5.0 5.0 2.0 4.0 2.0 5.0 2.0 2.0 4.0 2.0 3.0 2.0 4.0 4.0 1.0  
99 15.0 3.0 4.0 3.0 2.0 4.0 2.0 4.0 4.0 2.0 4.0 4.0 5.0 5.0 4.0 1.0 1.0 5.0 3.0 2.0 3.0 5.0 5.0 4.0 1.0 1.0  
25 7.0 5.0 3.0 5.0 2.0 4.0 3.0 1.0 4.0 2.0 1.0 4.0 1.0 2.0 4.0 5.0 3.0 5.0 5.0 3.0 5.0 5.0 1.0 1.0 1.0 1.0  
91 13.0 1.0 2.0 3.0 1.0 5.0 1.0 5.0 1.0 4.0 5.0 3.0 4.0 4.0 2.0 1.0 3.0 3.0 2.0 5.0 4.0 4.0 5.0 5.0 2.0 5.0  
78 14.0 4.0 3.0 2.0 4.0 1.0 2.0 3.0 1.0 3.0 4.0 1.0 5.0 4.0 3.0 2.0 1.0 4.0 3.0 1.0 3.0 3.0 5.0 2.0 3.0 5.0  
41 8.0 4.0 4.0 3.0 4.0 4.0 3.0 3.0 3.0 1.0 2.0 5.0 4.0 3.0 1.0 3.0 2.0 1.0 3.0 5.0 1.0 5.0 4.0 2.0 3.0 5.0  
13 10.0 5.0 3.0 3.0 1.0 1.0 4.0 2.0 5.0 4.0 5.0 5.0 5.0 5.0 5.0 3.0 2.0 4.0 1.0 5.0 1.0 2.0 3.0 5.0 4.0 5.0  
42 9.0 1.0 1.0 2.0 4.0 1.0 1.0 1.0 5.0 5.0 1.0 3.0 5.0 3.0 3.0 2.0 2.0 1.0 2.0 2.0 5.0 4.0 3.0 2.0 2.0 2.0  
12 6.0 1.0 1.0 4.0 3.0 1.0 4.0 3.0 5.0 4.0 2.0 3.0 5.0 3.0 1.0 1.0 3.0 1.0 1.0 2.0 3.0 3.0 1.0 3.0 4.0 1.0  
69 9.0 1.0 4.0 2.0 1.0 2.0 1.0 4.0 1.0 2.0 4.0 2.0 4.0 3.0 1.0 5.0 5.0 1.0 5.0 3.0 5.0 5.0 1.0 4.0 2.0 1.0  
74 8.0 5.0 4.0 4.0 2.0 4.0 5.0 5.0 3.0 4.0 1.0 4.0 1.0 1.0 2.0 4.0 1.0 4.0 1.0 5.0 5.0 2.0 5.0 3.0 3.0 5.0  
33 10.0 3.0 5.0 3.0 5.0 1.0 2.0 1.0 3.0 3.0 5.0 1.0 3.0 2.0 3.0 3.0 4.0 3.0 2.0 4.0 4.0 1.0 3.0 1.0 3.0 5.0  
88 6.0 5.0 3.0 1.0 5.0 3.0 1.0 3.0 2.0 5.0 4.0 4.0 4.0 1.0 1.0 1.0 1.0 4.0 5.0 2.0 2.0 5.0 2.0 5.0 1.0 4.0  
5 9.0 2.0 1.0 3.0 3.0 4.0 3.0 5.0 1.0 2.0 3.0 4.0 3.0 1.0 3.0 5.0 4.0 4.0 1.0 1.0 4.0 2.0 3.0 4.0 1.0 5.0  
84 9.0 2.0 4.0 2.0 2.0 5.0 2.0 1.0 4.0 1.0 4.0 4.0 3.0 5.0 4.0 2.0 4.0 1.0 5.0 3.0 4.0 2.0 5.0 1.0 5.0 3.0  
52 13.0 2.0 4.0 4.0 1.0 2.0 4.0 5.0 5.0 4.0 2.0 1.0 4.0 1.0 1.0 1.0 4.0 5.0 4.0 3.0 1.0 5.0 3.0 5.0 1.0 1.0  
87 15.0 4.0 5.0 3.0 3.0 1.0 3.0 4.0 4.0 5.0 5.0 5.0 5.0 4.0 2.0 2.0 4.0 1.0 5.0 1.0 3.0 3.0 1.0 4.0 5.0 2.0  
96 14.0 4.0 5.0 3.0 1.0 5.0 2.0 1.0 5.0 5.0 4.0 4.0 2.0 1.0 1.0 5.0 4.0 1.0 5.0 2.0 2.0 1.0 2.0 2.0 2.0 4.0  
50 11.0 1.0 4.0 5.0 4.0 3.0 4.0 3.0 5.0 2.0 1.0 4.0 3.0 3.0 4.0 2.0 5.0 2.0 5.0 5.0 3.0 1.0 4.0 3.0 3.0 1.0  
14 7.0 1.0 5.0 2.0 4.0 4.0 2.0 3.0 4.0 2.0 3.0 2.0 5.0 2.0 5.0 5.0 5.0 2.0 1.0 4.0 4.0 2.0 1.0 3.0 2.0 3.0  
89 8.0 3.0 3.0 1.0 5.0 1.0 1.0 2.0 3.0 3.0 1.0 3.0 3.0 1.0 3.0 1.0 2.0 4.0 2.0 1.0 2.0 3.0 4.0 5.0 3.0 1.0  
64 6.0 2.0 2.0 2.0 2.0 2.0 3.0 5.0 2.0 3.0 5.0 4.0 3.0 4.0 3.0 3.0 1.0 2.0 5.0 1.0 1.0 5.0 5.0 5.0 5.0 3.0  
53 7.0 3.0 5.0 2.0 3.0 3.0 5.0 2.0 2.0 1.0 1.0 2.0 5.0 3.0 3.0 3.0 3.0 5.0 5.0 3.0 1.0 4.0 5.0 3.0 3.0 5.0  
40 15.0 4.0 1.0 3.0 5.0 5.0 3.0 4.0 5.0 1.0 1.0 1.0 1.0 3.0 2.0 2.0 3.0 4.0 2.0 5.0 5.0 5.0 5.0 4.0 5.0 3.0  
43 6.0 1.0 3.0 5.0 1.0 1.0 1.0 1.0 5.0 1.0 3.0 1.0 4.0 1.0 5.0 3.0 1.0 4.0 2.0 5.0 2.0 1.0 5.0 5.0 3.0 5.0  
63 13.0 4.0 5.0 2.0 3.0 2.0 4.0 2.0 5.0 4.0 2.0 4.0 3.0 4.0 5.0 4.0 5.0 3.0 3.0 2.0 3.0 4.0 1.0 3.0 3.0 3.0  
57 8.0 2.0 1.0 3.0 1.0 3.0 5.0 5.0 5.0 2.0 3.0 4.0 1.0 2.0 5.0 1.0 2.0 3.0 3.0 5.0 5.0 4.0 3.0 1.0 1.0 2.0  
38 12.0 4.0 1.0 5.0 4.0 1.0 4.0 5.0 4.0 5.0 2.0 2.0 5.0 4.0 4.0 3.0 1.0 5.0 1.0 1.0 3.0 1.0 4.0 2.0 4.0 3.0  
6 11.0 5.0 3.0 4.0 1.0 5.0 4.0 1.0 5.0 1.0 5.0 3.0 5.0 4.0 3.0 4.0 4.0 3.0 3.0 2.0 3.0 1.0 5.0 5.0 4.0 5.0  
11 14.0 5.0 5.0 1.0 2.0 4.0 2.0 3.0 4.0 4.0 4.0 1.0 4.0 3.0 2.0 1.0 2.0 2.0 1.0 2.0 1.0 1.0 3.0 1.0 3.0 2.0  
3 13.0 4.0 5.0 5.0 2.0 4.0 5.0 4.0 3.0 1.0 1.0 1.0 5.0 4.0 4.0 1.0 2.0 5.0 5.0 3.0 5.0 2.0 5.0 4.0 5.0 4.0  
90 14.0 2.0 5.0 5.0 4.0 3.0 4.0 1.0 5.0 3.0 2.0 4.0 1.0 5.0 5.0 2.0 4.0 1.0 5.0 4.0 2.0 4.0 2.0 4.0 4.0 3.0  
55 6.0 5.0 4.0 4.0 4.0 4.0 5.0 5.0 4.0 1.0 2.0 3.0 5.0 3.0 3.0 1.0 3.0 2.0 1.0 1.0 2.0 1.0 5.0 2.0 1.0 2.0  
