100 50
NETWORK_TREE :
1 0 3.0 
2 1 2.0 
30 1 5.0 
55 1 3.0 
3 2 4.0 
31 30 2.0 
18 2 2.0 
79 1 4.0 
37 30 4.0 
19 18 7.0 
4 3 9.0 
95 0 6.0 
32 31 5.0 
84 1 9.0 
24 2 3.0 
5 4 6.0 
56 55 7.0 
80 79 7.0 
86 1 10.0 
66 55 8.0 
6 5 4.0 
57 56 4.0 
87 86 7.0 
89 86 5.0 
33 31 9.0 
7 5 1.0 
96 0 4.0 
68 55 7.0 
40 30 2.0 
14 5 8.0 
58 56 7.0 
77 55 1.0 
67 66 1.0 
85 84 2.0 
47 30 6.0 
61 56 1.0 
82 79 4.0 
69 68 7.0 
62 61 5.0 
48 47 8.0 
63 61 9.0 
41 40 1.0 
49 47 2.0 
42 41 2.0 
70 69 1.0 
97 96 9.0 
81 80 10.0 
50 30 1.0 
51 50 8.0 
35 31 6.0 
53 30 2.0 
36 35 2.0 
8 7 3.0 
59 58 2.0 
9 8 4.0 
26 2 8.0 
22 18 7.0 
20 19 9.0 
83 79 4.0 
15 5 9.0 
43 42 3.0 
10 8 4.0 
27 26 7.0 
34 33 8.0 
90 89 7.0 
71 68 1.0 
91 89 4.0 
38 37 1.0 
54 53 8.0 
39 38 6.0 
21 19 1.0 
16 3 2.0 
28 27 10.0 
92 89 6.0 
12 7 7.0 
11 10 2.0 
44 43 8.0 
13 7 4.0 
23 18 6.0 
45 40 8.0 
78 55 8.0 
64 61 1.0 
17 3 6.0 
93 89 9.0 
25 24 1.0 
29 2 9.0 
75 68 4.0 
72 71 2.0 
76 68 5.0 
98 97 8.0 
65 61 4.0 
88 87 5.0 
46 40 2.0 
94 86 4.0 
52 50 10.0 
99 96 1.0 
60 59 3.0 
73 72 2.0 
74 73 8.0 
NODE_PROGRAM :
0 1 2 3 4 5 6 7 8 9 10 11 12 13 14 15 16 17 18 19 20 21 22 23 24 25 26 27 28 29 30 31 32 33 34 35 36 37 38 39 40 41 42 43 44 45 46 47 48 49 50  
94 1 2 3 4 5 6 7 8 9 12 13 14 15 16 17 18 19 20 24 25 26 28 30 31 33 34 36 37 38 39 40 41 42 43 44 45 46 47 48 49 50  
61 2 4 5 6 10 11 13 16 17 18 20 25 29 33 35 37 39 43 48  
62 1 2 3 5 8 11 12 15 16 17 18 19 20 21 22 24 25 26 27 29 31 32 33 34 35 36 37 38 39 40 41 42 44 45 46 47 48 49 50  
79 1 2 3 4 5 8 9 18 21 22 24 25 27 28 37 38 39 41 42 43 45 47 50  
38 1 2 3 4 6 7 8 9 10 11 12 13 14 15 16 17 18 19 20 21 22 24 26 27 28 29 30 31 32 33 34 35 37 38 39 40 41 42 43 44 45 46 47 48 49 50  
65 1 2 3 5 6 7 8 9 11 13 14 15 16 17 18 19 20 21 22 23 24 26 29 30 31 32 33 34 35 36 37 38 39 40 41 42 43 44 45 46 47 48 49 50  
32 2 3 4 5 7 8 10 11 12 13 14 15 16 17 18 19 20 21 22 23 25 26 27 28 29 30 31 32 33 34 35 36 37 38 39 41 43 44 45 46 47 48 49 50  
86 3 15 19 20 23 25 27 34 35 40 50  
26 1 2 3 5 6 8 10 11 12 13 14 15 16 18 19 20 21 22 23 24 25 26 27 28 29 30 31 32 33 35 36 37 38 39 40 41 42 43 44 45 46 47 48 49 50  
82 7 12 16 18 22 25 32 37 44 48 49 50  
10 5 6 7 8 9 11 12 13 14 15 16 18 19 20 21 22 23 24 25 27 28 31 32 33 34 35 36 39 42 45 46 48 49  
9 1 2 3 4 5 6 7 8 10 11 12 13 14 15 16 17 18 19 20 21 22 23 24 25 26 27 28 29 30 31 32 33 34 35 36 37 38 39 40 41 42 43 44 45 46 47 48 49  
83 2 6 8 12 15 16 18 19 20 23 27 28 29 32 33 36 40 42 44 48 49 50  
89 1 2 3 5 7 9 10 12 13 21 22 24 26 28 29 30 35 36 37 42 45 46 47 50  
3 2 13 16 20 21 37 40 47  
88 1 2 3 4 5 6 7 8 9 10 11 12 13 14 15 16 18 19 20 21 22 23 24 25 26 27 28 29 30 31 32 33 34 35 36 37 38 39 40 41 42 43 44 45 46 47 48 49 50  
63 1 2 3 4 5 6 7 8 9 10 11 12 14 15 16 18 19 20 21 22 23 25 26 27 28 30 31 32 33 34 35 38 39 41 42 43 44 46 47 48 49 50  
91 7 9 13 16 18 20 21 23 24 25 26 27 29 30 34 35 36 37 38 40 45 47  
15 1 3 4 5 6 7 8 9 10 11 12 13 17 18 19 20 21 22 23 25 26 27 28 29 31 32 33 34 35 36 37 38 39 40 41 42 43 44 45 46 47 48 49 50  
98 3 4 5 8 13 21 26 29 30 41 42 44  
80 15 43  
8 4 8 11 30 36 37 44  
16 1 2 3 4 5 7 10 12 13 14 15 16 18 19 20 21 22 24 26 27 29 31 32 33 34 35 36 38 39 40 41 42 43 45 46 47 49 50  
37 1 2 3 5 6 7 8 9 10 11 12 13 14 15 16 18 20 21 22 23 24 25 26 28 30 31 32 34 35 36 37 38 39 40 41 42 43 44 45 46 47 48 49 50  
56 2 3 11 13 15 16 21 26 27 28 31 36 38 44 45 46 47 48 49  
73 1 3 5 6 7 9 11 12 13 15 17 20 22 25 28 30 34 35 36 37 38 43 44 46  
95 16 19  
41 13 14 23 32 33 39 43  
49 3 23 33 35 36 39 41 42 45 47  
18 1 2 3 4 5 6 7 10 11 12 13 14 15 16 17 18 19 20 21 22 23 24 25 26 28 29 30 31 32 33 35 36 37 38 39 40 41 42 44 45 46 47 48 49  
44 1 2 4 5 6 8 10 12 18 20 21 24 25 27 30 33 35 36 41 48  
57 1 2 3 4 5 6 7 8 9 10 11 12 13 14 15 16 17 18 19 20 22 23 24 25 26 27 28 29 30 31 32 33 34 35 36 37 38 39 40 41 42 43 44 45 46 47 48 49 50  
53 3 23 34  
99 5 10 14 18 21 30 40 46  
39 1 2 4 8 13 16 17 19 20 23 27 28 32 41 44 45 49 50  
76 1 2 3 4 5 6 7 9 10 12 13 15 16 17 19 20 21 22 23 24 25 26 27 28 29 30 31 32 33 34 35 36 37 38 39 40 41 42 43 44 45 47 48 50  
21 1 2 3 5 6 7 8 12 13 14 15 16 17 18 19 20 21 22 23 24 25 26 27 28 29 30 31 32 33 34 35 36 37 38 39 40 42 44 45 46 47 48 49 50  
36 7 15 26 29 37 43 48 50  
17 1 3 5 7 8 13 17 18 21 22 25 26 27 29 31 32 37 38 39 43 45 49 50  
31 1 2 3 4 6 7 9 10 11 12 13 14 16 17 18 19 20 22 23 24 25 27 28 29 30 31 32 33 34 35 36 40 42 43 44 45 46 47 48 49 50  
60 3 5 6 9 11 15 16 22 26 27 31 35 36 37 38 40 42 43 44 45 48 50  
75 1 24 30 37 39 46  
78 1 2 5 7 9 11 12 15 18 19 20 22 23 27 28 29 32 33 34 35 41 42 46 48  
55 9 16 30 33 42 44  
14 2 3 4 10 11 14 15 22 26 27 28 29 34 40 41 42 47  
7 11 12 28 34 41 48  
58 1 2 3 4 5 6 7 8 9 10 11 12 13 14 15 16 17 18 19 20 21 22 23 24 25 26 27 28 29 30 31 32 33 34 35 37 38 39 40 41 42 43 44 45 46 47 48 49 50  
12 1 2 11 14 15 30 33 34 40 45 46 49  
27 1 3 4 5 9 10 12 13 14 15 16 17 18 22 23 24 25 26 29 30 31 32 33 37 41 42 43 44 46 47  
52 2 7 9 11 15 19 26 28 33 37 39 44  
34 19  
84 1 2 3 4 5 6 8 9 10 11 12 14 15 16 17 19 20 22 23 24 25 26 27 28 29 30 31 32 33 34 35 36 38 39 40 41 42 43 45 47 49 50  
23 1 4 5 6 7 9 14 15 17 18 20 21 24 25 27 28 29 30 31 32 34 36 37 38 39 40 41 42 43 46 47  
30 1 2 3 4 5 6 7 8 9 10 11 12 13 15 16 17 18 19 20 21 22 25 26 27 28 29 30 31 32 35 36 38 39 40 41 42 43 44 45 46 49 50  
64 1 4 6 8 9 10 15 17 21 22 27 29 30 31 32 33 35 36 38 40 42 45 46 49  
92 1 2 3 4 5 6 7 8 9 10 11 12 13 16 17 18 19 20 21 22 23 24 25 26 27 29 31 32 33 34 35 36 37 38 39 40 41 42 43 44 45 46 47 48 49 50  
74 1 3 5 6 7 8 9 10 11 12 14 15 16 18 19 20 21 22 23 24 25 28 29 30 33 35 36 38 39 43 44 45 47 48 49  
48 1 5 6 7 9 10 11 14 15 16 17 18 19 20 22 23 24 25 29 30 32 37 38 39 40 41 47 48 49 50  
50 7 10 14 15 20 21 23 24 26 27 28 31 33 35 39 40 41 43 44 46 47 48 50  
96 1 2 3 4 5 6 7 8 9 10 11 13 15 18 19 20 21 22 23 24 25 26 27 28 29 30 31 32 34 35 36 37 38 39 40 41 42 43 44 45 47 48 49 50  
93 2 4 5 6 8 9 10 11 14 15 16 18 19 20 21 26 27 29 30 33 37 38 40 42 43 44 45 50  
67 1 4 17 29 35 37  
35 3 4 5 6 9 10 11 12 13 14 16 18 20 22 24 26 27 28 30 32 33 35 36 38 39 40 41 42 45 46 47  
66 2 3 4 5 6 7 8 9 10 11 12 14 15 16 17 18 19 20 21 22 24 25 26 27 28 29 30 32 33 34 35 36 38 39 40 41 42 43 45 46 47 48 49  
70 3 9 14 21 31 33 41 47 50  
22 1 2 3 4 5 6 7 8 9 10 11 12 13 14 15 16 18 19 20 21 22 23 24 25 26 27 28 29 30 31 32 33 34 35 36 37 39 40 41 42 43 44 45 46 47 48 49  
5 2 5 7 8 10 12 13 16 17 18 19 20 23 24 25 27 28 29 30 33 35 36 38 41 43 44 46 47 48 49 50  
47 1 2 4 6 9 10 11 12 13 14 18 21 22 23 26 27 30 32 33 34 35 36 37 40 41 42 43 44 45 49  
54 5 19  
20 1 2 3 4 6 7 8 9 11 14 15 17 18 22 25 26 27 28 29 32 33 34 36 39 40 42 43 44 45 47 49  
29 4 30 31  
97 3 4 6 13 15 16 19 20 23 29 30 31 33 35 38 39 47 48  
11 25 29  
40 1 4 7 9 10 11 12 13 14 15 17 18 19 20 21 23 24 27 29 31 32 35 36 37 39 41 42 44 45 47 49 50  
4 1 2 3 4 5 6 7 8 9 10 11 12 14 15 16 17 18 19 20 22 23 24 25 26 27 28 29 30 31 32 33 35 36 37 41 42 43 44 45 46 47 48 49 50  
28 3 4 5 8 10 11 12 15 18 19 21 25 28 30 31 33 35 36 40 43 44 49 50  
90 1 2 3 5 6 7 14 16 17 18 24 25 26 27 28 31 34 37 39 40 41 42 43 44 47  
33 1 3 6 11 12 13 15 18 23 24 25 28 30 31 33 36 37 43  
45 7 8 13 14 16 29 36 39 40  
77 1 3 4 6 7 8 9 11 12 13 15 16 21 24 25 27 33 35 36 37 38 39 43 44 45 48 49  
2 3 5 8 10 11 14 16 19 21 22 24 25 26 27 29 31 35 36 38 43 44 48 49  
43 3 25  
24 2 10 11 26 34  
19 4 7 8 9 10 11 12 13 14 17 20 21 22 23 26 28 30 31 32 33 36 37 40 41 42 43 44 46 47 48 49 50  
68 2 4 5 6 8 9 10 12 13 14 15 18 19 20 21 22 25 32 34 35 36 37 38 42 43 44 46 47 49 50  
72 1 2 4 5 6 7 9 10 12 14 15 17 18 19 21 22 24 25 26 30 33 34 37 38 40 41 42 44 45 49 50  
71 1 5 6 7 8 9 10 15 16 18 19 20 21 22 23 24 25 26 27 30 32 35 37 38 39 40 41 42 44 45 46 48 50  
1  
51 7 11 13 15 17 18 23 24 27 29 30 34 36 38 39 43 46 48 50  
46 1 2 3 4 5 6 7 8 9 10 11 12 13 14 15 16 17 19 20 21 22 23 24 25 26 27 28 29 30 31 32 34 35 36 37 38 39 40 41 42 43 44 45 47 48 49 50  
6 14  
81 1 6 7 11 17 19 21 26 41 42 44 45 46 48  
25 5 6 10 15 20 24 26 27 28 31 34 39 44 48 50  
69 23 26 48 50  
42 1 2 3 4 5 7 8 10 11 12 14 15 16 17 18 19 20 21 22 23 24 25 26 27 28 29 30 31 32 33 34 35 36 37 39 40 41 42 43 45 46 47 48 49  
59 3 4 6 10 12 13 15 18 19 20 21 23 25 26 29 33 39 40 42 45 47 49 50  
87 1 2 3 4 5 6 7 10 16 18 20 21 22 28 29 31 32 33 34 35 36 37 38 39 40 41 43 46 49 50  
13 3 5 9 11 12 14 19 26 28 34 39 44 48  
85 2 4 5 8 18 19 21 22 28 29 35 36 37 38 41 42 43 44 45 47 49 50  
COST_INSTALL_SERVER_AND_PROGRAMS :
0 7.0 1.0 2.0 3.0 1.0 1.0 3.0 1.0 1.0 3.0 5.0 2.0 4.0 1.0 5.0 1.0 1.0 4.0 1.0 4.0 3.0 1.0 3.0 2.0 4.0 1.0 4.0 4.0 2.0 3.0 1.0 3.0 3.0 2.0 2.0 5.0 2.0 3.0 4.0 1.0 3.0 4.0 1.0 3.0 1.0 1.0 1.0 2.0 2.0 1.0 4.0  
94 15.0 5.0 3.0 3.0 1.0 5.0 3.0 3.0 3.0 4.0 3.0 1.0 3.0 5.0 4.0 5.0 4.0 1.0 4.0 2.0 2.0 2.0 4.0 4.0 1.0 5.0 2.0 2.0 2.0 1.0 1.0 1.0 4.0 4.0 4.0 2.0 3.0 5.0 5.0 3.0 2.0 3.0 5.0 4.0 3.0 3.0 3.0 4.0 5.0 2.0 4.0  
61 7.0 3.0 2.0 5.0 2.0 4.0 3.0 2.0 4.0 5.0 1.0 1.0 4.0 4.0 4.0 1.0 5.0 4.0 4.0 2.0 4.0 1.0 4.0 5.0 4.0 2.0 2.0 4.0 1.0 4.0 1.0 2.0 2.0 1.0 3.0 4.0 4.0 1.0 5.0 5.0 3.0 2.0 3.0 2.0 2.0 2.0 4.0 2.0 2.0 2.0 1.0  
62 14.0 1.0 5.0 5.0 4.0 1.0 3.0 1.0 1.0 3.0 3.0 1.0 1.0 2.0 3.0 3.0 1.0 2.0 2.0 5.0 3.0 2.0 1.0 3.0 1.0 3.0 3.0 2.0 3.0 2.0 1.0 5.0 4.0 3.0 1.0 1.0 4.0 3.0 2.0 3.0 2.0 1.0 3.0 1.0 2.0 2.0 5.0 1.0 1.0 1.0 2.0  
79 11.0 1.0 5.0 3.0 1.0 2.0 1.0 1.0 1.0 5.0 3.0 2.0 5.0 4.0 1.0 2.0 4.0 3.0 4.0 3.0 4.0 1.0 5.0 3.0 1.0 4.0 3.0 1.0 2.0 5.0 4.0 4.0 2.0 4.0 2.0 4.0 3.0 5.0 3.0 5.0 5.0 1.0 4.0 3.0 3.0 5.0 3.0 5.0 1.0 1.0 1.0  
38 9.0 4.0 2.0 3.0 1.0 2.0 3.0 2.0 1.0 4.0 1.0 5.0 5.0 5.0 4.0 3.0 3.0 5.0 1.0 2.0 3.0 3.0 3.0 1.0 1.0 1.0 4.0 5.0 5.0 2.0 3.0 5.0 5.0 1.0 1.0 2.0 4.0 3.0 2.0 3.0 2.0 1.0 4.0 5.0 1.0 3.0 3.0 3.0 1.0 1.0 4.0  
65 11.0 4.0 4.0 5.0 3.0 3.0 4.0 3.0 4.0 3.0 1.0 4.0 4.0 4.0 4.0 5.0 2.0 2.0 2.0 4.0 5.0 5.0 5.0 4.0 1.0 4.0 5.0 1.0 4.0 1.0 1.0 4.0 3.0 5.0 4.0 1.0 2.0 1.0 4.0 2.0 3.0 2.0 2.0 4.0 4.0 2.0 1.0 3.0 1.0 5.0 3.0  
32 10.0 1.0 3.0 2.0 4.0 4.0 3.0 2.0 2.0 2.0 2.0 1.0 2.0 1.0 1.0 5.0 5.0 2.0 1.0 5.0 2.0 3.0 2.0 3.0 4.0 3.0 2.0 3.0 5.0 5.0 5.0 1.0 3.0 1.0 1.0 3.0 5.0 5.0 5.0 3.0 3.0 4.0 4.0 2.0 1.0 1.0 4.0 2.0 3.0 3.0 3.0  
86 10.0 5.0 2.0 3.0 3.0 2.0 4.0 4.0 3.0 5.0 2.0 3.0 1.0 5.0 3.0 5.0 3.0 1.0 1.0 4.0 2.0 4.0 3.0 3.0 4.0 5.0 3.0 1.0 4.0 2.0 3.0 5.0 5.0 5.0 1.0 5.0 5.0 2.0 3.0 1.0 4.0 4.0 1.0 2.0 4.0 5.0 4.0 5.0 3.0 4.0 1.0  
26 13.0 3.0 5.0 3.0 2.0 1.0 1.0 5.0 5.0 5.0 3.0 2.0 1.0 1.0 1.0 4.0 3.0 2.0 1.0 5.0 1.0 1.0 5.0 4.0 2.0 5.0 5.0 3.0 3.0 3.0 4.0 5.0 1.0 1.0 3.0 4.0 2.0 3.0 2.0 2.0 1.0 1.0 1.0 1.0 1.0 5.0 4.0 3.0 4.0 2.0 5.0  
82 7.0 3.0 3.0 1.0 2.0 5.0 4.0 3.0 3.0 2.0 2.0 1.0 4.0 5.0 5.0 1.0 4.0 5.0 2.0 2.0 5.0 2.0 3.0 1.0 3.0 3.0 2.0 3.0 4.0 5.0 3.0 3.0 3.0 5.0 3.0 3.0 3.0 2.0 3.0 4.0 1.0 3.0 2.0 3.0 3.0 3.0 2.0 1.0 1.0 2.0 2.0  
10 12.0 2.0 5.0 2.0 5.0 2.0 1.0 2.0 5.0 5.0 3.0 1.0 2.0 1.0 4.0 4.0 3.0 5.0 3.0 3.0 1.0 5.0 3.0 3.0 3.0 4.0 3.0 2.0 1.0 3.0 1.0 2.0 2.0 4.0 1.0 5.0 1.0 2.0 1.0 3.0 5.0 4.0 5.0 2.0 1.0 3.0 2.0 5.0 5.0 5.0 1.0  
9 13.0 2.0 1.0 2.0 2.0 2.0 3.0 1.0 2.0 2.0 5.0 1.0 5.0 5.0 3.0 5.0 2.0 2.0 5.0 2.0 5.0 3.0 3.0 5.0 2.0 4.0 2.0 2.0 2.0 1.0 1.0 5.0 1.0 1.0 5.0 2.0 1.0 3.0 2.0 5.0 4.0 4.0 4.0 3.0 5.0 5.0 5.0 3.0 1.0 4.0 4.0  
83 9.0 2.0 1.0 2.0 4.0 1.0 1.0 4.0 1.0 2.0 5.0 3.0 1.0 4.0 5.0 1.0 2.0 3.0 5.0 3.0 4.0 2.0 3.0 4.0 5.0 3.0 4.0 4.0 2.0 4.0 4.0 4.0 5.0 1.0 2.0 5.0 2.0 4.0 3.0 5.0 1.0 2.0 5.0 4.0 1.0 4.0 1.0 3.0 1.0 3.0 3.0  
89 7.0 3.0 1.0 2.0 2.0 1.0 4.0 1.0 3.0 1.0 1.0 4.0 1.0 3.0 5.0 4.0 5.0 4.0 2.0 5.0 5.0 5.0 1.0 1.0 3.0 4.0 4.0 2.0 5.0 5.0 3.0 1.0 4.0 5.0 4.0 5.0 3.0 2.0 2.0 1.0 2.0 4.0 2.0 4.0 4.0 5.0 4.0 1.0 1.0 1.0 4.0  
3 6.0 5.0 1.0 5.0 4.0 4.0 4.0 1.0 1.0 2.0 3.0 5.0 2.0 3.0 3.0 4.0 4.0 4.0 1.0 5.0 4.0 3.0 1.0 1.0 4.0 2.0 4.0 5.0 5.0 3.0 5.0 4.0 4.0 4.0 4.0 4.0 2.0 4.0 5.0 1.0 2.0 1.0 5.0 4.0 1.0 3.0 4.0 4.0 5.0 2.0 4.0  
88 11.0 2.0 2.0 5.0 3.0 5.0 1.0 1.0 4.0 4.0 1.0 4.0 5.0 2.0 3.0 3.0 5.0 1.0 3.0 1.0 4.0 2.0 1.0 5.0 1.0 1.0 4.0 3.0 2.0 1.0 1.0 3.0 5.0 4.0 2.0 3.0 1.0 5.0 4.0 1.0 5.0 2.0 3.0 2.0 3.0 2.0 3.0 3.0 5.0 4.0 1.0  
63 9.0 5.0 1.0 1.0 4.0 4.0 3.0 5.0 2.0 4.0 3.0 1.0 3.0 5.0 1.0 5.0 4.0 4.0 4.0 2.0 5.0 1.0 3.0 1.0 5.0 2.0 2.0 5.0 2.0 2.0 2.0 1.0 2.0 4.0 4.0 4.0 5.0 1.0 4.0 5.0 5.0 4.0 5.0 5.0 5.0 2.0 3.0 1.0 1.0 2.0 2.0  
91 13.0 3.0 4.0 3.0 1.0 5.0 2.0 5.0 3.0 1.0 4.0 5.0 3.0 2.0 2.0 5.0 3.0 3.0 5.0 4.0 2.0 4.0 5.0 1.0 4.0 3.0 1.0 1.0 4.0 5.0 5.0 2.0 1.0 5.0 4.0 2.0 1.0 5.0 4.0 4.0 3.0 1.0 4.0 1.0 5.0 5.0 1.0 5.0 4.0 4.0 1.0  
15 15.0 1.0 4.0 4.0 1.0 3.0 3.0 1.0 4.0 3.0 5.0 2.0 2.0 1.0 2.0 2.0 5.0 2.0 3.0 4.0 4.0 4.0 3.0 1.0 2.0 4.0 4.0 1.0 4.0 2.0 4.0 4.0 5.0 4.0 4.0 2.0 1.0 4.0 2.0 5.0 3.0 4.0 2.0 3.0 1.0 1.0 5.0 5.0 2.0 3.0 4.0  
98 8.0 4.0 5.0 3.0 5.0 3.0 4.0 3.0 4.0 5.0 5.0 3.0 2.0 3.0 4.0 3.0 4.0 2.0 3.0 5.0 5.0 3.0 3.0 5.0 4.0 3.0 4.0 3.0 1.0 4.0 4.0 1.0 5.0 5.0 3.0 1.0 2.0 1.0 3.0 1.0 5.0 2.0 1.0 1.0 3.0 4.0 2.0 4.0 3.0 4.0 4.0  
80 10.0 3.0 5.0 3.0 4.0 5.0 5.0 5.0 2.0 1.0 3.0 3.0 5.0 5.0 5.0 2.0 5.0 3.0 5.0 5.0 4.0 2.0 5.0 5.0 2.0 4.0 1.0 4.0 2.0 1.0 3.0 5.0 1.0 3.0 5.0 2.0 3.0 3.0 3.0 1.0 1.0 4.0 1.0 5.0 3.0 4.0 4.0 5.0 2.0 1.0 2.0  
8 11.0 5.0 1.0 2.0 2.0 5.0 5.0 1.0 3.0 5.0 1.0 1.0 5.0 4.0 4.0 4.0 3.0 2.0 3.0 4.0 1.0 2.0 3.0 4.0 4.0 5.0 2.0 4.0 2.0 5.0 5.0 4.0 3.0 4.0 5.0 3.0 1.0 2.0 3.0 2.0 5.0 1.0 2.0 4.0 3.0 3.0 1.0 2.0 1.0 4.0 1.0  
16 7.0 2.0 2.0 4.0 3.0 2.0 4.0 5.0 2.0 2.0 1.0 2.0 1.0 1.0 2.0 3.0 4.0 4.0 1.0 4.0 1.0 4.0 3.0 4.0 5.0 4.0 4.0 1.0 3.0 3.0 2.0 1.0 2.0 1.0 4.0 5.0 1.0 4.0 1.0 3.0 5.0 2.0 2.0 3.0 4.0 4.0 2.0 2.0 4.0 3.0 1.0  
37 14.0 4.0 5.0 4.0 3.0 1.0 5.0 4.0 3.0 1.0 5.0 3.0 5.0 3.0 4.0 4.0 3.0 2.0 3.0 3.0 3.0 1.0 3.0 4.0 5.0 5.0 3.0 1.0 5.0 4.0 3.0 3.0 1.0 1.0 2.0 4.0 2.0 5.0 2.0 1.0 2.0 5.0 4.0 1.0 3.0 5.0 4.0 3.0 4.0 3.0 4.0  
56 15.0 3.0 4.0 5.0 3.0 3.0 2.0 2.0 1.0 1.0 3.0 3.0 1.0 4.0 3.0 5.0 4.0 4.0 2.0 2.0 5.0 4.0 3.0 4.0 5.0 4.0 1.0 3.0 4.0 5.0 3.0 4.0 2.0 5.0 3.0 4.0 2.0 3.0 5.0 5.0 2.0 4.0 3.0 3.0 1.0 5.0 1.0 1.0 2.0 4.0 5.0  
73 8.0 2.0 2.0 5.0 5.0 4.0 3.0 5.0 5.0 2.0 2.0 4.0 3.0 5.0 5.0 1.0 5.0 4.0 1.0 1.0 5.0 5.0 5.0 2.0 3.0 5.0 1.0 4.0 5.0 5.0 3.0 4.0 1.0 2.0 3.0 2.0 2.0 2.0 3.0 5.0 1.0 4.0 1.0 1.0 4.0 2.0 5.0 3.0 4.0 2.0 1.0  
95 8.0 1.0 2.0 1.0 4.0 5.0 4.0 5.0 4.0 4.0 1.0 3.0 5.0 5.0 5.0 4.0 5.0 5.0 5.0 5.0 4.0 2.0 3.0 5.0 5.0 4.0 1.0 3.0 2.0 5.0 5.0 2.0 1.0 1.0 4.0 4.0 3.0 1.0 5.0 2.0 1.0 4.0 3.0 3.0 1.0 2.0 3.0 4.0 2.0 1.0 2.0  
41 12.0 1.0 5.0 1.0 4.0 3.0 1.0 4.0 3.0 5.0 5.0 1.0 1.0 2.0 1.0 5.0 5.0 2.0 4.0 5.0 5.0 2.0 3.0 5.0 2.0 2.0 3.0 2.0 4.0 4.0 5.0 1.0 3.0 3.0 3.0 3.0 1.0 1.0 5.0 1.0 5.0 4.0 3.0 5.0 4.0 2.0 5.0 5.0 1.0 4.0 2.0  
49 14.0 3.0 2.0 2.0 1.0 1.0 1.0 5.0 3.0 1.0 2.0 4.0 4.0 2.0 2.0 3.0 5.0 1.0 2.0 4.0 3.0 2.0 1.0 1.0 2.0 4.0 2.0 1.0 2.0 1.0 3.0 5.0 5.0 5.0 5.0 2.0 2.0 5.0 1.0 1.0 4.0 3.0 2.0 5.0 1.0 1.0 1.0 2.0 4.0 3.0 5.0  
18 7.0 5.0 2.0 1.0 1.0 3.0 3.0 3.0 2.0 4.0 5.0 3.0 1.0 1.0 5.0 1.0 5.0 5.0 5.0 1.0 3.0 5.0 1.0 1.0 4.0 4.0 1.0 2.0 2.0 5.0 4.0 5.0 3.0 2.0 4.0 3.0 3.0 3.0 5.0 4.0 1.0 2.0 5.0 3.0 3.0 5.0 2.0 5.0 1.0 1.0 5.0  
44 10.0 2.0 5.0 1.0 2.0 2.0 4.0 5.0 4.0 4.0 1.0 1.0 4.0 3.0 3.0 4.0 5.0 1.0 5.0 5.0 5.0 4.0 4.0 3.0 3.0 2.0 2.0 4.0 2.0 4.0 3.0 4.0 4.0 4.0 2.0 1.0 3.0 2.0 4.0 2.0 1.0 2.0 4.0 1.0 3.0 2.0 1.0 5.0 3.0 1.0 1.0  
57 13.0 1.0 5.0 1.0 1.0 4.0 4.0 2.0 4.0 1.0 2.0 3.0 3.0 5.0 3.0 1.0 1.0 5.0 2.0 3.0 1.0 3.0 2.0 1.0 2.0 5.0 4.0 1.0 5.0 5.0 1.0 1.0 3.0 1.0 2.0 4.0 3.0 5.0 3.0 4.0 5.0 3.0 5.0 4.0 4.0 1.0 5.0 2.0 5.0 1.0 3.0  
53 10.0 3.0 5.0 5.0 5.0 4.0 1.0 5.0 5.0 1.0 4.0 4.0 5.0 5.0 1.0 2.0 1.0 2.0 2.0 5.0 2.0 2.0 4.0 4.0 3.0 3.0 4.0 3.0 2.0 5.0 5.0 1.0 1.0 4.0 2.0 3.0 5.0 1.0 1.0 1.0 4.0 2.0 5.0 5.0 5.0 1.0 2.0 2.0 3.0 5.0 3.0  
99 13.0 5.0 5.0 4.0 1.0 3.0 1.0 2.0 2.0 5.0 3.0 5.0 4.0 1.0 2.0 1.0 2.0 3.0 1.0 5.0 2.0 1.0 2.0 2.0 2.0 2.0 1.0 3.0 2.0 4.0 4.0 4.0 4.0 4.0 3.0 3.0 5.0 4.0 2.0 3.0 2.0 3.0 4.0 3.0 1.0 2.0 4.0 5.0 5.0 1.0 2.0  
39 11.0 1.0 1.0 5.0 2.0 5.0 2.0 2.0 3.0 3.0 2.0 2.0 2.0 1.0 5.0 3.0 4.0 2.0 2.0 2.0 1.0 4.0 5.0 5.0 4.0 1.0 1.0 3.0 3.0 4.0 4.0 1.0 1.0 3.0 4.0 4.0 5.0 3.0 4.0 2.0 4.0 3.0 5.0 5.0 1.0 4.0 1.0 4.0 4.0 1.0 2.0  
76 8.0 3.0 1.0 1.0 2.0 1.0 2.0 1.0 2.0 1.0 4.0 3.0 1.0 1.0 1.0 3.0 1.0 2.0 4.0 4.0 4.0 1.0 5.0 2.0 5.0 2.0 2.0 1.0 5.0 4.0 5.0 1.0 3.0 4.0 3.0 2.0 5.0 3.0 3.0 2.0 5.0 1.0 3.0 1.0 1.0 4.0 4.0 1.0 3.0 5.0 2.0  
21 7.0 2.0 2.0 3.0 3.0 1.0 3.0 4.0 5.0 3.0 1.0 5.0 2.0 1.0 1.0 3.0 1.0 2.0 3.0 3.0 2.0 3.0 2.0 4.0 4.0 5.0 3.0 1.0 2.0 5.0 3.0 3.0 1.0 4.0 3.0 2.0 1.0 1.0 5.0 2.0 3.0 4.0 2.0 4.0 2.0 2.0 3.0 4.0 4.0 2.0 2.0  
36 6.0 5.0 2.0 4.0 1.0 2.0 1.0 4.0 4.0 4.0 3.0 3.0 4.0 4.0 3.0 5.0 2.0 1.0 3.0 5.0 2.0 5.0 1.0 1.0 4.0 3.0 2.0 3.0 2.0 3.0 5.0 4.0 4.0 5.0 1.0 3.0 2.0 2.0 1.0 5.0 3.0 2.0 1.0 5.0 1.0 4.0 3.0 4.0 5.0 1.0 3.0  
17 14.0 4.0 3.0 3.0 2.0 4.0 2.0 4.0 2.0 2.0 1.0 2.0 3.0 1.0 3.0 4.0 3.0 4.0 2.0 2.0 1.0 1.0 3.0 4.0 1.0 5.0 5.0 3.0 2.0 1.0 1.0 2.0 4.0 1.0 1.0 4.0 3.0 2.0 3.0 4.0 2.0 5.0 3.0 2.0 5.0 1.0 2.0 1.0 5.0 4.0 5.0  
31 15.0 3.0 4.0 1.0 2.0 2.0 5.0 3.0 5.0 2.0 3.0 1.0 4.0 3.0 1.0 4.0 3.0 5.0 3.0 1.0 3.0 5.0 1.0 5.0 5.0 1.0 2.0 1.0 1.0 5.0 4.0 4.0 2.0 5.0 4.0 4.0 2.0 5.0 4.0 1.0 3.0 3.0 1.0 4.0 5.0 2.0 3.0 2.0 3.0 1.0 1.0  
60 8.0 3.0 4.0 1.0 1.0 5.0 1.0 3.0 4.0 1.0 4.0 1.0 4.0 2.0 4.0 4.0 5.0 4.0 1.0 3.0 1.0 5.0 2.0 1.0 5.0 2.0 4.0 1.0 2.0 2.0 4.0 4.0 3.0 2.0 3.0 4.0 1.0 4.0 3.0 1.0 4.0 3.0 4.0 1.0 2.0 4.0 5.0 4.0 4.0 3.0 2.0  
75 13.0 4.0 1.0 2.0 5.0 4.0 3.0 4.0 2.0 1.0 4.0 4.0 3.0 4.0 5.0 3.0 5.0 1.0 4.0 5.0 5.0 1.0 5.0 5.0 5.0 1.0 2.0 1.0 2.0 5.0 1.0 3.0 3.0 4.0 1.0 1.0 4.0 5.0 2.0 5.0 2.0 4.0 2.0 4.0 2.0 4.0 2.0 5.0 1.0 4.0 2.0  
78 15.0 5.0 4.0 2.0 2.0 4.0 5.0 5.0 2.0 3.0 1.0 4.0 5.0 4.0 5.0 2.0 5.0 5.0 1.0 2.0 2.0 5.0 1.0 1.0 2.0 1.0 1.0 3.0 2.0 1.0 3.0 2.0 2.0 1.0 4.0 1.0 5.0 5.0 1.0 2.0 2.0 4.0 4.0 1.0 2.0 4.0 3.0 2.0 5.0 1.0 1.0  
55 8.0 4.0 1.0 5.0 3.0 1.0 4.0 1.0 3.0 5.0 1.0 4.0 4.0 2.0 4.0 2.0 1.0 2.0 4.0 1.0 2.0 5.0 5.0 1.0 5.0 3.0 3.0 4.0 3.0 3.0 2.0 3.0 4.0 2.0 2.0 3.0 5.0 5.0 5.0 2.0 2.0 5.0 1.0 5.0 3.0 3.0 5.0 3.0 3.0 1.0 4.0  
14 9.0 5.0 2.0 2.0 2.0 2.0 3.0 2.0 1.0 4.0 2.0 4.0 3.0 3.0 3.0 1.0 4.0 5.0 1.0 5.0 3.0 1.0 1.0 5.0 3.0 4.0 2.0 3.0 2.0 5.0 4.0 1.0 5.0 4.0 1.0 2.0 2.0 3.0 1.0 1.0 4.0 4.0 2.0 5.0 5.0 1.0 2.0 4.0 1.0 3.0 5.0  
7 7.0 3.0 2.0 3.0 4.0 5.0 5.0 5.0 2.0 3.0 2.0 3.0 4.0 1.0 4.0 3.0 5.0 2.0 5.0 3.0 5.0 1.0 5.0 2.0 1.0 2.0 2.0 2.0 5.0 4.0 2.0 5.0 5.0 3.0 3.0 2.0 1.0 2.0 2.0 5.0 1.0 3.0 1.0 4.0 4.0 4.0 5.0 4.0 1.0 4.0 1.0  
58 7.0 4.0 3.0 1.0 3.0 5.0 1.0 1.0 1.0 1.0 2.0 5.0 5.0 3.0 2.0 1.0 2.0 3.0 2.0 4.0 3.0 2.0 3.0 2.0 5.0 3.0 1.0 3.0 2.0 5.0 5.0 1.0 2.0 4.0 1.0 3.0 3.0 2.0 5.0 1.0 3.0 1.0 5.0 3.0 2.0 2.0 3.0 3.0 3.0 5.0 3.0  
12 7.0 1.0 3.0 1.0 1.0 2.0 5.0 2.0 3.0 4.0 2.0 5.0 3.0 5.0 5.0 1.0 4.0 4.0 2.0 1.0 1.0 3.0 5.0 2.0 5.0 1.0 4.0 1.0 2.0 5.0 3.0 4.0 5.0 3.0 4.0 4.0 2.0 5.0 3.0 2.0 3.0 4.0 5.0 1.0 3.0 1.0 1.0 3.0 3.0 4.0 2.0  
27 8.0 1.0 5.0 5.0 3.0 2.0 4.0 2.0 1.0 3.0 2.0 3.0 1.0 1.0 3.0 4.0 1.0 1.0 3.0 3.0 4.0 4.0 1.0 5.0 2.0 5.0 2.0 3.0 3.0 1.0 1.0 5.0 2.0 5.0 5.0 2.0 4.0 1.0 2.0 2.0 2.0 1.0 4.0 5.0 1.0 4.0 3.0 4.0 2.0 3.0 4.0  
52 9.0 2.0 5.0 1.0 2.0 2.0 4.0 1.0 3.0 2.0 5.0 5.0 5.0 1.0 2.0 3.0 3.0 4.0 1.0 4.0 5.0 1.0 5.0 1.0 2.0 1.0 2.0 4.0 5.0 4.0 2.0 1.0 2.0 2.0 2.0 1.0 2.0 1.0 4.0 5.0 3.0 2.0 5.0 2.0 3.0 2.0 3.0 4.0 4.0 4.0 5.0  
34 6.0 5.0 2.0 5.0 5.0 3.0 1.0 5.0 1.0 1.0 5.0 5.0 5.0 2.0 4.0 2.0 3.0 1.0 5.0 1.0 5.0 3.0 3.0 4.0 5.0 5.0 5.0 5.0 3.0 2.0 4.0 5.0 2.0 2.0 1.0 4.0 2.0 2.0 2.0 2.0 3.0 3.0 2.0 2.0 2.0 1.0 3.0 5.0 4.0 1.0 4.0  
84 8.0 3.0 2.0 1.0 5.0 5.0 5.0 2.0 2.0 2.0 2.0 3.0 3.0 5.0 3.0 3.0 5.0 5.0 5.0 4.0 3.0 2.0 3.0 2.0 4.0 4.0 3.0 5.0 2.0 5.0 1.0 3.0 3.0 2.0 5.0 2.0 5.0 2.0 3.0 1.0 5.0 4.0 1.0 3.0 1.0 3.0 1.0 2.0 3.0 3.0 4.0  
23 6.0 1.0 4.0 4.0 5.0 1.0 4.0 4.0 5.0 3.0 3.0 2.0 4.0 2.0 1.0 3.0 3.0 3.0 4.0 1.0 4.0 5.0 1.0 1.0 4.0 1.0 5.0 3.0 1.0 4.0 2.0 5.0 3.0 3.0 4.0 3.0 5.0 5.0 2.0 1.0 1.0 4.0 1.0 4.0 4.0 5.0 4.0 1.0 2.0 5.0 5.0  
30 8.0 3.0 2.0 5.0 4.0 4.0 2.0 4.0 5.0 2.0 4.0 2.0 5.0 4.0 4.0 5.0 4.0 3.0 1.0 4.0 5.0 4.0 4.0 4.0 3.0 4.0 1.0 5.0 3.0 5.0 2.0 5.0 2.0 4.0 4.0 1.0 1.0 5.0 2.0 5.0 2.0 2.0 3.0 1.0 3.0 1.0 5.0 5.0 4.0 1.0 2.0  
64 11.0 1.0 5.0 2.0 3.0 5.0 2.0 5.0 4.0 2.0 3.0 3.0 2.0 3.0 4.0 4.0 3.0 5.0 1.0 1.0 2.0 4.0 5.0 4.0 1.0 3.0 2.0 4.0 3.0 2.0 3.0 5.0 1.0 1.0 5.0 5.0 2.0 1.0 4.0 2.0 4.0 4.0 4.0 4.0 3.0 5.0 5.0 5.0 1.0 2.0 1.0  
92 13.0 5.0 3.0 5.0 3.0 4.0 2.0 4.0 3.0 5.0 5.0 3.0 5.0 4.0 5.0 1.0 5.0 3.0 3.0 3.0 4.0 3.0 3.0 5.0 1.0 2.0 5.0 1.0 3.0 4.0 4.0 2.0 4.0 1.0 3.0 1.0 4.0 5.0 4.0 1.0 3.0 1.0 4.0 1.0 4.0 5.0 5.0 3.0 1.0 3.0 2.0  
74 10.0 3.0 5.0 1.0 1.0 3.0 5.0 4.0 2.0 4.0 1.0 1.0 3.0 5.0 1.0 2.0 2.0 3.0 5.0 3.0 1.0 5.0 5.0 4.0 1.0 1.0 3.0 4.0 5.0 4.0 4.0 1.0 2.0 3.0 1.0 1.0 1.0 3.0 4.0 4.0 2.0 4.0 1.0 5.0 1.0 4.0 3.0 1.0 1.0 1.0 3.0  
48 8.0 3.0 4.0 2.0 3.0 4.0 2.0 1.0 5.0 4.0 3.0 5.0 5.0 2.0 1.0 5.0 1.0 5.0 5.0 1.0 5.0 3.0 1.0 3.0 5.0 5.0 1.0 5.0 5.0 1.0 4.0 5.0 3.0 1.0 2.0 5.0 5.0 5.0 1.0 2.0 1.0 5.0 2.0 5.0 3.0 2.0 2.0 2.0 4.0 1.0 1.0  
50 10.0 1.0 5.0 4.0 3.0 3.0 3.0 1.0 1.0 5.0 1.0 5.0 3.0 4.0 3.0 3.0 1.0 5.0 5.0 5.0 5.0 4.0 1.0 1.0 4.0 3.0 3.0 1.0 4.0 4.0 3.0 3.0 4.0 5.0 3.0 5.0 4.0 2.0 1.0 3.0 5.0 4.0 1.0 2.0 2.0 3.0 5.0 5.0 2.0 2.0 4.0  
96 10.0 4.0 3.0 5.0 1.0 5.0 2.0 3.0 2.0 4.0 3.0 4.0 5.0 4.0 5.0 3.0 1.0 1.0 1.0 2.0 5.0 5.0 4.0 4.0 5.0 3.0 3.0 1.0 5.0 1.0 2.0 1.0 2.0 4.0 2.0 4.0 4.0 4.0 1.0 3.0 5.0 3.0 4.0 5.0 2.0 2.0 5.0 2.0 2.0 2.0 3.0  
93 7.0 5.0 2.0 5.0 3.0 5.0 3.0 2.0 1.0 2.0 2.0 1.0 4.0 4.0 1.0 2.0 1.0 5.0 2.0 3.0 5.0 2.0 2.0 1.0 1.0 2.0 5.0 4.0 1.0 3.0 4.0 1.0 2.0 2.0 1.0 2.0 2.0 4.0 2.0 2.0 2.0 1.0 3.0 5.0 2.0 1.0 5.0 3.0 5.0 4.0 5.0  
67 6.0 3.0 4.0 3.0 3.0 4.0 4.0 5.0 2.0 2.0 1.0 1.0 3.0 4.0 3.0 2.0 1.0 4.0 3.0 5.0 4.0 1.0 1.0 2.0 3.0 5.0 2.0 2.0 5.0 1.0 4.0 2.0 2.0 1.0 3.0 1.0 1.0 1.0 4.0 3.0 5.0 1.0 5.0 3.0 5.0 2.0 2.0 3.0 4.0 4.0 1.0  
35 10.0 2.0 4.0 2.0 4.0 2.0 5.0 1.0 1.0 5.0 3.0 1.0 2.0 2.0 1.0 1.0 3.0 1.0 2.0 4.0 4.0 3.0 1.0 2.0 3.0 3.0 1.0 3.0 4.0 1.0 2.0 5.0 1.0 5.0 5.0 3.0 2.0 5.0 1.0 4.0 3.0 4.0 2.0 1.0 5.0 4.0 1.0 1.0 4.0 4.0 5.0  
66 14.0 1.0 4.0 3.0 3.0 5.0 2.0 1.0 3.0 4.0 2.0 2.0 3.0 3.0 3.0 5.0 2.0 2.0 1.0 3.0 5.0 5.0 1.0 1.0 3.0 4.0 3.0 2.0 1.0 5.0 1.0 5.0 1.0 5.0 5.0 2.0 3.0 4.0 4.0 5.0 3.0 2.0 1.0 5.0 2.0 5.0 2.0 1.0 5.0 5.0 5.0  
70 11.0 4.0 2.0 3.0 4.0 1.0 3.0 3.0 3.0 1.0 1.0 5.0 1.0 3.0 1.0 1.0 4.0 1.0 2.0 1.0 5.0 4.0 5.0 1.0 2.0 5.0 4.0 3.0 3.0 2.0 1.0 2.0 1.0 1.0 3.0 1.0 2.0 2.0 5.0 1.0 3.0 1.0 2.0 2.0 3.0 2.0 1.0 4.0 4.0 1.0 4.0  
22 8.0 3.0 5.0 3.0 3.0 4.0 4.0 5.0 1.0 1.0 5.0 4.0 2.0 1.0 3.0 4.0 4.0 3.0 1.0 4.0 3.0 2.0 1.0 5.0 2.0 4.0 2.0 3.0 3.0 5.0 5.0 1.0 5.0 5.0 2.0 3.0 3.0 5.0 3.0 5.0 1.0 1.0 4.0 2.0 5.0 4.0 3.0 1.0 5.0 5.0 2.0  
5 8.0 4.0 2.0 5.0 4.0 3.0 4.0 1.0 5.0 5.0 3.0 2.0 1.0 2.0 1.0 5.0 2.0 2.0 1.0 1.0 2.0 2.0 2.0 2.0 5.0 4.0 5.0 2.0 3.0 5.0 5.0 2.0 3.0 1.0 4.0 5.0 4.0 2.0 3.0 4.0 2.0 5.0 4.0 2.0 5.0 3.0 2.0 3.0 3.0 4.0 1.0  
47 11.0 1.0 4.0 4.0 4.0 1.0 2.0 1.0 5.0 4.0 2.0 1.0 5.0 4.0 1.0 2.0 5.0 3.0 5.0 3.0 4.0 2.0 1.0 5.0 3.0 5.0 5.0 5.0 3.0 3.0 5.0 5.0 3.0 4.0 3.0 5.0 4.0 1.0 4.0 1.0 4.0 3.0 5.0 4.0 4.0 5.0 3.0 2.0 5.0 3.0 5.0  
54 13.0 1.0 4.0 4.0 5.0 2.0 1.0 5.0 4.0 4.0 5.0 2.0 2.0 3.0 1.0 1.0 1.0 3.0 3.0 2.0 1.0 5.0 1.0 2.0 1.0 4.0 4.0 3.0 2.0 2.0 2.0 5.0 3.0 2.0 4.0 5.0 5.0 2.0 1.0 1.0 3.0 2.0 2.0 1.0 4.0 4.0 2.0 1.0 5.0 3.0 1.0  
20 12.0 2.0 5.0 2.0 3.0 1.0 3.0 5.0 4.0 3.0 3.0 1.0 1.0 1.0 1.0 1.0 5.0 1.0 3.0 4.0 4.0 1.0 3.0 2.0 2.0 2.0 3.0 4.0 5.0 3.0 2.0 4.0 4.0 2.0 2.0 5.0 5.0 4.0 5.0 2.0 4.0 3.0 5.0 2.0 4.0 4.0 3.0 5.0 4.0 4.0 3.0  
29 13.0 3.0 2.0 2.0 3.0 1.0 1.0 2.0 5.0 5.0 4.0 1.0 4.0 2.0 5.0 4.0 3.0 4.0 2.0 2.0 1.0 2.0 1.0 4.0 5.0 2.0 1.0 3.0 2.0 3.0 5.0 3.0 4.0 2.0 3.0 3.0 1.0 1.0 4.0 2.0 1.0 5.0 3.0 1.0 4.0 5.0 3.0 3.0 2.0 2.0 4.0  
97 8.0 1.0 4.0 2.0 1.0 3.0 4.0 3.0 5.0 4.0 4.0 3.0 1.0 5.0 4.0 3.0 4.0 3.0 1.0 4.0 2.0 3.0 4.0 4.0 4.0 3.0 3.0 2.0 5.0 2.0 5.0 2.0 4.0 2.0 2.0 1.0 3.0 5.0 2.0 5.0 4.0 5.0 3.0 3.0 1.0 3.0 5.0 2.0 5.0 3.0 5.0  
11 12.0 2.0 1.0 1.0 4.0 3.0 2.0 3.0 5.0 4.0 2.0 1.0 4.0 5.0 4.0 3.0 1.0 4.0 4.0 2.0 1.0 5.0 2.0 5.0 2.0 3.0 3.0 2.0 3.0 5.0 2.0 2.0 3.0 5.0 1.0 3.0 1.0 4.0 3.0 1.0 4.0 2.0 1.0 1.0 4.0 3.0 2.0 3.0 3.0 4.0 3.0  
40 6.0 3.0 4.0 2.0 4.0 5.0 3.0 1.0 4.0 4.0 2.0 3.0 4.0 4.0 4.0 4.0 1.0 4.0 2.0 1.0 3.0 3.0 3.0 3.0 3.0 5.0 4.0 5.0 1.0 5.0 1.0 3.0 1.0 5.0 1.0 4.0 5.0 2.0 1.0 3.0 2.0 3.0 1.0 5.0 2.0 4.0 4.0 1.0 1.0 3.0 5.0  
4 14.0 5.0 5.0 3.0 4.0 4.0 4.0 4.0 5.0 2.0 1.0 2.0 4.0 3.0 3.0 1.0 3.0 5.0 2.0 2.0 2.0 3.0 2.0 3.0 1.0 5.0 4.0 1.0 4.0 5.0 5.0 4.0 3.0 4.0 4.0 3.0 4.0 3.0 5.0 2.0 3.0 2.0 3.0 5.0 4.0 3.0 1.0 5.0 2.0 5.0 1.0  
28 8.0 5.0 3.0 1.0 2.0 3.0 2.0 2.0 1.0 4.0 3.0 5.0 1.0 4.0 1.0 2.0 3.0 1.0 3.0 1.0 3.0 1.0 2.0 1.0 3.0 3.0 2.0 4.0 4.0 5.0 1.0 5.0 4.0 3.0 3.0 4.0 5.0 2.0 5.0 1.0 4.0 1.0 5.0 2.0 1.0 5.0 1.0 5.0 2.0 5.0 3.0  
90 11.0 5.0 2.0 2.0 2.0 3.0 1.0 1.0 1.0 5.0 2.0 2.0 4.0 4.0 2.0 5.0 4.0 4.0 3.0 5.0 2.0 4.0 2.0 1.0 1.0 3.0 2.0 3.0 2.0 3.0 2.0 5.0 5.0 5.0 5.0 2.0 1.0 5.0 1.0 1.0 1.0 2.0 4.0 2.0 3.0 3.0 5.0 4.0 3.0 5.0 1.0  
33 6.0 4.0 4.0 4.0 1.0 1.0 1.0 1.0 3.0 3.0 4.0 3.0 2.0 2.0 2.0 2.0 5.0 5.0 2.0 2.0 5.0 4.0 3.0 2.0 3.0 5.0 2.0 4.0 4.0 4.0 1.0 2.0 5.0 2.0 2.0 1.0 2.0 1.0 4.0 2.0 4.0 2.0 3.0 3.0 3.0 1.0 3.0 2.0 3.0 4.0 2.0  
45 7.0 2.0 2.0 4.0 4.0 3.0 2.0 2.0 4.0 5.0 2.0 2.0 4.0 1.0 3.0 1.0 1.0 5.0 4.0 2.0 1.0 3.0 4.0 4.0 2.0 4.0 4.0 4.0 4.0 5.0 5.0 5.0 2.0 2.0 1.0 5.0 3.0 2.0 3.0 1.0 2.0 5.0 2.0 3.0 1.0 3.0 4.0 4.0 3.0 4.0 4.0  
77 15.0 3.0 5.0 1.0 4.0 1.0 5.0 3.0 2.0 5.0 4.0 2.0 1.0 2.0 3.0 3.0 2.0 5.0 5.0 2.0 4.0 2.0 2.0 4.0 1.0 5.0 4.0 1.0 1.0 5.0 5.0 2.0 1.0 4.0 1.0 5.0 3.0 2.0 5.0 2.0 2.0 3.0 5.0 5.0 2.0 5.0 2.0 5.0 1.0 2.0 4.0  
2 11.0 5.0 1.0 5.0 4.0 2.0 5.0 3.0 5.0 3.0 1.0 3.0 3.0 4.0 1.0 1.0 4.0 2.0 2.0 2.0 1.0 1.0 3.0 5.0 1.0 4.0 5.0 1.0 4.0 2.0 2.0 5.0 2.0 2.0 3.0 4.0 3.0 5.0 5.0 4.0 5.0 5.0 1.0 2.0 2.0 4.0 4.0 5.0 1.0 5.0 3.0  
43 15.0 5.0 4.0 2.0 2.0 3.0 4.0 1.0 3.0 4.0 2.0 3.0 2.0 4.0 3.0 4.0 2.0 3.0 3.0 2.0 2.0 4.0 5.0 1.0 4.0 2.0 5.0 2.0 5.0 3.0 2.0 4.0 1.0 2.0 1.0 5.0 1.0 2.0 1.0 4.0 3.0 2.0 1.0 3.0 5.0 2.0 4.0 2.0 1.0 2.0 4.0  
24 7.0 5.0 2.0 2.0 4.0 5.0 1.0 4.0 4.0 5.0 4.0 4.0 4.0 4.0 2.0 5.0 3.0 1.0 2.0 3.0 3.0 1.0 2.0 1.0 1.0 3.0 2.0 5.0 3.0 4.0 5.0 5.0 4.0 1.0 1.0 4.0 4.0 5.0 2.0 4.0 2.0 5.0 4.0 3.0 5.0 1.0 5.0 3.0 4.0 5.0 5.0  
19 7.0 2.0 4.0 3.0 1.0 2.0 4.0 3.0 3.0 1.0 1.0 1.0 2.0 4.0 5.0 3.0 2.0 1.0 5.0 1.0 5.0 4.0 4.0 2.0 3.0 1.0 1.0 3.0 5.0 3.0 2.0 1.0 1.0 4.0 3.0 5.0 2.0 4.0 1.0 4.0 2.0 5.0 1.0 5.0 3.0 3.0 1.0 2.0 2.0 2.0 2.0  
68 12.0 3.0 1.0 3.0 2.0 1.0 1.0 3.0 4.0 1.0 4.0 2.0 2.0 5.0 4.0 1.0 3.0 2.0 2.0 4.0 3.0 5.0 2.0 2.0 3.0 3.0 4.0 3.0 2.0 1.0 2.0 2.0 3.0 2.0 1.0 4.0 2.0 5.0 2.0 1.0 5.0 3.0 5.0 4.0 1.0 2.0 4.0 2.0 5.0 4.0 4.0  
72 6.0 2.0 2.0 4.0 3.0 2.0 5.0 2.0 5.0 1.0 2.0 3.0 3.0 5.0 5.0 5.0 4.0 4.0 5.0 5.0 2.0 2.0 1.0 2.0 3.0 4.0 2.0 4.0 2.0 1.0 3.0 4.0 2.0 2.0 2.0 3.0 5.0 4.0 4.0 2.0 5.0 5.0 1.0 4.0 3.0 1.0 4.0 1.0 2.0 3.0 3.0  
71 6.0 2.0 2.0 5.0 2.0 5.0 3.0 2.0 3.0 1.0 4.0 2.0 5.0 5.0 5.0 5.0 2.0 4.0 4.0 3.0 5.0 4.0 5.0 1.0 4.0 1.0 3.0 2.0 2.0 2.0 4.0 2.0 2.0 1.0 4.0 2.0 4.0 3.0 5.0 5.0 2.0 5.0 5.0 4.0 1.0 1.0 3.0 1.0 2.0 5.0 3.0  
1 12.0 1.0 3.0 2.0 3.0 5.0 5.0 4.0 5.0 1.0 1.0 5.0 3.0 2.0 1.0 4.0 1.0 3.0 3.0 4.0 4.0 3.0 3.0 5.0 5.0 5.0 5.0 4.0 5.0 1.0 1.0 5.0 4.0 3.0 3.0 4.0 4.0 2.0 3.0 2.0 2.0 5.0 5.0 1.0 2.0 2.0 4.0 5.0 2.0 2.0 3.0  
51 13.0 4.0 3.0 5.0 5.0 4.0 1.0 5.0 4.0 2.0 5.0 2.0 4.0 2.0 2.0 3.0 5.0 4.0 1.0 5.0 3.0 2.0 3.0 1.0 3.0 4.0 4.0 4.0 4.0 1.0 4.0 2.0 1.0 5.0 2.0 1.0 1.0 3.0 1.0 1.0 5.0 2.0 2.0 3.0 2.0 3.0 2.0 5.0 2.0 5.0 5.0  
46 14.0 5.0 3.0 2.0 2.0 2.0 1.0 2.0 5.0 4.0 5.0 2.0 5.0 1.0 5.0 1.0 2.0 2.0 3.0 3.0 1.0 1.0 5.0 5.0 3.0 4.0 1.0 3.0 1.0 3.0 3.0 4.0 4.0 4.0 1.0 2.0 5.0 4.0 2.0 5.0 3.0 3.0 2.0 1.0 2.0 3.0 4.0 4.0 1.0 4.0 3.0  
6 11.0 4.0 2.0 3.0 4.0 2.0 1.0 1.0 2.0 5.0 2.0 4.0 4.0 2.0 4.0 3.0 4.0 5.0 5.0 3.0 1.0 2.0 1.0 5.0 5.0 3.0 1.0 3.0 4.0 5.0 2.0 3.0 4.0 3.0 4.0 5.0 2.0 3.0 5.0 4.0 3.0 2.0 1.0 1.0 1.0 1.0 2.0 1.0 2.0 4.0 3.0  
81 8.0 4.0 2.0 2.0 5.0 2.0 5.0 4.0 5.0 2.0 3.0 2.0 1.0 2.0 4.0 4.0 5.0 2.0 1.0 5.0 1.0 3.0 2.0 3.0 2.0 5.0 3.0 4.0 5.0 2.0 4.0 4.0 4.0 3.0 5.0 5.0 3.0 1.0 5.0 2.0 4.0 3.0 4.0 2.0 2.0 5.0 3.0 1.0 1.0 4.0 1.0  
25 14.0 1.0 2.0 5.0 3.0 3.0 3.0 2.0 2.0 5.0 3.0 3.0 5.0 4.0 4.0 2.0 4.0 4.0 5.0 2.0 3.0 3.0 4.0 4.0 1.0 2.0 2.0 2.0 3.0 2.0 4.0 5.0 1.0 3.0 2.0 2.0 2.0 1.0 3.0 4.0 5.0 2.0 5.0 1.0 2.0 4.0 4.0 4.0 5.0 1.0 5.0  
69 9.0 5.0 2.0 3.0 1.0 1.0 3.0 4.0 3.0 4.0 3.0 2.0 4.0 3.0 2.0 3.0 1.0 4.0 2.0 1.0 2.0 1.0 3.0 1.0 3.0 1.0 2.0 5.0 3.0 3.0 1.0 1.0 5.0 4.0 4.0 4.0 4.0 5.0 1.0 3.0 1.0 1.0 2.0 1.0 2.0 5.0 4.0 3.0 3.0 1.0 5.0  
42 13.0 5.0 2.0 2.0 2.0 5.0 3.0 5.0 5.0 2.0 2.0 1.0 4.0 1.0 4.0 3.0 1.0 3.0 2.0 2.0 4.0 5.0 3.0 2.0 1.0 3.0 3.0 4.0 5.0 2.0 5.0 2.0 4.0 5.0 1.0 1.0 1.0 2.0 1.0 5.0 5.0 4.0 1.0 2.0 4.0 1.0 4.0 2.0 2.0 1.0 3.0  
59 15.0 1.0 1.0 5.0 5.0 4.0 5.0 2.0 4.0 4.0 1.0 3.0 5.0 1.0 5.0 1.0 4.0 4.0 3.0 5.0 1.0 4.0 1.0 3.0 4.0 3.0 4.0 4.0 2.0 4.0 2.0 1.0 4.0 3.0 2.0 5.0 1.0 2.0 3.0 4.0 3.0 1.0 4.0 1.0 1.0 5.0 1.0 4.0 4.0 5.0 4.0  
87 6.0 5.0 4.0 4.0 4.0 4.0 2.0 2.0 4.0 3.0 3.0 3.0 2.0 3.0 4.0 1.0 4.0 2.0 5.0 5.0 1.0 1.0 3.0 2.0 1.0 2.0 4.0 4.0 2.0 2.0 4.0 4.0 4.0 1.0 4.0 2.0 3.0 4.0 1.0 3.0 2.0 1.0 4.0 2.0 1.0 1.0 2.0 5.0 5.0 5.0 3.0  
13 11.0 5.0 4.0 1.0 1.0 1.0 5.0 3.0 1.0 2.0 1.0 3.0 4.0 4.0 2.0 5.0 1.0 1.0 2.0 5.0 3.0 5.0 1.0 3.0 3.0 5.0 5.0 1.0 1.0 5.0 4.0 1.0 1.0 5.0 5.0 1.0 3.0 3.0 2.0 5.0 4.0 1.0 1.0 5.0 3.0 5.0 2.0 4.0 1.0 1.0 2.0  
85 11.0 4.0 5.0 5.0 3.0 5.0 1.0 3.0 4.0 4.0 3.0 3.0 5.0 1.0 2.0 5.0 3.0 1.0 5.0 4.0 3.0 3.0 5.0 5.0 3.0 5.0 1.0 1.0 2.0 1.0 5.0 4.0 1.0 2.0 5.0 1.0 5.0 3.0 4.0 3.0 5.0 3.0 2.0 3.0 3.0 1.0 1.0 5.0 3.0 4.0 1.0  
