80 10
TREE NETWORK (nID nID Weight):
1 0 39.0 
10 0 57.0 
54 0 41.0 
11 10 48.0 
2 1 45.0 
34 10 38.0 
3 2 48.0 
35 34 38.0 
12 11 36.0 
13 11 40.0 
45 10 36.0 
57 0 46.0 
71 0 51.0 
32 11 58.0 
58 57 42.0 
14 13 49.0 
7 1 45.0 
59 58 53.0 
15 14 57.0 
48 10 37.0 
60 59 37.0 
63 59 42.0 
21 13 41.0 
61 60 36.0 
67 57 34.0 
22 21 41.0 
76 0 48.0 
16 15 47.0 
17 14 58.0 
49 48 56.0 
72 71 44.0 
36 35 38.0 
19 14 41.0 
33 32 38.0 
37 36 34.0 
38 34 35.0 
23 13 41.0 
42 34 43.0 
55 54 33.0 
77 76 41.0 
66 58 36.0 
25 13 38.0 
39 38 31.0 
68 67 52.0 
28 13 40.0 
50 49 59.0 
8 7 46.0 
29 28 40.0 
4 2 44.0 
5 2 55.0 
65 59 58.0 
26 25 44.0 
43 42 56.0 
64 63 53.0 
46 45 47.0 
69 68 59.0 
56 54 37.0 
24 23 57.0 
51 10 59.0 
9 7 55.0 
30 28 47.0 
52 51 55.0 
53 10 38.0 
18 17 45.0 
62 61 59.0 
20 19 45.0 
27 26 49.0 
44 34 37.0 
41 38 55.0 
78 76 46.0 
73 71 40.0 
31 28 38.0 
70 68 32.0 
40 39 31.0 
47 46 50.0 
79 0 39.0 
74 73 50.0 
6 2 55.0 
75 73 58.0 
PROGRAMS ASSIGNED TO NODES (nID pID1 pID2 ...):
0 1 2 3 4 5 6 7 8 9 10  
6 4 8 9  
71 1 2 3 4 5 6 7 8 10  
20 2 3 4 5 6 7 8 9 10  
41 1 3 5 6 9  
9 2 3  
47 6  
51 8  
17 1 2 7 9 10  
65 1 2 3 4 5 7 8 9 10  
13 1 2 3 6 9 10  
78 1 2 3 4 5 6 7 8 9  
52 2 3 4 7 8 9  
30 1 2 3 4 5 7 8  
14 2 4 5 6 8 9  
73 1 3 4 8 10  
40  
49  
34 1 2 4 5 6 8  
69 1 3 4 5 8  
48 1 2 3 4 7 8 10  
63 2 7 8  
5 7 10  
66 1 2 6 8 9 10  
15  
10 1 2 10  
74  
37  
50 7 10  
62 1 2 3 4 5 7 8 9 10  
64 6 8 9 10  
45 2 3 4 5 6 7 8 9 10  
27 1 3 9  
16 2 3 6  
54 3 4 5 6 7 10  
18 1 2 4 5 7 8 10  
31 1 2 3 4 8 9 10  
29 2 3 9  
39 1 3 5 6 7 8 9 10  
23 3 4 5 6 7 8  
21 1 3 5 6 8 10  
19 6  
2  
77 1 2 3 5 7 10  
67 1 5 9  
60 1 2 3 5  
75 1 2 4 5 8  
59 4 7 9 10  
57 5 6 8  
53  
44 1 3 4 6 8 9 10  
26 3 4 9  
11 1 2 3 4 5 9  
32 1 2 3 5 7 8  
38 4 5 6 7  
42 2 3 5 8 9  
12 2 3 4 5 6 7 8 9 10  
7 1 3 5 6 7 8  
36 3 4 6 7 9 10  
24 1 2 3 5 6 7 8 10  
61 3 4 5 8 10  
43 1 2 4 5 6 7 8  
76  
58 2 4 7  
25 2 4 6 10  
68 3 4  
1 1 2 3 4 5 6 8 10  
4 1 2 4 5 7  
33 1 4 6 7 8 9 10  
79 5 8 10  
28 1 2 5 7  
46 1 2 5 9  
72 3 4 9 10  
22 1 3 6  
3 2 3 4 5 6 7  
70  
55 5 6 9  
8 6  
35 2  
56 4 5  
SIZE OF PROGRAMS (pID SIZE):
1 84.0 
2 81.0 
3 57.0 
4 40.0 
5 66.0 
6 94.0 
7 86.0 
8 86.0 
9 88.0 
10 79.0 
COST_INSTALL_SERVER_AND_PROGRAMS :
0 2619.148936170213 1.7872340425531914 1.7234042553191489 1.2127659574468086 0.851063829787234 1.4042553191489362 2.0 1.8297872340425532 1.8297872340425532 1.872340425531915 1.6808510638297873  
6 7.934123052640119 1.7872340425531914 1.7234042553191489 1.2127659574468086 0.851063829787234 1.4042553191489362 2.0 1.8297872340425532 1.8297872340425532 1.872340425531915 1.6808510638297873  
71 4.205418337173144 2.6808510638297873 2.5851063829787235 1.8191489361702127 1.2765957446808511 2.106382978723404 3.0 2.74468085106383 2.74468085106383 2.8085106382978724 2.521276595744681  
20 88.08528525857682 1.7872340425531914 1.7234042553191489 1.2127659574468086 0.851063829787234 1.4042553191489362 2.0 1.8297872340425532 1.8297872340425532 1.872340425531915 1.6808510638297873  
41 43.118723913390646 2.6808510638297873 2.5851063829787235 1.8191489361702127 1.2765957446808511 2.106382978723404 3.0 2.74468085106383 2.74468085106383 2.8085106382978724 2.521276595744681  
9 8.321006966067715 1.7872340425531914 1.7234042553191489 1.2127659574468086 0.851063829787234 1.4042553191489362 2.0 1.8297872340425532 1.8297872340425532 1.872340425531915 1.6808510638297873  
47 3.628264947336909 2.6808510638297873 2.5851063829787235 1.8191489361702127 1.2765957446808511 2.106382978723404 3.0 2.74468085106383 2.74468085106383 2.8085106382978724 2.521276595744681  
51 16.70193997261463 1.7872340425531914 1.7234042553191489 1.2127659574468086 0.851063829787234 1.4042553191489362 2.0 1.8297872340425532 1.8297872340425532 1.872340425531915 1.6808510638297873  
17 85.94123368722076 1.7872340425531914 1.7234042553191489 1.2127659574468086 0.851063829787234 1.4042553191489362 2.0 1.8297872340425532 1.8297872340425532 1.872340425531915 1.6808510638297873  
65 57.14279844846154 2.6808510638297873 2.5851063829787235 1.8191489361702127 1.2765957446808511 2.106382978723404 3.0 2.74468085106383 2.74468085106383 2.8085106382978724 2.521276595744681  
13 37.09419277172928 2.6808510638297873 2.5851063829787235 1.8191489361702127 1.2765957446808511 2.106382978723404 3.0 2.74468085106383 2.74468085106383 2.8085106382978724 2.521276595744681  
78 16.22114490942326 2.6808510638297873 2.5851063829787235 1.8191489361702127 1.2765957446808511 2.106382978723404 3.0 2.74468085106383 2.74468085106383 2.8085106382978724 2.521276595744681  
52 13.311116495272923 1.7872340425531914 1.7234042553191489 1.2127659574468086 0.851063829787234 1.4042553191489362 2.0 1.8297872340425532 1.8297872340425532 1.872340425531915 1.6808510638297873  
30 56.336962582341116 1.7872340425531914 1.7234042553191489 1.2127659574468086 0.851063829787234 1.4042553191489362 2.0 1.8297872340425532 1.8297872340425532 1.872340425531915 1.6808510638297873  
14 84.24006996062231 1.7872340425531914 1.7234042553191489 1.2127659574468086 0.851063829787234 1.4042553191489362 2.0 1.8297872340425532 1.8297872340425532 1.872340425531915 1.6808510638297873  
73 21.984420610107577 1.7872340425531914 1.7234042553191489 1.2127659574468086 0.851063829787234 1.4042553191489362 2.0 1.8297872340425532 1.8297872340425532 1.872340425531915 1.6808510638297873  
40 975.0 1.7872340425531914 1.7234042553191489 1.2127659574468086 0.851063829787234 1.4042553191489362 2.0 1.8297872340425532 1.8297872340425532 1.872340425531915 1.6808510638297873  
49 9.263436098461556 1.7872340425531914 1.7234042553191489 1.2127659574468086 0.851063829787234 1.4042553191489362 2.0 1.8297872340425532 1.8297872340425532 1.872340425531915 1.6808510638297873  
34 35.40500739412057 1.7872340425531914 1.7234042553191489 1.2127659574468086 0.851063829787234 1.4042553191489362 2.0 1.8297872340425532 1.8297872340425532 1.872340425531915 1.6808510638297873  
69 25.099634581698655 1.7872340425531914 1.7234042553191489 1.2127659574468086 0.851063829787234 1.4042553191489362 2.0 1.8297872340425532 1.8297872340425532 1.872340425531915 1.6808510638297873  
48 29.430097919104593 2.6808510638297873 2.5851063829787235 1.8191489361702127 1.2765957446808511 2.106382978723404 3.0 2.74468085106383 2.74468085106383 2.8085106382978724 2.521276595744681  
63 29.781254322312012 1.7872340425531914 1.7234042553191489 1.2127659574468086 0.851063829787234 1.4042553191489362 2.0 1.8297872340425532 1.8297872340425532 1.872340425531915 1.6808510638297873  
5 13.97937216218765 1.7872340425531914 1.7234042553191489 1.2127659574468086 0.851063829787234 1.4042553191489362 2.0 1.8297872340425532 1.8297872340425532 1.872340425531915 1.6808510638297873  
66 32.88436993162505 1.7872340425531914 1.7234042553191489 1.2127659574468086 0.851063829787234 1.4042553191489362 2.0 1.8297872340425532 1.8297872340425532 1.872340425531915 1.6808510638297873  
15 24.766672746170766 2.6808510638297873 2.5851063829787235 1.8191489361702127 1.2765957446808511 2.106382978723404 3.0 2.74468085106383 2.74468085106383 2.8085106382978724 2.521276595744681  
10 7.15979620577455 1.7872340425531914 1.7234042553191489 1.2127659574468086 0.851063829787234 1.4042553191489362 2.0 1.8297872340425532 1.8297872340425532 1.872340425531915 1.6808510638297873  
74 638.0 2.6808510638297873 2.5851063829787235 1.8191489361702127 1.2765957446808511 2.106382978723404 3.0 2.74468085106383 2.74468085106383 2.8085106382978724 2.521276595744681  
37 987.0 2.6808510638297873 2.5851063829787235 1.8191489361702127 1.2765957446808511 2.106382978723404 3.0 2.74468085106383 2.74468085106383 2.8085106382978724 2.521276595744681  
50 9.76172884079862 2.6808510638297873 2.5851063829787235 1.8191489361702127 1.2765957446808511 2.106382978723404 3.0 2.74468085106383 2.74468085106383 2.8085106382978724 2.521276595744681  
62 63.62461333739302 2.6808510638297873 2.5851063829787235 1.8191489361702127 1.2765957446808511 2.106382978723404 3.0 2.74468085106383 2.74468085106383 2.8085106382978724 2.521276595744681  
64 29.23764859216421 2.6808510638297873 2.5851063829787235 1.8191489361702127 1.2765957446808511 2.106382978723404 3.0 2.74468085106383 2.74468085106383 2.8085106382978724 2.521276595744681  
45 21.008038455478047 1.7872340425531914 1.7234042553191489 1.2127659574468086 0.851063829787234 1.4042553191489362 2.0 1.8297872340425532 1.8297872340425532 1.872340425531915 1.6808510638297873  
27 41.4590413648603 1.7872340425531914 1.7234042553191489 1.2127659574468086 0.851063829787234 1.4042553191489362 2.0 1.8297872340425532 1.8297872340425532 1.872340425531915 1.6808510638297873  
16 34.3515070324713 2.6808510638297873 2.5851063829787235 1.8191489361702127 1.2765957446808511 2.106382978723404 3.0 2.74468085106383 2.74468085106383 2.8085106382978724 2.521276595744681  
54 3.5662897515513396 2.6808510638297873 2.5851063829787235 1.8191489361702127 1.2765957446808511 2.106382978723404 3.0 2.74468085106383 2.74468085106383 2.8085106382978724 2.521276595744681  
18 87.36984770006838 2.6808510638297873 2.5851063829787235 1.8191489361702127 1.2765957446808511 2.106382978723404 3.0 2.74468085106383 2.74468085106383 2.8085106382978724 2.521276595744681  
31 63.754950571946964 2.6808510638297873 2.5851063829787235 1.8191489361702127 1.2765957446808511 2.106382978723404 3.0 2.74468085106383 2.74468085106383 2.8085106382978724 2.521276595744681  
29 13.999155150543823 2.6808510638297873 2.5851063829787235 1.8191489361702127 1.2765957446808511 2.106382978723404 3.0 2.74468085106383 2.74468085106383 2.8085106382978724 2.521276595744681  
39 60.6275018533779 2.6808510638297873 2.5851063829787235 1.8191489361702127 1.2765957446808511 2.106382978723404 3.0 2.74468085106383 2.74468085106383 2.8085106382978724 2.521276595744681  
23 37.367079330358436 2.6808510638297873 2.5851063829787235 1.8191489361702127 1.2765957446808511 2.106382978723404 3.0 2.74468085106383 2.74468085106383 2.8085106382978724 2.521276595744681  
21 25.92397937973056 2.6808510638297873 2.5851063829787235 1.8191489361702127 1.2765957446808511 2.106382978723404 3.0 2.74468085106383 2.74468085106383 2.8085106382978724 2.521276595744681  
19 54.89245804544159 2.6808510638297873 2.5851063829787235 1.8191489361702127 1.2765957446808511 2.106382978723404 3.0 2.74468085106383 2.74468085106383 2.8085106382978724 2.521276595744681  
2 44.312581823915394 1.7872340425531914 1.7234042553191489 1.2127659574468086 0.851063829787234 1.4042553191489362 2.0 1.8297872340425532 1.8297872340425532 1.872340425531915 1.6808510638297873  
77 4.104973217895744 1.7872340425531914 1.7234042553191489 1.2127659574468086 0.851063829787234 1.4042553191489362 2.0 1.8297872340425532 1.8297872340425532 1.872340425531915 1.6808510638297873  
67 9.821201564893192 2.6808510638297873 2.5851063829787235 1.8191489361702127 1.2765957446808511 2.106382978723404 3.0 2.74468085106383 2.74468085106383 2.8085106382978724 2.521276595744681  
60 25.740478600332594 1.7872340425531914 1.7234042553191489 1.2127659574468086 0.851063829787234 1.4042553191489362 2.0 1.8297872340425532 1.8297872340425532 1.872340425531915 1.6808510638297873  
75 29.5066905777223 2.6808510638297873 2.5851063829787235 1.8191489361702127 1.2765957446808511 2.106382978723404 3.0 2.74468085106383 2.74468085106383 2.8085106382978724 2.521276595744681  
59 19.575251072458073 2.6808510638297873 2.5851063829787235 1.8191489361702127 1.2765957446808511 2.106382978723404 3.0 2.74468085106383 2.74468085106383 2.8085106382978724 2.521276595744681  
57 881.0 1.7872340425531914 1.7234042553191489 1.2127659574468086 0.851063829787234 1.4042553191489362 2.0 1.8297872340425532 1.8297872340425532 1.872340425531915 1.6808510638297873  
53 467.0 1.7872340425531914 1.7234042553191489 1.2127659574468086 0.851063829787234 1.4042553191489362 2.0 1.8297872340425532 1.8297872340425532 1.872340425531915 1.6808510638297873  
44 24.838273103591753 1.7872340425531914 1.7234042553191489 1.2127659574468086 0.851063829787234 1.4042553191489362 2.0 1.8297872340425532 1.8297872340425532 1.872340425531915 1.6808510638297873  
26 14.577549076688179 2.6808510638297873 2.5851063829787235 1.8191489361702127 1.2765957446808511 2.106382978723404 3.0 2.74468085106383 2.74468085106383 2.8085106382978724 2.521276595744681  
11 20.412794697099734 1.7872340425531914 1.7234042553191489 1.2127659574468086 0.851063829787234 1.4042553191489362 2.0 1.8297872340425532 1.8297872340425532 1.872340425531915 1.6808510638297873  
32 3.0632080406556526 2.6808510638297873 2.5851063829787235 1.8191489361702127 1.2765957446808511 2.106382978723404 3.0 2.74468085106383 2.74468085106383 2.8085106382978724 2.521276595744681  
38 44.54000869093565 2.6808510638297873 2.5851063829787235 1.8191489361702127 1.2765957446808511 2.106382978723404 3.0 2.74468085106383 2.74468085106383 2.8085106382978724 2.521276595744681  
42 28.61508269585741 1.7872340425531914 1.7234042553191489 1.2127659574468086 0.851063829787234 1.4042553191489362 2.0 1.8297872340425532 1.8297872340425532 1.872340425531915 1.6808510638297873  
12 14.044175981577215 1.7872340425531914 1.7234042553191489 1.2127659574468086 0.851063829787234 1.4042553191489362 2.0 1.8297872340425532 1.8297872340425532 1.872340425531915 1.6808510638297873  
7 25.61855058646668 2.6808510638297873 2.5851063829787235 1.8191489361702127 1.2765957446808511 2.106382978723404 3.0 2.74468085106383 2.74468085106383 2.8085106382978724 2.521276595744681  
36 42.259108152865714 1.7872340425531914 1.7234042553191489 1.2127659574468086 0.851063829787234 1.4042553191489362 2.0 1.8297872340425532 1.8297872340425532 1.872340425531915 1.6808510638297873  
24 56.221436901698425 1.7872340425531914 1.7234042553191489 1.2127659574468086 0.851063829787234 1.4042553191489362 2.0 1.8297872340425532 1.8297872340425532 1.872340425531915 1.6808510638297873  
61 81.81797416553567 2.6808510638297873 2.5851063829787235 1.8191489361702127 1.2765957446808511 2.106382978723404 3.0 2.74468085106383 2.74468085106383 2.8085106382978724 2.521276595744681  
43 28.866947046209617 2.6808510638297873 2.5851063829787235 1.8191489361702127 1.2765957446808511 2.106382978723404 3.0 2.74468085106383 2.74468085106383 2.8085106382978724 2.521276595744681  
76 246.0 2.6808510638297873 2.5851063829787235 1.8191489361702127 1.2765957446808511 2.106382978723404 3.0 2.74468085106383 2.74468085106383 2.8085106382978724 2.521276595744681  
58 8.005323110992324 1.7872340425531914 1.7234042553191489 1.2127659574468086 0.851063829787234 1.4042553191489362 2.0 1.8297872340425532 1.8297872340425532 1.872340425531915 1.6808510638297873  
25 41.75196133239287 1.7872340425531914 1.7234042553191489 1.2127659574468086 0.851063829787234 1.4042553191489362 2.0 1.8297872340425532 1.8297872340425532 1.872340425531915 1.6808510638297873  
68 9.028107653801612 1.7872340425531914 1.7234042553191489 1.2127659574468086 0.851063829787234 1.4042553191489362 2.0 1.8297872340425532 1.8297872340425532 1.872340425531915 1.6808510638297873  
1 7.344740363144247 1.7872340425531914 1.7234042553191489 1.2127659574468086 0.851063829787234 1.4042553191489362 2.0 1.8297872340425532 1.8297872340425532 1.872340425531915 1.6808510638297873  
4 12.727629325504099 1.7872340425531914 1.7234042553191489 1.2127659574468086 0.851063829787234 1.4042553191489362 2.0 1.8297872340425532 1.8297872340425532 1.872340425531915 1.6808510638297873  
33 11.621435882697632 2.6808510638297873 2.5851063829787235 1.8191489361702127 1.2765957446808511 2.106382978723404 3.0 2.74468085106383 2.74468085106383 2.8085106382978724 2.521276595744681  
79 3.3382934567506903 2.6808510638297873 2.5851063829787235 1.8191489361702127 1.2765957446808511 2.106382978723404 3.0 2.74468085106383 2.74468085106383 2.8085106382978724 2.521276595744681  
28 14.267068933603603 2.6808510638297873 2.5851063829787235 1.8191489361702127 1.2765957446808511 2.106382978723404 3.0 2.74468085106383 2.74468085106383 2.8085106382978724 2.521276595744681  
46 25.056955902756194 1.7872340425531914 1.7234042553191489 1.2127659574468086 0.851063829787234 1.4042553191489362 2.0 1.8297872340425532 1.8297872340425532 1.872340425531915 1.6808510638297873  
72 9.46945160303872 1.7872340425531914 1.7234042553191489 1.2127659574468086 0.851063829787234 1.4042553191489362 2.0 1.8297872340425532 1.8297872340425532 1.872340425531915 1.6808510638297873  
22 15.176358820596915 2.6808510638297873 2.5851063829787235 1.8191489361702127 1.2765957446808511 2.106382978723404 3.0 2.74468085106383 2.74468085106383 2.8085106382978724 2.521276595744681  
3 34.55858350399284 2.6808510638297873 2.5851063829787235 1.8191489361702127 1.2765957446808511 2.106382978723404 3.0 2.74468085106383 2.74468085106383 2.8085106382978724 2.521276595744681  
70 827.0 2.6808510638297873 2.5851063829787235 1.8191489361702127 1.2765957446808511 2.106382978723404 3.0 2.74468085106383 2.74468085106383 2.8085106382978724 2.521276595744681  
55 11.919956231280668 2.6808510638297873 2.5851063829787235 1.8191489361702127 1.2765957446808511 2.106382978723404 3.0 2.74468085106383 2.74468085106383 2.8085106382978724 2.521276595744681  
8 9.769748677649016 2.6808510638297873 2.5851063829787235 1.8191489361702127 1.2765957446808511 2.106382978723404 3.0 2.74468085106383 2.74468085106383 2.8085106382978724 2.521276595744681  
35 37.52302687072413 1.7872340425531914 1.7234042553191489 1.2127659574468086 0.851063829787234 1.4042553191489362 2.0 1.8297872340425532 1.8297872340425532 1.872340425531915 1.6808510638297873  
56 5.448184190338235 1.7872340425531914 1.7234042553191489 1.2127659574468086 0.851063829787234 1.4042553191489362 2.0 1.8297872340425532 1.8297872340425532 1.872340425531915 1.6808510638297873  
