60 10
TREE NETWORK (nID nID Weight):
1 0 30.0 
2 1 48.0 
5 0 42.0 
6 5 34.0 
7 6 46.0 
8 7 59.0 
15 6 59.0 
32 5 39.0 
16 15 37.0 
17 16 49.0 
24 15 30.0 
36 0 39.0 
33 32 46.0 
3 2 46.0 
55 0 43.0 
56 0 39.0 
37 36 42.0 
35 5 37.0 
43 36 49.0 
38 37 45.0 
44 43 32.0 
39 38 32.0 
45 44 42.0 
25 24 53.0 
54 36 56.0 
57 56 51.0 
11 7 54.0 
47 43 56.0 
9 8 50.0 
48 47 59.0 
49 48 40.0 
34 32 38.0 
40 39 57.0 
50 48 35.0 
58 0 37.0 
41 39 46.0 
18 17 42.0 
10 8 49.0 
21 17 59.0 
22 16 53.0 
42 37 47.0 
19 18 53.0 
46 45 42.0 
27 24 37.0 
28 27 43.0 
20 19 54.0 
13 7 42.0 
51 48 34.0 
59 58 50.0 
29 28 41.0 
12 11 51.0 
52 48 58.0 
31 24 34.0 
26 25 49.0 
53 48 38.0 
30 29 35.0 
4 3 39.0 
14 13 46.0 
23 16 37.0 
PROGRAMS ASSIGNED TO NODES (nID pID1 pID2 ...):
0 1 2 3 4 5 6 7 8 9 10  
55 1 2 3 4 5 6 7 8 9  
58 1 2 3 4 6 8 9  
18 7  
6 1 2 3 6 10  
33 2 3 4 5 8 9  
42 1 2 3 4 6 7 10  
24 5 8 9  
25 2 4 5 7 10  
41 9  
11 4 5 9  
15 1 3 4 5 6 7 10  
14 1 2 4 5 6 7  
50 1 4 5 6 7 8 9 10  
17 2 3 4 5 8  
44 1 9  
13 5 6 10  
20 1 2 3 4 5 6 7 8 10  
51 1 3 6 7 10  
35 10  
56 1 2 3 5 6 7 8 9  
39 1 2 3 4 5 6 8 10  
5 1 3 4 6 7 9 10  
36 1 2 3 4 5 6 7 9  
46 1 2 3 4 5 6 7 9 10  
54 2 5 7 9  
59 4 8 9 10  
23 2 7  
40 1 2 3 5 6 7 8 9 10  
7 2 3 4 5 7 8 10  
22 3 5 6 10  
10 1 3 4 6 7 10  
34  
8 5  
19 1 2 5 7 8 9 10  
26 1 2 3 5 6 9 10  
32 9  
43 1 6 9 10  
29 4  
37 3 6 7  
47 4 6 9  
53 1 4 6 7 9 10  
30  
3  
48 1 2 3 5  
52 1 4 7 8 9 10  
2 9  
12 3 7  
1  
28 1 2 3 4 5 6 7 8 9  
27 1 4 5 8 9 10  
16 3 4 5 6 7 8 9 10  
4 3 4 8  
9 2 5 6 7 8 9  
45 1 2 3 4 5 6 7 8 9  
57 8  
21 1 2 3 5 6 7 9 10  
49 4 6  
38  
31 1 2 3 5 6 7 8 10  
SIZE OF PROGRAMS (pID SIZE):
1 89.0 
2 77.0 
3 45.0 
4 43.0 
5 87.0 
6 68.0 
7 69.0 
8 44.0 
9 65.0 
10 97.0 
COST_INSTALL_SERVER_AND_PROGRAMS :
0 2410.3092783505153 1.8350515463917525 1.5876288659793814 0.9278350515463918 0.8865979381443299 1.7938144329896908 1.402061855670103 1.422680412371134 0.9072164948453608 1.3402061855670102 2.0  
55 6.596782612178467 1.8350515463917525 1.5876288659793814 0.9278350515463918 0.8865979381443299 1.7938144329896908 1.402061855670103 1.422680412371134 0.9072164948453608 1.3402061855670102 2.0  
58 6.770096738998612 1.8350515463917525 1.5876288659793814 0.9278350515463918 0.8865979381443299 1.7938144329896908 1.402061855670103 1.422680412371134 0.9072164948453608 1.3402061855670102 2.0  
18 55.01273721865792 1.8350515463917525 1.5876288659793814 0.9278350515463918 0.8865979381443299 1.7938144329896908 1.402061855670103 1.422680412371134 0.9072164948453608 1.3402061855670102 2.0  
6 46.0787067200484 2.752577319587629 2.381443298969072 1.3917525773195876 1.3298969072164948 2.6907216494845363 2.1030927835051547 2.134020618556701 1.3608247422680413 2.0103092783505154 3.0  
33 19.06909818054571 1.8350515463917525 1.5876288659793814 0.9278350515463918 0.8865979381443299 1.7938144329896908 1.402061855670103 1.422680412371134 0.9072164948453608 1.3402061855670102 2.0  
42 20.753146896057956 2.752577319587629 2.381443298969072 1.3917525773195876 1.3298969072164948 2.6907216494845363 2.1030927835051547 2.134020618556701 1.3608247422680413 2.0103092783505154 3.0  
24 84.89910858133169 2.752577319587629 2.381443298969072 1.3917525773195876 1.3298969072164948 2.6907216494845363 2.1030927835051547 2.134020618556701 1.3608247422680413 2.0103092783505154 3.0  
25 50.652175907121595 1.8350515463917525 1.5876288659793814 0.9278350515463918 0.8865979381443299 1.7938144329896908 1.402061855670103 1.422680412371134 0.9072164948453608 1.3402061855670102 2.0  
41 4.919211291196027 1.8350515463917525 1.5876288659793814 0.9278350515463918 0.8865979381443299 1.7938144329896908 1.402061855670103 1.422680412371134 0.9072164948453608 1.3402061855670102 2.0  
11 26.97294626596449 2.752577319587629 2.381443298969072 1.3917525773195876 1.3298969072164948 2.6907216494845363 2.1030927835051547 2.134020618556701 1.3608247422680413 2.0103092783505154 3.0  
15 47.542129311038494 2.752577319587629 2.381443298969072 1.3917525773195876 1.3298969072164948 2.6907216494845363 2.1030927835051547 2.134020618556701 1.3608247422680413 2.0103092783505154 3.0  
14 60.47199558750089 1.8350515463917525 1.5876288659793814 0.9278350515463918 0.8865979381443299 1.7938144329896908 1.402061855670103 1.422680412371134 0.9072164948453608 1.3402061855670102 2.0  
50 59.16985886302907 2.752577319587629 2.381443298969072 1.3917525773195876 1.3298969072164948 2.6907216494845363 2.1030927835051547 2.134020618556701 1.3608247422680413 2.0103092783505154 3.0  
17 56.89572276359704 2.752577319587629 2.381443298969072 1.3917525773195876 1.3298969072164948 2.6907216494845363 2.1030927835051547 2.134020618556701 1.3608247422680413 2.0103092783505154 3.0  
44 59.79907153856422 1.8350515463917525 1.5876288659793814 0.9278350515463918 0.8865979381443299 1.7938144329896908 1.402061855670103 1.422680412371134 0.9072164948453608 1.3402061855670102 2.0  
13 23.726238542610787 1.8350515463917525 1.5876288659793814 0.9278350515463918 0.8865979381443299 1.7938144329896908 1.402061855670103 1.422680412371134 0.9072164948453608 1.3402061855670102 2.0  
20 64.53648942955328 1.8350515463917525 1.5876288659793814 0.9278350515463918 0.8865979381443299 1.7938144329896908 1.402061855670103 1.422680412371134 0.9072164948453608 1.3402061855670102 2.0  
51 20.85751560112398 1.8350515463917525 1.5876288659793814 0.9278350515463918 0.8865979381443299 1.7938144329896908 1.402061855670103 1.422680412371134 0.9072164948453608 1.3402061855670102 2.0  
35 5.352269836214101 2.752577319587629 2.381443298969072 1.3917525773195876 1.3298969072164948 2.6907216494845363 2.1030927835051547 2.134020618556701 1.3608247422680413 2.0103092783505154 3.0  
56 4.32688437609157 1.8350515463917525 1.5876288659793814 0.9278350515463918 0.8865979381443299 1.7938144329896908 1.402061855670103 1.422680412371134 0.9072164948453608 1.3402061855670102 2.0  
39 90.60372169455599 2.752577319587629 2.381443298969072 1.3917525773195876 1.3298969072164948 2.6907216494845363 2.1030927835051547 2.134020618556701 1.3608247422680413 2.0103092783505154 3.0  
5 226.0 1.8350515463917525 1.5876288659793814 0.9278350515463918 0.8865979381443299 1.7938144329896908 1.402061855670103 1.422680412371134 0.9072164948453608 1.3402061855670102 2.0  
36 8.578397587476019 2.752577319587629 2.381443298969072 1.3917525773195876 1.3298969072164948 2.6907216494845363 2.1030927835051547 2.134020618556701 1.3608247422680413 2.0103092783505154 3.0  
46 102.3090657533871 1.8350515463917525 1.5876288659793814 0.9278350515463918 0.8865979381443299 1.7938144329896908 1.402061855670103 1.422680412371134 0.9072164948453608 1.3402061855670102 2.0  
54 8.04735184757596 1.8350515463917525 1.5876288659793814 0.9278350515463918 0.8865979381443299 1.7938144329896908 1.402061855670103 1.422680412371134 0.9072164948453608 1.3402061855670102 2.0  
59 10.891643982035403 1.8350515463917525 1.5876288659793814 0.9278350515463918 0.8865979381443299 1.7938144329896908 1.402061855670103 1.422680412371134 0.9072164948453608 1.3402061855670102 2.0  
23 9.220850834322832 1.8350515463917525 1.5876288659793814 0.9278350515463918 0.8865979381443299 1.7938144329896908 1.402061855670103 1.422680412371134 0.9072164948453608 1.3402061855670102 2.0  
40 63.134891005469036 1.8350515463917525 1.5876288659793814 0.9278350515463918 0.8865979381443299 1.7938144329896908 1.402061855670103 1.422680412371134 0.9072164948453608 1.3402061855670102 2.0  
7 24.898164218256202 2.752577319587629 2.381443298969072 1.3917525773195876 1.3298969072164948 2.6907216494845363 2.1030927835051547 2.134020618556701 1.3608247422680413 2.0103092783505154 3.0  
22 38.10577006183809 2.752577319587629 2.381443298969072 1.3917525773195876 1.3298969072164948 2.6907216494845363 2.1030927835051547 2.134020618556701 1.3608247422680413 2.0103092783505154 3.0  
10 63.149829369759225 1.8350515463917525 1.5876288659793814 0.9278350515463918 0.8865979381443299 1.7938144329896908 1.402061855670103 1.422680412371134 0.9072164948453608 1.3402061855670102 2.0  
34 589.0 1.8350515463917525 1.5876288659793814 0.9278350515463918 0.8865979381443299 1.7938144329896908 1.402061855670103 1.422680412371134 0.9072164948453608 1.3402061855670102 2.0  
8 18.037307341587365 2.752577319587629 2.381443298969072 1.3917525773195876 1.3298969072164948 2.6907216494845363 2.1030927835051547 2.134020618556701 1.3608247422680413 2.0103092783505154 3.0  
19 111.57593570611182 2.752577319587629 2.381443298969072 1.3917525773195876 1.3298969072164948 2.6907216494845363 2.1030927835051547 2.134020618556701 1.3608247422680413 2.0103092783505154 3.0  
26 90.40355165069506 1.8350515463917525 1.5876288659793814 0.9278350515463918 0.8865979381443299 1.7938144329896908 1.402061855670103 1.422680412371134 0.9072164948453608 1.3402061855670102 2.0  
32 21.950163057267076 1.8350515463917525 1.5876288659793814 0.9278350515463918 0.8865979381443299 1.7938144329896908 1.402061855670103 1.422680412371134 0.9072164948453608 1.3402061855670102 2.0  
43 29.67657278439658 2.752577319587629 2.381443298969072 1.3917525773195876 1.3298969072164948 2.6907216494845363 2.1030927835051547 2.134020618556701 1.3608247422680413 2.0103092783505154 3.0  
29 6.368964969303915 1.8350515463917525 1.5876288659793814 0.9278350515463918 0.8865979381443299 1.7938144329896908 1.402061855670103 1.422680412371134 0.9072164948453608 1.3402061855670102 2.0  
37 24.78098698006159 1.8350515463917525 1.5876288659793814 0.9278350515463918 0.8865979381443299 1.7938144329896908 1.402061855670103 1.422680412371134 0.9072164948453608 1.3402061855670102 2.0  
47 50.18574948110614 1.8350515463917525 1.5876288659793814 0.9278350515463918 0.8865979381443299 1.7938144329896908 1.402061855670103 1.422680412371134 0.9072164948453608 1.3402061855670102 2.0  
53 40.18108400443714 1.8350515463917525 1.5876288659793814 0.9278350515463918 0.8865979381443299 1.7938144329896908 1.402061855670103 1.422680412371134 0.9072164948453608 1.3402061855670102 2.0  
30 802.0 2.752577319587629 2.381443298969072 1.3917525773195876 1.3298969072164948 2.6907216494845363 2.1030927835051547 2.134020618556701 1.3608247422680413 2.0103092783505154 3.0  
3 9.89728213295066 1.8350515463917525 1.5876288659793814 0.9278350515463918 0.8865979381443299 1.7938144329896908 1.402061855670103 1.422680412371134 0.9072164948453608 1.3402061855670102 2.0  
48 23.039370604534994 2.752577319587629 2.381443298969072 1.3917525773195876 1.3298969072164948 2.6907216494845363 2.1030927835051547 2.134020618556701 1.3608247422680413 2.0103092783505154 3.0  
52 48.41849208459813 1.8350515463917525 1.5876288659793814 0.9278350515463918 0.8865979381443299 1.7938144329896908 1.402061855670103 1.422680412371134 0.9072164948453608 1.3402061855670102 2.0  
2 10.77702899686797 1.8350515463917525 1.5876288659793814 0.9278350515463918 0.8865979381443299 1.7938144329896908 1.402061855670103 1.422680412371134 0.9072164948453608 1.3402061855670102 2.0  
12 19.174622696835755 1.8350515463917525 1.5876288659793814 0.9278350515463918 0.8865979381443299 1.7938144329896908 1.402061855670103 1.422680412371134 0.9072164948453608 1.3402061855670102 2.0  
1 2.32739729518765 2.752577319587629 2.381443298969072 1.3917525773195876 1.3298969072164948 2.6907216494845363 2.1030927835051547 2.134020618556701 1.3608247422680413 2.0103092783505154 3.0  
28 44.70287232373344 1.8350515463917525 1.5876288659793814 0.9278350515463918 0.8865979381443299 1.7938144329896908 1.402061855670103 1.422680412371134 0.9072164948453608 1.3402061855670102 2.0  
27 87.24340096149407 2.752577319587629 2.381443298969072 1.3917525773195876 1.3298969072164948 2.6907216494845363 2.1030927835051547 2.134020618556701 1.3608247422680413 2.0103092783505154 3.0  
16 66.94517916290303 2.752577319587629 2.381443298969072 1.3917525773195876 1.3298969072164948 2.6907216494845363 2.1030927835051547 2.134020618556701 1.3608247422680413 2.0103092783505154 3.0  
4 11.209756451074444 2.752577319587629 2.381443298969072 1.3917525773195876 1.3298969072164948 2.6907216494845363 2.1030927835051547 2.134020618556701 1.3608247422680413 2.0103092783505154 3.0  
9 33.111291414594476 2.752577319587629 2.381443298969072 1.3917525773195876 1.3298969072164948 2.6907216494845363 2.1030927835051547 2.134020618556701 1.3608247422680413 2.0103092783505154 3.0  
45 71.3366155080381 1.8350515463917525 1.5876288659793814 0.9278350515463918 0.8865979381443299 1.7938144329896908 1.402061855670103 1.422680412371134 0.9072164948453608 1.3402061855670102 2.0  
57 1.7416122513602739 2.752577319587629 2.381443298969072 1.3917525773195876 1.3298969072164948 2.6907216494845363 2.1030927835051547 2.134020618556701 1.3608247422680413 2.0103092783505154 3.0  
21 76.24930087868312 2.752577319587629 2.381443298969072 1.3917525773195876 1.3298969072164948 2.6907216494845363 2.1030927835051547 2.134020618556701 1.3608247422680413 2.0103092783505154 3.0  
49 13.345308717000242 2.752577319587629 2.381443298969072 1.3917525773195876 1.3298969072164948 2.6907216494845363 2.1030927835051547 2.134020618556701 1.3608247422680413 2.0103092783505154 3.0  
38 43.14632339267933 1.8350515463917525 1.5876288659793814 0.9278350515463918 0.8865979381443299 1.7938144329896908 1.402061855670103 1.422680412371134 0.9072164948453608 1.3402061855670102 2.0  
31 69.50294602627946 2.752577319587629 2.381443298969072 1.3917525773195876 1.3298969072164948 2.6907216494845363 2.1030927835051547 2.134020618556701 1.3608247422680413 2.0103092783505154 3.0  
