60 20
TREE NETWORK (nID nID Weight):
1 0 59.0 
2 1 54.0 
3 2 38.0 
43 0 40.0 
44 43 56.0 
4 2 52.0 
45 44 39.0 
52 0 52.0 
29 1 45.0 
5 4 56.0 
30 29 58.0 
17 2 50.0 
53 52 47.0 
23 2 51.0 
11 4 55.0 
6 5 33.0 
7 6 33.0 
31 30 45.0 
33 29 30.0 
57 0 54.0 
46 43 35.0 
24 23 59.0 
26 23 35.0 
34 33 48.0 
18 17 40.0 
38 1 35.0 
35 33 54.0 
36 35 38.0 
58 57 43.0 
39 38 42.0 
37 35 59.0 
40 39 31.0 
12 11 30.0 
27 23 56.0 
10 5 57.0 
54 53 52.0 
25 24 50.0 
41 39 46.0 
50 43 59.0 
15 4 35.0 
55 54 33.0 
16 4 54.0 
13 12 57.0 
51 43 38.0 
19 18 50.0 
42 38 38.0 
20 18 39.0 
56 54 51.0 
22 17 50.0 
14 12 37.0 
8 7 45.0 
47 46 35.0 
9 6 41.0 
48 46 35.0 
21 20 36.0 
28 23 50.0 
59 0 50.0 
49 48 48.0 
32 31 59.0 
PROGRAMS ASSIGNED TO NODES (nID pID1 pID2 ...):
0 1 2 3 4 5 6 7 8 9 10 11 12 13 14 15 16 17 18 19 20  
20 5 8 10 12 13 14 16 17 18 19  
18 1 2 4 6 8 9 10 11 14 15 16 17 18 19  
19 3 4 6 8 10 11 13 16 17 18  
57 1 2 3 4 5 6 7 8 9 11 12 13 14 15 16 18 19 20  
21 1 2 3 4 5 7 8 10 11 12 13 15 16 17 18 19  
38  
58 1 4 6 9 11 14 17 18 19 20  
2 4 5 7 8 9 10 12 14 15 16 18 19 20  
48 4 6 8 16 17  
3 9 11  
6  
16  
5  
30 2 3 4 5 6 7 8 9 10 11 12 13 14 15 16 17 18 19 20  
39 1 2 3 7 11 14  
26 6 8 17  
50 3 4 9 14 17 18  
45 1 2 3 5 6 7 8 9 10 11 12 13 14 15 16 17 18 19  
49 10 19  
10 7 8 10 14 15  
15 1 5 6 8 9 11 13 20  
44 1 2 4 5 7 8 9 10 11 12 13 16 17 19 20  
41 2 4 7 8 9 14 15 17 18 19 20  
54 1 2 3 4 5 6 7 8 9 10 11 12 13 14 15 16 17 18  
29 4 5 7 8 9 10 11 15 18 19 20  
24 1 2 3 5 7 8 9 10 11 12 13 14 15 17 18 19  
43 3 7 12 18  
9 1 10 16  
33  
53 1 2 3 4 5 7 9 10 11 14 17 18  
36 5  
40 1 2 3 4 6 8 10 13 14 15 16 17 18 20  
13 1 2 5 6 8 14 17 18 19  
7 1 4 5 7 8 18  
46 4 8 19 20  
1 3 4 5 7 10 16 20  
55 1 3 4 7 8 9 10 12 14 15 16 17 18 20  
51 1 6 7 9 10 11 12 13 14 18 19 20  
25 1 15  
23 1 5 11 12 19  
56 3 6 7 8 10 11 12 13 16 19  
17 2 3 5 7 8 9 10 11 13 14 15 16 17 18 19 20  
32 2 3 4 5 8 13 16 17 18  
47 2 10 11 16 20  
8 2 9 12  
34 3 5 6 7 9 10  
37 1 3 4 5 7 10 11 14 15 17 19  
27 1 3 4 8 9 13 15 17  
31 4 7 8 9 11 14 20  
59 1 2 3 5 6 8 9 10 11 12 13 14 15 16 17 18 19 20  
14 3 5 6 8 9 10 11 12 13 14 15 17 18 19 20  
11 5  
4 1 2 4 5 8 10 19 20  
28 10 12  
12 7 13 19  
42 1 2 5 6 7 12 18 20  
52 1 2 4 6 7 9 13 14 16 19  
35 2 6 7 8 9 10 11 12 13 14 17  
22 1 2 3 4 5 6 7 8 9 10 11 12 14 15 17 18 19 20  
SIZE OF PROGRAMS (pID SIZE):
1 70.0 
2 68.0 
3 72.0 
4 44.0 
5 62.0 
6 60.0 
7 64.0 
8 77.0 
9 76.0 
10 49.0 
11 53.0 
12 76.0 
13 51.0 
14 92.0 
15 71.0 
16 57.0 
17 65.0 
18 45.0 
19 98.0 
20 58.0 
COST_INSTALL_SERVER_AND_PROGRAMS :
0 5004.081632653062 2.142857142857143 2.0816326530612246 2.204081632653061 1.346938775510204 1.8979591836734695 1.836734693877551 1.9591836734693877 2.357142857142857 2.326530612244898 1.5 1.6224489795918366 2.326530612244898 1.5612244897959184 2.816326530612245 2.173469387755102 1.7448979591836735 1.989795918367347 1.3775510204081634 3.0 1.7755102040816326  
20 163.51352513316286 2.142857142857143 2.0816326530612246 2.204081632653061 1.346938775510204 1.8979591836734695 1.836734693877551 1.9591836734693877 2.357142857142857 2.326530612244898 1.5 1.6224489795918366 2.326530612244898 1.5612244897959184 2.816326530612245 2.173469387755102 1.7448979591836735 1.989795918367347 1.3775510204081634 3.0 1.7755102040816326  
18 85.90853078374047 2.142857142857143 2.0816326530612246 2.204081632653061 1.346938775510204 1.8979591836734695 1.836734693877551 1.9591836734693877 2.357142857142857 2.326530612244898 1.5 1.6224489795918366 2.326530612244898 1.5612244897959184 2.816326530612245 2.173469387755102 1.7448979591836735 1.989795918367347 1.3775510204081634 3.0 1.7755102040816326  
19 17.806574932475897 2.142857142857143 2.0816326530612246 2.204081632653061 1.346938775510204 1.8979591836734695 1.836734693877551 1.9591836734693877 2.357142857142857 2.326530612244898 1.5 1.6224489795918366 2.326530612244898 1.5612244897959184 2.816326530612245 2.173469387755102 1.7448979591836735 1.989795918367347 1.3775510204081634 3.0 1.7755102040816326  
57 10.278462548880201 1.4285714285714286 1.3877551020408163 1.469387755102041 0.8979591836734694 1.2653061224489797 1.2244897959183674 1.3061224489795917 1.5714285714285714 1.5510204081632653 1.0 1.0816326530612246 1.5510204081632653 1.0408163265306123 1.8775510204081634 1.4489795918367347 1.163265306122449 1.3265306122448979 0.9183673469387755 2.0 1.183673469387755  
21 182.4476746142434 2.142857142857143 2.0816326530612246 2.204081632653061 1.346938775510204 1.8979591836734695 1.836734693877551 1.9591836734693877 2.357142857142857 2.326530612244898 1.5 1.6224489795918366 2.326530612244898 1.5612244897959184 2.816326530612245 2.173469387755102 1.7448979591836735 1.989795918367347 1.3775510204081634 3.0 1.7755102040816326  
38 41.50855044992776 2.142857142857143 2.0816326530612246 2.204081632653061 1.346938775510204 1.8979591836734695 1.836734693877551 1.9591836734693877 2.357142857142857 2.326530612244898 1.5 1.6224489795918366 2.326530612244898 1.5612244897959184 2.816326530612245 2.173469387755102 1.7448979591836735 1.989795918367347 1.3775510204081634 3.0 1.7755102040816326  
58 21.59441046754558 1.4285714285714286 1.3877551020408163 1.469387755102041 0.8979591836734694 1.2653061224489797 1.2244897959183674 1.3061224489795917 1.5714285714285714 1.5510204081632653 1.0 1.0816326530612246 1.5510204081632653 1.0408163265306123 1.8775510204081634 1.4489795918367347 1.163265306122449 1.3265306122448979 0.9183673469387755 2.0 1.183673469387755  
2 36.76050229866301 1.4285714285714286 1.3877551020408163 1.469387755102041 0.8979591836734694 1.2653061224489797 1.2244897959183674 1.3061224489795917 1.5714285714285714 1.5510204081632653 1.0 1.0816326530612246 1.5510204081632653 1.0408163265306123 1.8775510204081634 1.4489795918367347 1.163265306122449 1.3265306122448979 0.9183673469387755 2.0 1.183673469387755  
48 13.820596274316454 1.4285714285714286 1.3877551020408163 1.469387755102041 0.8979591836734694 1.2653061224489797 1.2244897959183674 1.3061224489795917 1.5714285714285714 1.5510204081632653 1.0 1.0816326530612246 1.5510204081632653 1.0408163265306123 1.8775510204081634 1.4489795918367347 1.163265306122449 1.3265306122448979 0.9183673469387755 2.0 1.183673469387755  
3 9.826774583723408 1.4285714285714286 1.3877551020408163 1.469387755102041 0.8979591836734694 1.2653061224489797 1.2244897959183674 1.3061224489795917 1.5714285714285714 1.5510204081632653 1.0 1.0816326530612246 1.5510204081632653 1.0408163265306123 1.8775510204081634 1.4489795918367347 1.163265306122449 1.3265306122448979 0.9183673469387755 2.0 1.183673469387755  
6 95.31869999785539 2.142857142857143 2.0816326530612246 2.204081632653061 1.346938775510204 1.8979591836734695 1.836734693877551 1.9591836734693877 2.357142857142857 2.326530612244898 1.5 1.6224489795918366 2.326530612244898 1.5612244897959184 2.816326530612245 2.173469387755102 1.7448979591836735 1.989795918367347 1.3775510204081634 3.0 1.7755102040816326  
16 780.0 2.142857142857143 2.0816326530612246 2.204081632653061 1.346938775510204 1.8979591836734695 1.836734693877551 1.9591836734693877 2.357142857142857 2.326530612244898 1.5 1.6224489795918366 2.326530612244898 1.5612244897959184 2.816326530612245 2.173469387755102 1.7448979591836735 1.989795918367347 1.3775510204081634 3.0 1.7755102040816326  
5 24.571484017866005 2.142857142857143 2.0816326530612246 2.204081632653061 1.346938775510204 1.8979591836734695 1.836734693877551 1.9591836734693877 2.357142857142857 2.326530612244898 1.5 1.6224489795918366 2.326530612244898 1.5612244897959184 2.816326530612245 2.173469387755102 1.7448979591836735 1.989795918367347 1.3775510204081634 3.0 1.7755102040816326  
30 34.35911646180324 1.4285714285714286 1.3877551020408163 1.469387755102041 0.8979591836734694 1.2653061224489797 1.2244897959183674 1.3061224489795917 1.5714285714285714 1.5510204081632653 1.0 1.0816326530612246 1.5510204081632653 1.0408163265306123 1.8775510204081634 1.4489795918367347 1.163265306122449 1.3265306122448979 0.9183673469387755 2.0 1.183673469387755  
39 98.72914688812936 1.4285714285714286 1.3877551020408163 1.469387755102041 0.8979591836734694 1.2653061224489797 1.2244897959183674 1.3061224489795917 1.5714285714285714 1.5510204081632653 1.0 1.0816326530612246 1.5510204081632653 1.0408163265306123 1.8775510204081634 1.4489795918367347 1.163265306122449 1.3265306122448979 0.9183673469387755 2.0 1.183673469387755  
26 11.294387515117494 2.142857142857143 2.0816326530612246 2.204081632653061 1.346938775510204 1.8979591836734695 1.836734693877551 1.9591836734693877 2.357142857142857 2.326530612244898 1.5 1.6224489795918366 2.326530612244898 1.5612244897959184 2.816326530612245 2.173469387755102 1.7448979591836735 1.989795918367347 1.3775510204081634 3.0 1.7755102040816326  
50 12.053798919810953 2.142857142857143 2.0816326530612246 2.204081632653061 1.346938775510204 1.8979591836734695 1.836734693877551 1.9591836734693877 2.357142857142857 2.326530612244898 1.5 1.6224489795918366 2.326530612244898 1.5612244897959184 2.816326530612245 2.173469387755102 1.7448979591836735 1.989795918367347 1.3775510204081634 3.0 1.7755102040816326  
45 72.54411700667688 1.4285714285714286 1.3877551020408163 1.469387755102041 0.8979591836734694 1.2653061224489797 1.2244897959183674 1.3061224489795917 1.5714285714285714 1.5510204081632653 1.0 1.0816326530612246 1.5510204081632653 1.0408163265306123 1.8775510204081634 1.4489795918367347 1.163265306122449 1.3265306122448979 0.9183673469387755 2.0 1.183673469387755  
49 8.013514770383752 1.4285714285714286 1.3877551020408163 1.469387755102041 0.8979591836734694 1.2653061224489797 1.2244897959183674 1.3061224489795917 1.5714285714285714 1.5510204081632653 1.0 1.0816326530612246 1.5510204081632653 1.0408163265306123 1.8775510204081634 1.4489795918367347 1.163265306122449 1.3265306122448979 0.9183673469387755 2.0 1.183673469387755  
10 35.338393693633805 1.4285714285714286 1.3877551020408163 1.469387755102041 0.8979591836734694 1.2653061224489797 1.2244897959183674 1.3061224489795917 1.5714285714285714 1.5510204081632653 1.0 1.0816326530612246 1.5510204081632653 1.0408163265306123 1.8775510204081634 1.4489795918367347 1.163265306122449 1.3265306122448979 0.9183673469387755 2.0 1.183673469387755  
15 22.573893995823262 2.142857142857143 2.0816326530612246 2.204081632653061 1.346938775510204 1.8979591836734695 1.836734693877551 1.9591836734693877 2.357142857142857 2.326530612244898 1.5 1.6224489795918366 2.326530612244898 1.5612244897959184 2.816326530612245 2.173469387755102 1.7448979591836735 1.989795918367347 1.3775510204081634 3.0 1.7755102040816326  
44 34.80928581438837 2.142857142857143 2.0816326530612246 2.204081632653061 1.346938775510204 1.8979591836734695 1.836734693877551 1.9591836734693877 2.357142857142857 2.326530612244898 1.5 1.6224489795918366 2.326530612244898 1.5612244897959184 2.816326530612245 2.173469387755102 1.7448979591836735 1.989795918367347 1.3775510204081634 3.0 1.7755102040816326  
41 30.695779064777533 2.142857142857143 2.0816326530612246 2.204081632653061 1.346938775510204 1.8979591836734695 1.836734693877551 1.9591836734693877 2.357142857142857 2.326530612244898 1.5 1.6224489795918366 2.326530612244898 1.5612244897959184 2.816326530612245 2.173469387755102 1.7448979591836735 1.989795918367347 1.3775510204081634 3.0 1.7755102040816326  
54 43.31682000998768 1.4285714285714286 1.3877551020408163 1.469387755102041 0.8979591836734694 1.2653061224489797 1.2244897959183674 1.3061224489795917 1.5714285714285714 1.5510204081632653 1.0 1.0816326530612246 1.5510204081632653 1.0408163265306123 1.8775510204081634 1.4489795918367347 1.163265306122449 1.3265306122448979 0.9183673469387755 2.0 1.183673469387755  
29 9.249256994421081 2.142857142857143 2.0816326530612246 2.204081632653061 1.346938775510204 1.8979591836734695 1.836734693877551 1.9591836734693877 2.357142857142857 2.326530612244898 1.5 1.6224489795918366 2.326530612244898 1.5612244897959184 2.816326530612245 2.173469387755102 1.7448979591836735 1.989795918367347 1.3775510204081634 3.0 1.7755102040816326  
24 68.23627314702063 1.4285714285714286 1.3877551020408163 1.469387755102041 0.8979591836734694 1.2653061224489797 1.2244897959183674 1.3061224489795917 1.5714285714285714 1.5510204081632653 1.0 1.0816326530612246 1.5510204081632653 1.0408163265306123 1.8775510204081634 1.4489795918367347 1.163265306122449 1.3265306122448979 0.9183673469387755 2.0 1.183673469387755  
43 28.8575096456484 2.142857142857143 2.0816326530612246 2.204081632653061 1.346938775510204 1.8979591836734695 1.836734693877551 1.9591836734693877 2.357142857142857 2.326530612244898 1.5 1.6224489795918366 2.326530612244898 1.5612244897959184 2.816326530612245 2.173469387755102 1.7448979591836735 1.989795918367347 1.3775510204081634 3.0 1.7755102040816326  
9 16.192936244791685 1.4285714285714286 1.3877551020408163 1.469387755102041 0.8979591836734694 1.2653061224489797 1.2244897959183674 1.3061224489795917 1.5714285714285714 1.5510204081632653 1.0 1.0816326530612246 1.5510204081632653 1.0408163265306123 1.8775510204081634 1.4489795918367347 1.163265306122449 1.3265306122448979 0.9183673469387755 2.0 1.183673469387755  
33 113.10939132241238 2.142857142857143 2.0816326530612246 2.204081632653061 1.346938775510204 1.8979591836734695 1.836734693877551 1.9591836734693877 2.357142857142857 2.326530612244898 1.5 1.6224489795918366 2.326530612244898 1.5612244897959184 2.816326530612245 2.173469387755102 1.7448979591836735 1.989795918367347 1.3775510204081634 3.0 1.7755102040816326  
53 58.320134754842265 2.142857142857143 2.0816326530612246 2.204081632653061 1.346938775510204 1.8979591836734695 1.836734693877551 1.9591836734693877 2.357142857142857 2.326530612244898 1.5 1.6224489795918366 2.326530612244898 1.5612244897959184 2.816326530612245 2.173469387755102 1.7448979591836735 1.989795918367347 1.3775510204081634 3.0 1.7755102040816326  
36 9.655700809022033 2.142857142857143 2.0816326530612246 2.204081632653061 1.346938775510204 1.8979591836734695 1.836734693877551 1.9591836734693877 2.357142857142857 2.326530612244898 1.5 1.6224489795918366 2.326530612244898 1.5612244897959184 2.816326530612245 2.173469387755102 1.7448979591836735 1.989795918367347 1.3775510204081634 3.0 1.7755102040816326  
40 112.06549371818265 2.142857142857143 2.0816326530612246 2.204081632653061 1.346938775510204 1.8979591836734695 1.836734693877551 1.9591836734693877 2.357142857142857 2.326530612244898 1.5 1.6224489795918366 2.326530612244898 1.5612244897959184 2.816326530612245 2.173469387755102 1.7448979591836735 1.989795918367347 1.3775510204081634 3.0 1.7755102040816326  
13 75.96820109956768 2.142857142857143 2.0816326530612246 2.204081632653061 1.346938775510204 1.8979591836734695 1.836734693877551 1.9591836734693877 2.357142857142857 2.326530612244898 1.5 1.6224489795918366 2.326530612244898 1.5612244897959184 2.816326530612245 2.173469387755102 1.7448979591836735 1.989795918367347 1.3775510204081634 3.0 1.7755102040816326  
7 109.464230771559 2.142857142857143 2.0816326530612246 2.204081632653061 1.346938775510204 1.8979591836734695 1.836734693877551 1.9591836734693877 2.357142857142857 2.326530612244898 1.5 1.6224489795918366 2.326530612244898 1.5612244897959184 2.816326530612245 2.173469387755102 1.7448979591836735 1.989795918367347 1.3775510204081634 3.0 1.7755102040816326  
46 25.112209038496417 1.4285714285714286 1.3877551020408163 1.469387755102041 0.8979591836734694 1.2653061224489797 1.2244897959183674 1.3061224489795917 1.5714285714285714 1.5510204081632653 1.0 1.0816326530612246 1.5510204081632653 1.0408163265306123 1.8775510204081634 1.4489795918367347 1.163265306122449 1.3265306122448979 0.9183673469387755 2.0 1.183673469387755  
1 4.111479905328441 1.4285714285714286 1.3877551020408163 1.469387755102041 0.8979591836734694 1.2653061224489797 1.2244897959183674 1.3061224489795917 1.5714285714285714 1.5510204081632653 1.0 1.0816326530612246 1.5510204081632653 1.0408163265306123 1.8775510204081634 1.4489795918367347 1.163265306122449 1.3265306122448979 0.9183673469387755 2.0 1.183673469387755  
55 67.4274943766391 1.4285714285714286 1.3877551020408163 1.469387755102041 0.8979591836734694 1.2653061224489797 1.2244897959183674 1.3061224489795917 1.5714285714285714 1.5510204081632653 1.0 1.0816326530612246 1.5510204081632653 1.0408163265306123 1.8775510204081634 1.4489795918367347 1.163265306122449 1.3265306122448979 0.9183673469387755 2.0 1.183673469387755  
51 26.154601123542715 1.4285714285714286 1.3877551020408163 1.469387755102041 0.8979591836734694 1.2653061224489797 1.2244897959183674 1.3061224489795917 1.5714285714285714 1.5510204081632653 1.0 1.0816326530612246 1.5510204081632653 1.0408163265306123 1.8775510204081634 1.4489795918367347 1.163265306122449 1.3265306122448979 0.9183673469387755 2.0 1.183673469387755  
25 12.011561212587138 2.142857142857143 2.0816326530612246 2.204081632653061 1.346938775510204 1.8979591836734695 1.836734693877551 1.9591836734693877 2.357142857142857 2.326530612244898 1.5 1.6224489795918366 2.326530612244898 1.5612244897959184 2.816326530612245 2.173469387755102 1.7448979591836735 1.989795918367347 1.3775510204081634 3.0 1.7755102040816326  
23 45.249509676201704 2.142857142857143 2.0816326530612246 2.204081632653061 1.346938775510204 1.8979591836734695 1.836734693877551 1.9591836734693877 2.357142857142857 2.326530612244898 1.5 1.6224489795918366 2.326530612244898 1.5612244897959184 2.816326530612245 2.173469387755102 1.7448979591836735 1.989795918367347 1.3775510204081634 3.0 1.7755102040816326  
56 67.9392648407313 1.4285714285714286 1.3877551020408163 1.469387755102041 0.8979591836734694 1.2653061224489797 1.2244897959183674 1.3061224489795917 1.5714285714285714 1.5510204081632653 1.0 1.0816326530612246 1.5510204081632653 1.0408163265306123 1.8775510204081634 1.4489795918367347 1.163265306122449 1.3265306122448979 0.9183673469387755 2.0 1.183673469387755  
17 103.25957745018313 1.4285714285714286 1.3877551020408163 1.469387755102041 0.8979591836734694 1.2653061224489797 1.2244897959183674 1.3061224489795917 1.5714285714285714 1.5510204081632653 1.0 1.0816326530612246 1.5510204081632653 1.0408163265306123 1.8775510204081634 1.4489795918367347 1.163265306122449 1.3265306122448979 0.9183673469387755 2.0 1.183673469387755  
32 31.096915719983368 1.4285714285714286 1.3877551020408163 1.469387755102041 0.8979591836734694 1.2653061224489797 1.2244897959183674 1.3061224489795917 1.5714285714285714 1.5510204081632653 1.0 1.0816326530612246 1.5510204081632653 1.0408163265306123 1.8775510204081634 1.4489795918367347 1.163265306122449 1.3265306122448979 0.9183673469387755 2.0 1.183673469387755  
47 19.577683819039184 2.142857142857143 2.0816326530612246 2.204081632653061 1.346938775510204 1.8979591836734695 1.836734693877551 1.9591836734693877 2.357142857142857 2.326530612244898 1.5 1.6224489795918366 2.326530612244898 1.5612244897959184 2.816326530612245 2.173469387755102 1.7448979591836735 1.989795918367347 1.3775510204081634 3.0 1.7755102040816326  
8 32.737982714188604 2.142857142857143 2.0816326530612246 2.204081632653061 1.346938775510204 1.8979591836734695 1.836734693877551 1.9591836734693877 2.357142857142857 2.326530612244898 1.5 1.6224489795918366 2.326530612244898 1.5612244897959184 2.816326530612245 2.173469387755102 1.7448979591836735 1.989795918367347 1.3775510204081634 3.0 1.7755102040816326  
34 39.42784315999567 2.142857142857143 2.0816326530612246 2.204081632653061 1.346938775510204 1.8979591836734695 1.836734693877551 1.9591836734693877 2.357142857142857 2.326530612244898 1.5 1.6224489795918366 2.326530612244898 1.5612244897959184 2.816326530612245 2.173469387755102 1.7448979591836735 1.989795918367347 1.3775510204081634 3.0 1.7755102040816326  
37 79.34596997165599 2.142857142857143 2.0816326530612246 2.204081632653061 1.346938775510204 1.8979591836734695 1.836734693877551 1.9591836734693877 2.357142857142857 2.326530612244898 1.5 1.6224489795918366 2.326530612244898 1.5612244897959184 2.816326530612245 2.173469387755102 1.7448979591836735 1.989795918367347 1.3775510204081634 3.0 1.7755102040816326  
27 37.51857554522947 2.142857142857143 2.0816326530612246 2.204081632653061 1.346938775510204 1.8979591836734695 1.836734693877551 1.9591836734693877 2.357142857142857 2.326530612244898 1.5 1.6224489795918366 2.326530612244898 1.5612244897959184 2.816326530612245 2.173469387755102 1.7448979591836735 1.989795918367347 1.3775510204081634 3.0 1.7755102040816326  
31 70.69559969575677 2.142857142857143 2.0816326530612246 2.204081632653061 1.346938775510204 1.8979591836734695 1.836734693877551 1.9591836734693877 2.357142857142857 2.326530612244898 1.5 1.6224489795918366 2.326530612244898 1.5612244897959184 2.816326530612245 2.173469387755102 1.7448979591836735 1.989795918367347 1.3775510204081634 3.0 1.7755102040816326  
59 0.6268265806733986 1.4285714285714286 1.3877551020408163 1.469387755102041 0.8979591836734694 1.2653061224489797 1.2244897959183674 1.3061224489795917 1.5714285714285714 1.5510204081632653 1.0 1.0816326530612246 1.5510204081632653 1.0408163265306123 1.8775510204081634 1.4489795918367347 1.163265306122449 1.3265306122448979 0.9183673469387755 2.0 1.183673469387755  
14 146.4588143056892 1.4285714285714286 1.3877551020408163 1.469387755102041 0.8979591836734694 1.2653061224489797 1.2244897959183674 1.3061224489795917 1.5714285714285714 1.5510204081632653 1.0 1.0816326530612246 1.5510204081632653 1.0408163265306123 1.8775510204081634 1.4489795918367347 1.163265306122449 1.3265306122448979 0.9183673469387755 2.0 1.183673469387755  
11 109.57331232242389 1.4285714285714286 1.3877551020408163 1.469387755102041 0.8979591836734694 1.2653061224489797 1.2244897959183674 1.3061224489795917 1.5714285714285714 1.5510204081632653 1.0 1.0816326530612246 1.5510204081632653 1.0408163265306123 1.8775510204081634 1.4489795918367347 1.163265306122449 1.3265306122448979 0.9183673469387755 2.0 1.183673469387755  
4 91.17169280780918 1.4285714285714286 1.3877551020408163 1.469387755102041 0.8979591836734694 1.2653061224489797 1.2244897959183674 1.3061224489795917 1.5714285714285714 1.5510204081632653 1.0 1.0816326530612246 1.5510204081632653 1.0408163265306123 1.8775510204081634 1.4489795918367347 1.163265306122449 1.3265306122448979 0.9183673469387755 2.0 1.183673469387755  
28 11.015321084162268 2.142857142857143 2.0816326530612246 2.204081632653061 1.346938775510204 1.8979591836734695 1.836734693877551 1.9591836734693877 2.357142857142857 2.326530612244898 1.5 1.6224489795918366 2.326530612244898 1.5612244897959184 2.816326530612245 2.173469387755102 1.7448979591836735 1.989795918367347 1.3775510204081634 3.0 1.7755102040816326  
12 128.48737727135193 1.4285714285714286 1.3877551020408163 1.469387755102041 0.8979591836734694 1.2653061224489797 1.2244897959183674 1.3061224489795917 1.5714285714285714 1.5510204081632653 1.0 1.0816326530612246 1.5510204081632653 1.0408163265306123 1.8775510204081634 1.4489795918367347 1.163265306122449 1.3265306122448979 0.9183673469387755 2.0 1.183673469387755  
42 34.286592473082464 2.142857142857143 2.0816326530612246 2.204081632653061 1.346938775510204 1.8979591836734695 1.836734693877551 1.9591836734693877 2.357142857142857 2.326530612244898 1.5 1.6224489795918366 2.326530612244898 1.5612244897959184 2.816326530612245 2.173469387755102 1.7448979591836735 1.989795918367347 1.3775510204081634 3.0 1.7755102040816326  
52 26.90042186244646 2.142857142857143 2.0816326530612246 2.204081632653061 1.346938775510204 1.8979591836734695 1.836734693877551 1.9591836734693877 2.357142857142857 2.326530612244898 1.5 1.6224489795918366 2.326530612244898 1.5612244897959184 2.816326530612245 2.173469387755102 1.7448979591836735 1.989795918367347 1.3775510204081634 3.0 1.7755102040816326  
35 65.85296323146204 1.4285714285714286 1.3877551020408163 1.469387755102041 0.8979591836734694 1.2653061224489797 1.2244897959183674 1.3061224489795917 1.5714285714285714 1.5510204081632653 1.0 1.0816326530612246 1.5510204081632653 1.0408163265306123 1.8775510204081634 1.4489795918367347 1.163265306122449 1.3265306122448979 0.9183673469387755 2.0 1.183673469387755  
22 42.24169435924262 1.4285714285714286 1.3877551020408163 1.469387755102041 0.8979591836734694 1.2653061224489797 1.2244897959183674 1.3061224489795917 1.5714285714285714 1.5510204081632653 1.0 1.0816326530612246 1.5510204081632653 1.0408163265306123 1.8775510204081634 1.4489795918367347 1.163265306122449 1.3265306122448979 0.9183673469387755 2.0 1.183673469387755  
