80 20
TREE NETWORK (nID nID Weight):
1 0 31.0 
2 1 36.0 
3 2 43.0 
4 3 38.0 
6 3 33.0 
7 6 50.0 
57 0 31.0 
66 0 47.0 
58 57 50.0 
8 7 30.0 
27 6 54.0 
62 57 53.0 
39 1 51.0 
69 0 59.0 
40 39 48.0 
70 69 30.0 
42 39 47.0 
45 39 59.0 
9 8 38.0 
47 39 49.0 
12 7 49.0 
59 58 38.0 
71 70 48.0 
14 7 41.0 
28 27 34.0 
63 57 40.0 
64 63 44.0 
37 6 32.0 
19 7 41.0 
15 14 39.0 
34 27 47.0 
48 47 36.0 
67 66 46.0 
60 58 53.0 
50 39 34.0 
54 1 30.0 
43 42 47.0 
55 54 52.0 
38 6 59.0 
16 15 31.0 
35 34 53.0 
41 40 48.0 
51 50 48.0 
68 66 37.0 
75 0 32.0 
46 45 49.0 
78 0 41.0 
29 28 37.0 
53 39 50.0 
20 7 58.0 
76 75 52.0 
22 7 51.0 
21 20 37.0 
32 28 46.0 
36 35 44.0 
23 22 41.0 
56 54 49.0 
77 76 59.0 
30 29 58.0 
44 42 52.0 
65 64 40.0 
33 28 53.0 
17 16 50.0 
11 8 41.0 
10 9 33.0 
18 17 34.0 
5 4 31.0 
24 23 54.0 
49 48 35.0 
79 78 34.0 
25 23 47.0 
52 51 56.0 
61 60 49.0 
26 7 41.0 
13 12 39.0 
72 70 41.0 
31 29 43.0 
73 72 54.0 
74 73 41.0 
PROGRAMS ASSIGNED TO NODES (nID pID1 pID2 ...):
0 1 2 3 4 5 6 7 8 9 10 11 12 13 14 15 16 17 18 19 20  
64 4 5 6 7 8 10 11 12 13 15 16 17 18  
5 1 7 9 11 12 13 15 17 18 19  
68 4  
72 1 5 8 15 17 19  
57 2 3 4 5 6 7 10 11 12 13 14 16 18 19 20  
18 1 2 3 4 6 7 10 11 12 13 16 17 18 19 20  
9  
75 1 5 6 9 12 14 17 19 20  
24 3 4 5 7 9 19  
56  
40  
58 9  
60 2 4 8 15 19  
39 2 7 9 10 11 17  
35 1 2 3 4 5 6 7 8 9 10 11 12 13 14 15 17 18 19 20  
62 5 6 9 10 15 17 19  
52 2 5 8 9 14 17 18 19  
55 13 16 17  
48 9 14 19 20  
67 1  
34 2 8 14  
54 8 20  
47 1 2 3 4 7 9 10 11 12 14 15 16 17 19 20  
12  
51 1 2 3 4 6 7 8 11 13 14 15 16 18 19 20  
66 3 10 15 16 17 18  
77 3 4 5 6 8 9 10 14 15 16 18  
73 1 3 4 10 12 14 15 18  
65 9 11 17  
10 3 4 7 8 10 11 12 14 15 16 17 18 19  
19 13  
11 1 2 4 6 8 9 10 14 16 18  
78 5 6 11 19 20  
46 15 18 19  
1 1 3 4 8 9 14 15 18 20  
14 4 7 15 16 17  
16 1 3 5 6 8 9 10 11 12 13 14 16 19 20  
28 2 3 4 5 6 8 9 10 12 16 17 19 20  
23 1 8 9 10 14 17 19 20  
49 20  
31 5 8 14 15 18  
76 2 3 4 5 7 8 9 10 11 14 15 16 17 19 20  
7 1 2 4 5 14 17  
36 7 9  
27 10  
70 1 2 3 4 5 6 7 10 11 12 13 14 15 18 19 20  
59 3 4 6 7 9 13 14 15 16 17 19  
32 1 3 5 6 7 9 11 12 13 15 16 17 18 19 20  
26  
21 8 9 11 12 18  
63 6 9  
50 9 18  
61 1 2 3 5 7 8 11 12 13 14 16  
33 12 13 14 17  
43 4 5 6 7 8 14  
44 2 3 5 8 9 11 12 13 14 15 16 17 18 19 20  
15 15 17  
3 2 3 4 5 6 7 10 11 12 13 14 15 16 17 18 19  
45 3 4 5 6 7 8 9 10 11 12 13 14 15 16 17 19 20  
79 1 2 4 5 6 8 11 12 13 14 18 19  
13 2 3 4 7 9 10 12 14 15 17 18 19  
69 2 3 4 5 7 9 12 13 14 17 19  
29 3 4 8 9 14 15 16 17 18 19  
37 3 4 5 6 9 10 12 18 19 20  
53  
30 1 3 6 7 9 11 12 13 14 18 20  
8 3 5 8 13 14 15 16 18  
20 1 6 9 13 14 15 18 20  
41 2 3 4 5 6 7 8 9 10 11 12 13 14 16 17 18 19  
42 2 7 8 10 13 17  
22 1 4 16 19  
6 3 5 6 7 8 9 14 16 18 19 20  
74 14 16  
71 2 3 5 7 8 9 12 13 17 19 20  
38 4 11 13  
25  
17 5 11  
4 4 5 8 16  
2  
SIZE OF PROGRAMS (pID SIZE):
1 59.0 
2 76.0 
3 80.0 
4 56.0 
5 74.0 
6 82.0 
7 74.0 
8 67.0 
9 58.0 
10 80.0 
11 79.0 
12 41.0 
13 74.0 
14 41.0 
15 82.0 
16 76.0 
17 77.0 
18 78.0 
19 44.0 
20 68.0 
COST_INSTALL_SERVER_AND_PROGRAMS :
0 5997.5609756097565 2.158536585365854 2.7804878048780486 2.926829268292683 2.048780487804878 2.707317073170732 3.0 2.707317073170732 2.451219512195122 2.1219512195121952 2.926829268292683 2.8902439024390243 1.5 2.707317073170732 1.5 3.0 2.7804878048780486 2.817073170731707 2.8536585365853657 1.6097560975609757 2.4878048780487805  
64 101.4845848486762 2.158536585365854 2.7804878048780486 2.926829268292683 2.048780487804878 2.707317073170732 3.0 2.707317073170732 2.451219512195122 2.1219512195121952 2.926829268292683 2.8902439024390243 1.5 2.707317073170732 1.5 3.0 2.7804878048780486 2.817073170731707 2.8536585365853657 1.6097560975609757 2.4878048780487805  
5 88.46651531027571 2.158536585365854 2.7804878048780486 2.926829268292683 2.048780487804878 2.707317073170732 3.0 2.707317073170732 2.451219512195122 2.1219512195121952 2.926829268292683 2.8902439024390243 1.5 2.707317073170732 1.5 3.0 2.7804878048780486 2.817073170731707 2.8536585365853657 1.6097560975609757 2.4878048780487805  
68 1.5598830067901142 1.4390243902439024 1.853658536585366 1.951219512195122 1.3658536585365855 1.8048780487804879 2.0 1.8048780487804879 1.6341463414634145 1.4146341463414633 1.951219512195122 1.9268292682926829 1.0 1.8048780487804879 1.0 2.0 1.853658536585366 1.8780487804878048 1.9024390243902438 1.0731707317073171 1.6585365853658536  
72 37.59043126513009 2.158536585365854 2.7804878048780486 2.926829268292683 2.048780487804878 2.707317073170732 3.0 2.707317073170732 2.451219512195122 2.1219512195121952 2.926829268292683 2.8902439024390243 1.5 2.707317073170732 1.5 3.0 2.7804878048780486 2.817073170731707 2.8536585365853657 1.6097560975609757 2.4878048780487805  
57 8.763744338544598 2.158536585365854 2.7804878048780486 2.926829268292683 2.048780487804878 2.707317073170732 3.0 2.707317073170732 2.451219512195122 2.1219512195121952 2.926829268292683 2.8902439024390243 1.5 2.707317073170732 1.5 3.0 2.7804878048780486 2.817073170731707 2.8536585365853657 1.6097560975609757 2.4878048780487805  
18 308.0766655572182 2.158536585365854 2.7804878048780486 2.926829268292683 2.048780487804878 2.707317073170732 3.0 2.707317073170732 2.451219512195122 2.1219512195121952 2.926829268292683 2.8902439024390243 1.5 2.707317073170732 1.5 3.0 2.7804878048780486 2.817073170731707 2.8536585365853657 1.6097560975609757 2.4878048780487805  
9 58.20902447671499 2.158536585365854 2.7804878048780486 2.926829268292683 2.048780487804878 2.707317073170732 3.0 2.707317073170732 2.451219512195122 2.1219512195121952 2.926829268292683 2.8902439024390243 1.5 2.707317073170732 1.5 3.0 2.7804878048780486 2.817073170731707 2.8536585365853657 1.6097560975609757 2.4878048780487805  
75 23.257953529264558 1.4390243902439024 1.853658536585366 1.951219512195122 1.3658536585365855 1.8048780487804879 2.0 1.8048780487804879 1.6341463414634145 1.4146341463414633 1.951219512195122 1.9268292682926829 1.0 1.8048780487804879 1.0 2.0 1.853658536585366 1.8780487804878048 1.9024390243902438 1.0731707317073171 1.6585365853658536  
24 73.37968273073845 2.158536585365854 2.7804878048780486 2.926829268292683 2.048780487804878 2.707317073170732 3.0 2.707317073170732 2.451219512195122 2.1219512195121952 2.926829268292683 2.8902439024390243 1.5 2.707317073170732 1.5 3.0 2.7804878048780486 2.817073170731707 2.8536585365853657 1.6097560975609757 2.4878048780487805  
56 409.0 2.158536585365854 2.7804878048780486 2.926829268292683 2.048780487804878 2.707317073170732 3.0 2.707317073170732 2.451219512195122 2.1219512195121952 2.926829268292683 2.8902439024390243 1.5 2.707317073170732 1.5 3.0 2.7804878048780486 2.817073170731707 2.8536585365853657 1.6097560975609757 2.4878048780487805  
40 83.13315615556365 2.158536585365854 2.7804878048780486 2.926829268292683 2.048780487804878 2.707317073170732 3.0 2.707317073170732 2.451219512195122 2.1219512195121952 2.926829268292683 2.8902439024390243 1.5 2.707317073170732 1.5 3.0 2.7804878048780486 2.817073170731707 2.8536585365853657 1.6097560975609757 2.4878048780487805  
58 52.694248352969225 2.158536585365854 2.7804878048780486 2.926829268292683 2.048780487804878 2.707317073170732 3.0 2.707317073170732 2.451219512195122 2.1219512195121952 2.926829268292683 2.8902439024390243 1.5 2.707317073170732 1.5 3.0 2.7804878048780486 2.817073170731707 2.8536585365853657 1.6097560975609757 2.4878048780487805  
60 49.6535207351762 2.158536585365854 2.7804878048780486 2.926829268292683 2.048780487804878 2.707317073170732 3.0 2.707317073170732 2.451219512195122 2.1219512195121952 2.926829268292683 2.8902439024390243 1.5 2.707317073170732 1.5 3.0 2.7804878048780486 2.817073170731707 2.8536585365853657 1.6097560975609757 2.4878048780487805  
39 28.529689257414855 2.158536585365854 2.7804878048780486 2.926829268292683 2.048780487804878 2.707317073170732 3.0 2.707317073170732 2.451219512195122 2.1219512195121952 2.926829268292683 2.8902439024390243 1.5 2.707317073170732 1.5 3.0 2.7804878048780486 2.817073170731707 2.8536585365853657 1.6097560975609757 2.4878048780487805  
35 124.17405998108327 2.158536585365854 2.7804878048780486 2.926829268292683 2.048780487804878 2.707317073170732 3.0 2.707317073170732 2.451219512195122 2.1219512195121952 2.926829268292683 2.8902439024390243 1.5 2.707317073170732 1.5 3.0 2.7804878048780486 2.817073170731707 2.8536585365853657 1.6097560975609757 2.4878048780487805  
62 9.368695649817736 2.158536585365854 2.7804878048780486 2.926829268292683 2.048780487804878 2.707317073170732 3.0 2.707317073170732 2.451219512195122 2.1219512195121952 2.926829268292683 2.8902439024390243 1.5 2.707317073170732 1.5 3.0 2.7804878048780486 2.817073170731707 2.8536585365853657 1.6097560975609757 2.4878048780487805  
52 66.7551940318569 1.4390243902439024 1.853658536585366 1.951219512195122 1.3658536585365855 1.8048780487804879 2.0 1.8048780487804879 1.6341463414634145 1.4146341463414633 1.951219512195122 1.9268292682926829 1.0 1.8048780487804879 1.0 2.0 1.853658536585366 1.8780487804878048 1.9024390243902438 1.0731707317073171 1.6585365853658536  
55 12.182880012882727 1.4390243902439024 1.853658536585366 1.951219512195122 1.3658536585365855 1.8048780487804879 2.0 1.8048780487804879 1.6341463414634145 1.4146341463414633 1.951219512195122 1.9268292682926829 1.0 1.8048780487804879 1.0 2.0 1.853658536585366 1.8780487804878048 1.9024390243902438 1.0731707317073171 1.6585365853658536  
48 12.721787271045345 2.158536585365854 2.7804878048780486 2.926829268292683 2.048780487804878 2.707317073170732 3.0 2.707317073170732 2.451219512195122 2.1219512195121952 2.926829268292683 2.8902439024390243 1.5 2.707317073170732 1.5 3.0 2.7804878048780486 2.817073170731707 2.8536585365853657 1.6097560975609757 2.4878048780487805  
67 2.334760739592296 1.4390243902439024 1.853658536585366 1.951219512195122 1.3658536585365855 1.8048780487804879 2.0 1.8048780487804879 1.6341463414634145 1.4146341463414633 1.951219512195122 1.9268292682926829 1.0 1.8048780487804879 1.0 2.0 1.853658536585366 1.8780487804878048 1.9024390243902438 1.0731707317073171 1.6585365853658536  
34 85.98603271822893 2.158536585365854 2.7804878048780486 2.926829268292683 2.048780487804878 2.707317073170732 3.0 2.707317073170732 2.451219512195122 2.1219512195121952 2.926829268292683 2.8902439024390243 1.5 2.707317073170732 1.5 3.0 2.7804878048780486 2.817073170731707 2.8536585365853657 1.6097560975609757 2.4878048780487805  
54 29.034044572271284 1.4390243902439024 1.853658536585366 1.951219512195122 1.3658536585365855 1.8048780487804879 2.0 1.8048780487804879 1.6341463414634145 1.4146341463414633 1.951219512195122 1.9268292682926829 1.0 1.8048780487804879 1.0 2.0 1.853658536585366 1.8780487804878048 1.9024390243902438 1.0731707317073171 1.6585365853658536  
47 49.26883886693278 2.158536585365854 2.7804878048780486 2.926829268292683 2.048780487804878 2.707317073170732 3.0 2.707317073170732 2.451219512195122 2.1219512195121952 2.926829268292683 2.8902439024390243 1.5 2.707317073170732 1.5 3.0 2.7804878048780486 2.817073170731707 2.8536585365853657 1.6097560975609757 2.4878048780487805  
12 105.314331745674 2.158536585365854 2.7804878048780486 2.926829268292683 2.048780487804878 2.707317073170732 3.0 2.707317073170732 2.451219512195122 2.1219512195121952 2.926829268292683 2.8902439024390243 1.5 2.707317073170732 1.5 3.0 2.7804878048780486 2.817073170731707 2.8536585365853657 1.6097560975609757 2.4878048780487805  
51 77.61155355396245 2.158536585365854 2.7804878048780486 2.926829268292683 2.048780487804878 2.707317073170732 3.0 2.707317073170732 2.451219512195122 2.1219512195121952 2.926829268292683 2.8902439024390243 1.5 2.707317073170732 1.5 3.0 2.7804878048780486 2.817073170731707 2.8536585365853657 1.6097560975609757 2.4878048780487805  
66 337.0 2.158536585365854 2.7804878048780486 2.926829268292683 2.048780487804878 2.707317073170732 3.0 2.707317073170732 2.451219512195122 2.1219512195121952 2.926829268292683 2.8902439024390243 1.5 2.707317073170732 1.5 3.0 2.7804878048780486 2.817073170731707 2.8536585365853657 1.6097560975609757 2.4878048780487805  
77 24.239231035791555 2.158536585365854 2.7804878048780486 2.926829268292683 2.048780487804878 2.707317073170732 3.0 2.707317073170732 2.451219512195122 2.1219512195121952 2.926829268292683 2.8902439024390243 1.5 2.707317073170732 1.5 3.0 2.7804878048780486 2.817073170731707 2.8536585365853657 1.6097560975609757 2.4878048780487805  
73 57.30028915114801 2.158536585365854 2.7804878048780486 2.926829268292683 2.048780487804878 2.707317073170732 3.0 2.707317073170732 2.451219512195122 2.1219512195121952 2.926829268292683 2.8902439024390243 1.5 2.707317073170732 1.5 3.0 2.7804878048780486 2.817073170731707 2.8536585365853657 1.6097560975609757 2.4878048780487805  
65 17.03598286183583 2.158536585365854 2.7804878048780486 2.926829268292683 2.048780487804878 2.707317073170732 3.0 2.707317073170732 2.451219512195122 2.1219512195121952 2.926829268292683 2.8902439024390243 1.5 2.707317073170732 1.5 3.0 2.7804878048780486 2.817073170731707 2.8536585365853657 1.6097560975609757 2.4878048780487805  
10 75.86286170153977 2.158536585365854 2.7804878048780486 2.926829268292683 2.048780487804878 2.707317073170732 3.0 2.707317073170732 2.451219512195122 2.1219512195121952 2.926829268292683 2.8902439024390243 1.5 2.707317073170732 1.5 3.0 2.7804878048780486 2.817073170731707 2.8536585365853657 1.6097560975609757 2.4878048780487805  
19 9.82411195709803 1.4390243902439024 1.853658536585366 1.951219512195122 1.3658536585365855 1.8048780487804879 2.0 1.8048780487804879 1.6341463414634145 1.4146341463414633 1.951219512195122 1.9268292682926829 1.0 1.8048780487804879 1.0 2.0 1.853658536585366 1.8780487804878048 1.9024390243902438 1.0731707317073171 1.6585365853658536  
11 91.37854194018334 2.158536585365854 2.7804878048780486 2.926829268292683 2.048780487804878 2.707317073170732 3.0 2.707317073170732 2.451219512195122 2.1219512195121952 2.926829268292683 2.8902439024390243 1.5 2.707317073170732 1.5 3.0 2.7804878048780486 2.817073170731707 2.8536585365853657 1.6097560975609757 2.4878048780487805  
78 12.840134275502233 1.4390243902439024 1.853658536585366 1.951219512195122 1.3658536585365855 1.8048780487804879 2.0 1.8048780487804879 1.6341463414634145 1.4146341463414633 1.951219512195122 1.9268292682926829 1.0 1.8048780487804879 1.0 2.0 1.853658536585366 1.8780487804878048 1.9024390243902438 1.0731707317073171 1.6585365853658536  
46 18.861568624877787 2.158536585365854 2.7804878048780486 2.926829268292683 2.048780487804878 2.707317073170732 3.0 2.707317073170732 2.451219512195122 2.1219512195121952 2.926829268292683 2.8902439024390243 1.5 2.707317073170732 1.5 3.0 2.7804878048780486 2.817073170731707 2.8536585365853657 1.6097560975609757 2.4878048780487805  
1 9.574738247735695 2.158536585365854 2.7804878048780486 2.926829268292683 2.048780487804878 2.707317073170732 3.0 2.707317073170732 2.451219512195122 2.1219512195121952 2.926829268292683 2.8902439024390243 1.5 2.707317073170732 1.5 3.0 2.7804878048780486 2.817073170731707 2.8536585365853657 1.6097560975609757 2.4878048780487805  
14 200.65769486968472 1.4390243902439024 1.853658536585366 1.951219512195122 1.3658536585365855 1.8048780487804879 2.0 1.8048780487804879 1.6341463414634145 1.4146341463414633 1.951219512195122 1.9268292682926829 1.0 1.8048780487804879 1.0 2.0 1.853658536585366 1.8780487804878048 1.9024390243902438 1.0731707317073171 1.6585365853658536  
16 210.38474201197747 1.4390243902439024 1.853658536585366 1.951219512195122 1.3658536585365855 1.8048780487804879 2.0 1.8048780487804879 1.6341463414634145 1.4146341463414633 1.951219512195122 1.9268292682926829 1.0 1.8048780487804879 1.0 2.0 1.853658536585366 1.8780487804878048 1.9024390243902438 1.0731707317073171 1.6585365853658536  
28 299.45349679532177 1.4390243902439024 1.853658536585366 1.951219512195122 1.3658536585365855 1.8048780487804879 2.0 1.8048780487804879 1.6341463414634145 1.4146341463414633 1.951219512195122 1.9268292682926829 1.0 1.8048780487804879 1.0 2.0 1.853658536585366 1.8780487804878048 1.9024390243902438 1.0731707317073171 1.6585365853658536  
23 134.5805486394221 2.158536585365854 2.7804878048780486 2.926829268292683 2.048780487804878 2.707317073170732 3.0 2.707317073170732 2.451219512195122 2.1219512195121952 2.926829268292683 2.8902439024390243 1.5 2.707317073170732 1.5 3.0 2.7804878048780486 2.817073170731707 2.8536585365853657 1.6097560975609757 2.4878048780487805  
49 8.447266881804474 2.158536585365854 2.7804878048780486 2.926829268292683 2.048780487804878 2.707317073170732 3.0 2.707317073170732 2.451219512195122 2.1219512195121952 2.926829268292683 2.8902439024390243 1.5 2.707317073170732 1.5 3.0 2.7804878048780486 2.817073170731707 2.8536585365853657 1.6097560975609757 2.4878048780487805  
31 35.36824135766665 1.4390243902439024 1.853658536585366 1.951219512195122 1.3658536585365855 1.8048780487804879 2.0 1.8048780487804879 1.6341463414634145 1.4146341463414633 1.951219512195122 1.9268292682926829 1.0 1.8048780487804879 1.0 2.0 1.853658536585366 1.8780487804878048 1.9024390243902438 1.0731707317073171 1.6585365853658536  
76 56.61890994122325 2.158536585365854 2.7804878048780486 2.926829268292683 2.048780487804878 2.707317073170732 3.0 2.707317073170732 2.451219512195122 2.1219512195121952 2.926829268292683 2.8902439024390243 1.5 2.707317073170732 1.5 3.0 2.7804878048780486 2.817073170731707 2.8536585365853657 1.6097560975609757 2.4878048780487805  
7 125.27429800862284 2.158536585365854 2.7804878048780486 2.926829268292683 2.048780487804878 2.707317073170732 3.0 2.707317073170732 2.451219512195122 2.1219512195121952 2.926829268292683 2.8902439024390243 1.5 2.707317073170732 1.5 3.0 2.7804878048780486 2.817073170731707 2.8536585365853657 1.6097560975609757 2.4878048780487805  
36 12.293239028778668 1.4390243902439024 1.853658536585366 1.951219512195122 1.3658536585365855 1.8048780487804879 2.0 1.8048780487804879 1.6341463414634145 1.4146341463414633 1.951219512195122 1.9268292682926829 1.0 1.8048780487804879 1.0 2.0 1.853658536585366 1.8780487804878048 1.9024390243902438 1.0731707317073171 1.6585365853658536  
27 206.0244293059036 2.158536585365854 2.7804878048780486 2.926829268292683 2.048780487804878 2.707317073170732 3.0 2.707317073170732 2.451219512195122 2.1219512195121952 2.926829268292683 2.8902439024390243 1.5 2.707317073170732 1.5 3.0 2.7804878048780486 2.817073170731707 2.8536585365853657 1.6097560975609757 2.4878048780487805  
70 3.7097935351765443 2.158536585365854 2.7804878048780486 2.926829268292683 2.048780487804878 2.707317073170732 3.0 2.707317073170732 2.451219512195122 2.1219512195121952 2.926829268292683 2.8902439024390243 1.5 2.707317073170732 1.5 3.0 2.7804878048780486 2.817073170731707 2.8536585365853657 1.6097560975609757 2.4878048780487805  
59 52.19197172104928 1.4390243902439024 1.853658536585366 1.951219512195122 1.3658536585365855 1.8048780487804879 2.0 1.8048780487804879 1.6341463414634145 1.4146341463414633 1.951219512195122 1.9268292682926829 1.0 1.8048780487804879 1.0 2.0 1.853658536585366 1.8780487804878048 1.9024390243902438 1.0731707317073171 1.6585365853658536  
32 153.54203185650567 1.4390243902439024 1.853658536585366 1.951219512195122 1.3658536585365855 1.8048780487804879 2.0 1.8048780487804879 1.6341463414634145 1.4146341463414633 1.951219512195122 1.9268292682926829 1.0 1.8048780487804879 1.0 2.0 1.853658536585366 1.8780487804878048 1.9024390243902438 1.0731707317073171 1.6585365853658536  
26 657.0 2.158536585365854 2.7804878048780486 2.926829268292683 2.048780487804878 2.707317073170732 3.0 2.707317073170732 2.451219512195122 2.1219512195121952 2.926829268292683 2.8902439024390243 1.5 2.707317073170732 1.5 3.0 2.7804878048780486 2.817073170731707 2.8536585365853657 1.6097560975609757 2.4878048780487805  
21 56.33248981748842 2.158536585365854 2.7804878048780486 2.926829268292683 2.048780487804878 2.707317073170732 3.0 2.707317073170732 2.451219512195122 2.1219512195121952 2.926829268292683 2.8902439024390243 1.5 2.707317073170732 1.5 3.0 2.7804878048780486 2.817073170731707 2.8536585365853657 1.6097560975609757 2.4878048780487805  
63 45.327458277882116 2.158536585365854 2.7804878048780486 2.926829268292683 2.048780487804878 2.707317073170732 3.0 2.707317073170732 2.451219512195122 2.1219512195121952 2.926829268292683 2.8902439024390243 1.5 2.707317073170732 1.5 3.0 2.7804878048780486 2.817073170731707 2.8536585365853657 1.6097560975609757 2.4878048780487805  
50 53.56283446681749 2.158536585365854 2.7804878048780486 2.926829268292683 2.048780487804878 2.707317073170732 3.0 2.707317073170732 2.451219512195122 2.1219512195121952 2.926829268292683 2.8902439024390243 1.5 2.707317073170732 1.5 3.0 2.7804878048780486 2.817073170731707 2.8536585365853657 1.6097560975609757 2.4878048780487805  
61 62.58160197068321 1.4390243902439024 1.853658536585366 1.951219512195122 1.3658536585365855 1.8048780487804879 2.0 1.8048780487804879 1.6341463414634145 1.4146341463414633 1.951219512195122 1.9268292682926829 1.0 1.8048780487804879 1.0 2.0 1.853658536585366 1.8780487804878048 1.9024390243902438 1.0731707317073171 1.6585365853658536  
33 26.020719248197302 1.4390243902439024 1.853658536585366 1.951219512195122 1.3658536585365855 1.8048780487804879 2.0 1.8048780487804879 1.6341463414634145 1.4146341463414633 1.951219512195122 1.9268292682926829 1.0 1.8048780487804879 1.0 2.0 1.853658536585366 1.8780487804878048 1.9024390243902438 1.0731707317073171 1.6585365853658536  
43 37.9258077093503 2.158536585365854 2.7804878048780486 2.926829268292683 2.048780487804878 2.707317073170732 3.0 2.707317073170732 2.451219512195122 2.1219512195121952 2.926829268292683 2.8902439024390243 1.5 2.707317073170732 1.5 3.0 2.7804878048780486 2.817073170731707 2.8536585365853657 1.6097560975609757 2.4878048780487805  
44 34.25142693764199 1.4390243902439024 1.853658536585366 1.951219512195122 1.3658536585365855 1.8048780487804879 2.0 1.8048780487804879 1.6341463414634145 1.4146341463414633 1.951219512195122 1.9268292682926829 1.0 1.8048780487804879 1.0 2.0 1.853658536585366 1.8780487804878048 1.9024390243902438 1.0731707317073171 1.6585365853658536  
15 326.42649373046294 2.158536585365854 2.7804878048780486 2.926829268292683 2.048780487804878 2.707317073170732 3.0 2.707317073170732 2.451219512195122 2.1219512195121952 2.926829268292683 2.8902439024390243 1.5 2.707317073170732 1.5 3.0 2.7804878048780486 2.817073170731707 2.8536585365853657 1.6097560975609757 2.4878048780487805  
3 101.07985538947997 2.158536585365854 2.7804878048780486 2.926829268292683 2.048780487804878 2.707317073170732 3.0 2.707317073170732 2.451219512195122 2.1219512195121952 2.926829268292683 2.8902439024390243 1.5 2.707317073170732 1.5 3.0 2.7804878048780486 2.817073170731707 2.8536585365853657 1.6097560975609757 2.4878048780487805  
45 85.6864511136845 1.4390243902439024 1.853658536585366 1.951219512195122 1.3658536585365855 1.8048780487804879 2.0 1.8048780487804879 1.6341463414634145 1.4146341463414633 1.951219512195122 1.9268292682926829 1.0 1.8048780487804879 1.0 2.0 1.853658536585366 1.8780487804878048 1.9024390243902438 1.0731707317073171 1.6585365853658536  
79 27.22002911950473 2.158536585365854 2.7804878048780486 2.926829268292683 2.048780487804878 2.707317073170732 3.0 2.707317073170732 2.451219512195122 2.1219512195121952 2.926829268292683 2.8902439024390243 1.5 2.707317073170732 1.5 3.0 2.7804878048780486 2.817073170731707 2.8536585365853657 1.6097560975609757 2.4878048780487805  
13 163.79593418876374 1.4390243902439024 1.853658536585366 1.951219512195122 1.3658536585365855 1.8048780487804879 2.0 1.8048780487804879 1.6341463414634145 1.4146341463414633 1.951219512195122 1.9268292682926829 1.0 1.8048780487804879 1.0 2.0 1.853658536585366 1.8780487804878048 1.9024390243902438 1.0731707317073171 1.6585365853658536  
69 845.0 2.158536585365854 2.7804878048780486 2.926829268292683 2.048780487804878 2.707317073170732 3.0 2.707317073170732 2.451219512195122 2.1219512195121952 2.926829268292683 2.8902439024390243 1.5 2.707317073170732 1.5 3.0 2.7804878048780486 2.817073170731707 2.8536585365853657 1.6097560975609757 2.4878048780487805  
29 148.87053593115095 1.4390243902439024 1.853658536585366 1.951219512195122 1.3658536585365855 1.8048780487804879 2.0 1.8048780487804879 1.6341463414634145 1.4146341463414633 1.951219512195122 1.9268292682926829 1.0 1.8048780487804879 1.0 2.0 1.853658536585366 1.8780487804878048 1.9024390243902438 1.0731707317073171 1.6585365853658536  
37 49.78454902634204 2.158536585365854 2.7804878048780486 2.926829268292683 2.048780487804878 2.707317073170732 3.0 2.707317073170732 2.451219512195122 2.1219512195121952 2.926829268292683 2.8902439024390243 1.5 2.707317073170732 1.5 3.0 2.7804878048780486 2.817073170731707 2.8536585365853657 1.6097560975609757 2.4878048780487805  
53 166.0 1.4390243902439024 1.853658536585366 1.951219512195122 1.3658536585365855 1.8048780487804879 2.0 1.8048780487804879 1.6341463414634145 1.4146341463414633 1.951219512195122 1.9268292682926829 1.0 1.8048780487804879 1.0 2.0 1.853658536585366 1.8780487804878048 1.9024390243902438 1.0731707317073171 1.6585365853658536  
30 183.39954011637306 2.158536585365854 2.7804878048780486 2.926829268292683 2.048780487804878 2.707317073170732 3.0 2.707317073170732 2.451219512195122 2.1219512195121952 2.926829268292683 2.8902439024390243 1.5 2.707317073170732 1.5 3.0 2.7804878048780486 2.817073170731707 2.8536585365853657 1.6097560975609757 2.4878048780487805  
8 175.6365228410991 1.4390243902439024 1.853658536585366 1.951219512195122 1.3658536585365855 1.8048780487804879 2.0 1.8048780487804879 1.6341463414634145 1.4146341463414633 1.951219512195122 1.9268292682926829 1.0 1.8048780487804879 1.0 2.0 1.853658536585366 1.8780487804878048 1.9024390243902438 1.0731707317073171 1.6585365853658536  
20 93.04534869804912 2.158536585365854 2.7804878048780486 2.926829268292683 2.048780487804878 2.707317073170732 3.0 2.707317073170732 2.451219512195122 2.1219512195121952 2.926829268292683 2.8902439024390243 1.5 2.707317073170732 1.5 3.0 2.7804878048780486 2.817073170731707 2.8536585365853657 1.6097560975609757 2.4878048780487805  
41 124.01114218951604 2.158536585365854 2.7804878048780486 2.926829268292683 2.048780487804878 2.707317073170732 3.0 2.707317073170732 2.451219512195122 2.1219512195121952 2.926829268292683 2.8902439024390243 1.5 2.707317073170732 1.5 3.0 2.7804878048780486 2.817073170731707 2.8536585365853657 1.6097560975609757 2.4878048780487805  
42 117.30078309163757 2.158536585365854 2.7804878048780486 2.926829268292683 2.048780487804878 2.707317073170732 3.0 2.707317073170732 2.451219512195122 2.1219512195121952 2.926829268292683 2.8902439024390243 1.5 2.707317073170732 1.5 3.0 2.7804878048780486 2.817073170731707 2.8536585365853657 1.6097560975609757 2.4878048780487805  
22 110.23590297263512 1.4390243902439024 1.853658536585366 1.951219512195122 1.3658536585365855 1.8048780487804879 2.0 1.8048780487804879 1.6341463414634145 1.4146341463414633 1.951219512195122 1.9268292682926829 1.0 1.8048780487804879 1.0 2.0 1.853658536585366 1.8780487804878048 1.9024390243902438 1.0731707317073171 1.6585365853658536  
6 89.42611653447861 2.158536585365854 2.7804878048780486 2.926829268292683 2.048780487804878 2.707317073170732 3.0 2.707317073170732 2.451219512195122 2.1219512195121952 2.926829268292683 2.8902439024390243 1.5 2.707317073170732 1.5 3.0 2.7804878048780486 2.817073170731707 2.8536585365853657 1.6097560975609757 2.4878048780487805  
74 10.075847866277751 2.158536585365854 2.7804878048780486 2.926829268292683 2.048780487804878 2.707317073170732 3.0 2.707317073170732 2.451219512195122 2.1219512195121952 2.926829268292683 2.8902439024390243 1.5 2.707317073170732 1.5 3.0 2.7804878048780486 2.817073170731707 2.8536585365853657 1.6097560975609757 2.4878048780487805  
71 58.63273552151894 1.4390243902439024 1.853658536585366 1.951219512195122 1.3658536585365855 1.8048780487804879 2.0 1.8048780487804879 1.6341463414634145 1.4146341463414633 1.951219512195122 1.9268292682926829 1.0 1.8048780487804879 1.0 2.0 1.853658536585366 1.8780487804878048 1.9024390243902438 1.0731707317073171 1.6585365853658536  
38 17.076286178870284 2.158536585365854 2.7804878048780486 2.926829268292683 2.048780487804878 2.707317073170732 3.0 2.707317073170732 2.451219512195122 2.1219512195121952 2.926829268292683 2.8902439024390243 1.5 2.707317073170732 1.5 3.0 2.7804878048780486 2.817073170731707 2.8536585365853657 1.6097560975609757 2.4878048780487805  
25 1058.0 2.158536585365854 2.7804878048780486 2.926829268292683 2.048780487804878 2.707317073170732 3.0 2.707317073170732 2.451219512195122 2.1219512195121952 2.926829268292683 2.8902439024390243 1.5 2.707317073170732 1.5 3.0 2.7804878048780486 2.817073170731707 2.8536585365853657 1.6097560975609757 2.4878048780487805  
17 131.8543419551407 1.4390243902439024 1.853658536585366 1.951219512195122 1.3658536585365855 1.8048780487804879 2.0 1.8048780487804879 1.6341463414634145 1.4146341463414633 1.951219512195122 1.9268292682926829 1.0 1.8048780487804879 1.0 2.0 1.853658536585366 1.8780487804878048 1.9024390243902438 1.0731707317073171 1.6585365853658536  
4 120.60109080201251 1.4390243902439024 1.853658536585366 1.951219512195122 1.3658536585365855 1.8048780487804879 2.0 1.8048780487804879 1.6341463414634145 1.4146341463414633 1.951219512195122 1.9268292682926829 1.0 1.8048780487804879 1.0 2.0 1.853658536585366 1.8780487804878048 1.9024390243902438 1.0731707317073171 1.6585365853658536  
2 75.46803959239787 1.4390243902439024 1.853658536585366 1.951219512195122 1.3658536585365855 1.8048780487804879 2.0 1.8048780487804879 1.6341463414634145 1.4146341463414633 1.951219512195122 1.9268292682926829 1.0 1.8048780487804879 1.0 2.0 1.853658536585366 1.8780487804878048 1.9024390243902438 1.0731707317073171 1.6585365853658536  
