60 40
TREE NETWORK (nID nID Weight):
1 0 32.0 
2 1 40.0 
9 0 45.0 
3 2 31.0 
16 0 42.0 
36 0 42.0 
40 0 44.0 
41 40 40.0 
42 41 32.0 
46 41 44.0 
53 0 40.0 
17 16 50.0 
18 17 38.0 
54 53 31.0 
43 42 48.0 
37 36 54.0 
57 0 55.0 
38 37 31.0 
47 46 53.0 
27 16 42.0 
5 1 39.0 
49 46 52.0 
22 17 55.0 
48 47 30.0 
19 18 33.0 
7 1 54.0 
33 16 42.0 
55 53 48.0 
39 38 40.0 
56 55 34.0 
10 9 52.0 
28 27 38.0 
20 18 42.0 
29 27 58.0 
8 7 46.0 
23 17 48.0 
44 43 36.0 
58 57 47.0 
11 9 30.0 
12 9 41.0 
13 9 57.0 
14 9 42.0 
21 18 43.0 
4 3 48.0 
24 23 44.0 
59 0 37.0 
30 29 31.0 
50 49 42.0 
51 50 55.0 
31 30 54.0 
6 5 37.0 
34 16 31.0 
35 34 57.0 
25 17 53.0 
52 46 55.0 
32 27 59.0 
26 25 49.0 
15 14 43.0 
45 43 37.0 
PROGRAMS ASSIGNED TO NODES (nID pID1 pID2 ...):
0 1 2 3 4 5 6 7 8 9 10 11 12 13 14 15 16 17 18 19 20 21 22 23 24 25 26 27 28 29 30 31 32 33 34 35 36 37 38 39 40  
57 6 15 16 17 19 22 25 26 28 30 32 37 39  
42 20  
37 2 4 6 7 9 10 11 12 13 14 15 16 17 18 19 20 21 22 23 26 29 30 32 34 37 40  
20 2 3 4 5 6 7 8 9 10 11 12 13 15 17 18 19 20 21 22 23 25 27 28 29 30 31 32 34 35 36 37 38 39 40  
12 1 2 3 4 5 6 7 8 9 10 11 12 13 14 15 16 17 18 19 20 21 23 25 26 27 28 29 30 31 32 35 36 37 40  
44 2 3 4 5 6 7 9 10 11 14 15 16 17 18 19 20 21 22 24 25 26 28 29 30 31 33 35 36 37 39 40  
38 1 2 3 4 5 8 9 10 14 15 16 21 23 24 26 27 29 30 33 34 35 36 37 40  
58 1 2 4 5 6 8 9 11 12 14 15 17 18 19 20 21 22 23 24 25 27 28 29 30 31 32 33 35 36 37 38 39 40  
34 2 3 6 8 9 11 13 15 16 17 18 20 21 22 23 24 30 31 33 34 35 36 37 39 40  
31 2 5 11 12 21 24 25 28 29 32 33 36 37  
43 1 3 5 6 8 11 12 13 15 18 19 21 22 25 26 27 28 29 30 32 33 35 36 37 38 39 40  
23 2 3 5 6 7 8 9 10 11 12 13 15 16 17 18 19 21 23 26 27 30 31 32 35 38 39  
46 1 18 21 35  
40 3 32 33 40  
11 3 7 9 15 16 17 19 21 23 24 26 28 29 30 32 33 37 39 40  
36 2 3 4 5 7 8 9 10 11 12 13 14 15 16 18 19 20 21 22 24 25 26 27 28 29 30 31 32 34 35 36 39  
32 10 12  
48 6 8 15 34  
41 1 3 4 5 6 7 8 9 10 11 14 16 18 23 25 27 28 30 31 32 34 36 38 39  
2 1 2 3 4 5 6 8 9 10 11 12 15 16 17 19 20 22 23 24 25 26 27 29 31 32 33 34 36 38 40  
8 1 2 3 6 7 8 10 11 12 13 14 15 16 17 18 20 21 22 23 24 25 26 27 28 29 30 31 33 34 35 36 37 38 39 40  
39 1 3 4 5 6 7 8 9 12 13 16 17 18 21 22 23 26 27 28 30 31 34 35 36 37 38 39 40  
47 1 2 4 5 6 9 10 12 13 15 16 17 22 25 27 29 31 32 33 36 37 38 39 40  
18 1 3 4 12 17 20 21 25 32 33 36 38 39  
1 2 3 4 5 6 8 9 10 12 14 16 17 18 20 21 22 23 25 26 30 31 32 36 37 39 40  
29 1 3 5 11 17 20 35 36 37 39  
35 4 5 18 21 22 24 29 31 32 33 34  
25 1 2 3 4 6 7 8 9 10 11 12 13 14 15 16 18 19 20 21 22 23 24 25 26 27 28 29 31 32 33 34 35 36 37 38 39 40  
21 4 7 10 17 22 27 30 34 35  
7 7 26 28 32 36  
27 1 2 3 4 5 7 8 11 12 14 15 16 17 18 20 21 22 23 24 25 27 29 30 31 32 33 34 35 36 37 38 40  
55 1 2 4 5 7 8 10 11 12 13 14 15 16 17 18 19 20 22 23 24 25 26 28 29 30 31 32 33 34 35 36 37 38 39 40  
13 2 3 5 8 10 11 12 13 14 15 16 18 19 20 23 24 25 27 29 30 31 32 33 34 35 37 38 39 40  
30 2 12 23 31  
16 7 15 17 28  
22 1 2 3 4 5 6 7 8 9 10 11 12 13 14 15 16 17 18 19 20 21 22 23 24 25 26 28 29 30 31 32 33 34 35 36 37 38 39 40  
54 1 2 3 4 5 6 8 9 10 11 12 13 14 15 16 17 18 19 20 21 22 23 24 25 26 27 28 29 30 31 32 33 34 35 36 37 38 39 40  
26 1 3 5 6 7 8 9 10 12 13 14 16 17 19 20 22 26 27 28 30 32 36 37  
19 1 2 3 4 6 7 9 10 11 12 13 14 15 16 17 19 20 21 22 23 24 25 26 28 29 30 31 32 33 34 35 36 37 38 39 40  
3 12 13 14 23 27 28 34 35 38 39 40  
17 14 15 22 23 25 35 36  
10 11 13 15 29  
15 2 5 7 9 11 12 14 15 16 17 19 20 21 23 28 29 34 38 39  
28 1 2 11 21 25 28 37 38 39  
5 1 4 6 9 10 13 14 15 18 20 22 25 30 33 36 37 38  
51 1 2 3 4 5 6 7 8 9 10 11 12 13 14 16 17 18 19 21 22 23 24 25 27 29 30 31 33 34 35 36 37 38 39 40  
33 1 2 3 4 5 6 7 8 9 10 11 12 13 14 15 16 17 19 20 21 22 23 24 25 26 27 28 29 30 32 33 34 35 36 37 38 39 40  
4 1 2 3 4 5 8 9 10 11 12 13 14 16 18 19 20 22 24 27 29 32 33 34 36 37 38 40  
56 1 2 3 5 6 7 9 10 11 12 13 14 15 16 17 18 20 22 24 25 27 29 31 32 33 35 37 39  
9 1 2 3 4 5 6 7 8 9 10 11 12 13 14 15 16 17 18 20 21 23 24 25 26 27 28 29 30 31 32 33 34 35 36 37 38 39 40  
50 1 3 4 6 9 10 12 14 15 16 20 22 23 24 26 28 31 33 34 35 38 39 40  
24 1 2 3 5 6 8 9 10 14 15 22 25 27 31 33 34 38 40  
52 1 2 3 7 9 13 16 17 18 20 22 24 27 28 29 31 32 33 35 36 37 38 39  
59 1 2 4 5 6 7 8 9 10 11 12 13 14 15 16 17 18 19 21 22 23 24 25 26 27 28 29 30 31 32 33 34 36 37 38 39 40  
45 2 4 9 10 11 13 16 17 18 20 22 23 26 30 34 36 38  
49 1 2 5 6 7 8 10 11 12 13 14 15 16 17 18 19 20 21 22 23 24 25 26 27 28 29 30 31 34 35 36 37 38 39 40  
14 2 3 4 5 6 7 8 9 10 11 12 13 14 15 16 17 18 19 20 21 22 23 24 25 26 27 29 31 32 33 34 35 36 37 38 39 40  
53 7 8 19 20 21 36  
6 1 3 4 5 7 8 9 10 11 12 13 14 15 16 17 18 19 21 22 23 24 25 26 27 29 30 31 32 33 34 35 37 39 40  
SIZE OF PROGRAMS (pID SIZE):
1 83.0 
2 54.0 
3 65.0 
4 60.0 
5 56.0 
6 90.0 
7 70.0 
8 86.0 
9 50.0 
10 97.0 
11 41.0 
12 76.0 
13 54.0 
14 68.0 
15 80.0 
16 75.0 
17 97.0 
18 42.0 
19 85.0 
20 57.0 
21 47.0 
22 50.0 
23 46.0 
24 42.0 
25 45.0 
26 42.0 
27 78.0 
28 94.0 
29 98.0 
30 56.0 
31 53.0 
32 45.0 
33 84.0 
34 76.0 
35 42.0 
36 77.0 
37 99.0 
38 76.0 
39 50.0 
40 68.0 
COST_INSTALL_SERVER_AND_PROGRAMS :
0 6361.616161616162 1.6767676767676767 1.0909090909090908 1.3131313131313131 1.2121212121212122 1.1313131313131313 1.8181818181818181 1.4141414141414141 1.7373737373737375 1.0101010101010102 1.9595959595959596 0.8282828282828283 1.5353535353535352 1.0909090909090908 1.3737373737373737 1.6161616161616161 1.5151515151515151 1.9595959595959596 0.8484848484848485 1.7171717171717171 1.1515151515151516 0.9494949494949495 1.0101010101010102 0.9292929292929293 0.8484848484848485 0.9090909090909091 0.8484848484848485 1.5757575757575757 1.898989898989899 1.97979797979798 1.1313131313131313 1.0707070707070707 0.9090909090909091 1.696969696969697 1.5353535353535352 0.8484848484848485 1.5555555555555556 2.0 1.5353535353535352 1.0101010101010102 1.3737373737373737  
57 1050.0 2.515151515151515 1.6363636363636365 1.9696969696969697 1.8181818181818181 1.696969696969697 2.727272727272727 2.121212121212121 2.606060606060606 1.5151515151515151 2.9393939393939394 1.2424242424242424 2.303030303030303 1.6363636363636365 2.0606060606060606 2.4242424242424243 2.272727272727273 2.9393939393939394 1.2727272727272727 2.5757575757575757 1.7272727272727273 1.4242424242424243 1.5151515151515151 1.393939393939394 1.2727272727272727 1.3636363636363635 1.2727272727272727 2.3636363636363638 2.8484848484848486 2.9696969696969697 1.696969696969697 1.606060606060606 1.3636363636363635 2.5454545454545454 2.303030303030303 1.2727272727272727 2.3333333333333335 3.0 2.303030303030303 1.5151515151515151 2.0606060606060606  
42 199.31179709100013 2.515151515151515 1.6363636363636365 1.9696969696969697 1.8181818181818181 1.696969696969697 2.727272727272727 2.121212121212121 2.606060606060606 1.5151515151515151 2.9393939393939394 1.2424242424242424 2.303030303030303 1.6363636363636365 2.0606060606060606 2.4242424242424243 2.272727272727273 2.9393939393939394 1.2727272727272727 2.5757575757575757 1.7272727272727273 1.4242424242424243 1.5151515151515151 1.393939393939394 1.2727272727272727 1.3636363636363635 1.2727272727272727 2.3636363636363638 2.8484848484848486 2.9696969696969697 1.696969696969697 1.606060606060606 1.3636363636363635 2.5454545454545454 2.303030303030303 1.2727272727272727 2.3333333333333335 3.0 2.303030303030303 1.5151515151515151 2.0606060606060606  
37 149.40032103786328 1.6767676767676767 1.0909090909090908 1.3131313131313131 1.2121212121212122 1.1313131313131313 1.8181818181818181 1.4141414141414141 1.7373737373737375 1.0101010101010102 1.9595959595959596 0.8282828282828283 1.5353535353535352 1.0909090909090908 1.3737373737373737 1.6161616161616161 1.5151515151515151 1.9595959595959596 0.8484848484848485 1.7171717171717171 1.1515151515151516 0.9494949494949495 1.0101010101010102 0.9292929292929293 0.8484848484848485 0.9090909090909091 0.8484848484848485 1.5757575757575757 1.898989898989899 1.97979797979798 1.1313131313131313 1.0707070707070707 0.9090909090909091 1.696969696969697 1.5353535353535352 0.8484848484848485 1.5555555555555556 2.0 1.5353535353535352 1.0101010101010102 1.3737373737373737  
20 156.0668563867741 2.515151515151515 1.6363636363636365 1.9696969696969697 1.8181818181818181 1.696969696969697 2.727272727272727 2.121212121212121 2.606060606060606 1.5151515151515151 2.9393939393939394 1.2424242424242424 2.303030303030303 1.6363636363636365 2.0606060606060606 2.4242424242424243 2.272727272727273 2.9393939393939394 1.2727272727272727 2.5757575757575757 1.7272727272727273 1.4242424242424243 1.5151515151515151 1.393939393939394 1.2727272727272727 1.3636363636363635 1.2727272727272727 2.3636363636363638 2.8484848484848486 2.9696969696969697 1.696969696969697 1.606060606060606 1.3636363636363635 2.5454545454545454 2.303030303030303 1.2727272727272727 2.3333333333333335 3.0 2.303030303030303 1.5151515151515151 2.0606060606060606  
12 76.62235098036103 2.515151515151515 1.6363636363636365 1.9696969696969697 1.8181818181818181 1.696969696969697 2.727272727272727 2.121212121212121 2.606060606060606 1.5151515151515151 2.9393939393939394 1.2424242424242424 2.303030303030303 1.6363636363636365 2.0606060606060606 2.4242424242424243 2.272727272727273 2.9393939393939394 1.2727272727272727 2.5757575757575757 1.7272727272727273 1.4242424242424243 1.5151515151515151 1.393939393939394 1.2727272727272727 1.3636363636363635 1.2727272727272727 2.3636363636363638 2.8484848484848486 2.9696969696969697 1.696969696969697 1.606060606060606 1.3636363636363635 2.5454545454545454 2.303030303030303 1.2727272727272727 2.3333333333333335 3.0 2.303030303030303 1.5151515151515151 2.0606060606060606  
44 184.4408232577141 2.515151515151515 1.6363636363636365 1.9696969696969697 1.8181818181818181 1.696969696969697 2.727272727272727 2.121212121212121 2.606060606060606 1.5151515151515151 2.9393939393939394 1.2424242424242424 2.303030303030303 1.6363636363636365 2.0606060606060606 2.4242424242424243 2.272727272727273 2.9393939393939394 1.2727272727272727 2.5757575757575757 1.7272727272727273 1.4242424242424243 1.5151515151515151 1.393939393939394 1.2727272727272727 1.3636363636363635 1.2727272727272727 2.3636363636363638 2.8484848484848486 2.9696969696969697 1.696969696969697 1.606060606060606 1.3636363636363635 2.5454545454545454 2.303030303030303 1.2727272727272727 2.3333333333333335 3.0 2.303030303030303 1.5151515151515151 2.0606060606060606  
38 223.11920275749804 2.515151515151515 1.6363636363636365 1.9696969696969697 1.8181818181818181 1.696969696969697 2.727272727272727 2.121212121212121 2.606060606060606 1.5151515151515151 2.9393939393939394 1.2424242424242424 2.303030303030303 1.6363636363636365 2.0606060606060606 2.4242424242424243 2.272727272727273 2.9393939393939394 1.2727272727272727 2.5757575757575757 1.7272727272727273 1.4242424242424243 1.5151515151515151 1.393939393939394 1.2727272727272727 1.3636363636363635 1.2727272727272727 2.3636363636363638 2.8484848484848486 2.9696969696969697 1.696969696969697 1.606060606060606 1.3636363636363635 2.5454545454545454 2.303030303030303 1.2727272727272727 2.3333333333333335 3.0 2.303030303030303 1.5151515151515151 2.0606060606060606  
58 60.75956401552144 2.515151515151515 1.6363636363636365 1.9696969696969697 1.8181818181818181 1.696969696969697 2.727272727272727 2.121212121212121 2.606060606060606 1.5151515151515151 2.9393939393939394 1.2424242424242424 2.303030303030303 1.6363636363636365 2.0606060606060606 2.4242424242424243 2.272727272727273 2.9393939393939394 1.2727272727272727 2.5757575757575757 1.7272727272727273 1.4242424242424243 1.5151515151515151 1.393939393939394 1.2727272727272727 1.3636363636363635 1.2727272727272727 2.3636363636363638 2.8484848484848486 2.9696969696969697 1.696969696969697 1.606060606060606 1.3636363636363635 2.5454545454545454 2.303030303030303 1.2727272727272727 2.3333333333333335 3.0 2.303030303030303 1.5151515151515151 2.0606060606060606  
34 120.25739770754113 1.6767676767676767 1.0909090909090908 1.3131313131313131 1.2121212121212122 1.1313131313131313 1.8181818181818181 1.4141414141414141 1.7373737373737375 1.0101010101010102 1.9595959595959596 0.8282828282828283 1.5353535353535352 1.0909090909090908 1.3737373737373737 1.6161616161616161 1.5151515151515151 1.9595959595959596 0.8484848484848485 1.7171717171717171 1.1515151515151516 0.9494949494949495 1.0101010101010102 0.9292929292929293 0.8484848484848485 0.9090909090909091 0.8484848484848485 1.5757575757575757 1.898989898989899 1.97979797979798 1.1313131313131313 1.0707070707070707 0.9090909090909091 1.696969696969697 1.5353535353535352 0.8484848484848485 1.5555555555555556 2.0 1.5353535353535352 1.0101010101010102 1.3737373737373737  
31 130.14609252861402 1.6767676767676767 1.0909090909090908 1.3131313131313131 1.2121212121212122 1.1313131313131313 1.8181818181818181 1.4141414141414141 1.7373737373737375 1.0101010101010102 1.9595959595959596 0.8282828282828283 1.5353535353535352 1.0909090909090908 1.3737373737373737 1.6161616161616161 1.5151515151515151 1.9595959595959596 0.8484848484848485 1.7171717171717171 1.1515151515151516 0.9494949494949495 1.0101010101010102 0.9292929292929293 0.8484848484848485 0.9090909090909091 0.8484848484848485 1.5757575757575757 1.898989898989899 1.97979797979798 1.1313131313131313 1.0707070707070707 0.9090909090909091 1.696969696969697 1.5353535353535352 0.8484848484848485 1.5555555555555556 2.0 1.5353535353535352 1.0101010101010102 1.3737373737373737  
43 359.6937745908574 2.515151515151515 1.6363636363636365 1.9696969696969697 1.8181818181818181 1.696969696969697 2.727272727272727 2.121212121212121 2.606060606060606 1.5151515151515151 2.9393939393939394 1.2424242424242424 2.303030303030303 1.6363636363636365 2.0606060606060606 2.4242424242424243 2.272727272727273 2.9393939393939394 1.2727272727272727 2.5757575757575757 1.7272727272727273 1.4242424242424243 1.5151515151515151 1.393939393939394 1.2727272727272727 1.3636363636363635 1.2727272727272727 2.3636363636363638 2.8484848484848486 2.9696969696969697 1.696969696969697 1.606060606060606 1.3636363636363635 2.5454545454545454 2.303030303030303 1.2727272727272727 2.3333333333333335 3.0 2.303030303030303 1.5151515151515151 2.0606060606060606  
23 53.007105557962845 2.515151515151515 1.6363636363636365 1.9696969696969697 1.8181818181818181 1.696969696969697 2.727272727272727 2.121212121212121 2.606060606060606 1.5151515151515151 2.9393939393939394 1.2424242424242424 2.303030303030303 1.6363636363636365 2.0606060606060606 2.4242424242424243 2.272727272727273 2.9393939393939394 1.2727272727272727 2.5757575757575757 1.7272727272727273 1.4242424242424243 1.5151515151515151 1.393939393939394 1.2727272727272727 1.3636363636363635 1.2727272727272727 2.3636363636363638 2.8484848484848486 2.9696969696969697 1.696969696969697 1.606060606060606 1.3636363636363635 2.5454545454545454 2.303030303030303 1.2727272727272727 2.3333333333333335 3.0 2.303030303030303 1.5151515151515151 2.0606060606060606  
46 217.94409195750325 2.515151515151515 1.6363636363636365 1.9696969696969697 1.8181818181818181 1.696969696969697 2.727272727272727 2.121212121212121 2.606060606060606 1.5151515151515151 2.9393939393939394 1.2424242424242424 2.303030303030303 1.6363636363636365 2.0606060606060606 2.4242424242424243 2.272727272727273 2.9393939393939394 1.2727272727272727 2.5757575757575757 1.7272727272727273 1.4242424242424243 1.5151515151515151 1.393939393939394 1.2727272727272727 1.3636363636363635 1.2727272727272727 2.3636363636363638 2.8484848484848486 2.9696969696969697 1.696969696969697 1.606060606060606 1.3636363636363635 2.5454545454545454 2.303030303030303 1.2727272727272727 2.3333333333333335 3.0 2.303030303030303 1.5151515151515151 2.0606060606060606  
40 18.14562470037697 2.515151515151515 1.6363636363636365 1.9696969696969697 1.8181818181818181 1.696969696969697 2.727272727272727 2.121212121212121 2.606060606060606 1.5151515151515151 2.9393939393939394 1.2424242424242424 2.303030303030303 1.6363636363636365 2.0606060606060606 2.4242424242424243 2.272727272727273 2.9393939393939394 1.2727272727272727 2.5757575757575757 1.7272727272727273 1.4242424242424243 1.5151515151515151 1.393939393939394 1.2727272727272727 1.3636363636363635 1.2727272727272727 2.3636363636363638 2.8484848484848486 2.9696969696969697 1.696969696969697 1.606060606060606 1.3636363636363635 2.5454545454545454 2.303030303030303 1.2727272727272727 2.3333333333333335 3.0 2.303030303030303 1.5151515151515151 2.0606060606060606  
11 73.23383163474332 1.6767676767676767 1.0909090909090908 1.3131313131313131 1.2121212121212122 1.1313131313131313 1.8181818181818181 1.4141414141414141 1.7373737373737375 1.0101010101010102 1.9595959595959596 0.8282828282828283 1.5353535353535352 1.0909090909090908 1.3737373737373737 1.6161616161616161 1.5151515151515151 1.9595959595959596 0.8484848484848485 1.7171717171717171 1.1515151515151516 0.9494949494949495 1.0101010101010102 0.9292929292929293 0.8484848484848485 0.9090909090909091 0.8484848484848485 1.5757575757575757 1.898989898989899 1.97979797979798 1.1313131313131313 1.0707070707070707 0.9090909090909091 1.696969696969697 1.5353535353535352 0.8484848484848485 1.5555555555555556 2.0 1.5353535353535352 1.0101010101010102 1.3737373737373737  
36 3.125018842525229 1.6767676767676767 1.0909090909090908 1.3131313131313131 1.2121212121212122 1.1313131313131313 1.8181818181818181 1.4141414141414141 1.7373737373737375 1.0101010101010102 1.9595959595959596 0.8282828282828283 1.5353535353535352 1.0909090909090908 1.3737373737373737 1.6161616161616161 1.5151515151515151 1.9595959595959596 0.8484848484848485 1.7171717171717171 1.1515151515151516 0.9494949494949495 1.0101010101010102 0.9292929292929293 0.8484848484848485 0.9090909090909091 0.8484848484848485 1.5757575757575757 1.898989898989899 1.97979797979798 1.1313131313131313 1.0707070707070707 0.9090909090909091 1.696969696969697 1.5353535353535352 0.8484848484848485 1.5555555555555556 2.0 1.5353535353535352 1.0101010101010102 1.3737373737373737  
32 5.436533476269894 2.515151515151515 1.6363636363636365 1.9696969696969697 1.8181818181818181 1.696969696969697 2.727272727272727 2.121212121212121 2.606060606060606 1.5151515151515151 2.9393939393939394 1.2424242424242424 2.303030303030303 1.6363636363636365 2.0606060606060606 2.4242424242424243 2.272727272727273 2.9393939393939394 1.2727272727272727 2.5757575757575757 1.7272727272727273 1.4242424242424243 1.5151515151515151 1.393939393939394 1.2727272727272727 1.3636363636363635 1.2727272727272727 2.3636363636363638 2.8484848484848486 2.9696969696969697 1.696969696969697 1.606060606060606 1.3636363636363635 2.5454545454545454 2.303030303030303 1.2727272727272727 2.3333333333333335 3.0 2.303030303030303 1.5151515151515151 2.0606060606060606  
48 41.754186639833506 2.515151515151515 1.6363636363636365 1.9696969696969697 1.8181818181818181 1.696969696969697 2.727272727272727 2.121212121212121 2.606060606060606 1.5151515151515151 2.9393939393939394 1.2424242424242424 2.303030303030303 1.6363636363636365 2.0606060606060606 2.4242424242424243 2.272727272727273 2.9393939393939394 1.2727272727272727 2.5757575757575757 1.7272727272727273 1.4242424242424243 1.5151515151515151 1.393939393939394 1.2727272727272727 1.3636363636363635 1.2727272727272727 2.3636363636363638 2.8484848484848486 2.9696969696969697 1.696969696969697 1.606060606060606 1.3636363636363635 2.5454545454545454 2.303030303030303 1.2727272727272727 2.3333333333333335 3.0 2.303030303030303 1.5151515151515151 2.0606060606060606  
41 53.17227891466897 2.515151515151515 1.6363636363636365 1.9696969696969697 1.8181818181818181 1.696969696969697 2.727272727272727 2.121212121212121 2.606060606060606 1.5151515151515151 2.9393939393939394 1.2424242424242424 2.303030303030303 1.6363636363636365 2.0606060606060606 2.4242424242424243 2.272727272727273 2.9393939393939394 1.2727272727272727 2.5757575757575757 1.7272727272727273 1.4242424242424243 1.5151515151515151 1.393939393939394 1.2727272727272727 1.3636363636363635 1.2727272727272727 2.3636363636363638 2.8484848484848486 2.9696969696969697 1.696969696969697 1.606060606060606 1.3636363636363635 2.5454545454545454 2.303030303030303 1.2727272727272727 2.3333333333333335 3.0 2.303030303030303 1.5151515151515151 2.0606060606060606  
2 118.38522841433081 1.6767676767676767 1.0909090909090908 1.3131313131313131 1.2121212121212122 1.1313131313131313 1.8181818181818181 1.4141414141414141 1.7373737373737375 1.0101010101010102 1.9595959595959596 0.8282828282828283 1.5353535353535352 1.0909090909090908 1.3737373737373737 1.6161616161616161 1.5151515151515151 1.9595959595959596 0.8484848484848485 1.7171717171717171 1.1515151515151516 0.9494949494949495 1.0101010101010102 0.9292929292929293 0.8484848484848485 0.9090909090909091 0.8484848484848485 1.5757575757575757 1.898989898989899 1.97979797979798 1.1313131313131313 1.0707070707070707 0.9090909090909091 1.696969696969697 1.5353535353535352 0.8484848484848485 1.5555555555555556 2.0 1.5353535353535352 1.0101010101010102 1.3737373737373737  
8 173.3228877571017 2.515151515151515 1.6363636363636365 1.9696969696969697 1.8181818181818181 1.696969696969697 2.727272727272727 2.121212121212121 2.606060606060606 1.5151515151515151 2.9393939393939394 1.2424242424242424 2.303030303030303 1.6363636363636365 2.0606060606060606 2.4242424242424243 2.272727272727273 2.9393939393939394 1.2727272727272727 2.5757575757575757 1.7272727272727273 1.4242424242424243 1.5151515151515151 1.393939393939394 1.2727272727272727 1.3636363636363635 1.2727272727272727 2.3636363636363638 2.8484848484848486 2.9696969696969697 1.696969696969697 1.606060606060606 1.3636363636363635 2.5454545454545454 2.303030303030303 1.2727272727272727 2.3333333333333335 3.0 2.303030303030303 1.5151515151515151 2.0606060606060606  
39 216.3441620368341 1.6767676767676767 1.0909090909090908 1.3131313131313131 1.2121212121212122 1.1313131313131313 1.8181818181818181 1.4141414141414141 1.7373737373737375 1.0101010101010102 1.9595959595959596 0.8282828282828283 1.5353535353535352 1.0909090909090908 1.3737373737373737 1.6161616161616161 1.5151515151515151 1.9595959595959596 0.8484848484848485 1.7171717171717171 1.1515151515151516 0.9494949494949495 1.0101010101010102 0.9292929292929293 0.8484848484848485 0.9090909090909091 0.8484848484848485 1.5757575757575757 1.898989898989899 1.97979797979798 1.1313131313131313 1.0707070707070707 0.9090909090909091 1.696969696969697 1.5353535353535352 0.8484848484848485 1.5555555555555556 2.0 1.5353535353535352 1.0101010101010102 1.3737373737373737  
47 194.2970387803416 1.6767676767676767 1.0909090909090908 1.3131313131313131 1.2121212121212122 1.1313131313131313 1.8181818181818181 1.4141414141414141 1.7373737373737375 1.0101010101010102 1.9595959595959596 0.8282828282828283 1.5353535353535352 1.0909090909090908 1.3737373737373737 1.6161616161616161 1.5151515151515151 1.9595959595959596 0.8484848484848485 1.7171717171717171 1.1515151515151516 0.9494949494949495 1.0101010101010102 0.9292929292929293 0.8484848484848485 0.9090909090909091 0.8484848484848485 1.5757575757575757 1.898989898989899 1.97979797979798 1.1313131313131313 1.0707070707070707 0.9090909090909091 1.696969696969697 1.5353535353535352 0.8484848484848485 1.5555555555555556 2.0 1.5353535353535352 1.0101010101010102 1.3737373737373737  
18 51.21532121498916 2.515151515151515 1.6363636363636365 1.9696969696969697 1.8181818181818181 1.696969696969697 2.727272727272727 2.121212121212121 2.606060606060606 1.5151515151515151 2.9393939393939394 1.2424242424242424 2.303030303030303 1.6363636363636365 2.0606060606060606 2.4242424242424243 2.272727272727273 2.9393939393939394 1.2727272727272727 2.5757575757575757 1.7272727272727273 1.4242424242424243 1.5151515151515151 1.393939393939394 1.2727272727272727 1.3636363636363635 1.2727272727272727 2.3636363636363638 2.8484848484848486 2.9696969696969697 1.696969696969697 1.606060606060606 1.3636363636363635 2.5454545454545454 2.303030303030303 1.2727272727272727 2.3333333333333335 3.0 2.303030303030303 1.5151515151515151 2.0606060606060606  
1 40.878926121250615 1.6767676767676767 1.0909090909090908 1.3131313131313131 1.2121212121212122 1.1313131313131313 1.8181818181818181 1.4141414141414141 1.7373737373737375 1.0101010101010102 1.9595959595959596 0.8282828282828283 1.5353535353535352 1.0909090909090908 1.3737373737373737 1.6161616161616161 1.5151515151515151 1.9595959595959596 0.8484848484848485 1.7171717171717171 1.1515151515151516 0.9494949494949495 1.0101010101010102 0.9292929292929293 0.8484848484848485 0.9090909090909091 0.8484848484848485 1.5757575757575757 1.898989898989899 1.97979797979798 1.1313131313131313 1.0707070707070707 0.9090909090909091 1.696969696969697 1.5353535353535352 0.8484848484848485 1.5555555555555556 2.0 1.5353535353535352 1.0101010101010102 1.3737373737373737  
29 31.740276831659738 2.515151515151515 1.6363636363636365 1.9696969696969697 1.8181818181818181 1.696969696969697 2.727272727272727 2.121212121212121 2.606060606060606 1.5151515151515151 2.9393939393939394 1.2424242424242424 2.303030303030303 1.6363636363636365 2.0606060606060606 2.4242424242424243 2.272727272727273 2.9393939393939394 1.2727272727272727 2.5757575757575757 1.7272727272727273 1.4242424242424243 1.5151515151515151 1.393939393939394 1.2727272727272727 1.3636363636363635 1.2727272727272727 2.3636363636363638 2.8484848484848486 2.9696969696969697 1.696969696969697 1.606060606060606 1.3636363636363635 2.5454545454545454 2.303030303030303 1.2727272727272727 2.3333333333333335 3.0 2.303030303030303 1.5151515151515151 2.0606060606060606  
35 23.886890338108252 1.6767676767676767 1.0909090909090908 1.3131313131313131 1.2121212121212122 1.1313131313131313 1.8181818181818181 1.4141414141414141 1.7373737373737375 1.0101010101010102 1.9595959595959596 0.8282828282828283 1.5353535353535352 1.0909090909090908 1.3737373737373737 1.6161616161616161 1.5151515151515151 1.9595959595959596 0.8484848484848485 1.7171717171717171 1.1515151515151516 0.9494949494949495 1.0101010101010102 0.9292929292929293 0.8484848484848485 0.9090909090909091 0.8484848484848485 1.5757575757575757 1.898989898989899 1.97979797979798 1.1313131313131313 1.0707070707070707 0.9090909090909091 1.696969696969697 1.5353535353535352 0.8484848484848485 1.5555555555555556 2.0 1.5353535353535352 1.0101010101010102 1.3737373737373737  
25 199.96688337867656 2.515151515151515 1.6363636363636365 1.9696969696969697 1.8181818181818181 1.696969696969697 2.727272727272727 2.121212121212121 2.606060606060606 1.5151515151515151 2.9393939393939394 1.2424242424242424 2.303030303030303 1.6363636363636365 2.0606060606060606 2.4242424242424243 2.272727272727273 2.9393939393939394 1.2727272727272727 2.5757575757575757 1.7272727272727273 1.4242424242424243 1.5151515151515151 1.393939393939394 1.2727272727272727 1.3636363636363635 1.2727272727272727 2.3636363636363638 2.8484848484848486 2.9696969696969697 1.696969696969697 1.606060606060606 1.3636363636363635 2.5454545454545454 2.303030303030303 1.2727272727272727 2.3333333333333335 3.0 2.303030303030303 1.5151515151515151 2.0606060606060606  
21 58.095215858859476 2.515151515151515 1.6363636363636365 1.9696969696969697 1.8181818181818181 1.696969696969697 2.727272727272727 2.121212121212121 2.606060606060606 1.5151515151515151 2.9393939393939394 1.2424242424242424 2.303030303030303 1.6363636363636365 2.0606060606060606 2.4242424242424243 2.272727272727273 2.9393939393939394 1.2727272727272727 2.5757575757575757 1.7272727272727273 1.4242424242424243 1.5151515151515151 1.393939393939394 1.2727272727272727 1.3636363636363635 1.2727272727272727 2.3636363636363638 2.8484848484848486 2.9696969696969697 1.696969696969697 1.606060606060606 1.3636363636363635 2.5454545454545454 2.303030303030303 1.2727272727272727 2.3333333333333335 3.0 2.303030303030303 1.5151515151515151 2.0606060606060606  
7 84.52406288267164 2.515151515151515 1.6363636363636365 1.9696969696969697 1.8181818181818181 1.696969696969697 2.727272727272727 2.121212121212121 2.606060606060606 1.5151515151515151 2.9393939393939394 1.2424242424242424 2.303030303030303 1.6363636363636365 2.0606060606060606 2.4242424242424243 2.272727272727273 2.9393939393939394 1.2727272727272727 2.5757575757575757 1.7272727272727273 1.4242424242424243 1.5151515151515151 1.393939393939394 1.2727272727272727 1.3636363636363635 1.2727272727272727 2.3636363636363638 2.8484848484848486 2.9696969696969697 1.696969696969697 1.606060606060606 1.3636363636363635 2.5454545454545454 2.303030303030303 1.2727272727272727 2.3333333333333335 3.0 2.303030303030303 1.5151515151515151 2.0606060606060606  
27 70.38508419398983 2.515151515151515 1.6363636363636365 1.9696969696969697 1.8181818181818181 1.696969696969697 2.727272727272727 2.121212121212121 2.606060606060606 1.5151515151515151 2.9393939393939394 1.2424242424242424 2.303030303030303 1.6363636363636365 2.0606060606060606 2.4242424242424243 2.272727272727273 2.9393939393939394 1.2727272727272727 2.5757575757575757 1.7272727272727273 1.4242424242424243 1.5151515151515151 1.393939393939394 1.2727272727272727 1.3636363636363635 1.2727272727272727 2.3636363636363638 2.8484848484848486 2.9696969696969697 1.696969696969697 1.606060606060606 1.3636363636363635 2.5454545454545454 2.303030303030303 1.2727272727272727 2.3333333333333335 3.0 2.303030303030303 1.5151515151515151 2.0606060606060606  
55 81.5824696688579 1.6767676767676767 1.0909090909090908 1.3131313131313131 1.2121212121212122 1.1313131313131313 1.8181818181818181 1.4141414141414141 1.7373737373737375 1.0101010101010102 1.9595959595959596 0.8282828282828283 1.5353535353535352 1.0909090909090908 1.3737373737373737 1.6161616161616161 1.5151515151515151 1.9595959595959596 0.8484848484848485 1.7171717171717171 1.1515151515151516 0.9494949494949495 1.0101010101010102 0.9292929292929293 0.8484848484848485 0.9090909090909091 0.8484848484848485 1.5757575757575757 1.898989898989899 1.97979797979798 1.1313131313131313 1.0707070707070707 0.9090909090909091 1.696969696969697 1.5353535353535352 0.8484848484848485 1.5555555555555556 2.0 1.5353535353535352 1.0101010101010102 1.3737373737373737  
13 87.761199466601 2.515151515151515 1.6363636363636365 1.9696969696969697 1.8181818181818181 1.696969696969697 2.727272727272727 2.121212121212121 2.606060606060606 1.5151515151515151 2.9393939393939394 1.2424242424242424 2.303030303030303 1.6363636363636365 2.0606060606060606 2.4242424242424243 2.272727272727273 2.9393939393939394 1.2727272727272727 2.5757575757575757 1.7272727272727273 1.4242424242424243 1.5151515151515151 1.393939393939394 1.2727272727272727 1.3636363636363635 1.2727272727272727 2.3636363636363638 2.8484848484848486 2.9696969696969697 1.696969696969697 1.606060606060606 1.3636363636363635 2.5454545454545454 2.303030303030303 1.2727272727272727 2.3333333333333335 3.0 2.303030303030303 1.5151515151515151 2.0606060606060606  
30 97.49195704099594 2.515151515151515 1.6363636363636365 1.9696969696969697 1.8181818181818181 1.696969696969697 2.727272727272727 2.121212121212121 2.606060606060606 1.5151515151515151 2.9393939393939394 1.2424242424242424 2.303030303030303 1.6363636363636365 2.0606060606060606 2.4242424242424243 2.272727272727273 2.9393939393939394 1.2727272727272727 2.5757575757575757 1.7272727272727273 1.4242424242424243 1.5151515151515151 1.393939393939394 1.2727272727272727 1.3636363636363635 1.2727272727272727 2.3636363636363638 2.8484848484848486 2.9696969696969697 1.696969696969697 1.606060606060606 1.3636363636363635 2.5454545454545454 2.303030303030303 1.2727272727272727 2.3333333333333335 3.0 2.303030303030303 1.5151515151515151 2.0606060606060606  
16 656.0 2.515151515151515 1.6363636363636365 1.9696969696969697 1.8181818181818181 1.696969696969697 2.727272727272727 2.121212121212121 2.606060606060606 1.5151515151515151 2.9393939393939394 1.2424242424242424 2.303030303030303 1.6363636363636365 2.0606060606060606 2.4242424242424243 2.272727272727273 2.9393939393939394 1.2727272727272727 2.5757575757575757 1.7272727272727273 1.4242424242424243 1.5151515151515151 1.393939393939394 1.2727272727272727 1.3636363636363635 1.2727272727272727 2.3636363636363638 2.8484848484848486 2.9696969696969697 1.696969696969697 1.606060606060606 1.3636363636363635 2.5454545454545454 2.303030303030303 1.2727272727272727 2.3333333333333335 3.0 2.303030303030303 1.5151515151515151 2.0606060606060606  
22 104.73418182712453 1.6767676767676767 1.0909090909090908 1.3131313131313131 1.2121212121212122 1.1313131313131313 1.8181818181818181 1.4141414141414141 1.7373737373737375 1.0101010101010102 1.9595959595959596 0.8282828282828283 1.5353535353535352 1.0909090909090908 1.3737373737373737 1.6161616161616161 1.5151515151515151 1.9595959595959596 0.8484848484848485 1.7171717171717171 1.1515151515151516 0.9494949494949495 1.0101010101010102 0.9292929292929293 0.8484848484848485 0.9090909090909091 0.8484848484848485 1.5757575757575757 1.898989898989899 1.97979797979798 1.1313131313131313 1.0707070707070707 0.9090909090909091 1.696969696969697 1.5353535353535352 0.8484848484848485 1.5555555555555556 2.0 1.5353535353535352 1.0101010101010102 1.3737373737373737  
54 83.4035472386883 1.6767676767676767 1.0909090909090908 1.3131313131313131 1.2121212121212122 1.1313131313131313 1.8181818181818181 1.4141414141414141 1.7373737373737375 1.0101010101010102 1.9595959595959596 0.8282828282828283 1.5353535353535352 1.0909090909090908 1.3737373737373737 1.6161616161616161 1.5151515151515151 1.9595959595959596 0.8484848484848485 1.7171717171717171 1.1515151515151516 0.9494949494949495 1.0101010101010102 0.9292929292929293 0.8484848484848485 0.9090909090909091 0.8484848484848485 1.5757575757575757 1.898989898989899 1.97979797979798 1.1313131313131313 1.0707070707070707 0.9090909090909091 1.696969696969697 1.5353535353535352 0.8484848484848485 1.5555555555555556 2.0 1.5353535353535352 1.0101010101010102 1.3737373737373737  
26 169.5621480077708 1.6767676767676767 1.0909090909090908 1.3131313131313131 1.2121212121212122 1.1313131313131313 1.8181818181818181 1.4141414141414141 1.7373737373737375 1.0101010101010102 1.9595959595959596 0.8282828282828283 1.5353535353535352 1.0909090909090908 1.3737373737373737 1.6161616161616161 1.5151515151515151 1.9595959595959596 0.8484848484848485 1.7171717171717171 1.1515151515151516 0.9494949494949495 1.0101010101010102 0.9292929292929293 0.8484848484848485 0.9090909090909091 0.8484848484848485 1.5757575757575757 1.898989898989899 1.97979797979798 1.1313131313131313 1.0707070707070707 0.9090909090909091 1.696969696969697 1.5353535353535352 0.8484848484848485 1.5555555555555556 2.0 1.5353535353535352 1.0101010101010102 1.3737373737373737  
19 180.69446560734116 1.6767676767676767 1.0909090909090908 1.3131313131313131 1.2121212121212122 1.1313131313131313 1.8181818181818181 1.4141414141414141 1.7373737373737375 1.0101010101010102 1.9595959595959596 0.8282828282828283 1.5353535353535352 1.0909090909090908 1.3737373737373737 1.6161616161616161 1.5151515151515151 1.9595959595959596 0.8484848484848485 1.7171717171717171 1.1515151515151516 0.9494949494949495 1.0101010101010102 0.9292929292929293 0.8484848484848485 0.9090909090909091 0.8484848484848485 1.5757575757575757 1.898989898989899 1.97979797979798 1.1313131313131313 1.0707070707070707 0.9090909090909091 1.696969696969697 1.5353535353535352 0.8484848484848485 1.5555555555555556 2.0 1.5353535353535352 1.0101010101010102 1.3737373737373737  
3 188.87538325957536 2.515151515151515 1.6363636363636365 1.9696969696969697 1.8181818181818181 1.696969696969697 2.727272727272727 2.121212121212121 2.606060606060606 1.5151515151515151 2.9393939393939394 1.2424242424242424 2.303030303030303 1.6363636363636365 2.0606060606060606 2.4242424242424243 2.272727272727273 2.9393939393939394 1.2727272727272727 2.5757575757575757 1.7272727272727273 1.4242424242424243 1.5151515151515151 1.393939393939394 1.2727272727272727 1.3636363636363635 1.2727272727272727 2.3636363636363638 2.8484848484848486 2.9696969696969697 1.696969696969697 1.606060606060606 1.3636363636363635 2.5454545454545454 2.303030303030303 1.2727272727272727 2.3333333333333335 3.0 2.303030303030303 1.5151515151515151 2.0606060606060606  
17 137.87145033924602 1.6767676767676767 1.0909090909090908 1.3131313131313131 1.2121212121212122 1.1313131313131313 1.8181818181818181 1.4141414141414141 1.7373737373737375 1.0101010101010102 1.9595959595959596 0.8282828282828283 1.5353535353535352 1.0909090909090908 1.3737373737373737 1.6161616161616161 1.5151515151515151 1.9595959595959596 0.8484848484848485 1.7171717171717171 1.1515151515151516 0.9494949494949495 1.0101010101010102 0.9292929292929293 0.8484848484848485 0.9090909090909091 0.8484848484848485 1.5757575757575757 1.898989898989899 1.97979797979798 1.1313131313131313 1.0707070707070707 0.9090909090909091 1.696969696969697 1.5353535353535352 0.8484848484848485 1.5555555555555556 2.0 1.5353535353535352 1.0101010101010102 1.3737373737373737  
10 7.324010927407509 2.515151515151515 1.6363636363636365 1.9696969696969697 1.8181818181818181 1.696969696969697 2.727272727272727 2.121212121212121 2.606060606060606 1.5151515151515151 2.9393939393939394 1.2424242424242424 2.303030303030303 1.6363636363636365 2.0606060606060606 2.4242424242424243 2.272727272727273 2.9393939393939394 1.2727272727272727 2.5757575757575757 1.7272727272727273 1.4242424242424243 1.5151515151515151 1.393939393939394 1.2727272727272727 1.3636363636363635 1.2727272727272727 2.3636363636363638 2.8484848484848486 2.9696969696969697 1.696969696969697 1.606060606060606 1.3636363636363635 2.5454545454545454 2.303030303030303 1.2727272727272727 2.3333333333333335 3.0 2.303030303030303 1.5151515151515151 2.0606060606060606  
15 65.03645991459726 1.6767676767676767 1.0909090909090908 1.3131313131313131 1.2121212121212122 1.1313131313131313 1.8181818181818181 1.4141414141414141 1.7373737373737375 1.0101010101010102 1.9595959595959596 0.8282828282828283 1.5353535353535352 1.0909090909090908 1.3737373737373737 1.6161616161616161 1.5151515151515151 1.9595959595959596 0.8484848484848485 1.7171717171717171 1.1515151515151516 0.9494949494949495 1.0101010101010102 0.9292929292929293 0.8484848484848485 0.9090909090909091 0.8484848484848485 1.5757575757575757 1.898989898989899 1.97979797979798 1.1313131313131313 1.0707070707070707 0.9090909090909091 1.696969696969697 1.5353535353535352 0.8484848484848485 1.5555555555555556 2.0 1.5353535353535352 1.0101010101010102 1.3737373737373737  
28 50.66583555574648 1.6767676767676767 1.0909090909090908 1.3131313131313131 1.2121212121212122 1.1313131313131313 1.8181818181818181 1.4141414141414141 1.7373737373737375 1.0101010101010102 1.9595959595959596 0.8282828282828283 1.5353535353535352 1.0909090909090908 1.3737373737373737 1.6161616161616161 1.5151515151515151 1.9595959595959596 0.8484848484848485 1.7171717171717171 1.1515151515151516 0.9494949494949495 1.0101010101010102 0.9292929292929293 0.8484848484848485 0.9090909090909091 0.8484848484848485 1.5757575757575757 1.898989898989899 1.97979797979798 1.1313131313131313 1.0707070707070707 0.9090909090909091 1.696969696969697 1.5353535353535352 0.8484848484848485 1.5555555555555556 2.0 1.5353535353535352 1.0101010101010102 1.3737373737373737  
5 101.83915506168756 1.6767676767676767 1.0909090909090908 1.3131313131313131 1.2121212121212122 1.1313131313131313 1.8181818181818181 1.4141414141414141 1.7373737373737375 1.0101010101010102 1.9595959595959596 0.8282828282828283 1.5353535353535352 1.0909090909090908 1.3737373737373737 1.6161616161616161 1.5151515151515151 1.9595959595959596 0.8484848484848485 1.7171717171717171 1.1515151515151516 0.9494949494949495 1.0101010101010102 0.9292929292929293 0.8484848484848485 0.9090909090909091 0.8484848484848485 1.5757575757575757 1.898989898989899 1.97979797979798 1.1313131313131313 1.0707070707070707 0.9090909090909091 1.696969696969697 1.5353535353535352 0.8484848484848485 1.5555555555555556 2.0 1.5353535353535352 1.0101010101010102 1.3737373737373737  
51 375.78960124051406 2.515151515151515 1.6363636363636365 1.9696969696969697 1.8181818181818181 1.696969696969697 2.727272727272727 2.121212121212121 2.606060606060606 1.5151515151515151 2.9393939393939394 1.2424242424242424 2.303030303030303 1.6363636363636365 2.0606060606060606 2.4242424242424243 2.272727272727273 2.9393939393939394 1.2727272727272727 2.5757575757575757 1.7272727272727273 1.4242424242424243 1.5151515151515151 1.393939393939394 1.2727272727272727 1.3636363636363635 1.2727272727272727 2.3636363636363638 2.8484848484848486 2.9696969696969697 1.696969696969697 1.606060606060606 1.3636363636363635 2.5454545454545454 2.303030303030303 1.2727272727272727 2.3333333333333335 3.0 2.303030303030303 1.5151515151515151 2.0606060606060606  
33 86.96679640068366 2.515151515151515 1.6363636363636365 1.9696969696969697 1.8181818181818181 1.696969696969697 2.727272727272727 2.121212121212121 2.606060606060606 1.5151515151515151 2.9393939393939394 1.2424242424242424 2.303030303030303 1.6363636363636365 2.0606060606060606 2.4242424242424243 2.272727272727273 2.9393939393939394 1.2727272727272727 2.5757575757575757 1.7272727272727273 1.4242424242424243 1.5151515151515151 1.393939393939394 1.2727272727272727 1.3636363636363635 1.2727272727272727 2.3636363636363638 2.8484848484848486 2.9696969696969697 1.696969696969697 1.606060606060606 1.3636363636363635 2.5454545454545454 2.303030303030303 1.2727272727272727 2.3333333333333335 3.0 2.303030303030303 1.5151515151515151 2.0606060606060606  
4 123.2628251445776 2.515151515151515 1.6363636363636365 1.9696969696969697 1.8181818181818181 1.696969696969697 2.727272727272727 2.121212121212121 2.606060606060606 1.5151515151515151 2.9393939393939394 1.2424242424242424 2.303030303030303 1.6363636363636365 2.0606060606060606 2.4242424242424243 2.272727272727273 2.9393939393939394 1.2727272727272727 2.5757575757575757 1.7272727272727273 1.4242424242424243 1.5151515151515151 1.393939393939394 1.2727272727272727 1.3636363636363635 1.2727272727272727 2.3636363636363638 2.8484848484848486 2.9696969696969697 1.696969696969697 1.606060606060606 1.3636363636363635 2.5454545454545454 2.303030303030303 1.2727272727272727 2.3333333333333335 3.0 2.303030303030303 1.5151515151515151 2.0606060606060606  
56 76.77610684848628 2.515151515151515 1.6363636363636365 1.9696969696969697 1.8181818181818181 1.696969696969697 2.727272727272727 2.121212121212121 2.606060606060606 1.5151515151515151 2.9393939393939394 1.2424242424242424 2.303030303030303 1.6363636363636365 2.0606060606060606 2.4242424242424243 2.272727272727273 2.9393939393939394 1.2727272727272727 2.5757575757575757 1.7272727272727273 1.4242424242424243 1.5151515151515151 1.393939393939394 1.2727272727272727 1.3636363636363635 1.2727272727272727 2.3636363636363638 2.8484848484848486 2.9696969696969697 1.696969696969697 1.606060606060606 1.3636363636363635 2.5454545454545454 2.303030303030303 1.2727272727272727 2.3333333333333335 3.0 2.303030303030303 1.5151515151515151 2.0606060606060606  
9 663.0 2.515151515151515 1.6363636363636365 1.9696969696969697 1.8181818181818181 1.696969696969697 2.727272727272727 2.121212121212121 2.606060606060606 1.5151515151515151 2.9393939393939394 1.2424242424242424 2.303030303030303 1.6363636363636365 2.0606060606060606 2.4242424242424243 2.272727272727273 2.9393939393939394 1.2727272727272727 2.5757575757575757 1.7272727272727273 1.4242424242424243 1.5151515151515151 1.393939393939394 1.2727272727272727 1.3636363636363635 1.2727272727272727 2.3636363636363638 2.8484848484848486 2.9696969696969697 1.696969696969697 1.606060606060606 1.3636363636363635 2.5454545454545454 2.303030303030303 1.2727272727272727 2.3333333333333335 3.0 2.303030303030303 1.5151515151515151 2.0606060606060606  
50 268.5938433493067 2.515151515151515 1.6363636363636365 1.9696969696969697 1.8181818181818181 1.696969696969697 2.727272727272727 2.121212121212121 2.606060606060606 1.5151515151515151 2.9393939393939394 1.2424242424242424 2.303030303030303 1.6363636363636365 2.0606060606060606 2.4242424242424243 2.272727272727273 2.9393939393939394 1.2727272727272727 2.5757575757575757 1.7272727272727273 1.4242424242424243 1.5151515151515151 1.393939393939394 1.2727272727272727 1.3636363636363635 1.2727272727272727 2.3636363636363638 2.8484848484848486 2.9696969696969697 1.696969696969697 1.606060606060606 1.3636363636363635 2.5454545454545454 2.303030303030303 1.2727272727272727 2.3333333333333335 3.0 2.303030303030303 1.5151515151515151 2.0606060606060606  
24 116.52189181510761 1.6767676767676767 1.0909090909090908 1.3131313131313131 1.2121212121212122 1.1313131313131313 1.8181818181818181 1.4141414141414141 1.7373737373737375 1.0101010101010102 1.9595959595959596 0.8282828282828283 1.5353535353535352 1.0909090909090908 1.3737373737373737 1.6161616161616161 1.5151515151515151 1.9595959595959596 0.8484848484848485 1.7171717171717171 1.1515151515151516 0.9494949494949495 1.0101010101010102 0.9292929292929293 0.8484848484848485 0.9090909090909091 0.8484848484848485 1.5757575757575757 1.898989898989899 1.97979797979798 1.1313131313131313 1.0707070707070707 0.9090909090909091 1.696969696969697 1.5353535353535352 0.8484848484848485 1.5555555555555556 2.0 1.5353535353535352 1.0101010101010102 1.3737373737373737  
52 186.9689306715187 2.515151515151515 1.6363636363636365 1.9696969696969697 1.8181818181818181 1.696969696969697 2.727272727272727 2.121212121212121 2.606060606060606 1.5151515151515151 2.9393939393939394 1.2424242424242424 2.303030303030303 1.6363636363636365 2.0606060606060606 2.4242424242424243 2.272727272727273 2.9393939393939394 1.2727272727272727 2.5757575757575757 1.7272727272727273 1.4242424242424243 1.5151515151515151 1.393939393939394 1.2727272727272727 1.3636363636363635 1.2727272727272727 2.3636363636363638 2.8484848484848486 2.9696969696969697 1.696969696969697 1.606060606060606 1.3636363636363635 2.5454545454545454 2.303030303030303 1.2727272727272727 2.3333333333333335 3.0 2.303030303030303 1.5151515151515151 2.0606060606060606  
59 23.996005918935424 1.6767676767676767 1.0909090909090908 1.3131313131313131 1.2121212121212122 1.1313131313131313 1.8181818181818181 1.4141414141414141 1.7373737373737375 1.0101010101010102 1.9595959595959596 0.8282828282828283 1.5353535353535352 1.0909090909090908 1.3737373737373737 1.6161616161616161 1.5151515151515151 1.9595959595959596 0.8484848484848485 1.7171717171717171 1.1515151515151516 0.9494949494949495 1.0101010101010102 0.9292929292929293 0.8484848484848485 0.9090909090909091 0.8484848484848485 1.5757575757575757 1.898989898989899 1.97979797979798 1.1313131313131313 1.0707070707070707 0.9090909090909091 1.696969696969697 1.5353535353535352 0.8484848484848485 1.5555555555555556 2.0 1.5353535353535352 1.0101010101010102 1.3737373737373737  
45 97.6790694768217 1.6767676767676767 1.0909090909090908 1.3131313131313131 1.2121212121212122 1.1313131313131313 1.8181818181818181 1.4141414141414141 1.7373737373737375 1.0101010101010102 1.9595959595959596 0.8282828282828283 1.5353535353535352 1.0909090909090908 1.3737373737373737 1.6161616161616161 1.5151515151515151 1.9595959595959596 0.8484848484848485 1.7171717171717171 1.1515151515151516 0.9494949494949495 1.0101010101010102 0.9292929292929293 0.8484848484848485 0.9090909090909091 0.8484848484848485 1.5757575757575757 1.898989898989899 1.97979797979798 1.1313131313131313 1.0707070707070707 0.9090909090909091 1.696969696969697 1.5353535353535352 0.8484848484848485 1.5555555555555556 2.0 1.5353535353535352 1.0101010101010102 1.3737373737373737  
49 335.5141717295672 1.6767676767676767 1.0909090909090908 1.3131313131313131 1.2121212121212122 1.1313131313131313 1.8181818181818181 1.4141414141414141 1.7373737373737375 1.0101010101010102 1.9595959595959596 0.8282828282828283 1.5353535353535352 1.0909090909090908 1.3737373737373737 1.6161616161616161 1.5151515151515151 1.9595959595959596 0.8484848484848485 1.7171717171717171 1.1515151515151516 0.9494949494949495 1.0101010101010102 0.9292929292929293 0.8484848484848485 0.9090909090909091 0.8484848484848485 1.5757575757575757 1.898989898989899 1.97979797979798 1.1313131313131313 1.0707070707070707 0.9090909090909091 1.696969696969697 1.5353535353535352 0.8484848484848485 1.5555555555555556 2.0 1.5353535353535352 1.0101010101010102 1.3737373737373737  
14 32.90400121473063 2.515151515151515 1.6363636363636365 1.9696969696969697 1.8181818181818181 1.696969696969697 2.727272727272727 2.121212121212121 2.606060606060606 1.5151515151515151 2.9393939393939394 1.2424242424242424 2.303030303030303 1.6363636363636365 2.0606060606060606 2.4242424242424243 2.272727272727273 2.9393939393939394 1.2727272727272727 2.5757575757575757 1.7272727272727273 1.4242424242424243 1.5151515151515151 1.393939393939394 1.2727272727272727 1.3636363636363635 1.2727272727272727 2.3636363636363638 2.8484848484848486 2.9696969696969697 1.696969696969697 1.606060606060606 1.3636363636363635 2.5454545454545454 2.303030303030303 1.2727272727272727 2.3333333333333335 3.0 2.303030303030303 1.5151515151515151 2.0606060606060606  
53 63.094640810573104 1.6767676767676767 1.0909090909090908 1.3131313131313131 1.2121212121212122 1.1313131313131313 1.8181818181818181 1.4141414141414141 1.7373737373737375 1.0101010101010102 1.9595959595959596 0.8282828282828283 1.5353535353535352 1.0909090909090908 1.3737373737373737 1.6161616161616161 1.5151515151515151 1.9595959595959596 0.8484848484848485 1.7171717171717171 1.1515151515151516 0.9494949494949495 1.0101010101010102 0.9292929292929293 0.8484848484848485 0.9090909090909091 0.8484848484848485 1.5757575757575757 1.898989898989899 1.97979797979798 1.1313131313131313 1.0707070707070707 0.9090909090909091 1.696969696969697 1.5353535353535352 0.8484848484848485 1.5555555555555556 2.0 1.5353535353535352 1.0101010101010102 1.3737373737373737  
6 75.24873056262703 2.515151515151515 1.6363636363636365 1.9696969696969697 1.8181818181818181 1.696969696969697 2.727272727272727 2.121212121212121 2.606060606060606 1.5151515151515151 2.9393939393939394 1.2424242424242424 2.303030303030303 1.6363636363636365 2.0606060606060606 2.4242424242424243 2.272727272727273 2.9393939393939394 1.2727272727272727 2.5757575757575757 1.7272727272727273 1.4242424242424243 1.5151515151515151 1.393939393939394 1.2727272727272727 1.3636363636363635 1.2727272727272727 2.3636363636363638 2.8484848484848486 2.9696969696969697 1.696969696969697 1.606060606060606 1.3636363636363635 2.5454545454545454 2.303030303030303 1.2727272727272727 2.3333333333333335 3.0 2.303030303030303 1.5151515151515151 2.0606060606060606  
