40 20
TREE NETWORK (nID nID Weight):
1 0 32.0 
4 0 58.0 
5 4 58.0 
2 1 54.0 
6 5 38.0 
7 6 37.0 
8 7 53.0 
34 4 41.0 
18 6 51.0 
19 18 57.0 
9 8 49.0 
12 8 38.0 
36 4 49.0 
14 8 32.0 
3 2 51.0 
22 18 55.0 
13 12 47.0 
20 19 49.0 
10 9 31.0 
24 5 57.0 
15 7 30.0 
38 4 52.0 
25 24 51.0 
39 0 35.0 
16 15 51.0 
23 22 46.0 
28 5 49.0 
11 10 53.0 
29 28 34.0 
17 7 54.0 
30 29 31.0 
35 34 59.0 
32 29 41.0 
33 5 59.0 
31 30 50.0 
27 24 36.0 
26 25 40.0 
37 36 45.0 
21 19 30.0 
PROGRAMS ASSIGNED TO NODES (nID pID1 pID2 ...):
0 1 2 3 4 5 6 7 8 9 10 11 12 13 14 15 16 17 18 19 20  
15 4  
3 1 2 4 5 7 8 10 11 12 14 16 19 20  
14 1 2 3 4 5 6 8 9 10 11 12 13 14 15 16 17 18 19 20  
11 1 2 3 4 5 6 7 8 9 10 11 12 13 15 16 17 18 19 20  
24 1 3 4 6 8 9 11 12 13 15 16 17 18 19 20  
30 1 2 4 5 8 9 10 13 16 17 19  
17  
34 1 2 3 4 5 6 7 8 9 10 11 12 13 14 15 16 18 19 20  
36  
8 3 4 6 7 8 9 10 11 12 14 16 18 19  
35 1 2 3 5 6 7 8 9 10 11 12 13 15 16 17 18 19 20  
4 1 2 3 4 5 6 7 8 9 11 12 13 14 15 16 17 18 19 20  
6 17  
2  
16 4 7 9 10 12 13 14 15 17 19 20  
12 3 6 9 12  
7 2 4 6 9 12 14 18 19  
23 1 6 7 8 10 11 12 18 19  
19 2 3 4 7 8 10 11 13 14 16 17 19  
31 1 3 4 5 7 9 10 11 12 13 14 15 16 17 18 19 20  
18 5 6 8 11 12 16 18  
10 6 11 13  
26 3 4 6 9 11 12 13 15 19  
32 1 4 5 6 7 8 9 12 13 14  
38 1 6 7 9 17  
29 1 2 3 5 6 7 8 9 10 14 16 17 18 19 20  
28 2 4 6 9 11 12 13 14 18 19 20  
1 1 2 3 4 6 7 8 9 10 11 13 14 15 16 17 19 20  
25 6 12  
20 1 3 7 8 9 10 11 15 17  
5 1 2 3 4 6 7 8 12 16 18 19 20  
33 1 2 3 5 9 11 12 14 17  
9 2 4 9  
13 1 2 3 4 5 6 7 8 9 10 11 12 13 14 16 18 19 20  
27 1 4 6 7 8 9 12 13 16 17  
21 1 4 5 8 11 13 16 17 19 20  
22 1 2 3 4 5 6 7 8 9 10 11 12 13 14 15 16 17 20  
37 1 2 9 18 19  
39 1 2 3 5 7 10 11 13 14 16 19 20  
SIZE OF PROGRAMS (pID SIZE):
1 48.0 
2 46.0 
3 78.0 
4 89.0 
5 99.0 
6 61.0 
7 78.0 
8 48.0 
9 48.0 
10 88.0 
11 61.0 
12 73.0 
13 59.0 
14 61.0 
15 57.0 
16 78.0 
17 61.0 
18 74.0 
19 45.0 
20 67.0 
COST_INSTALL_SERVER_AND_PROGRAMS :
0 4996.969696969698 1.4545454545454546 1.393939393939394 2.3636363636363638 2.696969696969697 3.0 1.8484848484848484 2.3636363636363638 1.4545454545454546 1.4545454545454546 2.6666666666666665 1.8484848484848484 2.212121212121212 1.7878787878787878 1.8484848484848484 1.7272727272727273 2.3636363636363638 1.8484848484848484 2.242424242424242 1.3636363636363635 2.0303030303030303  
15 114.75929877145387 0.9696969696969697 0.9292929292929293 1.5757575757575757 1.797979797979798 2.0 1.2323232323232323 1.5757575757575757 0.9696969696969697 0.9696969696969697 1.7777777777777777 1.2323232323232323 1.4747474747474747 1.1919191919191918 1.2323232323232323 1.1515151515151516 1.5757575757575757 1.2323232323232323 1.494949494949495 0.9090909090909091 1.3535353535353536  
3 46.508418383905735 1.4545454545454546 1.393939393939394 2.3636363636363638 2.696969696969697 3.0 1.8484848484848484 2.3636363636363638 1.4545454545454546 1.4545454545454546 2.6666666666666665 1.8484848484848484 2.212121212121212 1.7878787878787878 1.8484848484848484 1.7272727272727273 2.3636363636363638 1.8484848484848484 2.242424242424242 1.3636363636363635 2.0303030303030303  
14 216.49420531685627 1.4545454545454546 1.393939393939394 2.3636363636363638 2.696969696969697 3.0 1.8484848484848484 2.3636363636363638 1.4545454545454546 1.4545454545454546 2.6666666666666665 1.8484848484848484 2.212121212121212 1.7878787878787878 1.8484848484848484 1.7272727272727273 2.3636363636363638 1.8484848484848484 2.242424242424242 1.3636363636363635 2.0303030303030303  
11 101.34098554408902 0.9696969696969697 0.9292929292929293 1.5757575757575757 1.797979797979798 2.0 1.2323232323232323 1.5757575757575757 0.9696969696969697 0.9696969696969697 1.7777777777777777 1.2323232323232323 1.4747474747474747 1.1919191919191918 1.2323232323232323 1.1515151515151516 1.5757575757575757 1.2323232323232323 1.494949494949495 0.9090909090909091 1.3535353535353536  
24 24.0163005125518 0.9696969696969697 0.9292929292929293 1.5757575757575757 1.797979797979798 2.0 1.2323232323232323 1.5757575757575757 0.9696969696969697 0.9696969696969697 1.7777777777777777 1.2323232323232323 1.4747474747474747 1.1919191919191918 1.2323232323232323 1.1515151515151516 1.5757575757575757 1.2323232323232323 1.494949494949495 0.9090909090909091 1.3535353535353536  
30 125.45903734825453 1.4545454545454546 1.393939393939394 2.3636363636363638 2.696969696969697 3.0 1.8484848484848484 2.3636363636363638 1.4545454545454546 1.4545454545454546 2.6666666666666665 1.8484848484848484 2.212121212121212 1.7878787878787878 1.8484848484848484 1.7272727272727273 2.3636363636363638 1.8484848484848484 2.242424242424242 1.3636363636363635 2.0303030303030303  
17 1015.0 0.9696969696969697 0.9292929292929293 1.5757575757575757 1.797979797979798 2.0 1.2323232323232323 1.5757575757575757 0.9696969696969697 0.9696969696969697 1.7777777777777777 1.2323232323232323 1.4747474747474747 1.1919191919191918 1.2323232323232323 1.1515151515151516 1.5757575757575757 1.2323232323232323 1.494949494949495 0.9090909090909091 1.3535353535353536  
34 43.0470040987425 1.4545454545454546 1.393939393939394 2.3636363636363638 2.696969696969697 3.0 1.8484848484848484 2.3636363636363638 1.4545454545454546 1.4545454545454546 2.6666666666666665 1.8484848484848484 2.212121212121212 1.7878787878787878 1.8484848484848484 1.7272727272727273 2.3636363636363638 1.8484848484848484 2.242424242424242 1.3636363636363635 2.0303030303030303  
36 4.324346939435511 0.9696969696969697 0.9292929292929293 1.5757575757575757 1.797979797979798 2.0 1.2323232323232323 1.5757575757575757 0.9696969696969697 0.9696969696969697 1.7777777777777777 1.2323232323232323 1.4747474747474747 1.1919191919191918 1.2323232323232323 1.1515151515151516 1.5757575757575757 1.2323232323232323 1.494949494949495 0.9090909090909091 1.3535353535353536  
8 171.80793037916766 0.9696969696969697 0.9292929292929293 1.5757575757575757 1.797979797979798 2.0 1.2323232323232323 1.5757575757575757 0.9696969696969697 0.9696969696969697 1.7777777777777777 1.2323232323232323 1.4747474747474747 1.1919191919191918 1.2323232323232323 1.1515151515151516 1.5757575757575757 1.2323232323232323 1.494949494949495 0.9090909090909091 1.3535353535353536  
35 87.69139513161417 0.9696969696969697 0.9292929292929293 1.5757575757575757 1.797979797979798 2.0 1.2323232323232323 1.5757575757575757 0.9696969696969697 0.9696969696969697 1.7777777777777777 1.2323232323232323 1.4747474747474747 1.1919191919191918 1.2323232323232323 1.1515151515151516 1.5757575757575757 1.2323232323232323 1.494949494949495 0.9090909090909091 1.3535353535353536  
4 686.0 1.4545454545454546 1.393939393939394 2.3636363636363638 2.696969696969697 3.0 1.8484848484848484 2.3636363636363638 1.4545454545454546 1.4545454545454546 2.6666666666666665 1.8484848484848484 2.212121212121212 1.7878787878787878 1.8484848484848484 1.7272727272727273 2.3636363636363638 1.8484848484848484 2.242424242424242 1.3636363636363635 2.0303030303030303  
6 69.08043203949032 1.4545454545454546 1.393939393939394 2.3636363636363638 2.696969696969697 3.0 1.8484848484848484 2.3636363636363638 1.4545454545454546 1.4545454545454546 2.6666666666666665 1.8484848484848484 2.212121212121212 1.7878787878787878 1.8484848484848484 1.7272727272727273 2.3636363636363638 1.8484848484848484 2.242424242424242 1.3636363636363635 2.0303030303030303  
2 49.426894035060116 0.9696969696969697 0.9292929292929293 1.5757575757575757 1.797979797979798 2.0 1.2323232323232323 1.5757575757575757 0.9696969696969697 0.9696969696969697 1.7777777777777777 1.2323232323232323 1.4747474747474747 1.1919191919191918 1.2323232323232323 1.1515151515151516 1.5757575757575757 1.2323232323232323 1.494949494949495 0.9090909090909091 1.3535353535353536  
16 102.0038230903321 0.9696969696969697 0.9292929292929293 1.5757575757575757 1.797979797979798 2.0 1.2323232323232323 1.5757575757575757 0.9696969696969697 0.9696969696969697 1.7777777777777777 1.2323232323232323 1.4747474747474747 1.1919191919191918 1.2323232323232323 1.1515151515151516 1.5757575757575757 1.2323232323232323 1.494949494949495 0.9090909090909091 1.3535353535353536  
12 99.27756557427482 1.4545454545454546 1.393939393939394 2.3636363636363638 2.696969696969697 3.0 1.8484848484848484 2.3636363636363638 1.4545454545454546 1.4545454545454546 2.6666666666666665 1.8484848484848484 2.212121212121212 1.7878787878787878 1.8484848484848484 1.7272727272727273 2.3636363636363638 1.8484848484848484 2.242424242424242 1.3636363636363635 2.0303030303030303  
7 148.4223688780673 0.9696969696969697 0.9292929292929293 1.5757575757575757 1.797979797979798 2.0 1.2323232323232323 1.5757575757575757 0.9696969696969697 0.9696969696969697 1.7777777777777777 1.2323232323232323 1.4747474747474747 1.1919191919191918 1.2323232323232323 1.1515151515151516 1.5757575757575757 1.2323232323232323 1.494949494949495 0.9090909090909091 1.3535353535353536  
23 55.76393845831161 0.9696969696969697 0.9292929292929293 1.5757575757575757 1.797979797979798 2.0 1.2323232323232323 1.5757575757575757 0.9696969696969697 0.9696969696969697 1.7777777777777777 1.2323232323232323 1.4747474747474747 1.1919191919191918 1.2323232323232323 1.1515151515151516 1.5757575757575757 1.2323232323232323 1.494949494949495 0.9090909090909091 1.3535353535353536  
19 65.95182810452891 0.9696969696969697 0.9292929292929293 1.5757575757575757 1.797979797979798 2.0 1.2323232323232323 1.5757575757575757 0.9696969696969697 0.9696969696969697 1.7777777777777777 1.2323232323232323 1.4747474747474747 1.1919191919191918 1.2323232323232323 1.1515151515151516 1.5757575757575757 1.2323232323232323 1.494949494949495 0.9090909090909091 1.3535353535353536  
31 127.52131283164778 1.4545454545454546 1.393939393939394 2.3636363636363638 2.696969696969697 3.0 1.8484848484848484 2.3636363636363638 1.4545454545454546 1.4545454545454546 2.6666666666666665 1.8484848484848484 2.212121212121212 1.7878787878787878 1.8484848484848484 1.7272727272727273 2.3636363636363638 1.8484848484848484 2.242424242424242 1.3636363636363635 2.0303030303030303  
18 68.96120602099022 1.4545454545454546 1.393939393939394 2.3636363636363638 2.696969696969697 3.0 1.8484848484848484 2.3636363636363638 1.4545454545454546 1.4545454545454546 2.6666666666666665 1.8484848484848484 2.212121212121212 1.7878787878787878 1.8484848484848484 1.7272727272727273 2.3636363636363638 1.8484848484848484 2.242424242424242 1.3636363636363635 2.0303030303030303  
10 94.33515985141919 1.4545454545454546 1.393939393939394 2.3636363636363638 2.696969696969697 3.0 1.8484848484848484 2.3636363636363638 1.4545454545454546 1.4545454545454546 2.6666666666666665 1.8484848484848484 2.212121212121212 1.7878787878787878 1.8484848484848484 1.7272727272727273 2.3636363636363638 1.8484848484848484 2.242424242424242 1.3636363636363635 2.0303030303030303  
26 31.32294611886703 1.4545454545454546 1.393939393939394 2.3636363636363638 2.696969696969697 3.0 1.8484848484848484 2.3636363636363638 1.4545454545454546 1.4545454545454546 2.6666666666666665 1.8484848484848484 2.212121212121212 1.7878787878787878 1.8484848484848484 1.7272727272727273 2.3636363636363638 1.8484848484848484 2.242424242424242 1.3636363636363635 2.0303030303030303  
32 72.17804344505284 1.4545454545454546 1.393939393939394 2.3636363636363638 2.696969696969697 3.0 1.8484848484848484 2.3636363636363638 1.4545454545454546 1.4545454545454546 2.6666666666666665 1.8484848484848484 2.212121212121212 1.7878787878787878 1.8484848484848484 1.7272727272727273 2.3636363636363638 1.8484848484848484 2.242424242424242 1.3636363636363635 2.0303030303030303  
38 4.782953321560189 0.9696969696969697 0.9292929292929293 1.5757575757575757 1.797979797979798 2.0 1.2323232323232323 1.5757575757575757 0.9696969696969697 0.9696969696969697 1.7777777777777777 1.2323232323232323 1.4747474747474747 1.1919191919191918 1.2323232323232323 1.1515151515151516 1.5757575757575757 1.2323232323232323 1.494949494949495 0.9090909090909091 1.3535353535353536  
29 83.1029564685211 1.4545454545454546 1.393939393939394 2.3636363636363638 2.696969696969697 3.0 1.8484848484848484 2.3636363636363638 1.4545454545454546 1.4545454545454546 2.6666666666666665 1.8484848484848484 2.212121212121212 1.7878787878787878 1.8484848484848484 1.7272727272727273 2.3636363636363638 1.8484848484848484 2.242424242424242 1.3636363636363635 2.0303030303030303  
28 43.23066863647473 0.9696969696969697 0.9292929292929293 1.5757575757575757 1.797979797979798 2.0 1.2323232323232323 1.5757575757575757 0.9696969696969697 0.9696969696969697 1.7777777777777777 1.2323232323232323 1.4747474747474747 1.1919191919191918 1.2323232323232323 1.1515151515151516 1.5757575757575757 1.2323232323232323 1.494949494949495 0.9090909090909091 1.3535353535353536  
1 45.06596873425487 1.4545454545454546 1.393939393939394 2.3636363636363638 2.696969696969697 3.0 1.8484848484848484 2.3636363636363638 1.4545454545454546 1.4545454545454546 2.6666666666666665 1.8484848484848484 2.212121212121212 1.7878787878787878 1.8484848484848484 1.7272727272727273 2.3636363636363638 1.8484848484848484 2.242424242424242 1.3636363636363635 2.0303030303030303  
25 26.56863865598813 0.9696969696969697 0.9292929292929293 1.5757575757575757 1.797979797979798 2.0 1.2323232323232323 1.5757575757575757 0.9696969696969697 0.9696969696969697 1.7777777777777777 1.2323232323232323 1.4747474747474747 1.1919191919191918 1.2323232323232323 1.1515151515151516 1.5757575757575757 1.2323232323232323 1.494949494949495 0.9090909090909091 1.3535353535353536  
20 69.52272809390692 1.4545454545454546 1.393939393939394 2.3636363636363638 2.696969696969697 3.0 1.8484848484848484 2.3636363636363638 1.4545454545454546 1.4545454545454546 2.6666666666666665 1.8484848484848484 2.212121212121212 1.7878787878787878 1.8484848484848484 1.7272727272727273 2.3636363636363638 1.8484848484848484 2.242424242424242 1.3636363636363635 2.0303030303030303  
5 32.24029678110158 1.4545454545454546 1.393939393939394 2.3636363636363638 2.696969696969697 3.0 1.8484848484848484 2.3636363636363638 1.4545454545454546 1.4545454545454546 2.6666666666666665 1.8484848484848484 2.212121212121212 1.7878787878787878 1.8484848484848484 1.7272727272727273 2.3636363636363638 1.8484848484848484 2.242424242424242 1.3636363636363635 2.0303030303030303  
33 21.453528272325585 1.4545454545454546 1.393939393939394 2.3636363636363638 2.696969696969697 3.0 1.8484848484848484 2.3636363636363638 1.4545454545454546 1.4545454545454546 2.6666666666666665 1.8484848484848484 2.212121212121212 1.7878787878787878 1.8484848484848484 1.7272727272727273 2.3636363636363638 1.8484848484848484 2.242424242424242 1.3636363636363635 2.0303030303030303  
9 72.85676814765792 1.4545454545454546 1.393939393939394 2.3636363636363638 2.696969696969697 3.0 1.8484848484848484 2.3636363636363638 1.4545454545454546 1.4545454545454546 2.6666666666666665 1.8484848484848484 2.212121212121212 1.7878787878787878 1.8484848484848484 1.7272727272727273 2.3636363636363638 1.8484848484848484 2.242424242424242 1.3636363636363635 2.0303030303030303  
13 260.2410067502511 0.9696969696969697 0.9292929292929293 1.5757575757575757 1.797979797979798 2.0 1.2323232323232323 1.5757575757575757 0.9696969696969697 0.9696969696969697 1.7777777777777777 1.2323232323232323 1.4747474747474747 1.1919191919191918 1.2323232323232323 1.1515151515151516 1.5757575757575757 1.2323232323232323 1.494949494949495 0.9090909090909091 1.3535353535353536  
27 26.20660247765059 1.4545454545454546 1.393939393939394 2.3636363636363638 2.696969696969697 3.0 1.8484848484848484 2.3636363636363638 1.4545454545454546 1.4545454545454546 2.6666666666666665 1.8484848484848484 2.212121212121212 1.7878787878787878 1.8484848484848484 1.7272727272727273 2.3636363636363638 1.8484848484848484 2.242424242424242 1.3636363636363635 2.0303030303030303  
21 99.7939823602084 1.4545454545454546 1.393939393939394 2.3636363636363638 2.696969696969697 3.0 1.8484848484848484 2.3636363636363638 1.4545454545454546 1.4545454545454546 2.6666666666666665 1.8484848484848484 2.212121212121212 1.7878787878787878 1.8484848484848484 1.7272727272727273 2.3636363636363638 1.8484848484848484 2.242424242424242 1.3636363636363635 2.0303030303030303  
22 92.49933619608879 0.9696969696969697 0.9292929292929293 1.5757575757575757 1.797979797979798 2.0 1.2323232323232323 1.5757575757575757 0.9696969696969697 0.9696969696969697 1.7777777777777777 1.2323232323232323 1.4747474747474747 1.1919191919191918 1.2323232323232323 1.1515151515151516 1.5757575757575757 1.2323232323232323 1.494949494949495 0.9090909090909091 1.3535353535353536  
37 15.025389358354733 0.9696969696969697 0.9292929292929293 1.5757575757575757 1.797979797979798 2.0 1.2323232323232323 1.5757575757575757 0.9696969696969697 0.9696969696969697 1.7777777777777777 1.2323232323232323 1.4747474747474747 1.1919191919191918 1.2323232323232323 1.1515151515151516 1.5757575757575757 1.2323232323232323 1.494949494949495 0.9090909090909091 1.3535353535353536  
39 16.366770452954096 0.9696969696969697 0.9292929292929293 1.5757575757575757 1.797979797979798 2.0 1.2323232323232323 1.5757575757575757 0.9696969696969697 0.9696969696969697 1.7777777777777777 1.2323232323232323 1.4747474747474747 1.1919191919191918 1.2323232323232323 1.1515151515151516 1.5757575757575757 1.2323232323232323 1.494949494949495 0.9090909090909091 1.3535353535353536  
