60 30
TREE NETWORK (nID nID Weight):
1 0 32.0 
2 1 53.0 
3 2 43.0 
41 1 34.0 
4 3 54.0 
50 1 52.0 
51 50 57.0 
6 3 32.0 
42 41 38.0 
43 41 56.0 
7 6 58.0 
17 3 30.0 
44 43 32.0 
27 3 46.0 
28 27 36.0 
32 27 43.0 
18 17 38.0 
56 0 43.0 
47 41 49.0 
13 6 34.0 
33 3 39.0 
14 13 49.0 
8 7 31.0 
58 0 42.0 
16 6 48.0 
29 28 51.0 
48 47 40.0 
35 3 45.0 
30 29 38.0 
15 13 33.0 
45 43 43.0 
49 47 56.0 
12 7 48.0 
52 51 30.0 
31 28 55.0 
9 8 35.0 
53 51 38.0 
54 1 30.0 
5 4 58.0 
11 8 44.0 
39 2 34.0 
57 56 43.0 
34 33 57.0 
19 17 51.0 
46 45 58.0 
40 2 53.0 
10 9 47.0 
59 0 37.0 
36 35 44.0 
20 19 55.0 
55 1 50.0 
21 20 55.0 
23 20 53.0 
26 17 46.0 
22 21 41.0 
25 20 51.0 
24 23 50.0 
37 35 43.0 
38 3 53.0 
PROGRAMS ASSIGNED TO NODES (nID pID1 pID2 ...):
0 1 2 3 4 5 6 7 8 9 10 11 12 13 14 15 16 17 18 19 20 21 22 23 24 25 26 27 28 29 30  
10 1 2 3 4 5 7 8 9 10 12 13 14 15 16 17 18 19 20 21 22 23 24 25 26 27 28 29 30  
58 8 28 29  
1 1 2 3 4 5 6 7 8 9 10 12 13 14 15 16 17 18 19 21 22 23 25 26 27 28 29 30  
59 1 2 3 4 5 6 7 8 9 10 12 13 14 16 17 18 19 20 22 24 27 29 30  
4 1 2 3 16 20 22 23 24  
18 19  
43 7 14 15 18  
21 1 3 5 8 12 16 17 21 22 24 25 27 28 30  
56 4 8 13 15 20 24 29  
25 1 2 3 4 5 6 7 8 9 10 11 12 13 15 16 17 18 19 20 21 22 23 24 25 26 27 28 29  
44 1 2 3 4 5 7 8 9 10 11 12 13 14 15 16 17 19 20 22 23 24 25 26 27 28 29 30  
52 1 5 6 7 10 25  
8 2 4 7 12 13 17 20 23 24 26 27  
29 4 5 29  
47 10 12 16 18 25  
57 14 21 24 29  
45 1 2 3 4 5 6 7 8 9 10 11 13 14 15 16 17 18 19 20 21 22 23 24 25 26 27 28 29 30  
38 12  
34 1 6 7 16 24  
40 8  
51 4 11 14 15 16 22 25 26  
31 1 2 3 4 5 6 7 8 9 10 11 12 13 14 15 16 18 19 21 22 23 24 25 26 27 28 29 30  
19 10 14 17 22 29  
27 17 21  
46 1 2 3 4 5 6 7 8 9 10 11 12 13 14 15 16 17 19 20 21 22 23 24 25 26 27 28 29 30  
42 13 24 30  
22 3 4 5 7 9 10 13 14 15 16 17 22 24 25 26 27 29 30  
23 2 3 6 8 12 13 14 15 22 23 24 25 26 27 29 30  
15 5 12 17 21 24 28  
7 2 3 5 6 7 8 9 10 13 14 15 16 17 18 20 22 24 25 26 27 28 29 30  
41 1 2 3 4 5 6 7 8 9 10 11 12 13 14 15 16 17 18 19 20 21 22 23 25 26 27 28 29 30  
17 3 4 11 12 16 17 22 25 30  
54 2 6 14 21  
9 1 2 3 4 5 6 9 10 11 13 14 15 16 17 19 20 21 22 24 25 26 27 29 30  
20 3 10 12 17 18 24 28  
32 2 4 5 6 7 9 10 12 17 19 20 21 26 27 30  
33 1 2 3 4 6 7 9 10 11 12 13 14 15 16 17 18 19 20 21 22 23 24 25 26 28 29 30  
16 1 2 4 7 8 9 11 14 16 17 18 19 20 21 22 23 25 28 29  
39 4 5 10 11 12 14 15 17 18 19 23 24 27 29  
14 1 2 3 4 5 6 7 8 9 10 11 12 13 14 15 16 18 19 20 21 22 23 24 25 26 27 28 29 30  
26 1 3 5 10 11 12 13 15 17 18 20 21 22 23 28 29 30  
55 5 7 13 16 20 26 30  
50 1 2 3 4 5 6 7 8 9 10 11 12 13 15 16 17 18 19 21 24 25 26  
5 2 5 6 7 9 10 11 14 15 16 17 18 19 22 23 25 27 28 29 30  
6 28  
48 7 22  
2 8 9 12 13 14 16 30  
3 3 8 9 11 13 29  
37 1 2 3 5 6 9 10 13 15 16 19 21 23 25 26 27 28 30  
35 2 3 4 6 7 8 10 13 15 17 18 21 22 23 24 25 27 28 29 30  
49 3 17 18 26 28 29  
53 2 3 4 5 6 11 13 15 16 19 22 23 29  
11 1 2 6 11 13 14 16 17 18 19 21 24 26 29 30  
30 1 16 23 26 28 30  
28 3 7 11 16 20 21 22 24 27 30  
24 1 2 3 4 6 7 8 9 11 12 15 16 17 21 25 27 28 30  
12 5 7 8 9 10 11 12 14 15 24 25 30  
36 1 2 4 5 6 7 9 10 11 12 13 15 18 19 20 21 22 23 25 27 29 30  
13 2 3 6 13 14 17 19 20 22 24 25 28 29  
SIZE OF PROGRAMS (pID SIZE):
1 62.0 
2 49.0 
3 56.0 
4 54.0 
5 46.0 
6 48.0 
7 91.0 
8 46.0 
9 46.0 
10 49.0 
11 71.0 
12 98.0 
13 93.0 
14 87.0 
15 59.0 
16 87.0 
17 69.0 
18 78.0 
19 60.0 
20 84.0 
21 85.0 
22 80.0 
23 43.0 
24 67.0 
25 45.0 
26 56.0 
27 78.0 
28 44.0 
29 76.0 
30 66.0 
COST_INSTALL_SERVER_AND_PROGRAMS :
0 5026.530612244898 1.2653061224489797 1.0 1.1428571428571428 1.1020408163265305 0.9387755102040817 0.9795918367346939 1.8571428571428572 0.9387755102040817 0.9387755102040817 1.0 1.4489795918367347 2.0 1.8979591836734695 1.7755102040816326 1.2040816326530612 1.7755102040816326 1.4081632653061225 1.5918367346938775 1.2244897959183674 1.7142857142857142 1.7346938775510203 1.6326530612244898 0.8775510204081632 1.3673469387755102 0.9183673469387755 1.1428571428571428 1.5918367346938775 0.8979591836734694 1.5510204081632653 1.346938775510204  
10 328.2309404069666 1.8979591836734695 1.5 1.7142857142857142 1.653061224489796 1.4081632653061225 1.469387755102041 2.7857142857142856 1.4081632653061225 1.4081632653061225 1.5 2.173469387755102 3.0 2.8469387755102042 2.663265306122449 1.8061224489795917 2.663265306122449 2.1122448979591835 2.3877551020408165 1.836734693877551 2.5714285714285716 2.6020408163265305 2.4489795918367347 1.316326530612245 2.0510204081632653 1.3775510204081634 1.7142857142857142 2.3877551020408165 1.346938775510204 2.326530612244898 2.020408163265306  
58 3.202306180904562 1.2653061224489797 1.0 1.1428571428571428 1.1020408163265305 0.9387755102040817 0.9795918367346939 1.8571428571428572 0.9387755102040817 0.9387755102040817 1.0 1.4489795918367347 2.0 1.8979591836734695 1.7755102040816326 1.2040816326530612 1.7755102040816326 1.4081632653061225 1.5918367346938775 1.2244897959183674 1.7142857142857142 1.7346938775510203 1.6326530612244898 0.8775510204081632 1.3673469387755102 0.9183673469387755 1.1428571428571428 1.5918367346938775 0.8979591836734694 1.5510204081632653 1.346938775510204  
1 33.295274246002606 1.8979591836734695 1.5 1.7142857142857142 1.653061224489796 1.4081632653061225 1.469387755102041 2.7857142857142856 1.4081632653061225 1.4081632653061225 1.5 2.173469387755102 3.0 2.8469387755102042 2.663265306122449 1.8061224489795917 2.663265306122449 2.1122448979591835 2.3877551020408165 1.836734693877551 2.5714285714285716 2.6020408163265305 2.4489795918367347 1.316326530612245 2.0510204081632653 1.3775510204081634 1.7142857142857142 2.3877551020408165 1.346938775510204 2.326530612244898 2.020408163265306  
59 457.0 1.8979591836734695 1.5 1.7142857142857142 1.653061224489796 1.4081632653061225 1.469387755102041 2.7857142857142856 1.4081632653061225 1.4081632653061225 1.5 2.173469387755102 3.0 2.8469387755102042 2.663265306122449 1.8061224489795917 2.663265306122449 2.1122448979591835 2.3877551020408165 1.836734693877551 2.5714285714285716 2.6020408163265305 2.4489795918367347 1.316326530612245 2.0510204081632653 1.3775510204081634 1.7142857142857142 2.3877551020408165 1.346938775510204 2.326530612244898 2.020408163265306  
4 48.59031481551382 1.8979591836734695 1.5 1.7142857142857142 1.653061224489796 1.4081632653061225 1.469387755102041 2.7857142857142856 1.4081632653061225 1.4081632653061225 1.5 2.173469387755102 3.0 2.8469387755102042 2.663265306122449 1.8061224489795917 2.663265306122449 2.1122448979591835 2.3877551020408165 1.836734693877551 2.5714285714285716 2.6020408163265305 2.4489795918367347 1.316326530612245 2.0510204081632653 1.3775510204081634 1.7142857142857142 2.3877551020408165 1.346938775510204 2.326530612244898 2.020408163265306  
18 7.1953168459371994 1.8979591836734695 1.5 1.7142857142857142 1.653061224489796 1.4081632653061225 1.469387755102041 2.7857142857142856 1.4081632653061225 1.4081632653061225 1.5 2.173469387755102 3.0 2.8469387755102042 2.663265306122449 1.8061224489795917 2.663265306122449 2.1122448979591835 2.3877551020408165 1.836734693877551 2.5714285714285716 2.6020408163265305 2.4489795918367347 1.316326530612245 2.0510204081632653 1.3775510204081634 1.7142857142857142 2.3877551020408165 1.346938775510204 2.326530612244898 2.020408163265306  
43 81.2196980872736 1.8979591836734695 1.5 1.7142857142857142 1.653061224489796 1.4081632653061225 1.469387755102041 2.7857142857142856 1.4081632653061225 1.4081632653061225 1.5 2.173469387755102 3.0 2.8469387755102042 2.663265306122449 1.8061224489795917 2.663265306122449 2.1122448979591835 2.3877551020408165 1.836734693877551 2.5714285714285716 2.6020408163265305 2.4489795918367347 1.316326530612245 2.0510204081632653 1.3775510204081634 1.7142857142857142 2.3877551020408165 1.346938775510204 2.326530612244898 2.020408163265306  
21 256.34541422434114 1.8979591836734695 1.5 1.7142857142857142 1.653061224489796 1.4081632653061225 1.469387755102041 2.7857142857142856 1.4081632653061225 1.4081632653061225 1.5 2.173469387755102 3.0 2.8469387755102042 2.663265306122449 1.8061224489795917 2.663265306122449 2.1122448979591835 2.3877551020408165 1.836734693877551 2.5714285714285716 2.6020408163265305 2.4489795918367347 1.316326530612245 2.0510204081632653 1.3775510204081634 1.7142857142857142 2.3877551020408165 1.346938775510204 2.326530612244898 2.020408163265306  
56 9.961440381008433 1.2653061224489797 1.0 1.1428571428571428 1.1020408163265305 0.9387755102040817 0.9795918367346939 1.8571428571428572 0.9387755102040817 0.9387755102040817 1.0 1.4489795918367347 2.0 1.8979591836734695 1.7755102040816326 1.2040816326530612 1.7755102040816326 1.4081632653061225 1.5918367346938775 1.2244897959183674 1.7142857142857142 1.7346938775510203 1.6326530612244898 0.8775510204081632 1.3673469387755102 0.9183673469387755 1.1428571428571428 1.5918367346938775 0.8979591836734694 1.5510204081632653 1.346938775510204  
25 157.56980580173396 1.2653061224489797 1.0 1.1428571428571428 1.1020408163265305 0.9387755102040817 0.9795918367346939 1.8571428571428572 0.9387755102040817 0.9387755102040817 1.0 1.4489795918367347 2.0 1.8979591836734695 1.7755102040816326 1.2040816326530612 1.7755102040816326 1.4081632653061225 1.5918367346938775 1.2244897959183674 1.7142857142857142 1.7346938775510203 1.6326530612244898 0.8775510204081632 1.3673469387755102 0.9183673469387755 1.1428571428571428 1.5918367346938775 0.8979591836734694 1.5510204081632653 1.346938775510204  
44 127.23376430523207 1.8979591836734695 1.5 1.7142857142857142 1.653061224489796 1.4081632653061225 1.469387755102041 2.7857142857142856 1.4081632653061225 1.4081632653061225 1.5 2.173469387755102 3.0 2.8469387755102042 2.663265306122449 1.8061224489795917 2.663265306122449 2.1122448979591835 2.3877551020408165 1.836734693877551 2.5714285714285716 2.6020408163265305 2.4489795918367347 1.316326530612245 2.0510204081632653 1.3775510204081634 1.7142857142857142 2.3877551020408165 1.346938775510204 2.326530612244898 2.020408163265306  
52 31.874140369821824 1.8979591836734695 1.5 1.7142857142857142 1.653061224489796 1.4081632653061225 1.469387755102041 2.7857142857142856 1.4081632653061225 1.4081632653061225 1.5 2.173469387755102 3.0 2.8469387755102042 2.663265306122449 1.8061224489795917 2.663265306122449 2.1122448979591835 2.3877551020408165 1.836734693877551 2.5714285714285716 2.6020408163265305 2.4489795918367347 1.316326530612245 2.0510204081632653 1.3775510204081634 1.7142857142857142 2.3877551020408165 1.346938775510204 2.326530612244898 2.020408163265306  
8 295.74844410026714 1.8979591836734695 1.5 1.7142857142857142 1.653061224489796 1.4081632653061225 1.469387755102041 2.7857142857142856 1.4081632653061225 1.4081632653061225 1.5 2.173469387755102 3.0 2.8469387755102042 2.663265306122449 1.8061224489795917 2.663265306122449 2.1122448979591835 2.3877551020408165 1.836734693877551 2.5714285714285716 2.6020408163265305 2.4489795918367347 1.316326530612245 2.0510204081632653 1.3775510204081634 1.7142857142857142 2.3877551020408165 1.346938775510204 2.326530612244898 2.020408163265306  
29 103.91405832646407 1.2653061224489797 1.0 1.1428571428571428 1.1020408163265305 0.9387755102040817 0.9795918367346939 1.8571428571428572 0.9387755102040817 0.9387755102040817 1.0 1.4489795918367347 2.0 1.8979591836734695 1.7755102040816326 1.2040816326530612 1.7755102040816326 1.4081632653061225 1.5918367346938775 1.2244897959183674 1.7142857142857142 1.7346938775510203 1.6326530612244898 0.8775510204081632 1.3673469387755102 0.9183673469387755 1.1428571428571428 1.5918367346938775 0.8979591836734694 1.5510204081632653 1.346938775510204  
47 36.53878477573823 1.8979591836734695 1.5 1.7142857142857142 1.653061224489796 1.4081632653061225 1.469387755102041 2.7857142857142856 1.4081632653061225 1.4081632653061225 1.5 2.173469387755102 3.0 2.8469387755102042 2.663265306122449 1.8061224489795917 2.663265306122449 2.1122448979591835 2.3877551020408165 1.836734693877551 2.5714285714285716 2.6020408163265305 2.4489795918367347 1.316326530612245 2.0510204081632653 1.3775510204081634 1.7142857142857142 2.3877551020408165 1.346938775510204 2.326530612244898 2.020408163265306  
57 15.591633381610492 1.2653061224489797 1.0 1.1428571428571428 1.1020408163265305 0.9387755102040817 0.9795918367346939 1.8571428571428572 0.9387755102040817 0.9387755102040817 1.0 1.4489795918367347 2.0 1.8979591836734695 1.7755102040816326 1.2040816326530612 1.7755102040816326 1.4081632653061225 1.5918367346938775 1.2244897959183674 1.7142857142857142 1.7346938775510203 1.6326530612244898 0.8775510204081632 1.3673469387755102 0.9183673469387755 1.1428571428571428 1.5918367346938775 0.8979591836734694 1.5510204081632653 1.346938775510204  
45 66.49219610649138 1.2653061224489797 1.0 1.1428571428571428 1.1020408163265305 0.9387755102040817 0.9795918367346939 1.8571428571428572 0.9387755102040817 0.9387755102040817 1.0 1.4489795918367347 2.0 1.8979591836734695 1.7755102040816326 1.2040816326530612 1.7755102040816326 1.4081632653061225 1.5918367346938775 1.2244897959183674 1.7142857142857142 1.7346938775510203 1.6326530612244898 0.8775510204081632 1.3673469387755102 0.9183673469387755 1.1428571428571428 1.5918367346938775 0.8979591836734694 1.5510204081632653 1.346938775510204  
38 7.920188030045779 1.2653061224489797 1.0 1.1428571428571428 1.1020408163265305 0.9387755102040817 0.9795918367346939 1.8571428571428572 0.9387755102040817 0.9387755102040817 1.0 1.4489795918367347 2.0 1.8979591836734695 1.7755102040816326 1.2040816326530612 1.7755102040816326 1.4081632653061225 1.5918367346938775 1.2244897959183674 1.7142857142857142 1.7346938775510203 1.6326530612244898 0.8775510204081632 1.3673469387755102 0.9183673469387755 1.1428571428571428 1.5918367346938775 0.8979591836734694 1.5510204081632653 1.346938775510204  
34 23.38473474503121 1.8979591836734695 1.5 1.7142857142857142 1.653061224489796 1.4081632653061225 1.469387755102041 2.7857142857142856 1.4081632653061225 1.4081632653061225 1.5 2.173469387755102 3.0 2.8469387755102042 2.663265306122449 1.8061224489795917 2.663265306122449 2.1122448979591835 2.3877551020408165 1.836734693877551 2.5714285714285716 2.6020408163265305 2.4489795918367347 1.316326530612245 2.0510204081632653 1.3775510204081634 1.7142857142857142 2.3877551020408165 1.346938775510204 2.326530612244898 2.020408163265306  
40 1.766623685904556 1.8979591836734695 1.5 1.7142857142857142 1.653061224489796 1.4081632653061225 1.469387755102041 2.7857142857142856 1.4081632653061225 1.4081632653061225 1.5 2.173469387755102 3.0 2.8469387755102042 2.663265306122449 1.8061224489795917 2.663265306122449 2.1122448979591835 2.3877551020408165 1.836734693877551 2.5714285714285716 2.6020408163265305 2.4489795918367347 1.316326530612245 2.0510204081632653 1.3775510204081634 1.7142857142857142 2.3877551020408165 1.346938775510204 2.326530612244898 2.020408163265306  
51 78.28395644372091 1.8979591836734695 1.5 1.7142857142857142 1.653061224489796 1.4081632653061225 1.469387755102041 2.7857142857142856 1.4081632653061225 1.4081632653061225 1.5 2.173469387755102 3.0 2.8469387755102042 2.663265306122449 1.8061224489795917 2.663265306122449 2.1122448979591835 2.3877551020408165 1.836734693877551 2.5714285714285716 2.6020408163265305 2.4489795918367347 1.316326530612245 2.0510204081632653 1.3775510204081634 1.7142857142857142 2.3877551020408165 1.346938775510204 2.326530612244898 2.020408163265306  
31 152.75951734883648 1.2653061224489797 1.0 1.1428571428571428 1.1020408163265305 0.9387755102040817 0.9795918367346939 1.8571428571428572 0.9387755102040817 0.9387755102040817 1.0 1.4489795918367347 2.0 1.8979591836734695 1.7755102040816326 1.2040816326530612 1.7755102040816326 1.4081632653061225 1.5918367346938775 1.2244897959183674 1.7142857142857142 1.7346938775510203 1.6326530612244898 0.8775510204081632 1.3673469387755102 0.9183673469387755 1.1428571428571428 1.5918367346938775 0.8979591836734694 1.5510204081632653 1.346938775510204  
19 329.9864554312887 1.8979591836734695 1.5 1.7142857142857142 1.653061224489796 1.4081632653061225 1.469387755102041 2.7857142857142856 1.4081632653061225 1.4081632653061225 1.5 2.173469387755102 3.0 2.8469387755102042 2.663265306122449 1.8061224489795917 2.663265306122449 2.1122448979591835 2.3877551020408165 1.836734693877551 2.5714285714285716 2.6020408163265305 2.4489795918367347 1.316326530612245 2.0510204081632653 1.3775510204081634 1.7142857142857142 2.3877551020408165 1.346938775510204 2.326530612244898 2.020408163265306  
27 192.23205088769328 1.8979591836734695 1.5 1.7142857142857142 1.653061224489796 1.4081632653061225 1.469387755102041 2.7857142857142856 1.4081632653061225 1.4081632653061225 1.5 2.173469387755102 3.0 2.8469387755102042 2.663265306122449 1.8061224489795917 2.663265306122449 2.1122448979591835 2.3877551020408165 1.836734693877551 2.5714285714285716 2.6020408163265305 2.4489795918367347 1.316326530612245 2.0510204081632653 1.3775510204081634 1.7142857142857142 2.3877551020408165 1.346938775510204 2.326530612244898 2.020408163265306  
46 160.51208054960472 1.2653061224489797 1.0 1.1428571428571428 1.1020408163265305 0.9387755102040817 0.9795918367346939 1.8571428571428572 0.9387755102040817 0.9387755102040817 1.0 1.4489795918367347 2.0 1.8979591836734695 1.7755102040816326 1.2040816326530612 1.7755102040816326 1.4081632653061225 1.5918367346938775 1.2244897959183674 1.7142857142857142 1.7346938775510203 1.6326530612244898 0.8775510204081632 1.3673469387755102 0.9183673469387755 1.1428571428571428 1.5918367346938775 0.8979591836734694 1.5510204081632653 1.346938775510204  
42 20.360558489562987 1.2653061224489797 1.0 1.1428571428571428 1.1020408163265305 0.9387755102040817 0.9795918367346939 1.8571428571428572 0.9387755102040817 0.9387755102040817 1.0 1.4489795918367347 2.0 1.8979591836734695 1.7755102040816326 1.2040816326530612 1.7755102040816326 1.4081632653061225 1.5918367346938775 1.2244897959183674 1.7142857142857142 1.7346938775510203 1.6326530612244898 0.8775510204081632 1.3673469387755102 0.9183673469387755 1.1428571428571428 1.5918367346938775 0.8979591836734694 1.5510204081632653 1.346938775510204  
22 252.30965917221604 1.2653061224489797 1.0 1.1428571428571428 1.1020408163265305 0.9387755102040817 0.9795918367346939 1.8571428571428572 0.9387755102040817 0.9387755102040817 1.0 1.4489795918367347 2.0 1.8979591836734695 1.7755102040816326 1.2040816326530612 1.7755102040816326 1.4081632653061225 1.5918367346938775 1.2244897959183674 1.7142857142857142 1.7346938775510203 1.6326530612244898 0.8775510204081632 1.3673469387755102 0.9183673469387755 1.1428571428571428 1.5918367346938775 0.8979591836734694 1.5510204081632653 1.346938775510204  
23 305.361294967383 1.2653061224489797 1.0 1.1428571428571428 1.1020408163265305 0.9387755102040817 0.9795918367346939 1.8571428571428572 0.9387755102040817 0.9387755102040817 1.0 1.4489795918367347 2.0 1.8979591836734695 1.7755102040816326 1.2040816326530612 1.7755102040816326 1.4081632653061225 1.5918367346938775 1.2244897959183674 1.7142857142857142 1.7346938775510203 1.6326530612244898 0.8775510204081632 1.3673469387755102 0.9183673469387755 1.1428571428571428 1.5918367346938775 0.8979591836734694 1.5510204081632653 1.346938775510204  
15 79.00883982684962 1.2653061224489797 1.0 1.1428571428571428 1.1020408163265305 0.9387755102040817 0.9795918367346939 1.8571428571428572 0.9387755102040817 0.9387755102040817 1.0 1.4489795918367347 2.0 1.8979591836734695 1.7755102040816326 1.2040816326530612 1.7755102040816326 1.4081632653061225 1.5918367346938775 1.2244897959183674 1.7142857142857142 1.7346938775510203 1.6326530612244898 0.8775510204081632 1.3673469387755102 0.9183673469387755 1.1428571428571428 1.5918367346938775 0.8979591836734694 1.5510204081632653 1.346938775510204  
7 320.49557852903854 1.8979591836734695 1.5 1.7142857142857142 1.653061224489796 1.4081632653061225 1.469387755102041 2.7857142857142856 1.4081632653061225 1.4081632653061225 1.5 2.173469387755102 3.0 2.8469387755102042 2.663265306122449 1.8061224489795917 2.663265306122449 2.1122448979591835 2.3877551020408165 1.836734693877551 2.5714285714285716 2.6020408163265305 2.4489795918367347 1.316326530612245 2.0510204081632653 1.3775510204081634 1.7142857142857142 2.3877551020408165 1.346938775510204 2.326530612244898 2.020408163265306  
41 96.26946248394798 1.2653061224489797 1.0 1.1428571428571428 1.1020408163265305 0.9387755102040817 0.9795918367346939 1.8571428571428572 0.9387755102040817 0.9387755102040817 1.0 1.4489795918367347 2.0 1.8979591836734695 1.7755102040816326 1.2040816326530612 1.7755102040816326 1.4081632653061225 1.5918367346938775 1.2244897959183674 1.7142857142857142 1.7346938775510203 1.6326530612244898 0.8775510204081632 1.3673469387755102 0.9183673469387755 1.1428571428571428 1.5918367346938775 0.8979591836734694 1.5510204081632653 1.346938775510204  
17 272.9941336782899 1.8979591836734695 1.5 1.7142857142857142 1.653061224489796 1.4081632653061225 1.469387755102041 2.7857142857142856 1.4081632653061225 1.4081632653061225 1.5 2.173469387755102 3.0 2.8469387755102042 2.663265306122449 1.8061224489795917 2.663265306122449 2.1122448979591835 2.3877551020408165 1.836734693877551 2.5714285714285716 2.6020408163265305 2.4489795918367347 1.316326530612245 2.0510204081632653 1.3775510204081634 1.7142857142857142 2.3877551020408165 1.346938775510204 2.326530612244898 2.020408163265306  
54 15.298914109780728 1.2653061224489797 1.0 1.1428571428571428 1.1020408163265305 0.9387755102040817 0.9795918367346939 1.8571428571428572 0.9387755102040817 0.9387755102040817 1.0 1.4489795918367347 2.0 1.8979591836734695 1.7755102040816326 1.2040816326530612 1.7755102040816326 1.4081632653061225 1.5918367346938775 1.2244897959183674 1.7142857142857142 1.7346938775510203 1.6326530612244898 0.8775510204081632 1.3673469387755102 0.9183673469387755 1.1428571428571428 1.5918367346938775 0.8979591836734694 1.5510204081632653 1.346938775510204  
9 228.34360038018895 1.2653061224489797 1.0 1.1428571428571428 1.1020408163265305 0.9387755102040817 0.9795918367346939 1.8571428571428572 0.9387755102040817 0.9387755102040817 1.0 1.4489795918367347 2.0 1.8979591836734695 1.7755102040816326 1.2040816326530612 1.7755102040816326 1.4081632653061225 1.5918367346938775 1.2244897959183674 1.7142857142857142 1.7346938775510203 1.6326530612244898 0.8775510204081632 1.3673469387755102 0.9183673469387755 1.1428571428571428 1.5918367346938775 0.8979591836734694 1.5510204081632653 1.346938775510204  
20 165.47910945212897 1.2653061224489797 1.0 1.1428571428571428 1.1020408163265305 0.9387755102040817 0.9795918367346939 1.8571428571428572 0.9387755102040817 0.9387755102040817 1.0 1.4489795918367347 2.0 1.8979591836734695 1.7755102040816326 1.2040816326530612 1.7755102040816326 1.4081632653061225 1.5918367346938775 1.2244897959183674 1.7142857142857142 1.7346938775510203 1.6326530612244898 0.8775510204081632 1.3673469387755102 0.9183673469387755 1.1428571428571428 1.5918367346938775 0.8979591836734694 1.5510204081632653 1.346938775510204  
32 43.48973986791251 1.8979591836734695 1.5 1.7142857142857142 1.653061224489796 1.4081632653061225 1.469387755102041 2.7857142857142856 1.4081632653061225 1.4081632653061225 1.5 2.173469387755102 3.0 2.8469387755102042 2.663265306122449 1.8061224489795917 2.663265306122449 2.1122448979591835 2.3877551020408165 1.836734693877551 2.5714285714285716 2.6020408163265305 2.4489795918367347 1.316326530612245 2.0510204081632653 1.3775510204081634 1.7142857142857142 2.3877551020408165 1.346938775510204 2.326530612244898 2.020408163265306  
33 227.6607994444014 1.8979591836734695 1.5 1.7142857142857142 1.653061224489796 1.4081632653061225 1.469387755102041 2.7857142857142856 1.4081632653061225 1.4081632653061225 1.5 2.173469387755102 3.0 2.8469387755102042 2.663265306122449 1.8061224489795917 2.663265306122449 2.1122448979591835 2.3877551020408165 1.836734693877551 2.5714285714285716 2.6020408163265305 2.4489795918367347 1.316326530612245 2.0510204081632653 1.3775510204081634 1.7142857142857142 2.3877551020408165 1.346938775510204 2.326530612244898 2.020408163265306  
16 104.77827774264667 1.2653061224489797 1.0 1.1428571428571428 1.1020408163265305 0.9387755102040817 0.9795918367346939 1.8571428571428572 0.9387755102040817 0.9387755102040817 1.0 1.4489795918367347 2.0 1.8979591836734695 1.7755102040816326 1.2040816326530612 1.7755102040816326 1.4081632653061225 1.5918367346938775 1.2244897959183674 1.7142857142857142 1.7346938775510203 1.6326530612244898 0.8775510204081632 1.3673469387755102 0.9183673469387755 1.1428571428571428 1.5918367346938775 0.8979591836734694 1.5510204081632653 1.346938775510204  
39 52.712025822109496 1.2653061224489797 1.0 1.1428571428571428 1.1020408163265305 0.9387755102040817 0.9795918367346939 1.8571428571428572 0.9387755102040817 0.9387755102040817 1.0 1.4489795918367347 2.0 1.8979591836734695 1.7755102040816326 1.2040816326530612 1.7755102040816326 1.4081632653061225 1.5918367346938775 1.2244897959183674 1.7142857142857142 1.7346938775510203 1.6326530612244898 0.8775510204081632 1.3673469387755102 0.9183673469387755 1.1428571428571428 1.5918367346938775 0.8979591836734694 1.5510204081632653 1.346938775510204  
14 257.7386884525604 1.8979591836734695 1.5 1.7142857142857142 1.653061224489796 1.4081632653061225 1.469387755102041 2.7857142857142856 1.4081632653061225 1.4081632653061225 1.5 2.173469387755102 3.0 2.8469387755102042 2.663265306122449 1.8061224489795917 2.663265306122449 2.1122448979591835 2.3877551020408165 1.836734693877551 2.5714285714285716 2.6020408163265305 2.4489795918367347 1.316326530612245 2.0510204081632653 1.3775510204081634 1.7142857142857142 2.3877551020408165 1.346938775510204 2.326530612244898 2.020408163265306  
26 196.46125227238056 1.2653061224489797 1.0 1.1428571428571428 1.1020408163265305 0.9387755102040817 0.9795918367346939 1.8571428571428572 0.9387755102040817 0.9387755102040817 1.0 1.4489795918367347 2.0 1.8979591836734695 1.7755102040816326 1.2040816326530612 1.7755102040816326 1.4081632653061225 1.5918367346938775 1.2244897959183674 1.7142857142857142 1.7346938775510203 1.6326530612244898 0.8775510204081632 1.3673469387755102 0.9183673469387755 1.1428571428571428 1.5918367346938775 0.8979591836734694 1.5510204081632653 1.346938775510204  
55 24.12276389450101 1.2653061224489797 1.0 1.1428571428571428 1.1020408163265305 0.9387755102040817 0.9795918367346939 1.8571428571428572 0.9387755102040817 0.9387755102040817 1.0 1.4489795918367347 2.0 1.8979591836734695 1.7755102040816326 1.2040816326530612 1.7755102040816326 1.4081632653061225 1.5918367346938775 1.2244897959183674 1.7142857142857142 1.7346938775510203 1.6326530612244898 0.8775510204081632 1.3673469387755102 0.9183673469387755 1.1428571428571428 1.5918367346938775 0.8979591836734694 1.5510204081632653 1.346938775510204  
50 103.94444807635736 1.8979591836734695 1.5 1.7142857142857142 1.653061224489796 1.4081632653061225 1.469387755102041 2.7857142857142856 1.4081632653061225 1.4081632653061225 1.5 2.173469387755102 3.0 2.8469387755102042 2.663265306122449 1.8061224489795917 2.663265306122449 2.1122448979591835 2.3877551020408165 1.836734693877551 2.5714285714285716 2.6020408163265305 2.4489795918367347 1.316326530612245 2.0510204081632653 1.3775510204081634 1.7142857142857142 2.3877551020408165 1.346938775510204 2.326530612244898 2.020408163265306  
5 72.41748396994024 1.8979591836734695 1.5 1.7142857142857142 1.653061224489796 1.4081632653061225 1.469387755102041 2.7857142857142856 1.4081632653061225 1.4081632653061225 1.5 2.173469387755102 3.0 2.8469387755102042 2.663265306122449 1.8061224489795917 2.663265306122449 2.1122448979591835 2.3877551020408165 1.836734693877551 2.5714285714285716 2.6020408163265305 2.4489795918367347 1.316326530612245 2.0510204081632653 1.3775510204081634 1.7142857142857142 2.3877551020408165 1.346938775510204 2.326530612244898 2.020408163265306  
6 267.6829843777814 1.2653061224489797 1.0 1.1428571428571428 1.1020408163265305 0.9387755102040817 0.9795918367346939 1.8571428571428572 0.9387755102040817 0.9387755102040817 1.0 1.4489795918367347 2.0 1.8979591836734695 1.7755102040816326 1.2040816326530612 1.7755102040816326 1.4081632653061225 1.5918367346938775 1.2244897959183674 1.7142857142857142 1.7346938775510203 1.6326530612244898 0.8775510204081632 1.3673469387755102 0.9183673469387755 1.1428571428571428 1.5918367346938775 0.8979591836734694 1.5510204081632653 1.346938775510204  
48 10.160532462309511 1.8979591836734695 1.5 1.7142857142857142 1.653061224489796 1.4081632653061225 1.469387755102041 2.7857142857142856 1.4081632653061225 1.4081632653061225 1.5 2.173469387755102 3.0 2.8469387755102042 2.663265306122449 1.8061224489795917 2.663265306122449 2.1122448979591835 2.3877551020408165 1.836734693877551 2.5714285714285716 2.6020408163265305 2.4489795918367347 1.316326530612245 2.0510204081632653 1.3775510204081634 1.7142857142857142 2.3877551020408165 1.346938775510204 2.326530612244898 2.020408163265306  
2 103.7756125027547 1.2653061224489797 1.0 1.1428571428571428 1.1020408163265305 0.9387755102040817 0.9795918367346939 1.8571428571428572 0.9387755102040817 0.9387755102040817 1.0 1.4489795918367347 2.0 1.8979591836734695 1.7755102040816326 1.2040816326530612 1.7755102040816326 1.4081632653061225 1.5918367346938775 1.2244897959183674 1.7142857142857142 1.7346938775510203 1.6326530612244898 0.8775510204081632 1.3673469387755102 0.9183673469387755 1.1428571428571428 1.5918367346938775 0.8979591836734694 1.5510204081632653 1.346938775510204  
3 98.35345662785102 1.8979591836734695 1.5 1.7142857142857142 1.653061224489796 1.4081632653061225 1.469387755102041 2.7857142857142856 1.4081632653061225 1.4081632653061225 1.5 2.173469387755102 3.0 2.8469387755102042 2.663265306122449 1.8061224489795917 2.663265306122449 2.1122448979591835 2.3877551020408165 1.836734693877551 2.5714285714285716 2.6020408163265305 2.4489795918367347 1.316326530612245 2.0510204081632653 1.3775510204081634 1.7142857142857142 2.3877551020408165 1.346938775510204 2.326530612244898 2.020408163265306  
37 160.9850763348922 1.2653061224489797 1.0 1.1428571428571428 1.1020408163265305 0.9387755102040817 0.9795918367346939 1.8571428571428572 0.9387755102040817 0.9387755102040817 1.0 1.4489795918367347 2.0 1.8979591836734695 1.7755102040816326 1.2040816326530612 1.7755102040816326 1.4081632653061225 1.5918367346938775 1.2244897959183674 1.7142857142857142 1.7346938775510203 1.6326530612244898 0.8775510204081632 1.3673469387755102 0.9183673469387755 1.1428571428571428 1.5918367346938775 0.8979591836734694 1.5510204081632653 1.346938775510204  
35 188.8525801589975 1.2653061224489797 1.0 1.1428571428571428 1.1020408163265305 0.9387755102040817 0.9795918367346939 1.8571428571428572 0.9387755102040817 0.9387755102040817 1.0 1.4489795918367347 2.0 1.8979591836734695 1.7755102040816326 1.2040816326530612 1.7755102040816326 1.4081632653061225 1.5918367346938775 1.2244897959183674 1.7142857142857142 1.7346938775510203 1.6326530612244898 0.8775510204081632 1.3673469387755102 0.9183673469387755 1.1428571428571428 1.5918367346938775 0.8979591836734694 1.5510204081632653 1.346938775510204  
49 13.217355772730622 1.8979591836734695 1.5 1.7142857142857142 1.653061224489796 1.4081632653061225 1.469387755102041 2.7857142857142856 1.4081632653061225 1.4081632653061225 1.5 2.173469387755102 3.0 2.8469387755102042 2.663265306122449 1.8061224489795917 2.663265306122449 2.1122448979591835 2.3877551020408165 1.836734693877551 2.5714285714285716 2.6020408163265305 2.4489795918367347 1.316326530612245 2.0510204081632653 1.3775510204081634 1.7142857142857142 2.3877551020408165 1.346938775510204 2.326530612244898 2.020408163265306  
53 56.48118242764673 1.2653061224489797 1.0 1.1428571428571428 1.1020408163265305 0.9387755102040817 0.9795918367346939 1.8571428571428572 0.9387755102040817 0.9387755102040817 1.0 1.4489795918367347 2.0 1.8979591836734695 1.7755102040816326 1.2040816326530612 1.7755102040816326 1.4081632653061225 1.5918367346938775 1.2244897959183674 1.7142857142857142 1.7346938775510203 1.6326530612244898 0.8775510204081632 1.3673469387755102 0.9183673469387755 1.1428571428571428 1.5918367346938775 0.8979591836734694 1.5510204081632653 1.346938775510204  
11 259.8348215785517 1.8979591836734695 1.5 1.7142857142857142 1.653061224489796 1.4081632653061225 1.469387755102041 2.7857142857142856 1.4081632653061225 1.4081632653061225 1.5 2.173469387755102 3.0 2.8469387755102042 2.663265306122449 1.8061224489795917 2.663265306122449 2.1122448979591835 2.3877551020408165 1.836734693877551 2.5714285714285716 2.6020408163265305 2.4489795918367347 1.316326530612245 2.0510204081632653 1.3775510204081634 1.7142857142857142 2.3877551020408165 1.346938775510204 2.326530612244898 2.020408163265306  
30 84.99930654498796 1.2653061224489797 1.0 1.1428571428571428 1.1020408163265305 0.9387755102040817 0.9795918367346939 1.8571428571428572 0.9387755102040817 0.9387755102040817 1.0 1.4489795918367347 2.0 1.8979591836734695 1.7755102040816326 1.2040816326530612 1.7755102040816326 1.4081632653061225 1.5918367346938775 1.2244897959183674 1.7142857142857142 1.7346938775510203 1.6326530612244898 0.8775510204081632 1.3673469387755102 0.9183673469387755 1.1428571428571428 1.5918367346938775 0.8979591836734694 1.5510204081632653 1.346938775510204  
28 244.85022824565786 1.2653061224489797 1.0 1.1428571428571428 1.1020408163265305 0.9387755102040817 0.9795918367346939 1.8571428571428572 0.9387755102040817 0.9387755102040817 1.0 1.4489795918367347 2.0 1.8979591836734695 1.7755102040816326 1.2040816326530612 1.7755102040816326 1.4081632653061225 1.5918367346938775 1.2244897959183674 1.7142857142857142 1.7346938775510203 1.6326530612244898 0.8775510204081632 1.3673469387755102 0.9183673469387755 1.1428571428571428 1.5918367346938775 0.8979591836734694 1.5510204081632653 1.346938775510204  
24 312.2988068962116 1.2653061224489797 1.0 1.1428571428571428 1.1020408163265305 0.9387755102040817 0.9795918367346939 1.8571428571428572 0.9387755102040817 0.9387755102040817 1.0 1.4489795918367347 2.0 1.8979591836734695 1.7755102040816326 1.2040816326530612 1.7755102040816326 1.4081632653061225 1.5918367346938775 1.2244897959183674 1.7142857142857142 1.7346938775510203 1.6326530612244898 0.8775510204081632 1.3673469387755102 0.9183673469387755 1.1428571428571428 1.5918367346938775 0.8979591836734694 1.5510204081632653 1.346938775510204  
12 65.644688692913 1.8979591836734695 1.5 1.7142857142857142 1.653061224489796 1.4081632653061225 1.469387755102041 2.7857142857142856 1.4081632653061225 1.4081632653061225 1.5 2.173469387755102 3.0 2.8469387755102042 2.663265306122449 1.8061224489795917 2.663265306122449 2.1122448979591835 2.3877551020408165 1.836734693877551 2.5714285714285716 2.6020408163265305 2.4489795918367347 1.316326530612245 2.0510204081632653 1.3775510204081634 1.7142857142857142 2.3877551020408165 1.346938775510204 2.326530612244898 2.020408163265306  
36 226.0163664424951 1.2653061224489797 1.0 1.1428571428571428 1.1020408163265305 0.9387755102040817 0.9795918367346939 1.8571428571428572 0.9387755102040817 0.9387755102040817 1.0 1.4489795918367347 2.0 1.8979591836734695 1.7755102040816326 1.2040816326530612 1.7755102040816326 1.4081632653061225 1.5918367346938775 1.2244897959183674 1.7142857142857142 1.7346938775510203 1.6326530612244898 0.8775510204081632 1.3673469387755102 0.9183673469387755 1.1428571428571428 1.5918367346938775 0.8979591836734694 1.5510204081632653 1.346938775510204  
13 275.0383948357621 1.8979591836734695 1.5 1.7142857142857142 1.653061224489796 1.4081632653061225 1.469387755102041 2.7857142857142856 1.4081632653061225 1.4081632653061225 1.5 2.173469387755102 3.0 2.8469387755102042 2.663265306122449 1.8061224489795917 2.663265306122449 2.1122448979591835 2.3877551020408165 1.836734693877551 2.5714285714285716 2.6020408163265305 2.4489795918367347 1.316326530612245 2.0510204081632653 1.3775510204081634 1.7142857142857142 2.3877551020408165 1.346938775510204 2.326530612244898 2.020408163265306  
