20 20
TREE NETWORK (nID nID Weight):
1 0 57.0 
2 1 31.0 
9 1 34.0 
3 2 42.0 
10 9 57.0 
11 9 52.0 
12 11 30.0 
19 0 40.0 
4 2 45.0 
15 9 45.0 
13 12 44.0 
16 9 34.0 
14 13 59.0 
5 4 30.0 
6 5 31.0 
8 4 38.0 
7 5 39.0 
17 16 37.0 
18 17 30.0 
PROGRAMS ASSIGNED TO NODES (nID pID1 pID2 ...):
0 1 2 3 4 5 6 7 8 9 10 11 12 13 14 15 16 17 18 19 20  
9 1 2 3 4 6 7 8 9 10 11 12 13 14 15 16 17 18 19 20  
6 1 2 3 5 6 7 8 12 13 14 15 16 17 18 19 20  
14 1 2 3 5 6 7 8 9 10 11 12 13 14 16 17 18 19 20  
7 1 3 4 5 9 10 12 19  
5 8  
17 1 3 4 8 9 10 11 13 14 15 18 20  
16 4 5 6 7 8 10 11 12 13 14 15 16 19 20  
18 1 2 3 4 5 6 7 8 10 11 12 13 14 15 16 17 18 19 20  
1 1 2 3 4 5 6 7 8 9 11 12 13 14 15 16 17 19 20  
11 1 2 4 5 6 7 8 9 10 11 12 13 14 15 16 17 19 20  
13  
10 2 3 5 6 8 9 10 11 12 13 14 15 16 17 18 19 20  
19 1 5 6 8 10 11 12 15 16 18 19  
4 12  
12 1 3 6 7 8 10 13 14 19 20  
15 1 2 3 4 5 6 7 9 10 11 12 13 14 15 16 17 18 19 20  
3 3 4 6 10 11 14 15 19 20  
8 1 2 4 14 17 18 20  
2 1 2 4 7 8 10 11 14 15 19 20  
SIZE OF PROGRAMS (pID SIZE):
1 80.0 
2 79.0 
3 48.0 
4 95.0 
5 42.0 
6 62.0 
7 88.0 
8 43.0 
9 87.0 
10 66.0 
11 64.0 
12 58.0 
13 88.0 
14 93.0 
15 63.0 
16 76.0 
17 94.0 
18 67.0 
19 77.0 
20 87.0 
COST_INSTALL_SERVER_AND_PROGRAMS :
0 4067.3684210526317 1.6842105263157894 1.6631578947368422 1.0105263157894737 2.0 0.8842105263157894 1.305263157894737 1.8526315789473684 0.9052631578947369 1.831578947368421 1.3894736842105264 1.3473684210526315 1.2210526315789474 1.8526315789473684 1.9578947368421054 1.3263157894736841 1.6 1.9789473684210526 1.4105263157894736 1.6210526315789473 1.831578947368421  
9 68.58887206540055 1.6842105263157894 1.6631578947368422 1.0105263157894737 2.0 0.8842105263157894 1.305263157894737 1.8526315789473684 0.9052631578947369 1.831578947368421 1.3894736842105264 1.3473684210526315 1.2210526315789474 1.8526315789473684 1.9578947368421054 1.3263157894736841 1.6 1.9789473684210526 1.4105263157894736 1.6210526315789473 1.831578947368421  
6 148.37221841452217 2.526315789473684 2.4947368421052634 1.5157894736842106 3.0 1.3263157894736841 1.9578947368421054 2.778947368421053 1.3578947368421053 2.7473684210526317 2.0842105263157893 2.0210526315789474 1.831578947368421 2.778947368421053 2.9368421052631577 1.9894736842105263 2.4 2.968421052631579 2.1157894736842104 2.431578947368421 2.7473684210526317  
14 182.2048072456863 1.6842105263157894 1.6631578947368422 1.0105263157894737 2.0 0.8842105263157894 1.305263157894737 1.8526315789473684 0.9052631578947369 1.831578947368421 1.3894736842105264 1.3473684210526315 1.2210526315789474 1.8526315789473684 1.9578947368421054 1.3263157894736841 1.6 1.9789473684210526 1.4105263157894736 1.6210526315789473 1.831578947368421  
7 94.90262321329817 1.6842105263157894 1.6631578947368422 1.0105263157894737 2.0 0.8842105263157894 1.305263157894737 1.8526315789473684 0.9052631578947369 1.831578947368421 1.3894736842105264 1.3473684210526315 1.2210526315789474 1.8526315789473684 1.9578947368421054 1.3263157894736841 1.6 1.9789473684210526 1.4105263157894736 1.6210526315789473 1.831578947368421  
5 186.8753246818834 1.6842105263157894 1.6631578947368422 1.0105263157894737 2.0 0.8842105263157894 1.305263157894737 1.8526315789473684 0.9052631578947369 1.831578947368421 1.3894736842105264 1.3473684210526315 1.2210526315789474 1.8526315789473684 1.9578947368421054 1.3263157894736841 1.6 1.9789473684210526 1.4105263157894736 1.6210526315789473 1.831578947368421  
17 193.94211237330666 1.6842105263157894 1.6631578947368422 1.0105263157894737 2.0 0.8842105263157894 1.305263157894737 1.8526315789473684 0.9052631578947369 1.831578947368421 1.3894736842105264 1.3473684210526315 1.2210526315789474 1.8526315789473684 1.9578947368421054 1.3263157894736841 1.6 1.9789473684210526 1.4105263157894736 1.6210526315789473 1.831578947368421  
16 96.5677303361363 2.526315789473684 2.4947368421052634 1.5157894736842106 3.0 1.3263157894736841 1.9578947368421054 2.778947368421053 1.3578947368421053 2.7473684210526317 2.0842105263157893 2.0210526315789474 1.831578947368421 2.778947368421053 2.9368421052631577 1.9894736842105263 2.4 2.968421052631579 2.1157894736842104 2.431578947368421 2.7473684210526317  
18 257.50041596530474 1.6842105263157894 1.6631578947368422 1.0105263157894737 2.0 0.8842105263157894 1.305263157894737 1.8526315789473684 0.9052631578947369 1.831578947368421 1.3894736842105264 1.3473684210526315 1.2210526315789474 1.8526315789473684 1.9578947368421054 1.3263157894736841 1.6 1.9789473684210526 1.4105263157894736 1.6210526315789473 1.831578947368421  
1 11.905746644854073 2.526315789473684 2.4947368421052634 1.5157894736842106 3.0 1.3263157894736841 1.9578947368421054 2.778947368421053 1.3578947368421053 2.7473684210526317 2.0842105263157893 2.0210526315789474 1.831578947368421 2.778947368421053 2.9368421052631577 1.9894736842105263 2.4 2.968421052631579 2.1157894736842104 2.431578947368421 2.7473684210526317  
11 92.73609025189533 1.6842105263157894 1.6631578947368422 1.0105263157894737 2.0 0.8842105263157894 1.305263157894737 1.8526315789473684 0.9052631578947369 1.831578947368421 1.3894736842105264 1.3473684210526315 1.2210526315789474 1.8526315789473684 1.9578947368421054 1.3263157894736841 1.6 1.9789473684210526 1.4105263157894736 1.6210526315789473 1.831578947368421  
13 214.54236332484922 2.526315789473684 2.4947368421052634 1.5157894736842106 3.0 1.3263157894736841 1.9578947368421054 2.778947368421053 1.3578947368421053 2.7473684210526317 2.0842105263157893 2.0210526315789474 1.831578947368421 2.778947368421053 2.9368421052631577 1.9894736842105263 2.4 2.968421052631579 2.1157894736842104 2.431578947368421 2.7473684210526317  
10 55.44356776472359 1.6842105263157894 1.6631578947368422 1.0105263157894737 2.0 0.8842105263157894 1.305263157894737 1.8526315789473684 0.9052631578947369 1.831578947368421 1.3894736842105264 1.3473684210526315 1.2210526315789474 1.8526315789473684 1.9578947368421054 1.3263157894736841 1.6 1.9789473684210526 1.4105263157894736 1.6210526315789473 1.831578947368421  
19 13.38299452884346 1.6842105263157894 1.6631578947368422 1.0105263157894737 2.0 0.8842105263157894 1.305263157894737 1.8526315789473684 0.9052631578947369 1.831578947368421 1.3894736842105264 1.3473684210526315 1.2210526315789474 1.8526315789473684 1.9578947368421054 1.3263157894736841 1.6 1.9789473684210526 1.4105263157894736 1.6210526315789473 1.831578947368421  
4 90.84703903601653 1.6842105263157894 1.6631578947368422 1.0105263157894737 2.0 0.8842105263157894 1.305263157894737 1.8526315789473684 0.9052631578947369 1.831578947368421 1.3894736842105264 1.3473684210526315 1.2210526315789474 1.8526315789473684 1.9578947368421054 1.3263157894736841 1.6 1.9789473684210526 1.4105263157894736 1.6210526315789473 1.831578947368421  
12 68.52072389104296 1.6842105263157894 1.6631578947368422 1.0105263157894737 2.0 0.8842105263157894 1.305263157894737 1.8526315789473684 0.9052631578947369 1.831578947368421 1.3894736842105264 1.3473684210526315 1.2210526315789474 1.8526315789473684 1.9578947368421054 1.3263157894736841 1.6 1.9789473684210526 1.4105263157894736 1.6210526315789473 1.831578947368421  
15 113.20689642846938 2.526315789473684 2.4947368421052634 1.5157894736842106 3.0 1.3263157894736841 1.9578947368421054 2.778947368421053 1.3578947368421053 2.7473684210526317 2.0842105263157893 2.0210526315789474 1.831578947368421 2.778947368421053 2.9368421052631577 1.9894736842105263 2.4 2.968421052631579 2.1157894736842104 2.431578947368421 2.7473684210526317  
3 37.260735791235085 1.6842105263157894 1.6631578947368422 1.0105263157894737 2.0 0.8842105263157894 1.305263157894737 1.8526315789473684 0.9052631578947369 1.831578947368421 1.3894736842105264 1.3473684210526315 1.2210526315789474 1.8526315789473684 1.9578947368421054 1.3263157894736841 1.6 1.9789473684210526 1.4105263157894736 1.6210526315789473 1.831578947368421  
8 35.99009776850807 1.6842105263157894 1.6631578947368422 1.0105263157894737 2.0 0.8842105263157894 1.305263157894737 1.8526315789473684 0.9052631578947369 1.831578947368421 1.3894736842105264 1.3473684210526315 1.2210526315789474 1.8526315789473684 1.9578947368421054 1.3263157894736841 1.6 1.9789473684210526 1.4105263157894736 1.6210526315789473 1.831578947368421  
2 55.131075382949874 2.526315789473684 2.4947368421052634 1.5157894736842106 3.0 1.3263157894736841 1.9578947368421054 2.778947368421053 1.3578947368421053 2.7473684210526317 2.0842105263157893 2.0210526315789474 1.831578947368421 2.778947368421053 2.9368421052631577 1.9894736842105263 2.4 2.968421052631579 2.1157894736842104 2.431578947368421 2.7473684210526317  
