20 10
TREE NETWORK (nID nID Weight):
1 0 34.0 
4 0 35.0 
7 0 41.0 
8 7 50.0 
19 0 35.0 
5 4 58.0 
9 8 30.0 
13 8 48.0 
6 5 59.0 
2 1 48.0 
3 2 46.0 
14 7 56.0 
15 7 57.0 
18 7 52.0 
16 15 32.0 
10 9 58.0 
12 9 36.0 
11 10 30.0 
17 16 48.0 
PROGRAMS ASSIGNED TO NODES (nID pID1 pID2 ...):
0 1 2 3 4 5 6 7 8 9 10  
7 1 3 8 9 10  
10 3 5 6 10  
12 3 4 7 8  
16 2 10  
6 6 8 10  
14 1 4 5 7 8  
15 1 3 8 9  
5 1 2 3 4 5 7 8 9 10  
2 1 3 4 5 6 7 8  
13 1 2 3 4 6 7 8  
19 1 2  
18 1 2 3 4 5 6 7 9 10  
8 2 3 4 5 6 8 10  
4 5 9  
11  
1 1 2 4 6 7 8 10  
3  
17 2 9  
9 8  
SIZE OF PROGRAMS (pID SIZE):
1 87.0 
2 85.0 
3 66.0 
4 75.0 
5 92.0 
6 54.0 
7 63.0 
8 83.0 
9 47.0 
10 60.0 
COST_INSTALL_SERVER_AND_PROGRAMS :
0 3321.7391304347825 2.8369565217391304 2.7717391304347827 2.152173913043478 2.4456521739130435 3.0 1.7608695652173914 2.0543478260869565 2.7065217391304346 1.5326086956521738 1.9565217391304348  
7 23.27740515778446 1.891304347826087 1.8478260869565217 1.434782608695652 1.6304347826086956 2.0 1.173913043478261 1.3695652173913044 1.8043478260869565 1.0217391304347827 1.3043478260869565  
10 34.54302341454935 1.891304347826087 1.8478260869565217 1.434782608695652 1.6304347826086956 2.0 1.173913043478261 1.3695652173913044 1.8043478260869565 1.0217391304347827 1.3043478260869565  
12 39.54094230407034 1.891304347826087 1.8478260869565217 1.434782608695652 1.6304347826086956 2.0 1.173913043478261 1.3695652173913044 1.8043478260869565 1.0217391304347827 1.3043478260869565  
16 13.575059117527248 2.8369565217391304 2.7717391304347827 2.152173913043478 2.4456521739130435 3.0 1.7608695652173914 2.0543478260869565 2.7065217391304346 1.5326086956521738 1.9565217391304348  
6 3.836226723023319 2.8369565217391304 2.7717391304347827 2.152173913043478 2.4456521739130435 3.0 1.7608695652173914 2.0543478260869565 2.7065217391304346 1.5326086956521738 1.9565217391304348  
14 7.6692350017876105 2.8369565217391304 2.7717391304347827 2.152173913043478 2.4456521739130435 3.0 1.7608695652173914 2.0543478260869565 2.7065217391304346 1.5326086956521738 1.9565217391304348  
15 16.91116107689827 1.891304347826087 1.8478260869565217 1.434782608695652 1.6304347826086956 2.0 1.173913043478261 1.3695652173913044 1.8043478260869565 1.0217391304347827 1.3043478260869565  
5 31.425648732216786 1.891304347826087 1.8478260869565217 1.434782608695652 1.6304347826086956 2.0 1.173913043478261 1.3695652173913044 1.8043478260869565 1.0217391304347827 1.3043478260869565  
2 29.282563194176625 1.891304347826087 1.8478260869565217 1.434782608695652 1.6304347826086956 2.0 1.173913043478261 1.3695652173913044 1.8043478260869565 1.0217391304347827 1.3043478260869565  
13 21.00326322448711 1.891304347826087 1.8478260869565217 1.434782608695652 1.6304347826086956 2.0 1.173913043478261 1.3695652173913044 1.8043478260869565 1.0217391304347827 1.3043478260869565  
19 2.743155856573681 2.8369565217391304 2.7717391304347827 2.152173913043478 2.4456521739130435 3.0 1.7608695652173914 2.0543478260869565 2.7065217391304346 1.5326086956521738 1.9565217391304348  
18 28.919532404795497 1.891304347826087 1.8478260869565217 1.434782608695652 1.6304347826086956 2.0 1.173913043478261 1.3695652173913044 1.8043478260869565 1.0217391304347827 1.3043478260869565  
8 23.693147497983386 2.8369565217391304 2.7717391304347827 2.152173913043478 2.4456521739130435 3.0 1.7608695652173914 2.0543478260869565 2.7065217391304346 1.5326086956521738 1.9565217391304348  
4 20.437019898730743 2.8369565217391304 2.7717391304347827 2.152173913043478 2.4456521739130435 3.0 1.7608695652173914 2.0543478260869565 2.7065217391304346 1.5326086956521738 1.9565217391304348  
11 1042.0 1.891304347826087 1.8478260869565217 1.434782608695652 1.6304347826086956 2.0 1.173913043478261 1.3695652173913044 1.8043478260869565 1.0217391304347827 1.3043478260869565  
1 2.6039874746155895 2.8369565217391304 2.7717391304347827 2.152173913043478 2.4456521739130435 3.0 1.7608695652173914 2.0543478260869565 2.7065217391304346 1.5326086956521738 1.9565217391304348  
3 973.0 2.8369565217391304 2.7717391304347827 2.152173913043478 2.4456521739130435 3.0 1.7608695652173914 2.0543478260869565 2.7065217391304346 1.5326086956521738 1.9565217391304348  
17 7.796332870208204 2.8369565217391304 2.7717391304347827 2.152173913043478 2.4456521739130435 3.0 1.7608695652173914 2.0543478260869565 2.7065217391304346 1.5326086956521738 1.9565217391304348  
9 19.912951954101498 1.891304347826087 1.8478260869565217 1.434782608695652 1.6304347826086956 2.0 1.173913043478261 1.3695652173913044 1.8043478260869565 1.0217391304347827 1.3043478260869565  
