20 30
TREE NETWORK (nID nID Weight):
1 0 45.0 
2 1 56.0 
3 2 49.0 
9 0 41.0 
10 9 33.0 
13 0 56.0 
17 0 52.0 
14 13 36.0 
4 1 48.0 
5 1 37.0 
15 14 59.0 
16 14 37.0 
6 1 32.0 
8 1 56.0 
11 10 38.0 
18 17 56.0 
7 6 42.0 
19 18 36.0 
12 11 30.0 
PROGRAMS ASSIGNED TO NODES (nID pID1 pID2 ...):
0 1 2 3 4 5 6 7 8 9 10 11 12 13 14 15 16 17 18 19 20 21 22 23 24 25 26 27 28 29 30  
14 2 3 4 5 7 8 10 11 12 14 15 16 18 19 20 21 22 25 27 30  
17 1 4 5 7 8 9 11 12 13 14 15 16 18 19 20 21 22 23 24 26 27 28 29  
19 6 17 19 22 26  
7 1 2 3 4 6 10 12 14 15 18 20 21 22 23 24 26 28 29 30  
10 2 3 9 13 14 16 18 20 26 27  
2 2 3 4 5 6 7 8 9 13 15 16 18 19 20 21 22 23 25 29  
5 1 2 3 4 5 7 8 10 14 19 21 24 26 27 29 30  
1 17 27  
6 2 3 4 6 7 9 11 12 14 15 19 22 23 25 27 28 29  
13 6 7 8 9 12 14 17 21 24 25 26 27 29 30  
3 1 2 6 8 9 12 14 15 18 19 20 21 25 27 29  
18 7 13 15 19 23 24 29  
12 1 6 8 9 10 12 13 17 18 19 21 26  
11  
15 2 3 5 6 8 14 15 19 25 29 30  
16 1 2 3 4 5 6 7 8 10 11 13 14 16 17 18 19 20 21 22 23 24 25 26 27 28 29 30  
9 1 3 5 6 8 9 10 11 12 13 15 16 18 20 21 22 23 24 25 27 29 30  
8 7 10 23 25 26  
4 7 8  
SIZE OF PROGRAMS (pID SIZE):
1 77.0 
2 89.0 
3 65.0 
4 80.0 
5 86.0 
6 51.0 
7 60.0 
8 49.0 
9 58.0 
10 90.0 
11 78.0 
12 61.0 
13 41.0 
14 70.0 
15 44.0 
16 64.0 
17 64.0 
18 51.0 
19 48.0 
20 85.0 
21 48.0 
22 55.0 
23 79.0 
24 60.0 
25 90.0 
26 54.0 
27 45.0 
28 66.0 
29 46.0 
30 91.0 
COST_INSTALL_SERVER_AND_PROGRAMS :
0 7412.087912087913 2.5384615384615383 2.934065934065934 2.142857142857143 2.6373626373626373 2.8351648351648353 1.6813186813186813 1.978021978021978 1.6153846153846154 1.9120879120879122 2.967032967032967 2.5714285714285716 2.010989010989011 1.3516483516483517 2.3076923076923075 1.4505494505494505 2.10989010989011 2.10989010989011 1.6813186813186813 1.5824175824175823 2.802197802197802 1.5824175824175823 1.8131868131868132 2.6043956043956045 1.978021978021978 2.967032967032967 1.7802197802197801 1.4835164835164836 2.1758241758241756 1.5164835164835164 3.0  
14 72.08898655100889 1.6923076923076923 1.956043956043956 1.4285714285714286 1.7582417582417582 1.89010989010989 1.120879120879121 1.3186813186813187 1.0769230769230769 1.2747252747252746 1.978021978021978 1.7142857142857142 1.3406593406593406 0.9010989010989011 1.5384615384615385 0.967032967032967 1.4065934065934067 1.4065934065934067 1.120879120879121 1.054945054945055 1.8681318681318682 1.054945054945055 1.2087912087912087 1.7362637362637363 1.3186813186813187 1.978021978021978 1.1868131868131868 0.989010989010989 1.4505494505494505 1.010989010989011 2.0  
17 27.414371951187825 1.6923076923076923 1.956043956043956 1.4285714285714286 1.7582417582417582 1.89010989010989 1.120879120879121 1.3186813186813187 1.0769230769230769 1.2747252747252746 1.978021978021978 1.7142857142857142 1.3406593406593406 0.9010989010989011 1.5384615384615385 0.967032967032967 1.4065934065934067 1.4065934065934067 1.120879120879121 1.054945054945055 1.8681318681318682 1.054945054945055 1.2087912087912087 1.7362637362637363 1.3186813186813187 1.978021978021978 1.1868131868131868 0.989010989010989 1.4505494505494505 1.010989010989011 2.0  
19 22.385428617364536 1.6923076923076923 1.956043956043956 1.4285714285714286 1.7582417582417582 1.89010989010989 1.120879120879121 1.3186813186813187 1.0769230769230769 1.2747252747252746 1.978021978021978 1.7142857142857142 1.3406593406593406 0.9010989010989011 1.5384615384615385 0.967032967032967 1.4065934065934067 1.4065934065934067 1.120879120879121 1.054945054945055 1.8681318681318682 1.054945054945055 1.2087912087912087 1.7362637362637363 1.3186813186813187 1.978021978021978 1.1868131868131868 0.989010989010989 1.4505494505494505 1.010989010989011 2.0  
7 68.42842839498917 2.5384615384615383 2.934065934065934 2.142857142857143 2.6373626373626373 2.8351648351648353 1.6813186813186813 1.978021978021978 1.6153846153846154 1.9120879120879122 2.967032967032967 2.5714285714285716 2.010989010989011 1.3516483516483517 2.3076923076923075 1.4505494505494505 2.10989010989011 2.10989010989011 1.6813186813186813 1.5824175824175823 2.802197802197802 1.5824175824175823 1.8131868131868132 2.6043956043956045 1.978021978021978 2.967032967032967 1.7802197802197801 1.4835164835164836 2.1758241758241756 1.5164835164835164 3.0  
10 43.811434739332086 1.6923076923076923 1.956043956043956 1.4285714285714286 1.7582417582417582 1.89010989010989 1.120879120879121 1.3186813186813187 1.0769230769230769 1.2747252747252746 1.978021978021978 1.7142857142857142 1.3406593406593406 0.9010989010989011 1.5384615384615385 0.967032967032967 1.4065934065934067 1.4065934065934067 1.120879120879121 1.054945054945055 1.8681318681318682 1.054945054945055 1.2087912087912087 1.7362637362637363 1.3186813186813187 1.978021978021978 1.1868131868131868 0.989010989010989 1.4505494505494505 1.010989010989011 2.0  
2 33.890538634526806 2.5384615384615383 2.934065934065934 2.142857142857143 2.6373626373626373 2.8351648351648353 1.6813186813186813 1.978021978021978 1.6153846153846154 1.9120879120879122 2.967032967032967 2.5714285714285716 2.010989010989011 1.3516483516483517 2.3076923076923075 1.4505494505494505 2.10989010989011 2.10989010989011 1.6813186813186813 1.5824175824175823 2.802197802197802 1.5824175824175823 1.8131868131868132 2.6043956043956045 1.978021978021978 2.967032967032967 1.7802197802197801 1.4835164835164836 2.1758241758241756 1.5164835164835164 3.0  
5 31.331872166299185 2.5384615384615383 2.934065934065934 2.142857142857143 2.6373626373626373 2.8351648351648353 1.6813186813186813 1.978021978021978 1.6153846153846154 1.9120879120879122 2.967032967032967 2.5714285714285716 2.010989010989011 1.3516483516483517 2.3076923076923075 1.4505494505494505 2.10989010989011 2.10989010989011 1.6813186813186813 1.5824175824175823 2.802197802197802 1.5824175824175823 1.8131868131868132 2.6043956043956045 1.978021978021978 2.967032967032967 1.7802197802197801 1.4835164835164836 2.1758241758241756 1.5164835164835164 3.0  
1 10.593159470572115 2.5384615384615383 2.934065934065934 2.142857142857143 2.6373626373626373 2.8351648351648353 1.6813186813186813 1.978021978021978 1.6153846153846154 1.9120879120879122 2.967032967032967 2.5714285714285716 2.010989010989011 1.3516483516483517 2.3076923076923075 1.4505494505494505 2.10989010989011 2.10989010989011 1.6813186813186813 1.5824175824175823 2.802197802197802 1.5824175824175823 1.8131868131868132 2.6043956043956045 1.978021978021978 2.967032967032967 1.7802197802197801 1.4835164835164836 2.1758241758241756 1.5164835164835164 3.0  
6 65.45472230899856 1.6923076923076923 1.956043956043956 1.4285714285714286 1.7582417582417582 1.89010989010989 1.120879120879121 1.3186813186813187 1.0769230769230769 1.2747252747252746 1.978021978021978 1.7142857142857142 1.3406593406593406 0.9010989010989011 1.5384615384615385 0.967032967032967 1.4065934065934067 1.4065934065934067 1.120879120879121 1.054945054945055 1.8681318681318682 1.054945054945055 1.2087912087912087 1.7362637362637363 1.3186813186813187 1.978021978021978 1.1868131868131868 0.989010989010989 1.4505494505494505 1.010989010989011 2.0  
13 8.728433702060507 1.6923076923076923 1.956043956043956 1.4285714285714286 1.7582417582417582 1.89010989010989 1.120879120879121 1.3186813186813187 1.0769230769230769 1.2747252747252746 1.978021978021978 1.7142857142857142 1.3406593406593406 0.9010989010989011 1.5384615384615385 0.967032967032967 1.4065934065934067 1.4065934065934067 1.120879120879121 1.054945054945055 1.8681318681318682 1.054945054945055 1.2087912087912087 1.7362637362637363 1.3186813186813187 1.978021978021978 1.1868131868131868 0.989010989010989 1.4505494505494505 1.010989010989011 2.0  
3 63.20925566086969 1.6923076923076923 1.956043956043956 1.4285714285714286 1.7582417582417582 1.89010989010989 1.120879120879121 1.3186813186813187 1.0769230769230769 1.2747252747252746 1.978021978021978 1.7142857142857142 1.3406593406593406 0.9010989010989011 1.5384615384615385 0.967032967032967 1.4065934065934067 1.4065934065934067 1.120879120879121 1.054945054945055 1.8681318681318682 1.054945054945055 1.2087912087912087 1.7362637362637363 1.3186813186813187 1.978021978021978 1.1868131868131868 0.989010989010989 1.4505494505494505 1.010989010989011 2.0  
18 7.592622178226968 1.6923076923076923 1.956043956043956 1.4285714285714286 1.7582417582417582 1.89010989010989 1.120879120879121 1.3186813186813187 1.0769230769230769 1.2747252747252746 1.978021978021978 1.7142857142857142 1.3406593406593406 0.9010989010989011 1.5384615384615385 0.967032967032967 1.4065934065934067 1.4065934065934067 1.120879120879121 1.054945054945055 1.8681318681318682 1.054945054945055 1.2087912087912087 1.7362637362637363 1.3186813186813187 1.978021978021978 1.1868131868131868 0.989010989010989 1.4505494505494505 1.010989010989011 2.0  
12 88.57571522369739 2.5384615384615383 2.934065934065934 2.142857142857143 2.6373626373626373 2.8351648351648353 1.6813186813186813 1.978021978021978 1.6153846153846154 1.9120879120879122 2.967032967032967 2.5714285714285716 2.010989010989011 1.3516483516483517 2.3076923076923075 1.4505494505494505 2.10989010989011 2.10989010989011 1.6813186813186813 1.5824175824175823 2.802197802197802 1.5824175824175823 1.8131868131868132 2.6043956043956045 1.978021978021978 2.967032967032967 1.7802197802197801 1.4835164835164836 2.1758241758241756 1.5164835164835164 3.0  
11 64.80353522746569 2.5384615384615383 2.934065934065934 2.142857142857143 2.6373626373626373 2.8351648351648353 1.6813186813186813 1.978021978021978 1.6153846153846154 1.9120879120879122 2.967032967032967 2.5714285714285716 2.010989010989011 1.3516483516483517 2.3076923076923075 1.4505494505494505 2.10989010989011 2.10989010989011 1.6813186813186813 1.5824175824175823 2.802197802197802 1.5824175824175823 1.8131868131868132 2.6043956043956045 1.978021978021978 2.967032967032967 1.7802197802197801 1.4835164835164836 2.1758241758241756 1.5164835164835164 3.0  
15 32.04189720089859 2.5384615384615383 2.934065934065934 2.142857142857143 2.6373626373626373 2.8351648351648353 1.6813186813186813 1.978021978021978 1.6153846153846154 1.9120879120879122 2.967032967032967 2.5714285714285716 2.010989010989011 1.3516483516483517 2.3076923076923075 1.4505494505494505 2.10989010989011 2.10989010989011 1.6813186813186813 1.5824175824175823 2.802197802197802 1.5824175824175823 1.8131868131868132 2.6043956043956045 1.978021978021978 2.967032967032967 1.7802197802197801 1.4835164835164836 2.1758241758241756 1.5164835164835164 3.0  
16 98.02775715227598 1.6923076923076923 1.956043956043956 1.4285714285714286 1.7582417582417582 1.89010989010989 1.120879120879121 1.3186813186813187 1.0769230769230769 1.2747252747252746 1.978021978021978 1.7142857142857142 1.3406593406593406 0.9010989010989011 1.5384615384615385 0.967032967032967 1.4065934065934067 1.4065934065934067 1.120879120879121 1.054945054945055 1.8681318681318682 1.054945054945055 1.2087912087912087 1.7362637362637363 1.3186813186813187 1.978021978021978 1.1868131868131868 0.989010989010989 1.4505494505494505 1.010989010989011 2.0  
9 30.347819325823874 1.6923076923076923 1.956043956043956 1.4285714285714286 1.7582417582417582 1.89010989010989 1.120879120879121 1.3186813186813187 1.0769230769230769 1.2747252747252746 1.978021978021978 1.7142857142857142 1.3406593406593406 0.9010989010989011 1.5384615384615385 0.967032967032967 1.4065934065934067 1.4065934065934067 1.120879120879121 1.054945054945055 1.8681318681318682 1.054945054945055 1.2087912087912087 1.7362637362637363 1.3186813186813187 1.978021978021978 1.1868131868131868 0.989010989010989 1.4505494505494505 1.010989010989011 2.0  
8 116.0 2.5384615384615383 2.934065934065934 2.142857142857143 2.6373626373626373 2.8351648351648353 1.6813186813186813 1.978021978021978 1.6153846153846154 1.9120879120879122 2.967032967032967 2.5714285714285716 2.010989010989011 1.3516483516483517 2.3076923076923075 1.4505494505494505 2.10989010989011 2.10989010989011 1.6813186813186813 1.5824175824175823 2.802197802197802 1.5824175824175823 1.8131868131868132 2.6043956043956045 1.978021978021978 2.967032967032967 1.7802197802197801 1.4835164835164836 2.1758241758241756 1.5164835164835164 3.0  
4 3.9229959697006276 2.5384615384615383 2.934065934065934 2.142857142857143 2.6373626373626373 2.8351648351648353 1.6813186813186813 1.978021978021978 1.6153846153846154 1.9120879120879122 2.967032967032967 2.5714285714285716 2.010989010989011 1.3516483516483517 2.3076923076923075 1.4505494505494505 2.10989010989011 2.10989010989011 1.6813186813186813 1.5824175824175823 2.802197802197802 1.5824175824175823 1.8131868131868132 2.6043956043956045 1.978021978021978 2.967032967032967 1.7802197802197801 1.4835164835164836 2.1758241758241756 1.5164835164835164 3.0  
