50 10
NETWORK_TREE :
18 0 8
15 0 9
39 18 9
45 39 10
32 18 2
31 45 2
10 15 4
6 15 10
25 32 6
48 6 4
16 31 9
21 18 4
38 6 6
14 45 1
42 25 1
27 45 8
3 48 8
22 32 6
46 42 5
40 3 3
37 18 1
1 10 8
43 16 4
17 3 3
26 3 6
36 42 3
12 38 1
35 16 2
34 36 10
11 31 5
41 32 5
44 12 5
29 21 4
2 3 10
49 14 9
7 1 1
19 15 5
5 19 2
33 6 9
30 37 6
9 5 9
28 49 5
4 31 7
13 37 10
20 3 2
24 31 3
23 15 3
47 38 1
8 32 6
NODE_PROGRAM :
0 1 2 3 4 5 6 7 8 9 10
2 10
3 2 3 4 5 6 7 8 9 10
4 2 3 4 5 6 8 10
5 2 4 8 10
6 2 3 5 8
7 1 4 5 6 10
8 3 4 5 7 9 10
9 1 2 4 5 7 8 10
10 1 2 3 5 8 9
11 1 4 5 6 7 10
12 1 2 3 4 5 6 7 9 10
14 2 3 4 5 7 9
15 5 7 9 10
16 1 2 4 5 6 7 9
17 2 3 4 5 6 7 8 10
18 4
19 1 3 5 6 8 9 10
20 1 4 6 7 8 9 10
22 3 4 7
23 3 4 5 6 9 10
24 1 3 4 5 6 7 9 10
25 1 8 10
26 2 4 5 6 7 10
28 4 10
30 2 3 4 7 8 9
31 6 10
32 3 6 8
33 2 3 6 7 8 10
36 1 10
37 1 3 4 5 6 10
38 3 7
39 3 5 9
40 1 2 3 4 5 6 7 8 10
41 2 5 6 7 9
42 1 3 6 9
43 1 4 10
44 1 3 4 6 7 8 9 10
45 1 9 10
46 1 3 4 5 8 9
47 1
48 1 3 4 5 6 7 8 9 10
49 2 3 5 6 7 8 9 10
COST_INSTALL_SERVER_AND_PROGRAMS :
0 11 3 5 3 2 1 2 5 5 3 4
1 12 5 3 3 4 5 2 3 4 3 4
2 9 4 4 5 1 3 1 1 1 2 3
3 12 3 1 2 1 4 4 4 4 4 2
4 12 1 2 5 4 3 1 4 5 2 1
5 6 3 5 2 3 1 3 5 3 1 4
6 15 2 5 5 1 4 3 3 1 1 4
7 9 3 2 3 1 3 3 5 5 3 2
8 13 5 5 2 4 1 1 2 5 3 3
9 14 5 3 4 5 1 1 5 4 1 4
10 12 1 1 2 4 5 1 3 3 3 5
11 9 3 1 4 2 3 4 3 4 1 1
12 6 4 2 1 3 2 2 4 5 5 4
13 13 4 2 2 3 3 3 1 1 3 1
14 9 4 1 5 3 1 1 5 4 2 5
15 10 1 5 5 3 2 4 2 4 3 5
16 7 3 2 2 2 5 3 2 3 3 5
17 13 3 5 3 3 3 3 4 2 1 4
18 14 4 2 5 2 4 3 4 1 2 4
19 15 1 1 3 5 5 5 3 3 2 3
20 6 3 5 5 3 3 1 3 5 3 5
21 12 5 2 1 3 4 4 2 4 3 3
22 14 3 3 5 4 4 3 5 2 2 1
23 9 3 1 3 5 3 3 5 5 2 5
24 8 4 3 4 4 3 2 3 4 4 5
25 10 3 2 5 4 4 1 2 4 2 5
26 12 5 5 2 4 4 3 2 2 2 4
27 12 1 5 4 3 2 4 4 1 3 5
28 12 4 2 2 2 2 2 1 3 1 4
29 11 1 4 2 5 5 4 5 2 2 1
30 9 1 5 1 2 2 3 3 4 3 5
31 6 2 5 4 4 4 4 5 4 3 5
32 14 5 4 3 3 2 5 4 5 2 5
33 11 1 4 4 2 5 5 4 2 1 2
34 7 4 5 1 4 5 5 5 4 5 5
35 14 3 4 5 4 1 5 5 4 3 1
36 11 2 4 3 3 4 4 5 3 5 1
37 14 1 1 5 2 3 2 4 3 5 5
38 13 3 5 4 5 5 2 4 2 3 3
39 11 3 3 3 3 5 1 4 1 1 5
40 12 1 3 4 1 2 3 5 3 3 1
41 9 5 2 3 5 1 2 4 4 4 1
42 12 3 5 5 3 3 5 1 2 3 4
43 14 4 4 4 3 2 5 4 4 5 1
44 13 4 1 4 2 4 3 3 1 4 3
45 14 2 2 5 2 3 4 1 2 1 2
46 12 2 5 2 4 2 5 3 3 4 5
47 9 4 2 3 2 2 3 5 1 4 5
48 11 4 5 5 5 3 2 2 2 1 3
49 8 3 2 4 5 3 1 4 5 5 2
