50 100
NETWORK_TREE :
27 0 5
18 0 1
1 18 4
32 27 3
21 18 1
48 0 9
20 21 2
2 21 10
8 20 8
30 48 8
6 0 7
19 20 5
22 1 6
17 27 1
40 27 5
13 1 6
11 22 10
49 6 3
33 22 5
7 11 3
39 17 4
5 6 4
46 39 4
23 19 1
24 22 10
31 49 4
25 18 2
44 8 3
45 30 4
15 46 3
35 31 4
9 32 5
16 39 2
4 33 1
43 11 7
29 4 9
3 5 5
34 17 7
36 18 5
10 36 6
38 29 7
37 8 8
47 1 6
28 29 6
42 45 7
26 43 2
14 20 5
41 10 3
12 32 10
NODE_PROGRAM :
0 1 2 3 4 5 6 7 8 9 10 11 12 13 14 15 16 17 18 19 20 21 22 23 24 25 26 27 28 29 30 31 32 33 34 35 36 37 38 39 40 41 42 43 44 45 46 47 48 49 50 51 52 53 54 55 56 57 58 59 60 61 62 63 64 65 66 67 68 69 70 71 72 73 74 75 76 77 78 79 80 81 82 83 84 85 86 87 88 89 90 91 92 93 94 95 96 97 98 99 100
1 1 2 3 5 6 8 9 10 11 13 15 16 17 18 19 20 21 22 23 24 26 27 28 29 30 32 33 34 35 36 37 39 40 41 42 43 45 46 47 48 49 50 51 53 54 55 56 57 58 59 60 61 62 64 66 67 68 70 71 72 73 74 75 76 78 79 80 81 82 83 85 87 88 90 91 92 93 94 96 98 99
2 1 6 70 71 7 8 73 74 10 75 11 13 78 80 81 17 18 83 87 88 26 91 92 28 93 96 97 33 42 43 44 46 48 49 50 53 56 57 60 61 62
3 1 2 3 4 5 6 8 9 10 11 12 13 14 16 17 18 19 20 21 22 23 24 25 26 27 28 29 30 31 32 33 34 35 36 38 40 42 43 44 45 46 47 48 49 50 51 53 54 55 57 58 59 61 62 63 64 65 66 67 68 72 73 74 75 76 78 79 80 81 83 84 85 86 87 89 90 91 92 95 96 97 98 100
4 1 66 2 3 67 68 5 72 73 75 12 76 77 15 80 82 18 19 83 21 86 87 27 93 94 31 96 98 99 36 41 42 43 52 56 59 61 62
5 1 3 4 5 6 8 9 12 13 14 15 16 17 18 19 20 21 23 25 26 27 29 30 34 35 36 37 41 43 45 46 47 49 50 51 52 53 54 55 56 57 58 59 60 63 64 65 66 69 71 72 73 76 78 79 83 85 86 87 89 90 92 94 95 96 97 99 100
6 1 2 3 4 5 6 7 8 9 10 11 12 13 14 16 17 18 19 20 22 26 27 28 29 30 31 32 33 35 36 37 39 41 42 43 44 45 46 47 48 49 50 51 53 55 56 57 58 59 60 62 63 64 65 66 67 68 69 70 71 73 74 75 76 77 78 79 80 81 82 83 84 85 86 87 88 89 90 91 92 93 94 95 96 97 98 99 100
7 1 2 3 4 5 6 7 8 9 10 11 12 13 14 15 16 17 18 20 21 22 23 24 25 26 27 28 29 30 31 32 33 34 35 36 37 38 40 41 43 44 45 46 48 49 50 52 54 55 56 57 59 60 61 62 63 64 65 67 68 69 70 71 72 73 74 75 76 78 79 80 81 82 83 84 85 86 87 88 89 90 91 92 93 94 95 96 97 98 99 100
8 2 5 69 71 72 77 13 14 78 80 16 84 21 23 88 25 29 32 96 33 35 36 100 39 41 48 52 57 58 59 63
9 2 69 70 7 71 72 9 73 10 11 12 18 21 25 89 91 27 95 34 36 39 41 51 54 56 57 61 62
10 1 2 3 4 6 9 10 11 15 16 17 19 21 22 23 24 25 26 28 31 33 34 37 38 39 42 43 46 47 49 50 51 52 53 55 56 57 59 60 61 62 65 66 67 70 71 72 74 75 76 77 80 81 82 85 86 87 88 89 90 91 92 93 94 95 96 97 99 100
11 96 66
12 2 3 4 5 6 7 8 9 10 11 12 13 14 15 16 17 18 19 20 21 22 23 24 25 26 27 28 29 31 32 33 34 35 36 37 38 39 40 41 42 43 44 45 46 47 49 50 51 52 54 55 56 57 58 59 60 61 62 63 64 65 66 67 68 69 70 71 72 73 74 75 76 77 78 79 80 82 83 84 85 86 87 88 89 90 91 92 93 94 95 96 98 99 100
13 3 4 5 6 7 8 10 11 12 13 14 16 17 18 19 20 21 22 23 24 25 26 27 28 29 30 31 32 33 34 35 36 37 39 40 41 42 43 44 45 46 47 48 49 50 51 52 54 55 56 57 59 60 61 62 63 64 65 66 67 68 69 70 71 72 73 74 76 77 78 80 81 82 83 84 85 86 87 88 90 91 92 93 94 95 96 99 100
14 1 2 3 4 7 8 9 10 11 12 13 14 15 16 17 18 21 23 24 25 27 28 29 30 31 32 33 35 37 38 39 40 42 43 45 46 47 48 49 50 51 52 56 58 59 60 61 62 63 64 65 66 67 68 69 70 71 72 73 74 75 76 77 78 79 80 81 82 86 87 88 89 90 91 92 93 94 95 96 98 99 100
15 32 65 33 2 35 40 43 45 13 78 15 80 21 25 90 92 29 62 63
16 1 98 66 69 70 41 11 44 78 15 47 49 17 82 20 56 25 91 60 61 63
17 1 3 4 5 7 8 12 15 16 19 20 21 23 24 25 26 27 28 29 30 31 34 35 36 37 39 40 41 43 44 46 47 48 49 51 53 55 56 57 58 59 60 61 62 63 64 65 66 67 69 70 72 73 74 76 77 78 79 80 81 83 84 85 86 87 89 90 91 93 95 96 99
18 1 4 5 6 7 8 9 10 11 13 15 17 19 20 22 23 24 25 26 27 28 29 30 33 34 36 38 40 41 44 45 46 48 49 50 51 54 55 58 59 60 61 62 63 64 65 66 67 68 69 70 72 74 75 76 78 79 80 81 82 84 85 88 90 91 92 93 95 96 97 98 100
19 65 66 67 3 4 68 69 70 6 7 9 73 11 76 12 78 15 79 16 81 17 20 84 21 85 86 29 94 30 95 96 100 38 54 59 62 63
20 1 3 4 5 6 7 9 10 11 13 14 15 16 17 18 20 21 24 25 26 27 28 29 34 35 36 37 39 41 45 48 50 51 52 56 57 58 59 61 63 64 65 66 67 69 70 72 74 76 79 80 81 82 83 84 85 86 87 88 89 90 92 93 96 100
21 64 96 65 1 100 37 5 38 6 39 43 14 19 90 91 29 31 95
22 1 2 3 4 5 6 7 8 9 10 11 12 13 14 15 16 17 18 19 20 21 22 23 24 25 26 27 28 29 30 31 32 34 35 36 37 38 39 41 42 44 45 46 47 48 49 50 51 53 54 55 56 57 58 59 60 61 62 63 64 65 66 67 68 69 70 71 72 73 74 75 76 77 79 80 81 82 83 84 85 86 87 88 89 90 91 92 93 94 95 96 97 98 99 100
23 65 66 3 36 69 70 71 39 41 9 42 75 76 44 85 53 55 58 27 60 61
24 1 2 3 4 5 6 7 8 10 11 12 13 14 15 16 17 18 19 20 21 22 23 24 25 26 27 28 29 30 31 32 33 34 35 36 37 38 40 41 42 44 45 46 47 48 49 50 51 52 53 54 55 56 57 58 59 60 61 62 63 65 66 68 70 72 73 75 76 78 79 80 84 85 86 87 88 89 90 91 92 93 94 95 96 97 98 99 100
25 2 4 7 11 12 13 14 15 16 17 18 19 20 21 22 23 24 25 29 30 31 32 33 35 36 37 38 39 40 42 43 44 45 46 48 50 51 52 55 57 60 64 65 67 70 74 76 77 79 80 81 82 83 85 86 87 89 91 92 99 100
26 1 2 4 6 8 10 11 12 14 16 18 19 20 22 23 24 25 26 27 28 29 30 31 32 35 36 37 38 40 41 42 43 44 45 46 47 48 50 51 52 54 57 59 62 63 64 65 66 67 68 69 70 72 73 74 75 76 77 78 79 80 81 82 83 84 85 86 87 88 89 90 91 92 93 94 95 96 97 99 100
27 1 3 4 5 6 7 10 11 14 16 17 20 22 26 27 29 33 34 35 36 38 39 40 41 42 45 46 48 49 56 57 59 62 63 65 66 67 68 69 70 71 72 73 75 76 79 80 81 83 84 86 87 88 89 94 99
28 96 32
29 2 3 4 5 6 7 10 11 12 13 14 15 16 18 19 20 21 22 23 24 26 28 32 35 37 39 41 42 43 45 46 47 50 53 54 55 58 59 60 61 62 63 64 65 66 67 70 72 74 75 76 77 78 79 80 83 84 85 89 90 91 92 93 94 96 97 98 99 100
30 32 96 64 40 73 43 44 12 77 13 46 80 81 50 20 88 89 93
31 1 2 4 5 8 9 10 11 13 14 16 17 18 21 22 23 24 25 26 28 29 30 31 33 34 36 37 38 39 40 41 42 44 45 46 47 49 50 51 52 53 55 56 57 58 59 61 62 64 65 66 68 69 70 71 72 73 74 75 76 77 78 79 80 81 82 83 84 85 86 87 88 89 92 93 94 95 96 97 99 100
32 3 5 6 9 10 11 14 15 17 18 20 21 22 23 24 25 26 27 28 29 31 32 34 37 38 45 46 47 48 51 53 55 59 60 61 62 63 65 67 68 69 72 76 77 78 79 80 81 82 83 84 88 91 93 94 95 97 98 99
33 65 68 4 5 6 70 71 72 9 10 14 15 17 20 90 27 28 93 95 32 96 33 97 98 53 55 56 59 62 63
34 64 65 1 2 68 6 10 75 11 76 16 82 19 86 87 23 88 89 25 90 26 91 27 31 96 97 98 99 36 43 44 49 52 55 59 61 63
35 48 82 35 84 23 89 11 60 93
36 98 66 2 36 37 8 73 12 45 14 78 50 51 20 86 89 93 30
37 3 4 68 5 73 12 76 77 13 79 15 16 18 19 84 87 23 24 25 89 28 92 93 29 31 97 33 98 99 100 36 37 38 41 43 44 45 46 49 52 53 54 55 56
38 2 4 68 6 7 9 10 75 77 13 78 15 79 80 20 85 24 25 90 26 92 29 94 96 97 100 36 40 42 47 48 49 50 51 58 60
39 64 65 1 67 68 5 71 8 75 76 78 79 17 81 85 21 23 87 88 24 26 27 91 28 92 93 31 96 36 39 41 42 43 44 45 46 47 53 56 60 62
40 2 3 4 6 7 9 10 15 17 18 19 26 27 28 29 30 36 37 38 39 40 41 43 46 49 52 53 54 56 57 58 59 61 63 67 68 70 71 74 77 79 80 81 82 85 86 87 88 90 92 98 100
41 64 1 65 3 4 5 70 71 7 8 73 74 75 13 78 15 16 81 83 20 84 85 86 22 23 88 25 26 91 27 28 93 31 32 33 34 35 36 100 47 49 53 54 55 56 60 61
42 64 3 69 13 79 80 16 81 18 19 85 21 23 88 27 92 31 95 33 99 39 48 49 52 56 58
43 1 2 3 4 5 8 9 10 12 13 14 15 16 17 18 19 21 22 23 26 27 30 32 33 34 35 36 37 39 40 41 42 43 44 45 46 47 48 49 50 51 53 54 55 56 57 59 60 61 62 63 65 66 67 68 69 70 71 72 73 74 75 76 77 78 79 80 81 82 83 84 85 86 87 88 89 90 91 92 93 94 95 96 97 98 100
44 1 4 5 8 10 11 14 17 18 19 21 22 23 25 27 28 29 31 32 35 36 38 41 42 43 44 45 47 52 54 58 62 63 67 68 69 70 71 72 73 74 77 79 80 82 87 88 90 91 93 96 98 99 100
45 64 33 34 67 69 39 71 9 73 43 44 45 14 46 83 52 21 22 24 89 25 59 29 31
46 1 2 4 7 10 12 13 14 16 17 19 21 22 23 24 25 26 29 30 31 33 34 38 39 40 41 43 44 45 46 47 48 49 50 53 54 55 56 57 58 59 60 63 65 68 69 71 72 73 74 75 76 77 79 80 82 83 84 85 87 89 90 91 92 97 98 100
47 1 2 3 4 5 6 7 8 9 10 13 14 15 16 17 18 19 20 22 23 24 25 26 27 28 29 31 33 34 35 37 38 39 41 42 43 44 45 47 48 50 51 53 54 55 56 57 58 59 60 61 62 63 64 65 66 68 69 70 71 72 73 74 75 76 77 78 79 80 81 82 83 84 85 86 87 88 89 90 91 92 93 94 96 97 98 99
48 2 4 10 11 15 20 21 24 27 30 32 33 34 35 36 38 40 42 44 45 46 47 48 49 50 51 52 53 54 56 58 59 60 61 63 68 69 71 72 73 75 76 80 85 86 89 91 92 93 94 96 98 100
49 99 67 6 56 14 95
COST_INSTALL_SERVER_AND_PROGRAMS :
0 10 5 2 1 4 5 4 5 3 3 2 5 3 3 3 5 2 1 4 5 5 4 5 1 2 2 2 4 1 3 4 3 3 4 2 3 4 5 1 2 2 4 5 3 2 4 3 1 4 3 4 5 5 4 5 1 4 5 1 4 4 5 2 5 4 4 5 4 2 3 4 3 2 3 2 2 5 1 1 1 1 4 2 5 4 4 3 4 1 4 3 3 1 2 5 1 2 3 2 5 5
1 13 1 2 3 2 4 5 3 3 2 4 3 2 1 3 5 4 3 3 2 4 5 4 2 2 4 4 5 4 4 1 2 3 5 2 3 4 2 4 2 3 3 3 5 4 4 1 1 1 3 5 5 2 1 5 5 5 3 1 2 1 5 3 4 1 4 3 1 2 4 3 3 4 3 1 1 5 4 3 5 3 3 1 3 5 5 4 3 3 1 3 4 2 2 2 1 4 4 5 5 3
2 6 3 3 4 1 5 2 3 4 3 2 1 3 2 2 2 2 1 2 4 2 1 1 4 1 1 4 4 1 3 3 2 4 2 1 1 5 3 4 3 5 1 1 3 5 1 4 4 5 2 1 1 2 5 5 2 2 2 5 1 2 1 2 4 3 4 5 3 5 5 1 1 3 2 2 2 2 5 5 2 4 5 2 1 4 2 1 3 1 3 4 1 2 1 4 3 1 2 3 4 5
3 15 3 3 3 4 2 5 1 5 1 2 2 1 2 1 5 5 4 1 3 5 2 4 1 2 1 1 5 5 1 5 3 5 2 1 5 3 1 2 1 4 4 2 2 3 2 2 3 2 4 3 1 4 1 1 1 3 2 2 5 1 1 5 4 3 4 4 2 3 3 4 3 2 2 5 5 4 5 2 2 5 1 5 4 3 5 1 4 4 1 3 4 3 1 5 3 1 4 2 3 5
4 6 3 3 1 5 5 5 1 5 3 2 1 5 5 1 3 5 4 1 4 4 3 3 5 5 1 3 4 3 5 5 1 1 5 5 5 1 1 5 2 5 1 4 2 5 2 4 4 1 1 2 1 2 3 4 5 5 5 2 1 4 1 3 4 5 3 3 3 2 2 2 1 1 3 3 4 2 3 2 2 4 2 4 1 2 5 4 1 4 1 4 1 4 2 4 5 5 5 3 2 4
5 11 2 1 2 2 1 1 2 4 1 5 3 4 4 2 3 3 3 2 4 3 2 1 1 1 1 5 3 2 5 5 5 3 2 2 5 3 1 1 5 2 5 5 5 1 4 4 5 4 2 2 2 5 2 5 1 3 2 5 4 5 5 5 1 4 2 4 5 4 4 2 4 1 1 3 2 4 4 1 1 3 5 2 4 2 4 3 4 4 3 5 2 5 3 4 3 3 2 5 4 1
6 13 5 4 5 5 2 4 5 4 1 1 4 5 3 5 4 1 2 4 3 4 1 1 1 2 5 3 1 1 2 2 1 4 1 2 5 3 5 4 2 2 2 5 4 1 3 1 3 3 4 2 4 5 4 2 4 3 5 2 5 5 5 5 4 3 4 3 4 4 3 2 1 3 1 3 4 1 2 5 3 2 2 4 1 3 5 2 1 3 4 5 3 4 5 2 4 2 5 4 5 3
7 7 1 5 5 2 2 2 5 2 1 3 2 2 1 4 4 1 5 5 5 1 3 1 3 4 4 4 5 1 1 2 3 1 3 3 3 1 3 3 4 2 1 5 3 2 4 4 2 4 2 2 2 2 3 3 2 1 1 3 3 1 2 3 5 5 4 2 2 2 3 5 5 3 5 2 3 1 5 1 5 1 1 2 5 4 2 2 4 5 5 1 4 3 4 4 2 2 4 2 4 4
8 8 5 4 4 2 1 2 2 4 5 1 1 3 2 2 5 3 5 1 5 4 3 4 1 3 1 2 1 2 2 5 4 5 3 3 5 1 1 1 2 1 2 3 2 5 3 2 5 4 4 2 1 4 3 2 4 2 1 3 4 5 5 3 2 4 5 2 4 4 1 3 4 4 1 5 4 2 3 1 2 5 3 3 5 5 4 1 4 5 3 2 1 5 1 2 3 2 5 1 2 1
9 13 4 2 3 2 1 1 4 5 5 1 4 1 2 5 4 2 4 5 1 2 1 4 2 1 4 4 5 2 5 3 1 2 1 3 1 2 5 3 4 4 4 3 3 3 2 1 2 4 1 1 5 5 4 4 1 4 5 1 2 3 1 4 1 4 3 3 2 5 2 2 4 3 4 3 1 1 3 4 4 1 1 5 1 4 4 1 1 5 3 5 2 1 1 5 5 2 4 1 1 4
10 14 1 5 2 3 3 2 5 5 1 5 3 4 1 2 3 5 5 4 1 5 5 4 5 1 4 2 2 2 5 2 4 3 1 5 5 1 3 3 2 5 5 1 3 4 2 4 2 4 4 3 5 1 2 3 3 3 2 1 5 1 3 2 3 3 3 2 3 1 5 2 3 2 1 5 4 2 3 1 3 4 1 3 3 5 3 2 1 5 2 5 3 5 4 2 3 4 4 4 2 1
11 8 3 4 1 4 5 1 3 3 2 5 3 1 4 3 2 5 1 1 3 1 3 4 1 3 3 4 3 3 3 2 2 1 1 1 5 2 1 3 3 4 3 3 4 4 5 3 3 1 3 4 1 3 5 2 2 5 3 5 4 5 4 4 3 4 2 5 5 3 5 3 3 1 1 1 1 5 1 3 1 2 4 1 4 5 3 3 3 2 3 1 4 2 2 1 2 2 1 3 4 2
12 12 5 2 4 5 5 4 5 5 3 5 1 3 5 1 2 4 1 1 4 3 1 2 3 5 5 2 4 5 3 2 2 1 3 4 4 4 2 4 1 4 3 2 2 3 5 1 5 2 2 5 5 2 5 5 1 4 3 1 3 3 5 3 5 5 3 5 4 3 3 2 3 3 4 2 3 3 3 2 4 3 2 3 2 1 2 4 2 4 1 4 3 4 4 1 5 1 5 3 3 5
13 8 3 1 3 5 1 1 5 3 3 1 5 4 5 5 5 4 2 2 4 2 3 1 2 4 3 1 3 1 4 4 3 1 4 3 4 1 3 2 2 2 5 2 1 3 5 5 5 5 5 4 2 2 5 3 1 1 4 4 4 5 1 1 3 1 3 4 5 1 2 1 4 1 1 4 4 5 1 2 3 3 5 3 2 1 2 4 5 5 4 4 3 1 2 4 5 2 1 1 2 1
14 15 1 4 1 1 2 4 1 4 3 3 5 4 4 5 4 3 4 3 3 5 4 3 1 2 5 4 4 5 5 1 4 4 5 3 3 3 5 5 2 3 5 2 4 2 2 1 1 2 2 4 3 2 4 5 2 2 3 5 1 4 4 2 1 5 4 2 3 2 3 2 1 2 1 4 3 5 5 1 4 1 5 5 4 4 5 4 1 5 5 1 4 3 2 5 5 3 5 1 4 5
15 6 2 2 1 5 5 1 5 2 4 4 3 2 3 3 2 4 1 4 2 1 5 2 2 1 4 4 4 3 3 5 1 5 5 1 5 3 5 1 5 2 1 2 5 1 1 2 4 5 2 1 1 3 1 3 5 2 5 3 3 3 3 5 5 4 5 1 3 4 3 2 2 4 3 1 4 3 5 4 1 1 4 1 3 4 4 5 3 4 2 4 4 5 1 2 1 4 2 3 5 5
16 8 5 3 1 2 2 3 2 4 2 2 3 5 3 3 4 4 1 5 4 2 5 5 4 4 2 3 1 3 5 2 3 4 5 5 3 5 5 5 2 4 2 5 3 1 5 1 2 3 4 3 5 3 3 2 2 4 1 5 2 2 4 3 1 5 1 2 2 4 3 4 2 1 1 5 5 3 4 2 4 4 2 3 4 3 1 5 4 3 3 2 5 4 3 4 2 5 2 5 2 3
17 12 3 3 2 2 1 4 4 2 5 2 3 3 2 3 2 3 2 4 3 4 4 1 4 5 4 3 4 5 3 2 1 1 3 5 4 2 5 3 2 3 4 5 2 3 2 2 4 1 4 5 1 2 1 5 1 5 2 5 5 1 4 2 3 1 4 5 3 1 3 3 3 2 2 4 1 1 2 5 3 5 4 1 3 3 3 2 1 4 1 1 5 4 2 5 2 3 5 2 2 5
18 15 1 2 5 5 5 3 4 1 4 4 4 1 2 3 5 1 3 5 3 3 5 5 5 5 5 3 1 4 1 1 2 4 1 2 3 1 3 3 1 3 2 4 1 2 1 4 4 3 1 3 3 3 5 2 4 1 3 1 5 5 3 3 1 5 5 1 3 1 1 4 3 4 4 3 2 1 4 5 2 1 2 5 5 4 1 3 2 5 5 3 1 1 3 4 1 3 4 2 3 3
19 13 4 5 4 5 1 4 1 3 5 5 3 2 4 5 3 3 5 5 4 1 1 4 5 2 2 5 5 4 3 1 1 3 1 3 3 5 5 4 1 1 2 3 4 2 3 5 3 4 4 4 4 4 1 3 3 1 3 4 1 2 2 5 4 4 5 5 4 5 4 5 3 5 3 1 3 2 3 2 2 4 2 2 5 5 2 5 1 5 4 4 2 1 3 3 1 3 5 5 4 4
20 8 3 2 4 3 4 1 3 2 3 2 5 5 5 1 2 5 1 4 3 4 5 4 4 3 1 4 1 1 4 5 2 2 3 5 2 2 5 1 3 4 2 5 5 3 3 2 5 4 3 2 3 5 4 4 3 2 4 2 2 4 3 1 4 4 1 3 2 4 4 4 2 2 4 5 4 4 2 3 1 1 2 2 1 5 1 4 5 3 5 5 1 5 1 1 2 5 5 3 2 5
21 10 4 4 4 2 1 3 4 1 4 3 2 5 2 5 4 3 3 2 3 4 1 2 2 4 4 5 4 3 3 1 1 1 1 3 3 1 4 3 3 2 3 5 4 3 2 1 1 5 1 2 4 5 4 1 2 1 4 4 2 4 5 1 1 1 2 3 5 1 3 2 3 4 3 1 5 1 4 4 1 5 4 1 4 3 2 5 3 3 4 2 1 3 3 3 2 2 1 4 2 4
22 12 4 4 3 5 4 2 3 5 1 2 5 1 2 3 1 5 2 5 2 4 2 2 3 5 4 4 5 2 3 1 4 5 3 3 3 1 5 2 4 1 3 5 2 4 2 1 4 1 4 1 3 3 4 4 3 4 1 2 2 4 3 1 4 2 5 4 5 4 1 5 5 3 2 3 5 1 4 1 4 5 4 4 3 3 4 2 2 4 1 2 3 2 3 2 3 1 4 4 1 1
23 14 5 1 5 3 3 1 5 4 5 3 1 2 1 1 3 5 4 4 1 1 5 3 4 3 2 4 2 5 2 4 1 5 2 3 1 4 5 5 5 3 2 1 2 5 2 4 1 4 5 3 5 4 4 1 3 1 5 4 4 2 4 1 1 1 5 2 5 1 3 2 1 3 5 1 5 1 5 5 3 5 4 4 2 4 5 4 4 4 3 4 2 4 5 2 3 4 4 4 1 3
24 14 1 5 3 2 1 4 4 5 1 5 5 4 5 4 5 4 5 4 2 4 5 5 4 2 5 4 4 2 2 2 3 1 2 1 2 3 3 2 3 4 2 3 3 1 3 4 4 4 5 3 1 1 3 2 4 4 2 2 1 4 5 1 5 3 2 4 4 1 2 1 2 5 3 4 3 4 1 4 2 5 5 1 1 2 3 1 4 3 5 3 3 4 5 4 3 5 1 1 2 4
25 15 1 4 4 1 5 3 5 5 4 3 4 3 2 2 3 5 5 5 3 3 5 4 3 5 4 1 4 3 1 2 2 4 5 4 5 1 2 1 2 5 5 1 4 1 5 4 3 2 2 1 2 3 2 5 2 2 3 2 4 2 4 2 1 4 1 1 4 3 2 2 1 5 5 4 5 4 5 5 1 2 1 1 2 5 3 1 3 2 2 2 5 3 4 2 3 3 3 2 2 2
26 9 1 3 3 4 1 2 4 3 5 3 3 4 4 2 3 2 4 3 1 1 2 4 3 5 5 3 4 3 2 4 1 5 2 4 3 1 5 4 3 2 3 2 5 2 2 1 2 5 2 5 1 5 3 5 3 2 2 4 1 5 3 2 3 5 1 2 2 5 1 3 5 3 4 1 5 3 1 2 4 2 3 5 2 2 4 5 1 1 2 5 2 3 1 4 1 4 5 3 3 2
27 7 3 5 4 2 4 5 5 4 2 5 4 5 2 5 4 5 4 5 4 1 1 5 4 5 1 3 4 5 2 2 4 1 1 2 2 3 3 4 5 5 3 1 2 2 3 3 5 3 1 3 4 2 1 2 3 1 3 1 5 1 1 4 3 2 3 5 2 5 3 2 2 2 3 3 3 1 3 1 3 4 2 2 2 4 4 1 3 1 2 1 5 3 4 1 3 4 1 4 1 2
28 9 3 1 3 3 5 5 2 1 1 5 2 3 2 4 3 5 3 1 5 2 4 5 2 4 2 1 5 4 4 2 1 5 3 5 5 4 1 3 2 1 3 4 1 4 5 3 5 5 3 5 1 3 1 1 4 2 3 3 5 2 1 1 2 4 4 5 2 4 2 5 3 4 3 5 5 3 2 5 1 1 2 3 3 2 1 5 3 3 1 5 4 3 1 4 4 1 2 5 2 1
29 8 2 1 3 2 2 3 2 3 5 2 4 2 5 5 3 3 3 3 4 3 1 3 2 5 1 2 2 4 3 1 1 1 1 4 1 2 5 4 4 1 2 2 5 5 1 3 2 3 4 5 4 2 4 1 1 5 4 3 4 5 2 3 5 5 4 3 4 2 3 4 5 3 2 5 4 1 5 4 3 3 5 4 2 5 5 3 5 1 1 5 5 3 2 3 1 4 3 4 5 4
30 13 5 1 3 1 3 5 1 5 5 3 3 3 1 4 1 3 1 4 4 4 1 5 2 1 2 4 5 2 4 1 3 5 1 3 5 2 2 4 4 4 2 4 3 5 1 3 5 4 1 2 4 1 2 1 4 5 2 5 2 2 1 5 5 3 3 4 4 3 5 3 2 5 2 5 3 2 3 1 5 5 4 2 1 2 4 3 2 5 3 1 3 3 2 1 4 5 2 2 2 3
31 11 3 1 5 1 3 5 2 2 3 3 5 3 4 5 5 5 2 5 1 4 3 5 3 3 5 4 3 3 4 4 1 2 3 1 1 1 5 5 2 1 3 3 1 1 1 3 4 5 1 4 3 3 1 1 2 3 3 2 5 1 1 4 3 2 3 4 1 4 4 5 5 4 1 4 2 3 2 4 4 3 1 5 2 2 3 4 4 2 5 4 1 1 5 5 3 3 4 2 2 1
32 7 4 4 2 4 4 5 2 5 2 2 1 3 5 4 5 3 5 1 1 5 3 2 1 1 2 5 2 5 2 4 3 1 3 2 3 1 1 3 3 2 5 2 5 4 3 1 4 3 1 2 5 2 5 4 5 5 4 2 5 4 3 5 5 4 5 4 1 5 2 4 3 2 5 1 4 1 2 5 2 3 5 2 1 4 3 1 2 1 4 1 2 3 1 2 4 4 1 4 3 1
33 11 2 5 4 3 1 4 3 3 5 2 4 5 4 4 2 2 5 4 5 5 4 5 4 1 4 1 3 4 4 1 1 4 1 2 3 3 4 4 5 5 1 2 5 1 2 4 5 4 5 1 3 5 1 2 3 1 5 1 4 1 3 5 1 4 4 5 2 4 5 4 4 5 2 1 2 3 1 4 3 3 5 4 5 5 1 4 3 2 3 3 3 4 5 3 2 2 3 3 1 4
34 10 5 5 3 1 4 2 3 1 1 1 3 5 2 3 3 3 2 3 3 2 1 5 1 3 1 2 5 3 1 2 5 2 3 2 5 4 1 5 1 5 4 1 5 3 2 3 1 2 1 5 4 1 1 2 4 4 1 3 1 5 4 2 2 4 2 4 3 5 4 3 1 3 4 3 4 4 4 1 4 1 2 3 5 5 5 4 1 1 2 2 5 4 4 2 4 5 2 4 5 1
35 15 2 3 4 1 1 2 3 1 1 4 3 4 4 5 3 2 5 5 5 2 4 2 3 5 2 2 3 2 2 4 3 4 1 3 3 4 1 1 5 4 2 2 2 4 4 4 2 5 5 1 5 5 4 2 5 2 2 3 4 5 4 3 2 3 2 3 2 2 1 5 3 2 5 1 2 3 1 5 3 1 5 1 2 4 4 4 2 1 1 5 3 4 4 3 2 1 4 5 1 3
36 11 5 1 4 5 3 3 5 2 5 1 1 5 5 4 3 4 4 5 4 3 4 2 5 2 4 4 3 1 3 2 2 4 5 5 5 2 3 5 5 3 5 5 3 2 4 2 3 4 2 5 4 4 4 1 1 5 5 5 2 2 3 3 5 4 2 2 2 3 1 1 2 2 3 2 2 3 3 2 5 3 3 5 4 1 2 3 5 2 5 2 3 1 1 4 5 3 5 2 2 4
37 11 5 5 1 3 1 3 5 1 5 1 1 2 2 2 2 5 4 4 5 5 5 1 3 3 1 3 1 3 5 4 1 5 4 1 2 1 2 2 2 3 4 4 4 3 2 4 1 5 2 3 2 4 4 1 3 1 5 4 5 5 2 4 4 4 2 2 5 5 4 2 2 1 1 4 5 5 4 5 2 5 3 5 4 1 2 4 2 2 3 3 4 5 5 1 3 4 5 5 2 2
38 15 1 1 5 1 2 5 3 3 2 3 2 1 2 4 1 5 4 5 5 4 2 2 3 4 5 5 3 3 4 3 3 2 4 5 5 5 2 4 3 1 5 1 4 2 1 1 2 1 2 4 5 4 4 4 2 1 1 3 2 5 1 1 3 3 3 1 5 2 2 2 3 2 4 4 2 4 3 1 5 2 2 5 1 4 1 5 1 3 2 2 5 5 4 3 3 3 5 3 4 2
39 14 5 3 2 4 3 1 2 4 3 4 3 2 5 2 2 1 3 4 5 5 4 2 3 1 1 3 1 3 1 4 1 1 4 5 5 3 2 4 1 4 1 1 5 2 2 1 3 5 1 5 4 4 1 3 4 4 4 4 5 3 2 4 4 4 2 1 4 4 1 5 3 4 4 3 1 2 3 5 3 3 3 4 2 5 4 5 2 5 2 2 1 3 1 4 5 5 2 2 3 1
40 12 2 1 3 1 3 2 3 5 3 5 1 3 1 2 1 2 4 4 3 1 2 3 1 4 4 4 2 1 3 3 3 4 1 5 2 5 2 1 2 1 3 3 4 2 5 3 1 1 2 4 1 5 3 4 1 5 1 3 5 1 2 4 1 2 4 3 5 1 2 1 2 3 4 5 4 4 2 5 1 3 1 1 1 1 5 2 3 3 2 5 3 2 5 1 5 2 3 5 1 5
41 12 4 3 5 4 2 1 3 3 2 3 3 2 1 4 3 1 5 4 3 4 1 4 1 3 5 4 4 5 2 5 2 1 5 2 5 3 2 4 2 1 1 1 3 1 5 3 2 2 5 4 2 2 5 1 1 1 4 3 1 2 2 2 3 4 2 2 3 3 1 4 4 1 2 1 2 3 4 5 1 5 3 4 5 1 2 1 4 2 1 4 1 5 4 1 1 3 5 4 5 3
42 8 5 1 3 1 5 2 3 3 4 2 4 2 1 4 5 3 5 3 5 1 1 3 5 2 3 5 4 4 3 1 5 3 4 3 5 5 3 3 3 1 1 3 5 3 5 1 1 4 5 1 3 4 2 5 5 3 5 2 3 1 5 1 2 1 2 4 4 3 3 2 1 2 4 1 4 1 1 3 1 2 1 3 3 5 3 5 5 1 1 2 2 1 1 3 4 3 2 5 3 5
43 15 4 3 3 3 4 2 1 5 4 1 3 1 2 2 3 1 5 5 3 5 1 5 4 1 1 5 5 3 3 1 1 4 4 4 1 5 2 3 2 2 2 3 1 1 4 2 4 1 1 3 1 5 4 3 2 2 2 5 2 2 5 2 4 1 5 4 4 2 4 5 4 1 1 1 5 4 1 4 3 5 2 3 4 2 4 1 5 3 4 2 3 5 2 5 2 3 3 1 1 5
44 9 3 3 4 2 4 4 3 3 2 1 1 4 1 3 5 2 4 3 2 2 1 4 3 5 5 3 3 5 2 3 3 3 4 4 4 3 2 3 3 4 4 3 1 5 5 3 3 3 5 1 1 1 1 5 3 1 1 3 2 3 5 5 1 2 5 4 5 1 3 5 3 1 5 3 5 4 1 1 1 1 3 4 1 4 5 4 2 3 4 5 4 3 5 5 1 1 1 1 4 4
45 11 4 5 2 4 4 3 5 2 4 1 4 3 3 1 3 2 4 3 5 4 5 5 2 3 4 1 5 3 4 1 3 2 3 4 4 3 5 1 1 3 3 5 1 5 1 5 2 4 5 5 3 2 5 5 2 1 3 3 2 2 3 2 1 1 5 1 1 5 1 3 1 5 1 4 5 5 3 3 5 2 5 4 2 2 1 1 1 4 5 2 4 4 5 5 2 1 1 4 5 5
46 13 3 1 3 2 1 3 3 5 1 4 3 4 5 4 3 1 3 4 4 2 4 5 5 1 4 4 4 2 3 5 3 4 3 4 2 2 3 5 3 1 2 5 2 2 1 2 5 4 3 2 3 4 2 3 2 2 1 2 4 2 1 4 3 5 4 5 3 2 1 2 2 1 2 5 2 3 1 4 4 1 3 2 1 4 1 1 4 5 5 2 1 3 4 1 5 1 2 3 2 2
47 11 5 1 5 3 3 2 4 5 3 2 1 4 5 4 3 3 3 2 4 2 3 5 5 3 3 3 5 1 5 4 5 3 1 4 2 2 3 3 5 2 4 4 3 3 4 5 5 1 2 1 5 2 4 5 4 3 1 4 4 2 4 4 5 3 5 1 1 2 2 2 2 4 5 3 4 2 2 3 5 4 5 2 5 2 1 1 4 4 1 5 3 4 5 1 2 5 3 3 1 1
48 12 4 5 1 3 5 3 5 2 5 2 2 1 5 1 3 4 1 5 4 2 1 2 4 4 1 2 2 5 1 2 1 5 3 5 2 1 5 2 2 2 5 5 2 3 1 4 3 1 1 2 2 1 2 1 3 3 4 2 4 2 4 1 4 1 3 2 4 3 2 2 3 3 1 4 4 3 1 3 5 5 1 5 3 3 4 4 5 5 2 5 1 5 4 1 3 2 2 3 3 4
49 11 1 2 5 4 1 4 4 1 3 2 3 2 5 4 1 3 4 1 5 1 2 4 1 4 4 5 2 1 4 1 5 4 3 5 4 5 2 1 1 2 1 5 5 4 2 4 4 3 1 5 3 4 4 2 3 1 5 3 5 3 1 2 3 4 5 2 3 3 2 4 5 2 1 1 5 2 3 5 4 4 5 4 3 5 5 1 1 1 3 4 3 3 3 4 3 1 3 1 5 2
