50 5
NETWORK_TREE :
49 0 8
23 49 2
7 49 10
13 49 8
36 13 6
33 7 2
3 0 9
38 23 8
44 0 8
4 3 9
26 0 6
35 23 9
1 33 9
11 36 5
45 36 1
34 33 3
2 44 7
28 0 9
39 34 4
12 0 6
16 11 6
32 3 10
42 23 3
30 4 10
19 28 1
37 26 6
27 19 4
5 12 4
47 37 2
21 30 2
25 2 2
22 12 7
40 36 8
6 40 2
31 39 5
15 40 5
20 40 10
46 15 4
41 35 6
9 33 7
10 25 10
48 49 6
18 42 5
29 2 4
24 38 3
14 3 1
17 47 10
8 34 7
43 24 5
NODE_PROGRAM :
0 1 2 3 4 5
1 2 3 5
3 1 2 3
4 1 3 4 5
5 3 4 5
6 1 2 4 5
7 1 2 3 4
8 5
9 2 3 4
10 1 3 5
12 1 2 3 4
13 4 5
14 1 2 5
15 1 3 4 5
16 1 3
18 3
19 1 4
20 1 2 4 5
21 1 3 4 5
22 2 3 4 5
23 1 5
24 2
25 2 3 5
26 1 3
28 1 3 5
29 1 2 3 5
30 3
32 3 4 5
33 1 4
34 1 5
37 1
38 1 2 3 5
39 1
41 5
42 2 5
43 1 4 5
44 1 3 4 5
45 2 3 4
46 1 2 3 5
47 1 2 5
48 2 3
49 1 3 5
COST_INSTALL_SERVER_AND_PROGRAMS :
0 8 2 2 3 1 2
1 8 2 5 4 2 2
2 10 3 1 3 4 2
3 7 2 4 4 5 1
4 8 2 1 5 2 3
5 12 1 3 5 5 3
6 6 2 2 4 1 1
7 11 3 3 2 3 5
8 12 3 3 2 1 3
9 8 3 2 3 3 5
10 8 2 4 2 5 2
11 12 5 2 3 4 1
12 8 3 3 1 1 5
13 7 1 1 5 5 4
14 10 4 2 5 2 3
15 6 3 3 4 3 4
16 10 1 3 5 4 3
17 12 4 5 4 4 2
18 7 3 4 2 4 3
19 7 4 5 5 5 5
20 12 5 3 1 3 4
21 6 1 5 5 4 2
22 10 5 1 4 3 2
23 15 5 4 2 1 4
24 9 3 5 3 4 5
25 9 1 2 4 3 2
26 10 1 4 3 2 5
27 9 5 2 1 2 5
28 8 3 5 4 2 2
29 9 5 5 5 5 5
30 15 1 2 5 1 4
31 13 1 1 1 2 1
32 7 1 2 4 2 1
33 7 4 3 2 1 2
34 8 1 1 3 5 2
35 7 3 1 3 1 4
36 15 4 1 1 4 1
37 10 3 3 5 5 5
38 13 3 1 2 2 2
39 6 5 2 4 1 1
40 14 4 2 1 1 5
41 13 1 5 1 1 2
42 8 4 4 3 3 1
43 13 1 5 5 5 2
44 13 4 1 4 5 4
45 8 5 5 4 1 4
46 12 2 5 1 2 2
47 8 2 4 2 3 3
48 14 1 3 3 2 1
49 13 5 4 4 2 4
