50 150
NETWORK_TREE :
1 0 4.0 
2 1 1.0 
3 2 10.0 
21 0 3.0 
34 0 9.0 
22 21 6.0 
8 2 9.0 
36 0 6.0 
37 36 6.0 
38 37 3.0 
39 38 4.0 
15 2 4.0 
23 22 5.0 
16 2 7.0 
43 37 1.0 
40 39 4.0 
42 38 1.0 
30 21 5.0 
24 23 7.0 
44 43 10.0 
26 22 4.0 
49 0 6.0 
9 8 10.0 
10 9 5.0 
27 26 4.0 
17 2 8.0 
11 10 9.0 
47 36 9.0 
18 1 4.0 
25 24 4.0 
12 11 5.0 
35 34 8.0 
4 3 5.0 
28 27 2.0 
14 11 9.0 
45 37 6.0 
5 4 5.0 
31 21 3.0 
6 5 3.0 
19 1 2.0 
32 21 2.0 
48 36 4.0 
33 21 4.0 
46 37 2.0 
13 12 3.0 
41 40 1.0 
20 1 5.0 
29 26 2.0 
7 4 6.0 
NODE_PROGRAM :
0 1 2 3 4 5 6 7 8 9 10 11 12 13 14 15 16 17 18 19 20 21 22 23 24 25 26 27 28 29 30 31 32 33 34 35 36 37 38 39 40 41 42 43 44 45 46 47 48 49 50 51 52 53 54 55 56 57 58 59 60 61 62 63 64 65 66 67 68 69 70 71 72 73 74 75 76 77 78 79 80 81 82 83 84 85 86 87 88 89 90 91 92 93 94 95 96 97 98 99 100 101 102 103 104 105 106 107 108 109 110 111 112 113 114 115 116 117 118 119 120 121 122 123 124 125 126 127 128 129 130 131 132 133 134 135 136 137 138 139 140 141 142 143 144 145 146 147 148 149 150  
1 1 2 3 4 5 6 7 8 9 11 12 13 14 15 16 18 19 20 21 22 23 24 25 26 27 28 29 30 31 32 33 34 35 36 37 38 39 40 41 42 43 44 45 46 47 48 49 50 51 53 55 56 57 58 59 60 61 62 63 64 65 67 68 69 70 71 72 73 74 75 76 77 78 79 80 82 83 84 85 86 87 88 89 90 91 92 93 94 95 97 98 99 100 101 102 104 105 107 108 109 110 111 112 113 114 115 116 117 118 120 121 122 123 124 125 126 127 130 131 132 133 134 135 136 137 138 139 140 141 142 143 144 145 147 148 149  
38 1 2 3 4 5 9 10 11 12 13 14 16 19 21 23 27 29 31 33 36 37 38 39 42 43 45 46 51 52 53 56 57 58 60 62 63 65 68 69 71 72 73 74 75 76 77 78 80 81 84 88 89 90 93 94 95 97 98 99 103 106 108 109 110 111 113 115 116 117 118 119 120 122 123 124 125 126 128 131 132 133 134 135 136 137 138 139 140 141 144 145 148 149  
47 2 3 4 6 7 8 14 15 17 20 26 28 30 33 37 38 40 41 44 45 46 47 48 50 57 58 59 60 61 65 66 67 70 71 73 74 75 76 80 82 83 87 91 93 94 98 102 108 110 115 117 120 122 123 125 127 129 137 142 143 144 147 148 149 150  
29 1 2 3 5 7 8 9 10 13 15 20 24 36 41 42 44 50 57 58 59 61 68 69 70 81 83 84 90 92 101 105 110 111 112 114 118 121 122 124 126 129 131 135 140 141 142 143 145 150  
14 8 26 28 31 32 33 38 39 40 41 42 51 55 58 63 72 75 77 79 86 87 98 100 101 106 107 108 109 111 117 124 128 130 131 137 139 140 141 144 145 146 149  
25 1 2 3 4 7 8 9 11 12 14 15 16 17 18 19 20 21 22 23 24 25 26 27 28 29 30 31 32 33 34 35 38 39 40 41 42 43 44 45 46 47 48 49 50 51 52 53 54 56 57 59 60 63 64 65 67 68 69 70 71 73 74 75 76 77 78 79 80 82 83 84 85 86 88 89 90 91 92 95 96 97 98 99 101 102 103 104 105 106 107 108 109 110 111 112 113 114 115 116 117 118 119 121 123 124 126 128 129 131 132 133 134 135 137 138 139 140 142 143 144 145 147 148 150  
9 24 37 69 71 73 75 76 110 117 119 131  
43 2 4 5 8 9 10 11 12 13 14 15 17 18 19 20 21 22 23 24 25 26 27 28 30 31 32 33 34 35 36 37 39 40 41 43 45 47 48 50 51 52 53 56 57 58 60 61 62 63 64 65 66 67 68 69 71 72 73 76 77 79 80 82 84 85 86 87 88 89 90 92 95 96 97 99 100 101 102 103 105 106 108 110 111 115 116 118 119 121 123 124 125 126 127 128 129 131 132 133 135 136 137 138 139 141 142 143 146 148  
32 1 6 8 9 11 16 18 19 24 26 28 32 33 36 38 41 47 48 49 57 58 60 63 66 68 75 76 81 83 85 86 87 89 90 93 95 96 101 106 107 111 115 116 117 118 119 120 121 123 124 127 128 131 134 137 138 139 142 144 148 149 150  
10 2 7 8 10 14 15 17 18 22 23 25 30 32 33 35 43 45 52 54 57 66 67 71 74 75 77 80 86 87 91 95 98 101 102 103 106 109 111 112 115 117 118 119 123 130 132 136 141 145 146 147  
41 1 2 3 4 5 6 7 8 9 10 11 12 13 14 15 16 17 18 19 20 21 22 23 24 25 26 27 28 30 31 32 33 34 35 36 37 38 39 40 41 42 43 44 45 46 47 48 50 51 52 53 54 55 56 57 58 59 60 61 62 63 64 65 66 67 68 69 70 71 72 73 74 75 76 77 78 79 80 81 82 83 85 86 87 88 89 90 91 92 93 94 95 96 97 98 99 101 102 103 104 106 107 108 109 110 111 113 114 115 116 117 118 120 121 122 123 124 125 126 127 128 129 130 131 132 133 134 135 136 137 138 139 140 141 142 143 144 145 146 147 148 149  
24 2 12 13 25 31 32 37 46 51 53 62 64 71 76 78 82 83 85 88 95 101 107 109 113 127 128 131 135 139 141 144 147  
28 1 5 12 14 16 25 28 29 37 39 41 42 43 46 48 49 50 55 57 70 72 75 80 86 87 88 90 92 95 99 100 102 103 106 112 113 119 121 122 124 130 143  
37 4 5 10 13 16 17 18 21 26 31 35 36 42 47 50 59 69 72 74 80 82 86 89 90 93 97 101 103 107 110 114 115 119 125 130 131 133 134 137 138 141 148 149 150  
42 2 10 11 16 17 21 24 29 32 33 34 37 39 41 45 50 53 57 58 60 61 63 65 67 68 77 78 79 80 82 83 85 86 87 89 90 91 92 93 99 101 103 107 116 121 122 124 126 129 130 134 138 139 141 143 145 146 149 150  
7 1 2 13 14 15 16 18 20 22 26 29 30 41 42 43 45 53 55 63 65 68 73 83 85 102 108 113 114 120 125 131 141 146 149 150  
23 2 3 4 7 10 13 14 20 21 22 27 30 31 37 38 41 43 44 45 46 47 53 57 59 63 67 72 73 75 77 83 87 88 95 99 100 101 102 103 105 109 110 111 113 114 120 121 122 124 125 126 128 134 137 139 140 144 148  
30 1 7 9 10 11 12 13 17 19 20 21 25 28 31 33 34 35 36 38 39 41 50 52 53 58 60 61 62 67 70 72 76 77 78 79 80 82 87 88 89 90 92 97 104 107 109 113 114 117 118 122 124 125 126 128 130 132 137 143 144 146 147 150  
49 3 6 11 12 18 22 23 28 30 31 36 42 45 46 47 53 54 66 71 73 77 79 81 83 84 91 95 103 107 126 131 133 140  
17 1 2 4 5 7 8 9 10 11 12 14 15 16 17 18 19 20 21 22 23 24 25 26 27 28 31 32 33 34 35 36 38 39 40 41 42 43 44 46 47 50 51 53 54 55 57 58 60 61 63 64 65 66 67 68 69 70 71 73 74 75 76 77 78 79 81 82 83 84 85 86 88 89 90 91 92 93 94 95 96 97 98 99 100 101 102 103 104 105 108 109 110 111 112 113 114 115 116 117 118 119 121 123 124 126 127 128 129 130 131 132 133 135 136 137 138 139 140 143 144 146 148 149 150  
3 4 5 6 11 12 15 18 21 24 27 29 35 40 41 46 47 49 51 57 64 65 66 67 72 76 77 79 84 85 87 90 91 94 96 97 100 101 104 106 107 108 122 128 133 134 138 139 140 142 144 145 148  
31 1 3 5 6 7 8 12 13 14 17 19 20 22 24 26 27 28 31 36 37 39 41 43 48 50 51 56 57 59 60 64 65 66 67 70 71 72 74 75 78 80 83 85 86 92 93 94 95 98 102 107 108 109 110 111 112 117 121 124 133 135 137 138 139 141 143 145 146 147 149  
12 1 2 3 4 5 6 7 8 9 10 11 12 13 14 15 16 17 18 19 20 21 22 23 24 25 26 27 28 30 31 32 33 34 35 36 37 38 39 40 41 42 43 44 45 46 47 48 49 50 51 52 53 54 56 57 58 59 60 61 62 63 64 65 66 67 68 69 70 71 72 73 74 75 76 77 78 79 80 81 82 83 84 85 86 88 89 90 91 92 93 94 95 96 97 98 99 100 101 102 103 104 105 106 107 108 109 110 111 112 113 114 115 116 117 118 119 120 121 122 123 124 125 127 128 129 130 131 132 133 134 135 136 137 138 140 141 142 143 144 145 146 147 148 149 150  
4 2 3 5 6 8 9 10 11 12 13 15 17 22 23 24 25 27 28 31 32 33 34 36 37 38 39 42 44 46 47 48 49 51 52 53 55 59 61 62 63 64 65 68 69 71 73 74 75 76 77 79 80 81 82 83 85 86 87 88 90 93 94 95 96 97 99 100 102 103 104 105 106 108 109 110 111 112 113 114 116 117 118 122 124 125 126 127 129 130 131 132 135 136 137 138 139 141 144 145 146 148 150  
27 20 30 55 82 83 85 95  
21 1 14 16 19 23 26 31 38 42 48 50 52 54 61 68 75 77 81 82 83 85 90 91 95 98 99 111 119 128 134 135 139 147  
48 1 2 3 5 7 8 11 12 13 14 15 17 18 19 20 22 23 24 26 27 29 30 31 33 34 35 37 38 39 40 41 42 43 44 45 46 47 48 50 51 55 63 64 66 68 70 71 72 76 77 79 80 82 85 87 88 90 91 92 93 95 98 99 102 103 111 112 113 115 116 117 118 121 122 123 124 125 128 131 134 137 138 139 140 141 142 143 144 146 147  
36  
6 25 79 118 131  
16 1 5 7 10 12 14 19 20 21 22 23 30 34 37 38 40 41 42 44 45 46 47 49 50 52 53 54 58 59 60 61 64 68 69 70 72 73 74 75 79 80 81 85 86 88 90 91 92 93 101 102 103 105 106 107 109 112 113 114 115 116 120 121 123 124 125 127 128 130 131 133 134 135 137 139 144 145 146 149  
26 1 3 5 9 11 19 24 25 26 29 31 36 37 39 41 45 47 51 52 54 55 56 60 63 66 67 71 78 82 83 86 87 88 91 93 94 95 96 98 101 106 115 121 122 129 130 133 139 144 146 147 150  
13 2 3 6 8 9 10 11 12 13 14 16 17 18 19 20 22 24 25 27 28 29 30 32 33 35 36 37 38 41 42 43 44 47 48 51 53 54 55 58 59 60 62 63 64 66 67 68 69 70 73 74 77 80 82 83 84 85 86 88 89 90 91 92 94 95 96 97 100 102 104 105 106 107 108 109 110 111 112 113 115 116 117 118 119 120 121 122 125 127 128 131 133 135 136 137 139 140 141 142 143 144 147 148 149 150  
15 3 4 5 6 9 12 14 18 19 20 22 23 24 26 27 28 31 32 33 35 36 37 38 40 41 43 46 47 48 49 52 54 56 57 58 59 60 62 66 67 69 71 72 73 75 76 78 79 80 83 87 89 93 94 95 96 99 103 105 107 108 109 110 112 113 116 117 120 121 123 124 125 126 127 129 130 131 132 133 134 135 137 138 141 142 143 144 145 147 150  
20 4 5 7 11 16 19 20 22 25 26 30 31 33 37 39 42 44 45 46 47 54 55 57 61 68 71 73 76 77 78 83 85 89 90 98 104 105 108 109 111 116 117 127 128 129 133 134 138 139 143  
35 1 2 4 6 7 8 9 10 12 13 15 16 17 18 20 21 22 23 25 26 27 28 29 30 31 32 33 34 35 36 37 38 39 40 41 42 43 44 45 46 47 48 49 50 51 52 53 55 56 57 58 59 60 62 63 65 67 68 69 70 71 72 73 74 75 76 77 78 79 80 81 82 83 84 85 87 89 90 91 92 93 94 95 96 97 98 99 100 101 102 103 104 105 106 107 109 110 111 112 113 114 115 116 117 118 119 120 121 123 124 125 127 128 129 130 131 132 133 134 135 136 137 139 140 141 142 143 144 145 146 147 148 149 150  
34 1 3 4 5 6 10 15 16 17 18 23 24 28 31 32 34 36 39 41 42 45 47 51 54 56 57 59 60 66 77 82 83 84 89 93 94 99 106 107 111 112 116 117 119 123 127 129 133 134 136 139 146 147  
44 1 8 11 13 15 19 23 24 25 27 28 29 32 33 35 36 37 38 41 42 43 45 46 48 49 51 53 54 56 59 61 63 64 66 68 69 71 73 74 75 76 77 79 84 88 90 92 93 96 97 98 99 102 103 108 109 111 112 113 114 115 116 118 119 120 122 125 126 128 130 133 134 136 140 141 142 144  
39 1 2 3 4 5 6 7 8 9 10 11 12 13 14 15 16 17 18 19 20 21 22 23 24 26 27 28 29 30 31 32 33 35 36 37 38 39 40 41 42 43 44 45 46 47 48 49 50 51 53 54 55 56 58 59 60 61 62 63 64 65 66 67 68 69 70 71 72 73 74 75 76 77 79 80 81 82 83 84 86 87 88 90 92 94 95 96 97 98 99 100 101 102 104 105 106 107 108 109 111 112 113 114 115 116 117 118 119 120 121 122 123 124 125 126 127 129 130 131 132 133 134 139 140 141 142 143 144 145 146 148 150  
33 1 8 9 10 11 13 17 21 22 23 25 26 27 28 30 31 35 36 38 42 46 47 48 52 53 54 55 56 58 60 61 62 65 66 67 68 71 72 73 74 76 77 83 86 92 96 97 99 103 104 109 113 114 115 116 117 120 128 131 132 133 134 136 139 142 143 148 149 150  
8 2 3 5 6 9 10 15 17 19 20 21 23 26 27 28 29 30 31 32 34 35 37 38 39 40 44 45 46 48 49 55 56 59 60 61 64 65 66 67 70 73 74 75 76 78 81 86 87 88 90 92 95 96 97 98 101 102 103 105 107 108 110 111 113 114 115 118 120 124 129 130 132 133 134 135 136 138 139 144 145 147 148 149  
5 6 8 9 10 12 16 19 20 22 24 33 44 49 54 66 75 82 92 93 95 97 101 102 104 107 111 123 126 127 129 130 131 134 137 146  
18 3 4 5 6 7 8 9 10 11 12 13 16 17 19 21 22 23 24 26 27 30 31 32 33 35 39 40 42 43 45 47 48 50 51 52 53 54 55 56 57 59 60 61 63 64 65 67 68 69 70 72 73 74 75 76 78 79 80 81 82 86 87 88 91 92 93 94 96 97 99 100 101 102 103 104 105 107 108 109 110 111 112 113 114 115 117 118 119 120 122 123 124 126 127 128 129 130 131 133 134 135 137 138 139 140 141 142 143 144 147 149  
11 1 6 10 11 14 18 22 27 29 30 31 36 37 40 41 43 44 46 47 49 54 58 59 61 62 63 68 69 74 76 89 90 91 95 96 100 108 111 115 118 125 130 137 138 142 144 145 146 149  
2 1 2 3 5 6 7 8 9 10 11 12 13 14 16 18 20 21 22 23 24 25 26 27 28 30 32 33 34 35 36 37 38 39 41 44 45 46 47 48 49 50 51 52 54 55 56 57 58 61 62 63 64 65 66 67 68 69 71 74 75 78 79 80 81 82 83 84 85 86 88 91 93 94 96 97 98 101 102 104 105 107 108 109 110 112 113 114 115 119 120 121 122 123 124 125 126 127 128 129 130 131 133 134 135 136 137 138 139 140 141 142 143 145 146 147 148 149 150  
22 1 2 4 6 7 8 9 10 11 16 17 18 20 22 23 24 25 26 27 28 29 30 32 33 34 35 36 37 38 40 43 45 46 50 51 56 57 58 59 60 64 65 66 68 69 70 74 75 76 78 79 80 81 82 83 84 86 87 88 89 90 91 92 93 94 95 97 99 100 101 102 103 104 105 106 107 108 109 110 111 113 117 118 119 120 121 122 126 128 129 130 131 134 135 136 137 139 140 141 142 143 145 146 148 149  
46 1 6 9 11 26 28 29 31 35 42 48 50 51 59 64 76 77 88 89 93 105 110 114 117 120 121 122 129 132 144  
45 6 8 9 11 14 15 16 20 26 30 31 32 33 35 41 44 47 55 57 58 66 71 72 74 75 76 77 79 80 81 82 83 84 86 88 89 95 96 97 98 100 102 104 106 107 111 115 116 117 122 125 129 130 133 135 136 137 140 142 144 147 149  
40 1 2 5 6 7 12 14 16 18 19 20 21 22 23 24 27 29 30 31 32 33 36 37 38 39 42 44 45 47 48 53 57 58 59 60 61 65 66 67 70 71 73 77 78 79 80 82 83 84 85 87 88 91 92 93 96 97 98 99 101 104 107 111 112 113 116 118 119 124 127 128 129 132 133 134 140 141 145 146 148 150  
19 1 2 4 7 8 9 10 11 12 15 16 17 22 23 28 29 31 35 38 40 41 49 52 55 57 58 59 65 68 69 75 76 80 82 87 88 90 91 93 94 95 96 97 98 99 101 109 111 116 118 119 122 126 128 130 132 137 140 141 143 147 148 150  
COST_INSTALL_SERVER_AND_PROGRAMS :
0 7.0 2.0 2.0 1.0 4.0 1.0 2.0 5.0 5.0 5.0 2.0 3.0 2.0 5.0 1.0 1.0 3.0 4.0 1.0 2.0 2.0 2.0 5.0 5.0 2.0 4.0 2.0 3.0 2.0 5.0 1.0 5.0 3.0 4.0 3.0 4.0 3.0 5.0 5.0 2.0 2.0 5.0 1.0 5.0 4.0 1.0 4.0 5.0 4.0 2.0 2.0 1.0 5.0 2.0 4.0 4.0 2.0 3.0 4.0 3.0 2.0 1.0 3.0 5.0 5.0 1.0 3.0 2.0 5.0 1.0 2.0 2.0 1.0 3.0 5.0 2.0 5.0 2.0 1.0 1.0 3.0 5.0 2.0 1.0 4.0 3.0 2.0 1.0 2.0 3.0 2.0 1.0 1.0 1.0 4.0 5.0 3.0 3.0 1.0 1.0 4.0 2.0 1.0 4.0 1.0 3.0 4.0 1.0 3.0 5.0 3.0 5.0 2.0 1.0 3.0 5.0 2.0 3.0 2.0 4.0 4.0 4.0 2.0 4.0 3.0 2.0 2.0 5.0 3.0 4.0 5.0 5.0 1.0 5.0 1.0 1.0 4.0 5.0 1.0 1.0 3.0 5.0 5.0 1.0 1.0 2.0 2.0 1.0 5.0 4.0 4.0  
1 8.0 5.0 4.0 3.0 2.0 3.0 2.0 3.0 5.0 3.0 1.0 2.0 4.0 3.0 3.0 1.0 5.0 2.0 4.0 5.0 4.0 3.0 3.0 3.0 5.0 3.0 3.0 2.0 1.0 3.0 5.0 3.0 2.0 5.0 1.0 4.0 3.0 2.0 2.0 5.0 1.0 2.0 3.0 3.0 3.0 4.0 3.0 1.0 4.0 4.0 4.0 1.0 2.0 2.0 4.0 3.0 5.0 5.0 5.0 2.0 1.0 4.0 1.0 3.0 4.0 2.0 1.0 2.0 2.0 4.0 5.0 1.0 4.0 2.0 5.0 5.0 3.0 3.0 3.0 2.0 3.0 5.0 5.0 5.0 1.0 5.0 3.0 4.0 4.0 4.0 5.0 5.0 2.0 1.0 5.0 4.0 2.0 2.0 1.0 5.0 3.0 1.0 3.0 4.0 2.0 5.0 4.0 4.0 5.0 2.0 3.0 5.0 5.0 2.0 4.0 5.0 4.0 5.0 3.0 4.0 2.0 5.0 3.0 5.0 3.0 2.0 3.0 1.0 2.0 3.0 2.0 3.0 2.0 5.0 1.0 1.0 2.0 5.0 4.0 3.0 1.0 5.0 2.0 4.0 4.0 4.0 2.0 2.0 4.0 5.0 2.0  
38 13.0 5.0 1.0 2.0 5.0 3.0 5.0 3.0 2.0 1.0 1.0 3.0 1.0 4.0 2.0 4.0 2.0 5.0 2.0 3.0 3.0 1.0 3.0 4.0 2.0 5.0 3.0 1.0 3.0 1.0 2.0 2.0 4.0 3.0 5.0 4.0 3.0 4.0 4.0 3.0 3.0 2.0 5.0 4.0 3.0 2.0 2.0 1.0 3.0 3.0 1.0 2.0 3.0 5.0 5.0 5.0 2.0 2.0 4.0 5.0 2.0 3.0 1.0 4.0 3.0 4.0 1.0 1.0 3.0 3.0 5.0 2.0 4.0 1.0 3.0 2.0 5.0 5.0 4.0 1.0 4.0 1.0 4.0 3.0 4.0 1.0 3.0 2.0 1.0 3.0 5.0 4.0 3.0 1.0 1.0 2.0 2.0 3.0 5.0 1.0 1.0 1.0 5.0 1.0 3.0 3.0 5.0 5.0 5.0 4.0 1.0 4.0 1.0 3.0 4.0 4.0 5.0 3.0 4.0 4.0 3.0 3.0 2.0 3.0 3.0 5.0 2.0 4.0 1.0 3.0 4.0 3.0 1.0 4.0 4.0 3.0 2.0 2.0 3.0 2.0 5.0 5.0 4.0 4.0 4.0 5.0 1.0 5.0 4.0 1.0 4.0  
47 10.0 4.0 3.0 4.0 2.0 4.0 2.0 3.0 4.0 2.0 4.0 2.0 5.0 5.0 2.0 4.0 1.0 1.0 4.0 5.0 4.0 2.0 5.0 3.0 3.0 1.0 5.0 3.0 5.0 2.0 4.0 1.0 2.0 2.0 5.0 4.0 5.0 4.0 1.0 2.0 3.0 4.0 1.0 4.0 4.0 3.0 2.0 5.0 1.0 3.0 3.0 2.0 3.0 2.0 5.0 1.0 1.0 2.0 4.0 2.0 2.0 4.0 3.0 4.0 2.0 3.0 5.0 2.0 4.0 4.0 5.0 3.0 5.0 4.0 2.0 2.0 2.0 3.0 1.0 4.0 5.0 1.0 4.0 4.0 5.0 3.0 1.0 5.0 3.0 2.0 2.0 1.0 4.0 3.0 5.0 3.0 4.0 1.0 1.0 4.0 3.0 2.0 4.0 1.0 2.0 5.0 5.0 2.0 5.0 1.0 1.0 3.0 4.0 2.0 4.0 5.0 1.0 3.0 2.0 2.0 3.0 4.0 5.0 1.0 1.0 1.0 5.0 4.0 5.0 5.0 2.0 1.0 5.0 4.0 2.0 1.0 5.0 5.0 5.0 5.0 1.0 5.0 1.0 3.0 2.0 2.0 5.0 1.0 5.0 3.0 1.0  
29 9.0 4.0 1.0 1.0 1.0 2.0 3.0 2.0 2.0 3.0 5.0 5.0 2.0 1.0 5.0 1.0 5.0 2.0 5.0 5.0 4.0 4.0 5.0 3.0 2.0 1.0 3.0 4.0 3.0 5.0 4.0 5.0 1.0 2.0 4.0 3.0 5.0 3.0 2.0 1.0 2.0 2.0 4.0 4.0 4.0 2.0 1.0 3.0 2.0 5.0 3.0 1.0 4.0 3.0 3.0 4.0 4.0 3.0 1.0 5.0 2.0 1.0 2.0 3.0 2.0 5.0 1.0 1.0 1.0 3.0 1.0 2.0 1.0 1.0 5.0 4.0 2.0 5.0 2.0 1.0 1.0 4.0 2.0 3.0 1.0 1.0 4.0 1.0 4.0 5.0 2.0 1.0 1.0 4.0 2.0 2.0 2.0 5.0 1.0 5.0 2.0 3.0 3.0 5.0 1.0 4.0 4.0 5.0 3.0 3.0 2.0 2.0 2.0 2.0 4.0 3.0 2.0 1.0 5.0 3.0 1.0 4.0 3.0 4.0 5.0 2.0 5.0 1.0 3.0 1.0 2.0 5.0 3.0 4.0 1.0 1.0 3.0 4.0 2.0 3.0 4.0 1.0 5.0 2.0 1.0 4.0 4.0 5.0 5.0 5.0 5.0  
14 9.0 3.0 1.0 4.0 3.0 3.0 5.0 4.0 4.0 4.0 2.0 4.0 1.0 4.0 3.0 2.0 4.0 1.0 5.0 2.0 5.0 3.0 1.0 2.0 5.0 1.0 2.0 5.0 2.0 3.0 2.0 2.0 1.0 4.0 2.0 4.0 1.0 1.0 3.0 4.0 4.0 3.0 1.0 5.0 4.0 3.0 3.0 3.0 4.0 2.0 3.0 1.0 5.0 4.0 2.0 5.0 5.0 2.0 1.0 4.0 5.0 3.0 2.0 3.0 4.0 5.0 2.0 4.0 5.0 2.0 4.0 1.0 5.0 2.0 3.0 3.0 2.0 4.0 4.0 2.0 5.0 3.0 1.0 2.0 4.0 2.0 2.0 1.0 4.0 5.0 1.0 5.0 4.0 1.0 2.0 5.0 2.0 3.0 4.0 4.0 4.0 1.0 4.0 3.0 5.0 2.0 4.0 2.0 1.0 1.0 3.0 2.0 3.0 2.0 4.0 2.0 4.0 2.0 2.0 3.0 1.0 5.0 4.0 4.0 5.0 1.0 2.0 2.0 3.0 4.0 1.0 5.0 4.0 2.0 4.0 2.0 5.0 2.0 3.0 3.0 2.0 5.0 2.0 4.0 1.0 2.0 2.0 4.0 4.0 5.0 1.0  
25 11.0 3.0 2.0 1.0 5.0 2.0 3.0 3.0 2.0 4.0 2.0 1.0 3.0 5.0 3.0 4.0 1.0 4.0 4.0 3.0 2.0 2.0 4.0 4.0 1.0 3.0 5.0 5.0 1.0 5.0 3.0 5.0 4.0 4.0 5.0 5.0 4.0 4.0 5.0 2.0 2.0 3.0 2.0 2.0 3.0 4.0 2.0 4.0 5.0 1.0 1.0 2.0 3.0 1.0 1.0 2.0 5.0 1.0 4.0 3.0 2.0 4.0 2.0 5.0 5.0 1.0 2.0 5.0 3.0 3.0 5.0 3.0 4.0 4.0 3.0 1.0 3.0 4.0 3.0 5.0 2.0 1.0 5.0 2.0 5.0 3.0 2.0 4.0 4.0 5.0 2.0 4.0 1.0 5.0 5.0 2.0 4.0 3.0 2.0 2.0 5.0 5.0 2.0 2.0 3.0 5.0 2.0 3.0 3.0 5.0 3.0 4.0 4.0 1.0 3.0 2.0 2.0 5.0 1.0 5.0 5.0 5.0 1.0 3.0 1.0 4.0 5.0 3.0 2.0 4.0 4.0 5.0 4.0 5.0 4.0 1.0 5.0 2.0 3.0 1.0 3.0 1.0 4.0 4.0 5.0 5.0 3.0 3.0 1.0 2.0 3.0  
9 8.0 1.0 2.0 2.0 1.0 3.0 5.0 1.0 3.0 5.0 3.0 4.0 1.0 5.0 2.0 3.0 4.0 1.0 4.0 1.0 2.0 4.0 1.0 5.0 3.0 1.0 5.0 5.0 5.0 1.0 2.0 3.0 4.0 2.0 1.0 4.0 3.0 5.0 4.0 5.0 2.0 2.0 1.0 3.0 2.0 4.0 2.0 3.0 1.0 4.0 5.0 2.0 2.0 1.0 5.0 4.0 3.0 5.0 4.0 1.0 2.0 1.0 5.0 4.0 4.0 4.0 2.0 5.0 3.0 3.0 4.0 4.0 3.0 5.0 4.0 3.0 5.0 2.0 4.0 4.0 5.0 3.0 3.0 2.0 3.0 3.0 2.0 5.0 3.0 3.0 2.0 4.0 5.0 1.0 2.0 1.0 5.0 2.0 1.0 1.0 2.0 2.0 3.0 5.0 2.0 5.0 5.0 5.0 2.0 3.0 4.0 3.0 4.0 5.0 5.0 1.0 4.0 5.0 3.0 3.0 2.0 1.0 3.0 3.0 5.0 1.0 5.0 5.0 2.0 2.0 4.0 5.0 1.0 1.0 4.0 3.0 5.0 2.0 5.0 3.0 4.0 4.0 2.0 3.0 5.0 3.0 1.0 2.0 1.0 2.0 1.0  
43 11.0 4.0 1.0 4.0 2.0 2.0 4.0 3.0 2.0 1.0 2.0 5.0 3.0 4.0 5.0 1.0 3.0 4.0 3.0 1.0 2.0 2.0 3.0 3.0 3.0 5.0 1.0 3.0 5.0 4.0 1.0 5.0 5.0 3.0 1.0 1.0 2.0 5.0 2.0 3.0 4.0 3.0 4.0 1.0 4.0 5.0 2.0 3.0 5.0 5.0 5.0 3.0 2.0 5.0 1.0 3.0 4.0 2.0 5.0 4.0 5.0 5.0 3.0 2.0 1.0 2.0 2.0 1.0 5.0 1.0 2.0 2.0 5.0 5.0 1.0 5.0 3.0 4.0 3.0 1.0 1.0 3.0 1.0 2.0 4.0 5.0 2.0 5.0 1.0 4.0 2.0 5.0 4.0 1.0 3.0 1.0 2.0 1.0 3.0 2.0 3.0 2.0 4.0 5.0 3.0 3.0 3.0 4.0 5.0 1.0 1.0 5.0 3.0 5.0 3.0 1.0 1.0 4.0 4.0 3.0 1.0 2.0 3.0 3.0 4.0 4.0 5.0 3.0 1.0 2.0 1.0 3.0 4.0 1.0 1.0 1.0 4.0 4.0 2.0 1.0 4.0 1.0 1.0 4.0 4.0 5.0 1.0 5.0 3.0 4.0 5.0  
32 9.0 2.0 5.0 3.0 2.0 1.0 1.0 5.0 5.0 3.0 4.0 3.0 2.0 5.0 1.0 2.0 2.0 1.0 1.0 1.0 1.0 2.0 3.0 5.0 3.0 4.0 4.0 3.0 5.0 3.0 4.0 1.0 2.0 3.0 1.0 3.0 3.0 4.0 3.0 1.0 5.0 4.0 2.0 1.0 5.0 2.0 3.0 5.0 2.0 5.0 3.0 2.0 4.0 4.0 5.0 1.0 1.0 2.0 1.0 1.0 1.0 5.0 5.0 1.0 4.0 2.0 3.0 3.0 4.0 3.0 2.0 1.0 2.0 2.0 3.0 5.0 4.0 5.0 2.0 4.0 2.0 5.0 2.0 3.0 3.0 2.0 1.0 4.0 2.0 2.0 2.0 5.0 2.0 1.0 4.0 3.0 4.0 5.0 2.0 5.0 3.0 1.0 5.0 4.0 5.0 2.0 3.0 5.0 3.0 3.0 3.0 5.0 1.0 1.0 5.0 1.0 2.0 1.0 5.0 4.0 2.0 1.0 2.0 2.0 4.0 4.0 4.0 1.0 3.0 2.0 3.0 4.0 4.0 2.0 4.0 3.0 4.0 1.0 1.0 2.0 1.0 5.0 3.0 1.0 1.0 5.0 2.0 4.0 2.0 1.0 1.0  
10 12.0 5.0 2.0 4.0 3.0 2.0 4.0 2.0 3.0 4.0 1.0 1.0 4.0 2.0 5.0 4.0 5.0 4.0 5.0 1.0 3.0 3.0 2.0 2.0 5.0 3.0 4.0 1.0 2.0 5.0 5.0 2.0 3.0 1.0 3.0 3.0 1.0 5.0 1.0 1.0 4.0 5.0 1.0 1.0 2.0 3.0 5.0 1.0 5.0 1.0 5.0 1.0 3.0 1.0 1.0 1.0 3.0 2.0 3.0 5.0 3.0 4.0 2.0 5.0 4.0 3.0 1.0 4.0 5.0 2.0 1.0 3.0 5.0 3.0 4.0 4.0 1.0 3.0 3.0 5.0 1.0 3.0 1.0 3.0 3.0 2.0 1.0 2.0 5.0 4.0 4.0 4.0 5.0 5.0 2.0 3.0 2.0 2.0 1.0 4.0 5.0 2.0 4.0 1.0 2.0 5.0 1.0 1.0 5.0 1.0 2.0 1.0 4.0 3.0 5.0 5.0 2.0 5.0 2.0 4.0 4.0 3.0 5.0 1.0 3.0 5.0 2.0 1.0 3.0 5.0 4.0 3.0 5.0 3.0 3.0 1.0 4.0 4.0 3.0 4.0 5.0 2.0 4.0 5.0 1.0 4.0 4.0 5.0 3.0 3.0 1.0  
41 6.0 1.0 1.0 4.0 3.0 4.0 1.0 4.0 4.0 3.0 1.0 4.0 4.0 3.0 2.0 4.0 4.0 5.0 4.0 1.0 3.0 5.0 1.0 4.0 1.0 1.0 4.0 4.0 5.0 3.0 1.0 4.0 2.0 4.0 2.0 5.0 4.0 5.0 2.0 3.0 3.0 2.0 2.0 3.0 4.0 2.0 4.0 3.0 2.0 4.0 2.0 5.0 4.0 3.0 5.0 1.0 2.0 1.0 5.0 5.0 2.0 1.0 5.0 1.0 2.0 5.0 3.0 5.0 1.0 1.0 3.0 1.0 1.0 5.0 4.0 1.0 4.0 5.0 4.0 2.0 3.0 4.0 4.0 2.0 5.0 3.0 1.0 1.0 5.0 5.0 1.0 4.0 1.0 2.0 2.0 2.0 4.0 4.0 3.0 2.0 4.0 3.0 5.0 3.0 5.0 4.0 5.0 1.0 3.0 2.0 2.0 5.0 2.0 1.0 4.0 1.0 4.0 4.0 2.0 4.0 2.0 2.0 2.0 2.0 5.0 1.0 3.0 2.0 1.0 4.0 3.0 5.0 1.0 5.0 3.0 5.0 5.0 3.0 4.0 2.0 5.0 3.0 4.0 1.0 2.0 3.0 1.0 2.0 4.0 4.0 1.0  
24 6.0 5.0 5.0 5.0 1.0 4.0 3.0 5.0 5.0 4.0 3.0 4.0 3.0 5.0 5.0 1.0 1.0 4.0 2.0 2.0 2.0 1.0 3.0 5.0 4.0 1.0 2.0 3.0 1.0 4.0 5.0 3.0 5.0 4.0 1.0 1.0 2.0 3.0 5.0 5.0 1.0 2.0 4.0 3.0 4.0 5.0 5.0 1.0 2.0 3.0 3.0 3.0 3.0 4.0 5.0 4.0 3.0 5.0 1.0 2.0 5.0 3.0 3.0 5.0 2.0 5.0 4.0 4.0 5.0 3.0 3.0 5.0 5.0 2.0 5.0 1.0 2.0 1.0 3.0 3.0 4.0 1.0 3.0 4.0 3.0 4.0 2.0 4.0 4.0 1.0 1.0 3.0 2.0 1.0 1.0 2.0 2.0 5.0 5.0 3.0 3.0 4.0 3.0 5.0 2.0 3.0 3.0 1.0 1.0 5.0 4.0 1.0 2.0 1.0 1.0 1.0 2.0 5.0 2.0 2.0 3.0 5.0 5.0 4.0 1.0 5.0 1.0 5.0 1.0 3.0 4.0 2.0 5.0 2.0 2.0 4.0 4.0 4.0 5.0 5.0 1.0 3.0 5.0 4.0 5.0 2.0 5.0 2.0 5.0 3.0 3.0  
28 9.0 4.0 1.0 1.0 5.0 2.0 5.0 1.0 1.0 3.0 4.0 3.0 2.0 2.0 2.0 1.0 4.0 4.0 1.0 1.0 3.0 5.0 3.0 3.0 2.0 4.0 5.0 2.0 4.0 1.0 3.0 4.0 5.0 1.0 2.0 3.0 5.0 2.0 2.0 4.0 1.0 1.0 2.0 2.0 5.0 5.0 1.0 1.0 1.0 2.0 2.0 1.0 2.0 5.0 4.0 5.0 5.0 1.0 3.0 5.0 2.0 5.0 5.0 2.0 4.0 2.0 2.0 2.0 3.0 1.0 1.0 4.0 2.0 5.0 4.0 2.0 4.0 2.0 5.0 1.0 2.0 2.0 5.0 1.0 3.0 5.0 1.0 2.0 3.0 1.0 1.0 1.0 5.0 1.0 5.0 4.0 1.0 4.0 4.0 3.0 2.0 3.0 1.0 3.0 2.0 4.0 4.0 4.0 4.0 4.0 1.0 3.0 1.0 4.0 4.0 2.0 2.0 1.0 5.0 4.0 1.0 5.0 5.0 1.0 2.0 1.0 3.0 4.0 1.0 2.0 5.0 4.0 5.0 5.0 4.0 4.0 5.0 4.0 2.0 4.0 5.0 4.0 5.0 1.0 3.0 1.0 2.0 4.0 1.0 1.0 1.0  
37 6.0 2.0 1.0 3.0 2.0 5.0 5.0 2.0 5.0 2.0 2.0 4.0 3.0 2.0 3.0 4.0 1.0 4.0 3.0 3.0 1.0 5.0 3.0 5.0 5.0 2.0 5.0 3.0 1.0 2.0 2.0 5.0 3.0 5.0 3.0 5.0 3.0 2.0 1.0 5.0 3.0 3.0 2.0 5.0 3.0 2.0 1.0 5.0 4.0 5.0 2.0 5.0 3.0 1.0 5.0 1.0 4.0 1.0 5.0 2.0 4.0 4.0 3.0 1.0 1.0 3.0 3.0 2.0 1.0 1.0 3.0 2.0 5.0 3.0 5.0 3.0 2.0 4.0 5.0 3.0 2.0 4.0 1.0 4.0 1.0 1.0 5.0 2.0 1.0 2.0 5.0 1.0 5.0 1.0 2.0 3.0 4.0 3.0 1.0 2.0 4.0 2.0 2.0 3.0 3.0 2.0 3.0 4.0 2.0 1.0 5.0 3.0 4.0 4.0 3.0 3.0 2.0 1.0 2.0 4.0 1.0 1.0 5.0 5.0 5.0 4.0 4.0 1.0 2.0 3.0 3.0 1.0 1.0 4.0 2.0 3.0 5.0 4.0 1.0 5.0 1.0 1.0 2.0 2.0 2.0 3.0 3.0 5.0 3.0 4.0 5.0  
42 13.0 3.0 1.0 5.0 4.0 4.0 3.0 2.0 5.0 1.0 1.0 3.0 3.0 3.0 1.0 4.0 4.0 5.0 1.0 5.0 2.0 1.0 4.0 1.0 3.0 4.0 1.0 3.0 3.0 3.0 1.0 2.0 3.0 1.0 1.0 2.0 3.0 5.0 2.0 1.0 4.0 2.0 5.0 1.0 4.0 4.0 5.0 3.0 2.0 1.0 1.0 1.0 1.0 1.0 1.0 2.0 4.0 1.0 4.0 4.0 1.0 2.0 2.0 2.0 2.0 2.0 3.0 1.0 2.0 3.0 4.0 3.0 5.0 2.0 3.0 3.0 4.0 4.0 3.0 5.0 2.0 1.0 1.0 3.0 2.0 4.0 4.0 1.0 1.0 3.0 4.0 4.0 4.0 4.0 2.0 5.0 5.0 5.0 1.0 1.0 4.0 5.0 3.0 1.0 1.0 1.0 4.0 3.0 1.0 2.0 2.0 4.0 4.0 3.0 4.0 4.0 2.0 4.0 3.0 4.0 1.0 2.0 1.0 1.0 2.0 2.0 1.0 2.0 1.0 2.0 5.0 4.0 1.0 3.0 2.0 5.0 5.0 2.0 4.0 5.0 5.0 1.0 5.0 4.0 1.0 5.0 4.0 5.0 4.0 2.0 4.0  
7 12.0 4.0 3.0 5.0 1.0 1.0 1.0 3.0 1.0 3.0 3.0 1.0 4.0 5.0 2.0 1.0 5.0 4.0 1.0 3.0 1.0 4.0 5.0 4.0 3.0 3.0 2.0 2.0 2.0 2.0 2.0 4.0 4.0 3.0 2.0 5.0 3.0 3.0 5.0 3.0 1.0 4.0 1.0 2.0 3.0 5.0 5.0 4.0 1.0 3.0 1.0 2.0 5.0 4.0 5.0 3.0 3.0 2.0 2.0 2.0 4.0 4.0 5.0 2.0 2.0 1.0 2.0 1.0 2.0 1.0 4.0 5.0 5.0 4.0 1.0 5.0 3.0 3.0 4.0 5.0 3.0 5.0 4.0 4.0 3.0 5.0 1.0 2.0 5.0 2.0 4.0 2.0 3.0 1.0 5.0 4.0 4.0 2.0 4.0 5.0 3.0 1.0 4.0 5.0 3.0 2.0 1.0 2.0 5.0 2.0 2.0 2.0 1.0 5.0 1.0 3.0 1.0 4.0 1.0 5.0 5.0 3.0 4.0 1.0 3.0 2.0 3.0 1.0 5.0 3.0 3.0 3.0 4.0 3.0 5.0 5.0 1.0 1.0 5.0 4.0 3.0 1.0 1.0 3.0 3.0 1.0 2.0 4.0 2.0 2.0 2.0  
23 6.0 2.0 3.0 1.0 4.0 2.0 5.0 2.0 1.0 5.0 4.0 5.0 5.0 2.0 3.0 1.0 4.0 2.0 2.0 2.0 2.0 3.0 4.0 3.0 5.0 3.0 4.0 5.0 1.0 2.0 2.0 2.0 3.0 5.0 3.0 3.0 5.0 4.0 5.0 4.0 4.0 5.0 2.0 4.0 2.0 2.0 1.0 1.0 4.0 3.0 3.0 4.0 2.0 5.0 3.0 1.0 2.0 1.0 5.0 1.0 3.0 5.0 3.0 4.0 2.0 4.0 4.0 1.0 2.0 1.0 3.0 4.0 1.0 2.0 1.0 2.0 1.0 3.0 1.0 4.0 3.0 3.0 2.0 4.0 2.0 1.0 4.0 5.0 4.0 1.0 2.0 5.0 3.0 1.0 3.0 4.0 2.0 3.0 1.0 2.0 5.0 2.0 2.0 5.0 2.0 5.0 4.0 5.0 1.0 5.0 2.0 2.0 3.0 4.0 4.0 1.0 1.0 1.0 5.0 1.0 3.0 3.0 2.0 1.0 2.0 2.0 4.0 2.0 1.0 5.0 5.0 5.0 1.0 2.0 5.0 3.0 5.0 4.0 1.0 3.0 5.0 5.0 3.0 2.0 4.0 5.0 2.0 5.0 5.0 1.0 4.0  
30 12.0 3.0 5.0 2.0 5.0 2.0 1.0 2.0 2.0 2.0 2.0 2.0 5.0 2.0 2.0 2.0 4.0 1.0 1.0 3.0 3.0 5.0 4.0 1.0 4.0 3.0 1.0 2.0 3.0 3.0 3.0 5.0 5.0 3.0 2.0 4.0 4.0 1.0 4.0 1.0 4.0 3.0 4.0 2.0 3.0 3.0 2.0 3.0 1.0 1.0 1.0 5.0 2.0 4.0 2.0 4.0 4.0 5.0 1.0 1.0 4.0 5.0 3.0 4.0 2.0 2.0 5.0 1.0 4.0 4.0 3.0 5.0 5.0 4.0 4.0 3.0 5.0 4.0 5.0 1.0 2.0 4.0 2.0 5.0 3.0 2.0 1.0 3.0 3.0 1.0 5.0 3.0 5.0 4.0 4.0 2.0 2.0 5.0 1.0 2.0 4.0 1.0 4.0 3.0 1.0 4.0 1.0 1.0 1.0 4.0 5.0 3.0 5.0 2.0 4.0 5.0 5.0 3.0 3.0 3.0 1.0 4.0 1.0 1.0 3.0 1.0 5.0 2.0 4.0 2.0 3.0 3.0 1.0 2.0 4.0 2.0 1.0 1.0 4.0 3.0 5.0 2.0 3.0 4.0 4.0 4.0 3.0 1.0 1.0 4.0 2.0  
49 12.0 2.0 4.0 1.0 4.0 4.0 3.0 5.0 3.0 4.0 2.0 4.0 1.0 1.0 2.0 1.0 1.0 3.0 5.0 3.0 4.0 3.0 4.0 2.0 5.0 4.0 3.0 3.0 2.0 3.0 1.0 3.0 4.0 3.0 5.0 3.0 5.0 2.0 5.0 5.0 1.0 2.0 2.0 5.0 5.0 5.0 2.0 5.0 4.0 4.0 2.0 4.0 2.0 4.0 2.0 1.0 1.0 5.0 4.0 1.0 5.0 1.0 3.0 4.0 3.0 4.0 3.0 3.0 4.0 5.0 1.0 5.0 3.0 5.0 1.0 2.0 3.0 4.0 1.0 3.0 1.0 2.0 2.0 3.0 3.0 5.0 2.0 3.0 3.0 4.0 4.0 3.0 4.0 2.0 1.0 3.0 1.0 2.0 3.0 4.0 3.0 4.0 4.0 4.0 2.0 2.0 4.0 4.0 2.0 2.0 4.0 5.0 3.0 3.0 4.0 3.0 2.0 1.0 5.0 5.0 3.0 1.0 5.0 4.0 1.0 5.0 4.0 5.0 5.0 1.0 2.0 2.0 4.0 4.0 1.0 2.0 3.0 4.0 3.0 5.0 5.0 2.0 1.0 4.0 3.0 4.0 3.0 2.0 1.0 3.0 3.0  
17 10.0 1.0 5.0 4.0 1.0 4.0 3.0 1.0 3.0 2.0 5.0 2.0 1.0 2.0 2.0 4.0 2.0 1.0 3.0 5.0 3.0 3.0 4.0 4.0 4.0 5.0 4.0 2.0 4.0 5.0 2.0 4.0 4.0 5.0 3.0 3.0 1.0 1.0 5.0 1.0 1.0 3.0 4.0 3.0 5.0 2.0 4.0 5.0 1.0 2.0 1.0 5.0 5.0 3.0 1.0 5.0 3.0 1.0 2.0 5.0 2.0 3.0 1.0 4.0 5.0 4.0 5.0 1.0 5.0 2.0 3.0 2.0 3.0 5.0 5.0 5.0 2.0 1.0 4.0 5.0 4.0 4.0 3.0 2.0 5.0 1.0 1.0 1.0 1.0 3.0 3.0 3.0 2.0 4.0 5.0 4.0 4.0 5.0 1.0 5.0 3.0 5.0 5.0 3.0 3.0 5.0 3.0 4.0 1.0 4.0 5.0 4.0 3.0 5.0 4.0 4.0 3.0 1.0 1.0 4.0 1.0 4.0 4.0 1.0 5.0 4.0 4.0 3.0 5.0 4.0 3.0 4.0 4.0 3.0 2.0 1.0 4.0 5.0 3.0 5.0 2.0 3.0 2.0 1.0 4.0 1.0 5.0 4.0 5.0 5.0 4.0  
3 14.0 1.0 2.0 5.0 1.0 5.0 2.0 2.0 1.0 1.0 1.0 3.0 2.0 4.0 5.0 1.0 1.0 5.0 5.0 5.0 1.0 4.0 2.0 2.0 1.0 1.0 3.0 4.0 3.0 3.0 5.0 4.0 2.0 3.0 1.0 4.0 4.0 2.0 5.0 2.0 2.0 4.0 3.0 3.0 2.0 2.0 1.0 5.0 3.0 4.0 3.0 4.0 2.0 2.0 3.0 4.0 5.0 5.0 4.0 3.0 1.0 5.0 4.0 1.0 4.0 2.0 1.0 3.0 2.0 3.0 1.0 1.0 5.0 5.0 1.0 5.0 2.0 3.0 5.0 4.0 3.0 1.0 3.0 5.0 4.0 5.0 2.0 2.0 5.0 5.0 3.0 5.0 2.0 4.0 4.0 4.0 2.0 4.0 1.0 3.0 5.0 5.0 5.0 1.0 3.0 3.0 4.0 3.0 1.0 3.0 4.0 4.0 5.0 1.0 5.0 1.0 2.0 1.0 2.0 2.0 1.0 4.0 2.0 4.0 3.0 2.0 3.0 5.0 2.0 1.0 1.0 4.0 4.0 5.0 3.0 2.0 3.0 1.0 1.0 4.0 2.0 3.0 2.0 3.0 5.0 2.0 5.0 1.0 5.0 3.0 2.0  
31 7.0 3.0 4.0 5.0 5.0 1.0 3.0 1.0 2.0 3.0 1.0 1.0 2.0 4.0 1.0 5.0 1.0 2.0 3.0 4.0 3.0 1.0 1.0 4.0 4.0 3.0 5.0 5.0 5.0 5.0 4.0 4.0 3.0 4.0 4.0 3.0 3.0 5.0 3.0 3.0 2.0 4.0 5.0 5.0 1.0 2.0 1.0 2.0 2.0 2.0 2.0 3.0 2.0 2.0 2.0 5.0 3.0 4.0 5.0 1.0 5.0 1.0 2.0 3.0 2.0 4.0 5.0 5.0 1.0 3.0 5.0 5.0 3.0 3.0 2.0 2.0 5.0 1.0 1.0 2.0 5.0 3.0 2.0 4.0 2.0 5.0 4.0 4.0 2.0 3.0 4.0 1.0 2.0 5.0 5.0 1.0 4.0 4.0 4.0 5.0 4.0 4.0 5.0 2.0 1.0 1.0 4.0 1.0 5.0 3.0 5.0 3.0 5.0 1.0 2.0 2.0 5.0 1.0 1.0 4.0 3.0 5.0 1.0 3.0 1.0 3.0 1.0 4.0 5.0 3.0 3.0 1.0 5.0 4.0 1.0 5.0 4.0 3.0 1.0 5.0 1.0 5.0 5.0 3.0 3.0 1.0 3.0 1.0 5.0 3.0 2.0  
12 8.0 5.0 5.0 1.0 2.0 3.0 1.0 1.0 3.0 2.0 4.0 3.0 3.0 2.0 4.0 1.0 3.0 3.0 5.0 3.0 1.0 1.0 3.0 3.0 4.0 5.0 4.0 4.0 2.0 1.0 3.0 2.0 5.0 5.0 1.0 2.0 1.0 5.0 1.0 5.0 5.0 2.0 1.0 5.0 4.0 1.0 3.0 4.0 2.0 1.0 2.0 2.0 1.0 1.0 3.0 5.0 1.0 4.0 5.0 3.0 5.0 1.0 5.0 2.0 3.0 2.0 4.0 1.0 4.0 3.0 3.0 4.0 3.0 3.0 2.0 3.0 4.0 1.0 3.0 2.0 2.0 4.0 2.0 5.0 4.0 4.0 1.0 5.0 5.0 2.0 2.0 1.0 3.0 1.0 4.0 4.0 4.0 3.0 4.0 2.0 3.0 1.0 5.0 1.0 3.0 4.0 1.0 2.0 5.0 5.0 2.0 5.0 3.0 4.0 2.0 3.0 1.0 2.0 1.0 4.0 1.0 3.0 2.0 4.0 1.0 1.0 1.0 3.0 5.0 4.0 3.0 4.0 3.0 3.0 1.0 1.0 4.0 5.0 4.0 5.0 5.0 3.0 4.0 1.0 5.0 1.0 2.0 5.0 2.0 4.0 3.0  
4 15.0 2.0 3.0 5.0 1.0 3.0 5.0 3.0 3.0 2.0 1.0 3.0 5.0 4.0 2.0 5.0 2.0 5.0 3.0 2.0 3.0 4.0 2.0 3.0 2.0 1.0 4.0 2.0 2.0 4.0 4.0 1.0 2.0 4.0 2.0 4.0 3.0 5.0 5.0 3.0 5.0 3.0 4.0 4.0 4.0 5.0 5.0 2.0 5.0 3.0 5.0 4.0 2.0 2.0 5.0 5.0 2.0 2.0 1.0 3.0 5.0 3.0 4.0 2.0 4.0 5.0 1.0 3.0 2.0 5.0 5.0 5.0 1.0 2.0 4.0 1.0 2.0 3.0 5.0 4.0 5.0 3.0 2.0 1.0 3.0 4.0 1.0 4.0 5.0 3.0 1.0 2.0 2.0 5.0 4.0 1.0 4.0 4.0 4.0 2.0 3.0 3.0 4.0 3.0 2.0 2.0 3.0 5.0 5.0 5.0 5.0 1.0 3.0 2.0 5.0 5.0 4.0 4.0 3.0 1.0 3.0 4.0 2.0 4.0 4.0 4.0 3.0 1.0 2.0 3.0 1.0 3.0 4.0 2.0 5.0 1.0 5.0 2.0 3.0 2.0 1.0 1.0 5.0 5.0 3.0 2.0 5.0 1.0 3.0 1.0 3.0  
27 12.0 1.0 1.0 2.0 3.0 1.0 5.0 3.0 5.0 5.0 3.0 5.0 1.0 2.0 3.0 1.0 2.0 5.0 2.0 3.0 2.0 3.0 2.0 4.0 4.0 3.0 5.0 4.0 3.0 1.0 5.0 3.0 1.0 5.0 3.0 1.0 2.0 2.0 5.0 3.0 2.0 2.0 4.0 4.0 2.0 3.0 1.0 1.0 3.0 3.0 4.0 1.0 2.0 4.0 3.0 1.0 2.0 5.0 1.0 4.0 4.0 4.0 4.0 4.0 3.0 5.0 4.0 5.0 4.0 2.0 3.0 1.0 5.0 3.0 1.0 4.0 3.0 1.0 4.0 3.0 3.0 4.0 5.0 4.0 4.0 3.0 4.0 5.0 4.0 5.0 3.0 1.0 3.0 2.0 2.0 3.0 5.0 1.0 5.0 2.0 3.0 1.0 4.0 2.0 2.0 5.0 3.0 1.0 2.0 3.0 2.0 1.0 5.0 1.0 3.0 4.0 1.0 4.0 1.0 4.0 4.0 4.0 5.0 1.0 1.0 4.0 1.0 2.0 4.0 3.0 2.0 3.0 3.0 4.0 2.0 1.0 2.0 4.0 1.0 3.0 2.0 3.0 5.0 1.0 4.0 1.0 1.0 1.0 5.0 4.0 5.0  
21 11.0 4.0 4.0 2.0 3.0 4.0 5.0 5.0 5.0 1.0 5.0 3.0 4.0 2.0 5.0 2.0 3.0 2.0 2.0 4.0 4.0 4.0 3.0 4.0 5.0 4.0 2.0 2.0 5.0 4.0 1.0 1.0 5.0 1.0 5.0 5.0 1.0 1.0 3.0 2.0 5.0 5.0 1.0 2.0 2.0 3.0 4.0 1.0 4.0 5.0 5.0 1.0 5.0 1.0 4.0 4.0 3.0 4.0 1.0 2.0 2.0 3.0 1.0 4.0 1.0 4.0 5.0 2.0 5.0 5.0 3.0 3.0 2.0 4.0 2.0 2.0 1.0 3.0 4.0 3.0 4.0 2.0 4.0 3.0 1.0 2.0 1.0 1.0 2.0 3.0 5.0 4.0 4.0 4.0 2.0 3.0 5.0 3.0 3.0 2.0 5.0 5.0 1.0 3.0 1.0 2.0 4.0 2.0 5.0 4.0 4.0 5.0 1.0 4.0 2.0 3.0 5.0 3.0 5.0 1.0 1.0 5.0 3.0 3.0 4.0 4.0 5.0 3.0 1.0 5.0 2.0 4.0 1.0 4.0 1.0 1.0 1.0 3.0 2.0 4.0 2.0 3.0 3.0 3.0 2.0 3.0 2.0 5.0 4.0 5.0 4.0  
48 11.0 4.0 5.0 2.0 4.0 2.0 2.0 4.0 4.0 1.0 1.0 4.0 1.0 1.0 5.0 1.0 1.0 1.0 3.0 3.0 4.0 4.0 4.0 1.0 1.0 3.0 3.0 5.0 5.0 3.0 3.0 3.0 4.0 4.0 1.0 5.0 1.0 2.0 2.0 5.0 2.0 3.0 5.0 5.0 2.0 1.0 4.0 1.0 3.0 1.0 3.0 5.0 2.0 1.0 5.0 1.0 5.0 1.0 3.0 1.0 1.0 4.0 2.0 5.0 2.0 2.0 4.0 1.0 5.0 4.0 1.0 3.0 4.0 2.0 5.0 1.0 2.0 5.0 5.0 1.0 4.0 5.0 1.0 2.0 3.0 3.0 1.0 2.0 5.0 5.0 3.0 4.0 3.0 2.0 2.0 2.0 3.0 5.0 5.0 2.0 1.0 2.0 5.0 3.0 4.0 1.0 1.0 2.0 1.0 2.0 2.0 4.0 2.0 4.0 5.0 2.0 4.0 4.0 1.0 3.0 2.0 3.0 3.0 2.0 5.0 1.0 1.0 2.0 5.0 4.0 2.0 2.0 1.0 4.0 3.0 1.0 5.0 3.0 4.0 2.0 4.0 4.0 2.0 5.0 2.0 4.0 1.0 1.0 5.0 4.0 3.0  
36 9.0 3.0 2.0 5.0 3.0 3.0 2.0 5.0 4.0 5.0 1.0 1.0 1.0 5.0 4.0 4.0 3.0 2.0 2.0 1.0 4.0 2.0 3.0 5.0 2.0 1.0 3.0 4.0 2.0 1.0 5.0 5.0 2.0 1.0 3.0 1.0 3.0 5.0 3.0 5.0 1.0 3.0 5.0 4.0 5.0 2.0 1.0 1.0 5.0 2.0 5.0 2.0 5.0 2.0 5.0 2.0 1.0 4.0 1.0 2.0 1.0 5.0 1.0 3.0 4.0 1.0 4.0 5.0 2.0 3.0 3.0 1.0 3.0 3.0 5.0 1.0 2.0 3.0 3.0 4.0 5.0 2.0 1.0 2.0 3.0 2.0 5.0 3.0 1.0 1.0 1.0 2.0 4.0 5.0 5.0 5.0 4.0 2.0 2.0 3.0 3.0 2.0 1.0 4.0 2.0 4.0 5.0 5.0 3.0 4.0 2.0 3.0 1.0 5.0 3.0 1.0 1.0 5.0 3.0 5.0 1.0 3.0 4.0 1.0 5.0 4.0 2.0 5.0 1.0 2.0 2.0 2.0 2.0 5.0 3.0 3.0 5.0 5.0 5.0 1.0 3.0 5.0 3.0 5.0 4.0 3.0 5.0 3.0 5.0 4.0 3.0  
6 8.0 1.0 1.0 1.0 2.0 3.0 4.0 1.0 5.0 5.0 5.0 2.0 3.0 2.0 1.0 4.0 2.0 4.0 5.0 4.0 3.0 3.0 3.0 4.0 1.0 3.0 1.0 2.0 3.0 1.0 2.0 5.0 2.0 2.0 2.0 3.0 5.0 2.0 3.0 4.0 4.0 5.0 2.0 1.0 3.0 1.0 4.0 5.0 3.0 2.0 1.0 1.0 5.0 2.0 4.0 1.0 3.0 1.0 2.0 1.0 4.0 1.0 2.0 4.0 2.0 1.0 1.0 4.0 3.0 2.0 3.0 4.0 2.0 2.0 1.0 1.0 2.0 3.0 5.0 4.0 4.0 2.0 3.0 5.0 5.0 2.0 4.0 2.0 5.0 1.0 4.0 5.0 5.0 1.0 3.0 3.0 1.0 5.0 3.0 1.0 4.0 2.0 3.0 2.0 2.0 1.0 2.0 4.0 3.0 2.0 2.0 1.0 3.0 1.0 5.0 4.0 3.0 5.0 3.0 1.0 5.0 1.0 5.0 5.0 4.0 2.0 5.0 4.0 5.0 1.0 1.0 5.0 1.0 4.0 1.0 1.0 5.0 3.0 2.0 4.0 1.0 2.0 1.0 5.0 4.0 2.0 4.0 1.0 5.0 3.0 2.0  
16 9.0 1.0 3.0 3.0 4.0 1.0 2.0 4.0 5.0 2.0 2.0 1.0 1.0 1.0 5.0 4.0 2.0 1.0 2.0 1.0 4.0 2.0 2.0 1.0 1.0 1.0 1.0 2.0 2.0 2.0 4.0 2.0 1.0 4.0 1.0 5.0 4.0 5.0 3.0 2.0 2.0 5.0 2.0 2.0 2.0 1.0 5.0 1.0 2.0 4.0 4.0 1.0 5.0 1.0 1.0 5.0 3.0 1.0 4.0 3.0 2.0 3.0 5.0 3.0 4.0 2.0 4.0 1.0 2.0 2.0 1.0 5.0 5.0 4.0 1.0 3.0 4.0 5.0 4.0 3.0 5.0 2.0 1.0 5.0 3.0 5.0 5.0 1.0 5.0 1.0 3.0 5.0 4.0 3.0 2.0 4.0 5.0 4.0 1.0 2.0 3.0 2.0 3.0 4.0 4.0 1.0 1.0 3.0 4.0 4.0 1.0 3.0 3.0 5.0 4.0 3.0 4.0 4.0 4.0 5.0 3.0 4.0 1.0 3.0 3.0 4.0 4.0 2.0 2.0 1.0 5.0 1.0 5.0 1.0 3.0 1.0 2.0 4.0 1.0 2.0 5.0 4.0 4.0 3.0 5.0 2.0 4.0 3.0 1.0 4.0 3.0  
26 9.0 1.0 1.0 5.0 2.0 2.0 3.0 2.0 1.0 5.0 3.0 2.0 3.0 5.0 4.0 4.0 1.0 5.0 2.0 5.0 4.0 1.0 4.0 2.0 1.0 3.0 4.0 3.0 1.0 3.0 1.0 1.0 4.0 1.0 5.0 5.0 3.0 3.0 2.0 2.0 3.0 4.0 4.0 5.0 2.0 2.0 1.0 5.0 1.0 1.0 1.0 2.0 4.0 5.0 5.0 3.0 2.0 1.0 1.0 1.0 1.0 1.0 5.0 4.0 1.0 5.0 3.0 3.0 5.0 4.0 5.0 2.0 5.0 2.0 1.0 3.0 2.0 3.0 1.0 5.0 4.0 4.0 2.0 2.0 2.0 2.0 4.0 5.0 3.0 4.0 2.0 5.0 5.0 2.0 4.0 5.0 2.0 5.0 4.0 4.0 1.0 1.0 4.0 1.0 3.0 5.0 3.0 5.0 4.0 2.0 4.0 5.0 4.0 4.0 5.0 3.0 3.0 3.0 4.0 3.0 4.0 4.0 3.0 5.0 2.0 4.0 1.0 3.0 3.0 1.0 3.0 5.0 3.0 2.0 2.0 1.0 4.0 3.0 5.0 4.0 5.0 4.0 3.0 1.0 5.0 4.0 3.0 1.0 2.0 3.0 4.0  
13 10.0 4.0 5.0 2.0 4.0 3.0 4.0 5.0 1.0 4.0 5.0 3.0 4.0 3.0 3.0 2.0 2.0 1.0 5.0 4.0 2.0 5.0 5.0 4.0 5.0 4.0 4.0 2.0 4.0 1.0 4.0 4.0 5.0 4.0 4.0 5.0 4.0 4.0 5.0 5.0 3.0 1.0 4.0 4.0 5.0 1.0 2.0 3.0 5.0 3.0 2.0 2.0 3.0 1.0 3.0 3.0 4.0 1.0 1.0 4.0 4.0 4.0 3.0 4.0 2.0 4.0 5.0 1.0 1.0 3.0 1.0 3.0 2.0 2.0 2.0 3.0 1.0 2.0 3.0 5.0 3.0 3.0 3.0 2.0 4.0 2.0 3.0 5.0 5.0 2.0 1.0 4.0 3.0 1.0 1.0 2.0 2.0 2.0 2.0 5.0 2.0 2.0 1.0 3.0 2.0 2.0 3.0 5.0 3.0 2.0 5.0 1.0 1.0 5.0 5.0 4.0 3.0 4.0 1.0 1.0 3.0 3.0 2.0 1.0 3.0 3.0 1.0 4.0 2.0 2.0 4.0 5.0 3.0 2.0 1.0 5.0 2.0 3.0 3.0 4.0 1.0 5.0 4.0 5.0 5.0 2.0 1.0 3.0 2.0 2.0 1.0  
15 15.0 1.0 3.0 2.0 4.0 5.0 5.0 1.0 5.0 3.0 4.0 4.0 3.0 2.0 3.0 5.0 5.0 1.0 2.0 4.0 1.0 5.0 3.0 3.0 5.0 4.0 1.0 5.0 1.0 2.0 1.0 5.0 3.0 1.0 3.0 5.0 1.0 4.0 4.0 5.0 1.0 4.0 3.0 4.0 4.0 1.0 4.0 2.0 5.0 4.0 1.0 5.0 3.0 2.0 2.0 5.0 2.0 2.0 2.0 5.0 4.0 4.0 1.0 1.0 4.0 1.0 5.0 4.0 4.0 3.0 5.0 5.0 3.0 4.0 2.0 1.0 2.0 4.0 4.0 1.0 3.0 4.0 1.0 4.0 3.0 2.0 2.0 2.0 2.0 1.0 5.0 3.0 2.0 1.0 4.0 1.0 1.0 1.0 5.0 2.0 1.0 3.0 1.0 4.0 3.0 2.0 1.0 2.0 1.0 1.0 2.0 4.0 5.0 2.0 2.0 3.0 4.0 2.0 3.0 4.0 5.0 3.0 5.0 5.0 3.0 1.0 3.0 5.0 4.0 2.0 4.0 5.0 3.0 3.0 2.0 2.0 5.0 1.0 1.0 5.0 3.0 2.0 2.0 3.0 5.0 5.0 3.0 3.0 3.0 1.0 5.0  
20 14.0 2.0 1.0 2.0 1.0 5.0 3.0 2.0 4.0 4.0 4.0 3.0 5.0 3.0 5.0 4.0 4.0 5.0 2.0 5.0 3.0 1.0 5.0 1.0 5.0 1.0 4.0 4.0 4.0 4.0 1.0 1.0 4.0 2.0 3.0 1.0 3.0 5.0 1.0 5.0 4.0 1.0 5.0 4.0 2.0 1.0 2.0 3.0 5.0 5.0 1.0 2.0 1.0 5.0 1.0 3.0 5.0 3.0 5.0 5.0 3.0 4.0 3.0 3.0 4.0 5.0 4.0 5.0 3.0 3.0 3.0 5.0 2.0 1.0 3.0 3.0 5.0 4.0 2.0 1.0 3.0 4.0 5.0 4.0 3.0 3.0 1.0 1.0 3.0 1.0 2.0 4.0 1.0 2.0 5.0 5.0 4.0 1.0 2.0 1.0 5.0 1.0 5.0 3.0 3.0 1.0 3.0 2.0 3.0 1.0 3.0 3.0 4.0 2.0 3.0 3.0 5.0 1.0 1.0 2.0 5.0 3.0 2.0 2.0 3.0 5.0 5.0 1.0 4.0 3.0 5.0 5.0 2.0 4.0 1.0 5.0 3.0 2.0 2.0 3.0 5.0 1.0 5.0 4.0 2.0 2.0 4.0 4.0 5.0 3.0 3.0  
35 14.0 3.0 5.0 2.0 5.0 4.0 1.0 4.0 3.0 3.0 4.0 4.0 4.0 3.0 5.0 5.0 5.0 2.0 1.0 3.0 3.0 1.0 2.0 4.0 4.0 1.0 3.0 4.0 5.0 2.0 2.0 1.0 3.0 3.0 5.0 5.0 2.0 3.0 1.0 1.0 5.0 5.0 3.0 1.0 1.0 5.0 5.0 2.0 4.0 3.0 3.0 3.0 3.0 4.0 3.0 4.0 3.0 1.0 3.0 1.0 3.0 4.0 1.0 2.0 2.0 2.0 5.0 3.0 4.0 3.0 1.0 2.0 4.0 2.0 3.0 1.0 3.0 1.0 3.0 2.0 1.0 4.0 4.0 1.0 3.0 5.0 4.0 4.0 1.0 5.0 4.0 3.0 4.0 1.0 4.0 1.0 1.0 5.0 3.0 2.0 5.0 2.0 4.0 3.0 3.0 4.0 5.0 5.0 1.0 3.0 1.0 4.0 2.0 3.0 5.0 5.0 4.0 5.0 5.0 3.0 2.0 1.0 4.0 3.0 3.0 3.0 4.0 4.0 5.0 5.0 1.0 2.0 1.0 4.0 5.0 4.0 1.0 5.0 5.0 2.0 5.0 4.0 2.0 5.0 5.0 1.0 1.0 2.0 1.0 4.0 4.0  
34 13.0 3.0 3.0 3.0 4.0 1.0 5.0 4.0 2.0 2.0 1.0 3.0 3.0 3.0 3.0 4.0 1.0 5.0 1.0 2.0 5.0 2.0 2.0 4.0 5.0 1.0 3.0 4.0 3.0 1.0 4.0 4.0 2.0 2.0 2.0 5.0 4.0 2.0 2.0 2.0 3.0 3.0 4.0 1.0 1.0 2.0 5.0 4.0 5.0 2.0 5.0 2.0 1.0 2.0 4.0 3.0 2.0 5.0 5.0 4.0 1.0 3.0 2.0 2.0 4.0 5.0 1.0 1.0 3.0 4.0 4.0 4.0 3.0 4.0 1.0 3.0 5.0 4.0 1.0 5.0 2.0 3.0 5.0 3.0 5.0 5.0 3.0 4.0 4.0 3.0 5.0 2.0 5.0 3.0 5.0 2.0 2.0 4.0 1.0 4.0 4.0 4.0 3.0 2.0 3.0 3.0 5.0 4.0 3.0 5.0 1.0 4.0 3.0 2.0 2.0 1.0 1.0 4.0 1.0 3.0 1.0 4.0 1.0 2.0 1.0 3.0 2.0 4.0 1.0 5.0 3.0 2.0 1.0 2.0 1.0 5.0 5.0 4.0 3.0 1.0 4.0 2.0 2.0 5.0 1.0 1.0 2.0 3.0 2.0 5.0 5.0  
44 14.0 1.0 2.0 5.0 4.0 1.0 5.0 1.0 1.0 3.0 4.0 3.0 3.0 1.0 2.0 2.0 5.0 1.0 3.0 4.0 4.0 1.0 1.0 3.0 4.0 5.0 3.0 5.0 1.0 4.0 3.0 4.0 3.0 3.0 4.0 2.0 2.0 5.0 5.0 1.0 3.0 3.0 1.0 5.0 3.0 5.0 4.0 4.0 1.0 4.0 1.0 5.0 4.0 1.0 1.0 2.0 1.0 5.0 2.0 1.0 5.0 5.0 2.0 2.0 5.0 3.0 1.0 4.0 2.0 1.0 1.0 5.0 4.0 4.0 3.0 4.0 2.0 5.0 4.0 2.0 1.0 5.0 5.0 4.0 1.0 2.0 3.0 3.0 1.0 1.0 3.0 3.0 4.0 2.0 5.0 3.0 1.0 2.0 2.0 5.0 4.0 3.0 2.0 3.0 2.0 4.0 5.0 2.0 5.0 2.0 4.0 5.0 4.0 3.0 5.0 1.0 5.0 5.0 2.0 4.0 2.0 2.0 1.0 3.0 4.0 3.0 1.0 4.0 5.0 2.0 5.0 3.0 4.0 1.0 5.0 2.0 1.0 4.0 2.0 2.0 5.0 2.0 4.0 5.0 5.0 3.0 4.0 5.0 1.0 4.0 2.0  
39 13.0 3.0 5.0 5.0 5.0 2.0 3.0 4.0 2.0 3.0 4.0 1.0 5.0 2.0 1.0 5.0 2.0 5.0 4.0 2.0 5.0 5.0 5.0 5.0 5.0 1.0 4.0 4.0 3.0 1.0 2.0 4.0 2.0 1.0 2.0 5.0 1.0 1.0 4.0 2.0 3.0 2.0 5.0 3.0 3.0 2.0 1.0 4.0 1.0 4.0 2.0 4.0 5.0 1.0 2.0 4.0 4.0 4.0 4.0 3.0 2.0 3.0 5.0 2.0 4.0 3.0 1.0 5.0 3.0 5.0 5.0 1.0 4.0 4.0 2.0 4.0 1.0 2.0 4.0 5.0 3.0 4.0 1.0 4.0 2.0 3.0 5.0 1.0 4.0 5.0 5.0 2.0 4.0 3.0 2.0 3.0 3.0 2.0 3.0 1.0 3.0 1.0 1.0 2.0 5.0 5.0 1.0 1.0 1.0 1.0 3.0 5.0 5.0 4.0 1.0 5.0 1.0 3.0 2.0 4.0 1.0 5.0 3.0 3.0 4.0 5.0 4.0 2.0 1.0 1.0 5.0 2.0 1.0 1.0 2.0 2.0 2.0 4.0 1.0 2.0 2.0 4.0 3.0 4.0 3.0 2.0 2.0 3.0 4.0 4.0 5.0  
33 13.0 5.0 4.0 3.0 2.0 2.0 5.0 3.0 4.0 1.0 1.0 2.0 2.0 5.0 1.0 5.0 3.0 4.0 1.0 2.0 2.0 5.0 5.0 1.0 3.0 3.0 1.0 1.0 2.0 1.0 2.0 2.0 4.0 4.0 2.0 3.0 3.0 3.0 4.0 1.0 4.0 4.0 3.0 5.0 5.0 2.0 2.0 4.0 2.0 5.0 5.0 1.0 4.0 3.0 5.0 3.0 5.0 3.0 1.0 3.0 3.0 5.0 2.0 2.0 2.0 5.0 4.0 5.0 1.0 5.0 1.0 1.0 2.0 3.0 5.0 3.0 3.0 4.0 3.0 3.0 4.0 4.0 5.0 1.0 4.0 1.0 1.0 1.0 3.0 1.0 2.0 1.0 1.0 5.0 3.0 2.0 3.0 3.0 5.0 4.0 4.0 2.0 3.0 5.0 1.0 4.0 3.0 5.0 1.0 2.0 2.0 3.0 4.0 2.0 4.0 2.0 5.0 1.0 4.0 3.0 4.0 2.0 3.0 1.0 4.0 3.0 1.0 2.0 2.0 3.0 5.0 3.0 5.0 4.0 2.0 5.0 1.0 2.0 3.0 1.0 2.0 4.0 3.0 4.0 2.0 4.0 2.0 5.0 1.0 1.0 4.0  
8 12.0 2.0 1.0 5.0 5.0 5.0 1.0 4.0 2.0 2.0 1.0 3.0 1.0 4.0 3.0 1.0 3.0 3.0 4.0 1.0 3.0 4.0 2.0 1.0 3.0 1.0 2.0 1.0 3.0 5.0 5.0 1.0 2.0 3.0 2.0 1.0 5.0 5.0 1.0 3.0 3.0 3.0 5.0 2.0 2.0 3.0 4.0 4.0 4.0 5.0 4.0 3.0 5.0 1.0 2.0 5.0 2.0 1.0 4.0 1.0 2.0 2.0 2.0 5.0 2.0 4.0 2.0 5.0 3.0 3.0 4.0 2.0 3.0 4.0 4.0 4.0 1.0 2.0 2.0 2.0 1.0 4.0 5.0 3.0 4.0 4.0 3.0 2.0 3.0 1.0 3.0 1.0 2.0 1.0 5.0 4.0 2.0 4.0 5.0 3.0 3.0 2.0 4.0 1.0 5.0 5.0 3.0 5.0 3.0 3.0 4.0 1.0 3.0 4.0 4.0 1.0 5.0 4.0 5.0 4.0 5.0 4.0 3.0 5.0 1.0 4.0 1.0 4.0 5.0 3.0 1.0 3.0 4.0 2.0 2.0 5.0 5.0 5.0 2.0 1.0 1.0 5.0 3.0 3.0 4.0 3.0 2.0 3.0 5.0 2.0 2.0  
5 12.0 4.0 3.0 5.0 1.0 5.0 4.0 2.0 2.0 3.0 1.0 2.0 5.0 5.0 4.0 2.0 1.0 5.0 1.0 3.0 3.0 2.0 2.0 3.0 5.0 5.0 1.0 4.0 5.0 4.0 1.0 2.0 5.0 5.0 2.0 3.0 3.0 4.0 5.0 1.0 4.0 1.0 5.0 4.0 1.0 2.0 2.0 3.0 3.0 5.0 4.0 3.0 2.0 1.0 4.0 1.0 3.0 1.0 3.0 5.0 3.0 4.0 5.0 2.0 4.0 1.0 4.0 2.0 4.0 3.0 4.0 2.0 1.0 3.0 3.0 1.0 4.0 2.0 2.0 2.0 1.0 3.0 4.0 5.0 3.0 2.0 1.0 2.0 4.0 5.0 5.0 5.0 4.0 3.0 5.0 1.0 4.0 2.0 3.0 4.0 3.0 4.0 2.0 3.0 4.0 3.0 1.0 2.0 2.0 3.0 3.0 2.0 1.0 4.0 2.0 3.0 2.0 1.0 1.0 5.0 5.0 1.0 5.0 5.0 3.0 1.0 5.0 4.0 1.0 1.0 5.0 4.0 5.0 2.0 4.0 2.0 1.0 5.0 2.0 3.0 4.0 5.0 5.0 1.0 3.0 5.0 3.0 2.0 3.0 1.0 4.0  
18 6.0 4.0 1.0 1.0 5.0 2.0 4.0 5.0 4.0 2.0 4.0 5.0 1.0 4.0 4.0 5.0 4.0 2.0 2.0 3.0 4.0 3.0 4.0 5.0 5.0 3.0 4.0 3.0 4.0 2.0 4.0 4.0 4.0 2.0 1.0 1.0 1.0 5.0 2.0 4.0 3.0 5.0 3.0 1.0 5.0 4.0 2.0 5.0 1.0 3.0 5.0 1.0 3.0 4.0 4.0 4.0 2.0 1.0 5.0 5.0 3.0 5.0 3.0 2.0 3.0 1.0 1.0 3.0 3.0 3.0 2.0 1.0 5.0 2.0 2.0 3.0 5.0 2.0 2.0 3.0 1.0 3.0 4.0 2.0 2.0 2.0 5.0 4.0 3.0 5.0 5.0 5.0 2.0 3.0 3.0 2.0 4.0 3.0 2.0 4.0 1.0 1.0 1.0 3.0 5.0 5.0 2.0 3.0 2.0 3.0 4.0 4.0 3.0 1.0 3.0 5.0 4.0 4.0 2.0 3.0 4.0 1.0 2.0 3.0 2.0 2.0 3.0 3.0 3.0 5.0 2.0 5.0 4.0 5.0 3.0 5.0 4.0 1.0 5.0 2.0 5.0 5.0 1.0 5.0 1.0 3.0 5.0 3.0 4.0 5.0 4.0  
11 12.0 3.0 2.0 4.0 2.0 3.0 2.0 1.0 2.0 1.0 1.0 4.0 3.0 5.0 5.0 2.0 5.0 1.0 1.0 5.0 3.0 4.0 3.0 4.0 3.0 1.0 2.0 2.0 1.0 2.0 4.0 1.0 5.0 4.0 4.0 4.0 4.0 3.0 2.0 2.0 2.0 1.0 4.0 1.0 5.0 2.0 2.0 4.0 1.0 3.0 2.0 2.0 4.0 1.0 2.0 3.0 3.0 2.0 3.0 4.0 1.0 1.0 3.0 3.0 5.0 2.0 4.0 5.0 3.0 5.0 1.0 3.0 1.0 5.0 1.0 2.0 5.0 1.0 4.0 2.0 2.0 2.0 1.0 2.0 3.0 2.0 4.0 4.0 5.0 2.0 4.0 5.0 4.0 3.0 4.0 3.0 5.0 2.0 2.0 2.0 3.0 2.0 1.0 1.0 2.0 3.0 3.0 4.0 4.0 5.0 4.0 5.0 5.0 5.0 4.0 1.0 2.0 2.0 2.0 1.0 4.0 1.0 3.0 1.0 1.0 1.0 5.0 1.0 4.0 5.0 2.0 4.0 5.0 5.0 2.0 2.0 3.0 4.0 3.0 2.0 2.0 4.0 5.0 2.0 1.0 2.0 5.0 2.0 1.0 5.0 1.0  
2 7.0 4.0 1.0 2.0 4.0 4.0 4.0 4.0 1.0 1.0 4.0 5.0 2.0 3.0 4.0 2.0 3.0 1.0 2.0 5.0 1.0 5.0 5.0 3.0 2.0 5.0 3.0 4.0 1.0 5.0 1.0 4.0 2.0 3.0 4.0 1.0 1.0 5.0 2.0 2.0 4.0 3.0 5.0 1.0 5.0 3.0 1.0 3.0 2.0 1.0 3.0 3.0 2.0 1.0 1.0 4.0 5.0 2.0 5.0 1.0 2.0 1.0 1.0 4.0 3.0 1.0 4.0 5.0 4.0 3.0 2.0 3.0 5.0 2.0 4.0 2.0 3.0 3.0 4.0 4.0 2.0 3.0 5.0 1.0 2.0 2.0 3.0 3.0 1.0 4.0 1.0 5.0 2.0 2.0 5.0 2.0 1.0 3.0 2.0 1.0 2.0 5.0 5.0 5.0 4.0 1.0 5.0 3.0 5.0 4.0 1.0 1.0 5.0 5.0 4.0 5.0 1.0 1.0 5.0 4.0 5.0 5.0 4.0 2.0 2.0 1.0 4.0 3.0 2.0 5.0 4.0 2.0 3.0 3.0 4.0 4.0 4.0 2.0 2.0 4.0 4.0 2.0 2.0 1.0 1.0 1.0 3.0 2.0 5.0 2.0 5.0  
22 10.0 3.0 2.0 5.0 1.0 1.0 3.0 2.0 2.0 3.0 2.0 4.0 1.0 4.0 2.0 3.0 1.0 2.0 2.0 2.0 2.0 5.0 1.0 4.0 2.0 5.0 3.0 3.0 1.0 2.0 2.0 4.0 2.0 4.0 5.0 3.0 3.0 4.0 4.0 1.0 4.0 2.0 2.0 4.0 1.0 2.0 4.0 1.0 1.0 5.0 3.0 2.0 5.0 1.0 3.0 5.0 3.0 1.0 1.0 3.0 4.0 4.0 4.0 3.0 4.0 4.0 5.0 1.0 1.0 1.0 3.0 2.0 2.0 3.0 3.0 4.0 3.0 1.0 5.0 5.0 4.0 3.0 4.0 4.0 2.0 2.0 4.0 1.0 2.0 1.0 2.0 1.0 1.0 3.0 3.0 3.0 5.0 4.0 1.0 1.0 3.0 3.0 2.0 3.0 1.0 1.0 1.0 1.0 5.0 2.0 5.0 1.0 3.0 2.0 4.0 2.0 4.0 1.0 2.0 1.0 1.0 4.0 2.0 5.0 3.0 5.0 1.0 5.0 1.0 4.0 1.0 4.0 2.0 5.0 3.0 5.0 2.0 4.0 4.0 2.0 4.0 2.0 4.0 5.0 3.0 5.0 3.0 3.0 4.0 3.0 2.0  
46 15.0 2.0 4.0 2.0 4.0 1.0 1.0 3.0 2.0 3.0 5.0 2.0 1.0 1.0 4.0 4.0 5.0 1.0 4.0 1.0 4.0 1.0 2.0 2.0 4.0 4.0 5.0 4.0 3.0 1.0 2.0 1.0 5.0 3.0 1.0 5.0 4.0 1.0 5.0 2.0 1.0 5.0 4.0 3.0 4.0 1.0 4.0 5.0 1.0 5.0 4.0 2.0 1.0 3.0 2.0 3.0 2.0 5.0 5.0 2.0 1.0 1.0 1.0 1.0 3.0 4.0 2.0 3.0 5.0 4.0 4.0 4.0 4.0 4.0 5.0 5.0 4.0 1.0 2.0 4.0 1.0 3.0 2.0 1.0 2.0 2.0 2.0 1.0 2.0 2.0 1.0 2.0 2.0 2.0 1.0 2.0 2.0 5.0 4.0 5.0 2.0 3.0 4.0 1.0 2.0 5.0 1.0 1.0 3.0 2.0 1.0 2.0 2.0 1.0 5.0 5.0 4.0 5.0 2.0 1.0 4.0 4.0 5.0 1.0 4.0 1.0 3.0 3.0 2.0 4.0 5.0 2.0 5.0 2.0 2.0 5.0 1.0 1.0 3.0 1.0 3.0 3.0 4.0 5.0 4.0 4.0 2.0 4.0 5.0 5.0 5.0  
45 15.0 4.0 1.0 2.0 5.0 3.0 4.0 3.0 4.0 2.0 4.0 2.0 4.0 5.0 3.0 3.0 4.0 3.0 4.0 4.0 1.0 1.0 5.0 5.0 2.0 2.0 2.0 2.0 4.0 5.0 5.0 4.0 5.0 3.0 3.0 4.0 4.0 3.0 5.0 3.0 4.0 5.0 1.0 5.0 2.0 3.0 5.0 1.0 4.0 2.0 1.0 4.0 4.0 3.0 3.0 3.0 3.0 4.0 4.0 5.0 4.0 3.0 5.0 5.0 5.0 5.0 4.0 2.0 2.0 1.0 3.0 3.0 5.0 3.0 4.0 4.0 2.0 4.0 5.0 5.0 5.0 5.0 3.0 2.0 1.0 4.0 4.0 1.0 4.0 4.0 3.0 5.0 1.0 4.0 1.0 5.0 2.0 2.0 4.0 3.0 4.0 4.0 1.0 2.0 2.0 2.0 2.0 1.0 5.0 2.0 2.0 4.0 1.0 3.0 1.0 1.0 2.0 3.0 3.0 3.0 2.0 4.0 4.0 1.0 5.0 4.0 3.0 3.0 2.0 2.0 4.0 3.0 4.0 5.0 2.0 3.0 2.0 1.0 4.0 1.0 1.0 4.0 2.0 3.0 4.0 1.0 1.0 1.0 4.0 5.0 1.0  
40 10.0 3.0 4.0 1.0 4.0 1.0 4.0 5.0 5.0 4.0 2.0 3.0 5.0 4.0 1.0 3.0 4.0 5.0 2.0 1.0 5.0 2.0 2.0 5.0 3.0 1.0 1.0 3.0 1.0 3.0 4.0 1.0 2.0 1.0 1.0 1.0 2.0 5.0 3.0 1.0 5.0 1.0 2.0 4.0 5.0 5.0 1.0 1.0 5.0 4.0 4.0 2.0 4.0 5.0 4.0 3.0 2.0 1.0 2.0 5.0 1.0 4.0 1.0 1.0 2.0 5.0 2.0 3.0 5.0 5.0 4.0 3.0 5.0 1.0 1.0 3.0 2.0 2.0 1.0 3.0 2.0 2.0 1.0 2.0 3.0 3.0 4.0 4.0 4.0 4.0 3.0 3.0 2.0 4.0 1.0 1.0 1.0 1.0 5.0 3.0 2.0 2.0 3.0 2.0 1.0 1.0 4.0 2.0 3.0 4.0 5.0 5.0 2.0 5.0 5.0 2.0 1.0 4.0 1.0 4.0 1.0 4.0 5.0 1.0 3.0 1.0 2.0 3.0 4.0 2.0 2.0 4.0 1.0 5.0 5.0 1.0 1.0 2.0 3.0 2.0 2.0 1.0 5.0 1.0 2.0 5.0 3.0 5.0 3.0 1.0 1.0  
19 12.0 2.0 3.0 5.0 1.0 4.0 1.0 5.0 1.0 5.0 1.0 4.0 4.0 2.0 1.0 4.0 5.0 5.0 3.0 2.0 1.0 3.0 2.0 4.0 3.0 3.0 4.0 2.0 1.0 2.0 4.0 3.0 4.0 5.0 3.0 1.0 1.0 4.0 1.0 1.0 3.0 1.0 1.0 5.0 1.0 2.0 5.0 1.0 3.0 4.0 5.0 3.0 3.0 3.0 2.0 4.0 5.0 5.0 2.0 3.0 3.0 3.0 5.0 5.0 1.0 2.0 4.0 2.0 1.0 3.0 2.0 5.0 1.0 5.0 4.0 1.0 1.0 3.0 2.0 4.0 3.0 2.0 1.0 4.0 4.0 2.0 1.0 3.0 2.0 2.0 3.0 4.0 1.0 5.0 4.0 3.0 1.0 3.0 1.0 2.0 4.0 3.0 3.0 1.0 1.0 4.0 1.0 5.0 4.0 3.0 5.0 3.0 5.0 2.0 2.0 5.0 2.0 3.0 5.0 3.0 2.0 1.0 3.0 2.0 1.0 3.0 4.0 1.0 2.0 5.0 2.0 1.0 2.0 4.0 3.0 4.0 5.0 1.0 5.0 3.0 3.0 4.0 5.0 1.0 5.0 3.0 4.0 4.0 2.0 4.0 2.0  
