50 5
NETWORK_TREE :
1 0 8.0 
2 1 2.0 
10 1 10.0 
18 1 8.0 
19 18 6.0 
11 10 2.0 
29 0 9.0 
3 2 8.0 
35 0 8.0 
30 29 9.0 
40 0 6.0 
6 2 9.0 
12 11 9.0 
20 19 5.0 
22 19 1.0 
13 11 3.0 
36 35 7.0 
44 0 9.0 
14 13 4.0 
47 0 6.0 
21 20 6.0 
33 29 10.0 
8 2 3.0 
31 30 10.0 
45 44 1.0 
41 40 6.0 
46 45 4.0 
48 47 4.0 
42 41 2.0 
32 31 2.0 
37 36 2.0 
49 47 7.0 
23 19 8.0 
24 23 2.0 
15 14 5.0 
25 23 5.0 
27 23 10.0 
26 25 4.0 
7 6 6.0 
17 11 7.0 
38 37 10.0 
28 1 6.0 
9 8 5.0 
39 36 4.0 
4 3 3.0 
34 29 1.0 
43 42 10.0 
16 13 7.0 
5 4 5.0 
NODE_PROGRAM :
0 1 2 3 4 5  
12 2 3 5  
36  
29 1 2 3  
30 1 3 4 5  
48 3 4 5  
24 1 2 4 5  
10 1 2 3 4  
16 5  
17 2 3 4  
38 1 3 5  
20  
47 1 2 3 4  
18 4 5  
34 1 2 5  
25 1 3 4 5  
21 1 3  
43  
9 3  
45 1 4  
27 1 2 4 5  
32 1 3 4 5  
49 2 3 4 5  
2 1 5  
4 2  
37 2 3 5  
40 1 3  
46  
44 1 3 5  
39 1 2 3 5  
31 3  
15  
33 3 4 5  
11 1 4  
13 1 5  
6  
19  
41 1  
3 1 2 3 5  
14 1  
23  
7 5  
8 2 5  
5 1 4 5  
35 1 3 4 5  
22 2 3 4  
26 1 2 3 5  
42 1 2 5  
28 2 3  
1 1 3 5  
COST_INSTALL_SERVER_AND_PROGRAMS :
0 8.0 2.0 2.0 3.0 1.0 2.0  
12 8.0 2.0 5.0 4.0 2.0 2.0  
36 10.0 3.0 1.0 3.0 4.0 2.0  
29 7.0 2.0 4.0 4.0 5.0 1.0  
30 8.0 2.0 1.0 5.0 2.0 3.0  
48 12.0 1.0 3.0 5.0 5.0 3.0  
24 6.0 2.0 2.0 4.0 1.0 1.0  
10 11.0 3.0 3.0 2.0 3.0 5.0  
16 12.0 3.0 3.0 2.0 1.0 3.0  
17 8.0 3.0 2.0 3.0 3.0 5.0  
38 8.0 2.0 4.0 2.0 5.0 2.0  
20 12.0 5.0 2.0 3.0 4.0 1.0  
47 8.0 3.0 3.0 1.0 1.0 5.0  
18 7.0 1.0 1.0 5.0 5.0 4.0  
34 10.0 4.0 2.0 5.0 2.0 3.0  
25 6.0 3.0 3.0 4.0 3.0 4.0  
21 10.0 1.0 3.0 5.0 4.0 3.0  
43 12.0 4.0 5.0 4.0 4.0 2.0  
9 7.0 3.0 4.0 2.0 4.0 3.0  
45 7.0 4.0 5.0 5.0 5.0 5.0  
27 12.0 5.0 3.0 1.0 3.0 4.0  
32 6.0 1.0 5.0 5.0 4.0 2.0  
49 10.0 5.0 1.0 4.0 3.0 2.0  
2 15.0 5.0 4.0 2.0 1.0 4.0  
4 9.0 3.0 5.0 3.0 4.0 5.0  
37 9.0 1.0 2.0 4.0 3.0 2.0  
40 10.0 1.0 4.0 3.0 2.0 5.0  
46 9.0 5.0 2.0 1.0 2.0 5.0  
44 8.0 3.0 5.0 4.0 2.0 2.0  
39 9.0 5.0 5.0 5.0 5.0 5.0  
31 15.0 1.0 2.0 5.0 1.0 4.0  
15 13.0 1.0 1.0 1.0 2.0 1.0  
33 7.0 1.0 2.0 4.0 2.0 1.0  
11 7.0 4.0 3.0 2.0 1.0 2.0  
13 8.0 1.0 1.0 3.0 5.0 2.0  
6 7.0 3.0 1.0 3.0 1.0 4.0  
19 15.0 4.0 1.0 1.0 4.0 1.0  
41 10.0 3.0 3.0 5.0 5.0 5.0  
3 13.0 3.0 1.0 2.0 2.0 2.0  
14 6.0 5.0 2.0 4.0 1.0 1.0  
23 14.0 4.0 2.0 1.0 1.0 5.0  
7 13.0 1.0 5.0 1.0 1.0 2.0  
8 8.0 4.0 4.0 3.0 3.0 1.0  
5 13.0 1.0 5.0 5.0 5.0 2.0  
35 13.0 4.0 1.0 4.0 5.0 4.0  
22 8.0 5.0 5.0 4.0 1.0 4.0  
26 12.0 2.0 5.0 1.0 2.0 2.0  
42 8.0 2.0 4.0 2.0 3.0 3.0  
28 14.0 1.0 3.0 3.0 2.0 1.0  
1 13.0 5.0 4.0 4.0 2.0 4.0  
