50 25
NETWORK_TREE :
1 0 10.0 
28 0 8.0 
2 1 4.0 
41 0 10.0 
10 1 1.0 
29 28 5.0 
30 29 6.0 
39 28 4.0 
42 0 8.0 
11 10 4.0 
43 42 6.0 
35 29 7.0 
12 11 2.0 
19 11 5.0 
13 12 1.0 
22 1 2.0 
36 35 5.0 
3 2 10.0 
20 11 1.0 
14 12 5.0 
4 3 4.0 
5 3 3.0 
6 5 1.0 
45 42 5.0 
16 12 9.0 
40 28 10.0 
48 42 5.0 
25 1 3.0 
37 35 3.0 
44 43 3.0 
21 20 1.0 
23 22 3.0 
7 5 9.0 
31 30 1.0 
32 31 10.0 
33 31 3.0 
8 7 1.0 
9 5 1.0 
26 25 5.0 
15 14 10.0 
46 45 3.0 
17 16 5.0 
24 22 4.0 
47 46 9.0 
34 33 6.0 
27 26 10.0 
38 37 7.0 
18 17 9.0 
49 48 10.0 
NODE_PROGRAM :
0 1 2 3 4 5 6 7 8 9 10 11 12 13 14 15 16 17 18 19 20 21 22 23 24 25  
24 16 24  
6 1 2 3 5 7 8 10 12 15 16 17 18 19 20 21 22 23 24 25  
11 1 2 3 4 5 6 8 9 11 12 15 18 19 21 22 25  
12 3 6 7 8 17 20 21  
30 13  
13 2 3 4 5 8 10 11 13 15 19 21 23 24  
26 1 4 18  
22 1 2 3 5 6 7 10 12 15 16 17 20  
37 3 5 6 7 8 10 11 12 13 14 15 16 17 18 19 20 21 22 23 25  
5 4 5 15 20 23 25  
29 2 7 14  
43 1 5 9 10 12 16 18 19 20 22 24 25  
38 11 13 16 25  
33 3 4 5 7 8 9 10 11 12 13 17 19 20 22 23 24 25  
23 1 3 4 5 6 8 10 13 14 16 17 18 20 21 22 25  
35 1 7 12 15 16 17  
18 1 2 3 6 7 8 9 10 12 13 14 15 16 17 18 19 20 21 22 23 24 25  
7 2 4 7 9 10 16 19 20 23 24  
31 1 2 3 4 5 7 8 9 10 11 12 13 14 15 17 18 20 21 22 23 24 25  
25 1 2 4 5 7 8 9 10 11 12 13 15 16 18 19 20 21 22 23 25  
39 6 12 25  
15 1 2 3 4 5 6 8 9 10 12 14 16 17 18 19 20 22 23 24 25  
21 4 9 11 13 14 16 22 25  
47 1 4 5 10 12 13 14 16 18 22  
8 1 2 3 4 5 9 10 14 15 16 17 19 22 23  
20 1 4 5 9 10 11 12 14 16 21 22 24  
28 1 2 3 4 5 6 7 8 9 10 11 12 13 14 15 18 19 20 22 23 24  
19 3 4 6 8 11 12 13 14 16 18 19 20 21 24  
1 2 3 4 8 10 11 12 13 15 17 18 19 20 22 23 24  
10 1 2 3 4 5 6 7 8 9 10 11 12 13 14 15 16 17 18 20 21 22 23 24 25  
44 4 8 19  
48 3 12 16 17 21 23  
34 4 5 6 8 9 10 11 12 13 14 15 17 20 23 25  
17 3 4 7 13 14 18 24  
32 1 2 3 4 5 6 7 8 9 10 11 12 13 14 15 16 17 18 20 21 22 23 24 25  
42 15 16  
16 1 2 3 4 5 6 7 9 10 11 12 13 14 15 16 17 18 19 20 21 22 23 24 25  
41 1 2 3 4 5 6 7 8 9 10 11 12 13 14 15 16 17 19 20 21 22 23 24 25  
49 1 2 3 12 13 14 15 16 18 19 21 23 25  
4 1 2 3 4 5 7 8 9 10 11 12 13 14 15 16 17 18 19 20 22 23 25  
45 1 2 3 5 6 7 8 9 10 11 14 15 16 17 18 19 21 22 23 24 25  
9 1 4 6 8 11 12 18 19 21 22 23 24 25  
2 2 7 12 22  
36 2 3 5 7 8 10 12 13 17 18 20 21 24 25  
27 1 2 6 9 10 11 12 14 15 16 18 23 24 25  
46 1 3 5 8 10 14 15 19 21 25  
14 2 4 5 7 8 10 11 12 13 14 15 16 17 18 21 23 24 25  
40 1 2 3 4 5 6 7 8 9 10 11 13 15 16 17 18 19 20 22 23 24 25  
3 2 20  
COST_INSTALL_SERVER_AND_PROGRAMS :
0 13.0 1.0 1.0 5.0 5.0 1.0 4.0 5.0 3.0 4.0 3.0 1.0 4.0 4.0 2.0 2.0 5.0 2.0 5.0 5.0 2.0 2.0 3.0 5.0 4.0 4.0  
24 14.0 5.0 1.0 5.0 4.0 4.0 5.0 2.0 5.0 1.0 2.0 5.0 3.0 1.0 3.0 1.0 5.0 4.0 2.0 1.0 1.0 1.0 4.0 2.0 4.0 4.0  
6 10.0 5.0 3.0 5.0 2.0 5.0 2.0 3.0 4.0 2.0 2.0 1.0 3.0 4.0 1.0 4.0 4.0 4.0 2.0 5.0 3.0 3.0 5.0 3.0 1.0 5.0  
11 6.0 3.0 1.0 4.0 5.0 1.0 5.0 3.0 1.0 3.0 1.0 5.0 1.0 5.0 3.0 2.0 1.0 1.0 3.0 2.0 5.0 4.0 3.0 5.0 2.0 4.0  
12 9.0 1.0 4.0 4.0 4.0 4.0 1.0 3.0 4.0 1.0 3.0 5.0 1.0 5.0 1.0 3.0 1.0 2.0 1.0 2.0 3.0 3.0 4.0 5.0 3.0 4.0  
30 6.0 3.0 1.0 4.0 3.0 3.0 1.0 2.0 1.0 3.0 2.0 5.0 2.0 3.0 5.0 1.0 4.0 5.0 1.0 4.0 5.0 1.0 4.0 1.0 3.0 4.0  
13 7.0 1.0 1.0 1.0 3.0 2.0 5.0 3.0 5.0 4.0 2.0 4.0 3.0 3.0 2.0 1.0 3.0 5.0 1.0 2.0 2.0 5.0 1.0 1.0 4.0 2.0  
26 12.0 1.0 3.0 3.0 2.0 1.0 5.0 4.0 1.0 2.0 5.0 1.0 2.0 5.0 1.0 3.0 2.0 5.0 4.0 4.0 3.0 5.0 4.0 4.0 1.0 2.0  
22 14.0 5.0 4.0 4.0 2.0 4.0 4.0 4.0 3.0 3.0 3.0 2.0 4.0 2.0 4.0 1.0 3.0 2.0 3.0 2.0 5.0 4.0 2.0 2.0 5.0 2.0  
37 6.0 1.0 3.0 1.0 3.0 3.0 4.0 4.0 4.0 4.0 2.0 5.0 5.0 3.0 4.0 2.0 2.0 5.0 5.0 1.0 2.0 1.0 2.0 3.0 3.0 1.0  
5 12.0 5.0 1.0 1.0 1.0 3.0 5.0 2.0 3.0 2.0 5.0 1.0 1.0 1.0 1.0 4.0 1.0 2.0 1.0 5.0 2.0 1.0 5.0 3.0 1.0 4.0  
29 9.0 2.0 3.0 1.0 1.0 3.0 3.0 1.0 4.0 5.0 2.0 4.0 3.0 1.0 3.0 4.0 5.0 1.0 3.0 5.0 3.0 4.0 3.0 1.0 3.0 2.0  
43 13.0 2.0 5.0 3.0 5.0 3.0 5.0 3.0 1.0 1.0 4.0 3.0 5.0 2.0 5.0 3.0 5.0 4.0 3.0 1.0 2.0 3.0 2.0 3.0 1.0 4.0  
38 9.0 3.0 1.0 2.0 1.0 2.0 3.0 1.0 5.0 1.0 2.0 5.0 1.0 4.0 4.0 2.0 4.0 1.0 2.0 4.0 4.0 1.0 1.0 1.0 4.0 2.0  
33 14.0 5.0 5.0 3.0 4.0 2.0 4.0 3.0 1.0 4.0 5.0 3.0 1.0 5.0 1.0 1.0 4.0 5.0 5.0 4.0 4.0 2.0 1.0 2.0 2.0 2.0  
23 13.0 5.0 2.0 4.0 3.0 2.0 4.0 3.0 3.0 2.0 2.0 2.0 1.0 5.0 2.0 1.0 5.0 3.0 1.0 1.0 5.0 5.0 4.0 1.0 5.0 1.0  
35 8.0 2.0 1.0 2.0 5.0 2.0 1.0 1.0 2.0 3.0 5.0 2.0 2.0 1.0 5.0 3.0 3.0 4.0 5.0 4.0 2.0 2.0 2.0 3.0 2.0 3.0  
18 12.0 1.0 5.0 3.0 5.0 3.0 3.0 3.0 5.0 2.0 4.0 2.0 5.0 4.0 1.0 3.0 3.0 1.0 2.0 3.0 2.0 5.0 1.0 5.0 5.0 2.0  
7 12.0 2.0 2.0 3.0 1.0 4.0 3.0 4.0 4.0 3.0 5.0 4.0 1.0 1.0 3.0 3.0 2.0 3.0 5.0 3.0 1.0 5.0 3.0 5.0 4.0 2.0  
31 8.0 5.0 4.0 1.0 2.0 3.0 1.0 1.0 3.0 5.0 3.0 1.0 2.0 4.0 2.0 3.0 4.0 3.0 5.0 2.0 3.0 2.0 3.0 1.0 4.0 2.0  
25 7.0 3.0 3.0 2.0 2.0 2.0 5.0 1.0 1.0 5.0 3.0 3.0 1.0 5.0 2.0 2.0 4.0 4.0 3.0 1.0 5.0 1.0 4.0 3.0 4.0 4.0  
39 7.0 2.0 4.0 3.0 2.0 3.0 5.0 5.0 3.0 1.0 1.0 1.0 3.0 5.0 1.0 2.0 5.0 3.0 1.0 5.0 4.0 1.0 3.0 5.0 1.0 5.0  
15 13.0 1.0 4.0 3.0 2.0 4.0 2.0 3.0 1.0 2.0 3.0 2.0 4.0 5.0 5.0 2.0 3.0 1.0 1.0 2.0 1.0 1.0 4.0 5.0 2.0 1.0  
21 11.0 3.0 1.0 5.0 4.0 5.0 5.0 5.0 5.0 3.0 1.0 2.0 2.0 4.0 4.0 1.0 4.0 1.0 3.0 1.0 5.0 3.0 4.0 2.0 2.0 2.0  
47 8.0 5.0 5.0 3.0 1.0 3.0 2.0 3.0 3.0 2.0 2.0 2.0 2.0 2.0 1.0 5.0 1.0 2.0 3.0 5.0 5.0 2.0 2.0 4.0 2.0 3.0  
8 11.0 4.0 4.0 2.0 4.0 3.0 5.0 3.0 3.0 4.0 3.0 3.0 2.0 4.0 5.0 4.0 2.0 2.0 5.0 1.0 3.0 3.0 1.0 2.0 2.0 4.0  
20 12.0 2.0 3.0 1.0 5.0 2.0 2.0 2.0 5.0 1.0 3.0 4.0 4.0 1.0 3.0 2.0 1.0 2.0 1.0 2.0 4.0 4.0 4.0 3.0 5.0 4.0  
28 12.0 4.0 3.0 5.0 4.0 4.0 1.0 1.0 5.0 3.0 3.0 1.0 3.0 5.0 5.0 2.0 2.0 2.0 4.0 4.0 1.0 1.0 3.0 4.0 3.0 3.0  
19 6.0 2.0 3.0 4.0 3.0 2.0 1.0 4.0 4.0 2.0 4.0 1.0 3.0 5.0 2.0 4.0 4.0 4.0 5.0 5.0 5.0 4.0 2.0 5.0 5.0 2.0  
1 15.0 2.0 5.0 5.0 1.0 5.0 3.0 3.0 3.0 3.0 4.0 2.0 3.0 1.0 1.0 1.0 1.0 4.0 4.0 4.0 2.0 1.0 2.0 5.0 1.0 3.0  
10 12.0 2.0 3.0 3.0 3.0 3.0 2.0 5.0 2.0 5.0 5.0 3.0 4.0 2.0 1.0 5.0 4.0 4.0 2.0 3.0 4.0 4.0 2.0 2.0 3.0 2.0  
44 14.0 5.0 1.0 3.0 1.0 1.0 5.0 4.0 5.0 4.0 3.0 4.0 5.0 1.0 4.0 1.0 1.0 1.0 5.0 2.0 1.0 5.0 4.0 4.0 5.0 3.0  
48 14.0 1.0 4.0 5.0 3.0 4.0 3.0 3.0 3.0 1.0 4.0 2.0 3.0 4.0 3.0 4.0 4.0 4.0 2.0 3.0 3.0 3.0 4.0 4.0 3.0 3.0  
34 15.0 1.0 4.0 1.0 4.0 5.0 1.0 3.0 1.0 2.0 5.0 2.0 1.0 5.0 2.0 2.0 4.0 1.0 2.0 5.0 4.0 3.0 4.0 5.0 4.0 3.0  
17 11.0 2.0 4.0 1.0 3.0 4.0 5.0 1.0 4.0 2.0 4.0 5.0 5.0 2.0 1.0 1.0 4.0 3.0 3.0 4.0 4.0 1.0 4.0 2.0 1.0 3.0  
32 8.0 2.0 3.0 2.0 4.0 5.0 3.0 5.0 4.0 4.0 4.0 3.0 2.0 4.0 2.0 1.0 2.0 5.0 3.0 3.0 1.0 2.0 4.0 2.0 3.0 4.0  
42 14.0 2.0 1.0 4.0 1.0 5.0 5.0 1.0 1.0 4.0 3.0 4.0 5.0 4.0 2.0 4.0 2.0 1.0 1.0 5.0 4.0 5.0 5.0 3.0 4.0 4.0  
16 6.0 4.0 3.0 2.0 1.0 2.0 5.0 5.0 3.0 3.0 3.0 3.0 4.0 5.0 1.0 3.0 2.0 2.0 4.0 4.0 1.0 1.0 1.0 2.0 5.0 4.0  
41 9.0 3.0 4.0 4.0 2.0 1.0 5.0 3.0 4.0 2.0 3.0 5.0 5.0 4.0 1.0 5.0 5.0 2.0 4.0 1.0 2.0 1.0 4.0 1.0 2.0 5.0  
49 13.0 3.0 1.0 2.0 2.0 3.0 4.0 2.0 1.0 3.0 5.0 4.0 4.0 5.0 5.0 2.0 1.0 2.0 5.0 1.0 4.0 5.0 5.0 1.0 4.0 1.0  
4 14.0 1.0 4.0 3.0 1.0 2.0 1.0 2.0 5.0 3.0 2.0 4.0 2.0 2.0 4.0 3.0 5.0 4.0 5.0 5.0 5.0 4.0 2.0 4.0 5.0 5.0  
45 8.0 2.0 2.0 2.0 2.0 5.0 4.0 3.0 3.0 4.0 4.0 4.0 4.0 5.0 3.0 3.0 5.0 5.0 4.0 3.0 3.0 5.0 3.0 2.0 5.0 5.0  
9 12.0 5.0 1.0 2.0 5.0 4.0 2.0 2.0 4.0 5.0 2.0 1.0 1.0 1.0 2.0 4.0 3.0 2.0 2.0 1.0 5.0 5.0 4.0 5.0 4.0 2.0  
2 11.0 4.0 3.0 3.0 2.0 5.0 2.0 4.0 3.0 4.0 1.0 1.0 2.0 2.0 4.0 4.0 5.0 5.0 5.0 2.0 3.0 1.0 2.0 4.0 1.0 2.0  
36 8.0 5.0 2.0 1.0 4.0 4.0 3.0 1.0 5.0 2.0 4.0 5.0 1.0 3.0 5.0 2.0 3.0 3.0 5.0 1.0 1.0 1.0 4.0 5.0 2.0 2.0  
27 9.0 1.0 5.0 1.0 2.0 4.0 4.0 5.0 1.0 4.0 3.0 2.0 3.0 1.0 1.0 1.0 5.0 1.0 4.0 3.0 1.0 2.0 4.0 4.0 1.0 2.0  
46 11.0 5.0 5.0 1.0 4.0 4.0 1.0 5.0 1.0 5.0 4.0 1.0 5.0 1.0 3.0 5.0 3.0 3.0 4.0 2.0 3.0 1.0 4.0 3.0 3.0 5.0  
14 11.0 4.0 3.0 1.0 2.0 3.0 3.0 5.0 4.0 4.0 3.0 4.0 3.0 5.0 4.0 2.0 5.0 3.0 3.0 1.0 2.0 1.0 2.0 2.0 4.0 2.0  
40 10.0 1.0 2.0 4.0 4.0 1.0 4.0 2.0 4.0 5.0 1.0 5.0 4.0 5.0 2.0 2.0 4.0 3.0 3.0 1.0 3.0 3.0 2.0 5.0 5.0 5.0  
3 9.0 4.0 5.0 2.0 2.0 5.0 4.0 5.0 3.0 1.0 2.0 2.0 4.0 3.0 2.0 1.0 2.0 5.0 1.0 1.0 4.0 1.0 5.0 3.0 1.0 2.0  
