50 200
NETWORK_TREE :
1 0 5.0 
31 0 5.0 
2 1 8.0 
32 31 3.0 
41 0 5.0 
44 0 2.0 
49 0 10.0 
9 1 8.0 
45 44 3.0 
46 44 1.0 
18 1 1.0 
42 41 6.0 
10 9 3.0 
3 2 2.0 
12 9 2.0 
43 42 1.0 
33 31 4.0 
19 1 10.0 
36 31 1.0 
47 44 4.0 
48 44 2.0 
34 33 3.0 
37 31 3.0 
20 1 9.0 
16 9 9.0 
4 3 2.0 
8 2 1.0 
21 20 2.0 
17 9 7.0 
7 3 4.0 
27 1 8.0 
29 1 2.0 
38 37 3.0 
22 21 3.0 
11 10 5.0 
30 29 4.0 
40 37 4.0 
5 4 7.0 
35 33 9.0 
24 21 6.0 
25 21 6.0 
26 25 6.0 
13 12 8.0 
39 38 6.0 
6 4 7.0 
23 22 5.0 
14 13 8.0 
28 27 6.0 
15 14 3.0 
NODE_PROGRAM :
0 1 2 3 4 5 6 7 8 9 10 11 12 13 14 15 16 17 18 19 20 21 22 23 24 25 26 27 28 29 30 31 32 33 34 35 36 37 38 39 40 41 42 43 44 45 46 47 48 49 50 51 52 53 54 55 56 57 58 59 60 61 62 63 64 65 66 67 68 69 70 71 72 73 74 75 76 77 78 79 80 81 82 83 84 85 86 87 88 89 90 91 92 93 94 95 96 97 98 99 100 101 102 103 104 105 106 107 108 109 110 111 112 113 114 115 116 117 118 119 120 121 122 123 124 125 126 127 128 129 130 131 132 133 134 135 136 137 138 139 140 141 142 143 144 145 146 147 148 149 150 151 152 153 154 155 156 157 158 159 160 161 162 163 164 165 166 167 168 169 170 171 172 173 174 175 176 177 178 179 180 181 182 183 184 185 186 187 188 189 190 191 192 193 194 195 196 197 198 199 200  
47 1 2 3 5 6 7 8 9 10 11 12 13 14 15 16 17 18 19 20 21 22 23 24 25 27 28 29 30 31 32 33 34 35 36 37 38 39 40 41 42 43 44 45 46 48 49 50 51 52 53 54 55 56 57 58 59 60 61 62 63 64 65 66 67 68 69 70 71 72 73 74 75 76 77 78 80 81 82 83 84 85 86 87 88 89 90 91 92 93 94 95 96 97 98 99 100 101 102 103 104 105 107 108 109 110 111 112 113 114 115 117 118 119 120 121 122 124 125 126 127 128 129 130 131 132 133 134 135 136 137 138 140 141 143 144 145 146 147 148 149 150 151 152 153 154 155 156 157 158 159 160 161 162 163 164 165 166 167 168 169 171 172 173 174 175 176 177 178 179 180 181 182 183 184 185 186 187 188 189 191 192 193 194 195 196 198 199 200  
13 1 2 3 5 6 8 10 11 12 15 16 19 20 21 24 29 30 32 33 34 35 36 37 38 39 40 41 43 45 47 48 49 51 54 56 57 58 59 60 61 63 64 65 66 67 68 69 71 72 73 74 75 76 77 80 82 84 85 87 89 90 91 92 95 97 98 99 100 101 103 104 105 106 108 113 114 116 117 119 120 121 122 123 124 125 129 130 131 133 134 135 136 138 139 143 144 146 149 150 151 152 153 154 155 157 158 159 160 161 163 166 167 169 170 171 174 175 176 177 178 179 180 181 184 186 187 188 189 190 191 193 194 195 196 197 198 199 200  
23 2 8 14 42 43 45 56 63 67 69 73 74 77 78 79 84 86 87 106 108 119 124 129 131 136 145 151 157 162 169 180 181 188 189 192 196 198 199  
19 12 25 33 35 41 49 52 56 58 59 61 66 75 81 83 84 89 95 98 99 105 108 117 130 136 140 141 143 144 147 150 153 154 160 163 174 175 177 180 183 184 186 188 192  
21 1 2 3 4 5 6 7 8 11 12 14 15 16 17 18 20 23 24 25 26 28 29 30 32 33 34 35 36 37 38 39 41 43 44 45 47 48 49 50 51 52 54 55 56 57 58 59 60 62 64 65 66 67 68 69 70 71 72 73 74 76 77 79 80 81 82 83 84 85 86 87 89 90 91 92 93 94 95 96 98 99 100 101 102 103 104 105 107 108 109 111 112 113 114 115 116 118 119 120 122 123 125 128 129 130 131 132 133 134 135 137 138 139 140 141 142 143 144 145 146 147 148 149 150 151 152 154 155 156 157 158 159 160 161 162 164 165 166 167 168 169 170 171 172 173 176 177 180 181 182 184 185 186 188 189 190 193 194 195 196 197 200  
45 1 2 4 5 7 8 9 10 11 12 13 14 15 16 17 18 19 20 21 22 23 24 25 26 27 28 29 30 31 32 33 34 35 36 38 39 40 41 42 43 44 45 46 47 48 49 50 51 52 53 54 56 57 58 59 61 62 63 64 65 66 67 68 69 70 73 74 75 76 77 78 79 80 81 82 83 84 85 86 87 88 89 90 91 92 93 94 95 96 97 98 99 100 101 102 103 104 107 108 109 110 111 112 114 115 117 118 119 120 121 122 123 124 125 126 127 129 130 131 132 133 134 135 136 137 138 139 141 142 143 144 145 146 147 148 149 150 151 153 154 155 156 157 158 159 160 162 164 165 166 167 168 169 171 172 173 174 176 177 179 180 181 182 183 184 185 186 187 188 189 190 191 192 193 195 196 197 198 199 200  
22 13 19 22 30 31 49 68 71 76 84 90 99 104 118 126 133 137 145 148 155 172 183 194  
32 1 3 8 9 10 14 15 17 20 21 23 28 35 36 38 42 43 44 47 49 50 52 55 58 60 61 62 66 70 72 74 78 81 82 92 94 95 99 104 109 110 115 116 118 119 121 123 128 129 142 143 144 147 150 151 153 158 159 160 163 164 165 169 170 172 179 182 184 185 188 189 190 192 194 195 196 197 200  
38 1 9 11 13 23 28 30 38 39 41 49 63 72 74 78 88 105 110 114 117 122 124 131 134 141 142 150 156 159 164 165 178 179 181 189 192 196  
31 5 8 14 20 22 37 42 53 59 68 70 73 88 90 105 121 122 123 127 128 139 143 151 152 161 162 167 178 185 186 192 193  
36 3 14 16 17 20 21 23 26 31 32 37 39 42 46 50 56 61 66 81 85 86 95 96 100 105 111 118 128 130 132 139 143 151 152 170 175 182  
26 2 5 6 8 9 10 11 12 13 14 15 16 17 19 21 22 23 25 26 27 29 31 32 34 35 36 37 38 39 40 41 42 45 47 50 52 53 54 55 57 62 67 71 75 76 80 84 86 88 90 93 95 96 97 100 101 102 103 108 109 110 111 112 113 114 115 117 118 120 121 125 129 132 133 134 135 136 137 138 140 141 145 147 148 150 151 153 155 156 157 159 161 162 163 165 166 168 169 173 176 180 181 183 185 187 190 191 192 194 195 196  
43 1 2 3 5 6 7 8 9 10 11 12 13 14 15 16 17 18 19 20 21 22 23 24 25 26 27 28 29 30 31 32 33 34 35 37 38 39 41 42 43 44 45 46 47 48 49 50 51 53 54 55 56 57 58 59 60 61 62 63 64 65 66 67 68 69 70 71 72 73 74 75 76 77 78 79 80 81 82 83 84 85 86 87 88 89 90 91 93 94 95 96 97 98 100 101 103 105 106 107 108 109 110 111 112 113 114 115 116 117 118 119 120 121 122 124 125 126 127 128 129 130 131 132 133 134 135 136 137 138 140 141 142 143 144 145 146 147 148 149 150 151 152 153 154 155 156 157 158 160 161 163 165 166 168 169 170 171 172 173 174 175 176 177 178 179 180 181 182 183 184 185 186 187 189 190 191 192 193 194 195 196 198 199 200  
27 1 2 3 4 5 6 7 8 9 11 12 13 14 15 16 17 18 19 20 21 22 23 24 25 26 27 28 29 30 31 32 33 34 35 36 37 38 39 40 41 42 43 44 45 46 47 48 49 50 51 52 53 54 55 56 57 58 59 60 61 62 63 64 65 66 67 69 70 71 72 73 75 76 77 78 79 80 81 82 83 84 85 86 87 88 89 90 91 92 93 94 95 96 97 98 99 100 101 102 103 104 105 106 107 108 109 110 111 112 113 114 115 116 117 118 119 120 121 122 123 124 125 126 127 128 129 130 131 132 133 134 135 136 137 138 139 140 141 142 143 144 145 146 147 148 149 150 151 152 153 154 155 157 158 159 160 161 162 163 164 165 167 168 169 170 171 172 173 174 175 176 177 178 179 180 181 182 183 184 185 186 187 188 190 191 192 193 194 195 196 197 198 199 200  
40 2 3 5 6 7 8 9 10 11 12 14 15 16 17 18 19 20 21 23 24 26 27 28 29 30 31 32 33 34 35 36 38 39 41 42 43 44 45 46 47 48 50 51 52 54 55 56 57 58 59 60 61 62 63 64 65 66 68 69 70 71 72 73 74 75 77 78 79 80 81 83 84 85 86 87 88 89 90 91 92 93 94 95 96 97 98 99 102 103 104 105 106 107 108 109 110 111 112 113 114 115 116 117 119 120 121 122 123 124 125 126 127 128 129 130 131 132 133 134 135 136 137 138 139 140 141 142 143 144 145 146 147 148 149 150 151 152 153 154 155 156 157 158 159 160 162 163 164 165 166 167 168 169 170 171 172 173 174 175 176 177 178 179 180 181 182 183 184 185 186 187 188 189 191 192 193 194 195 196 197 198 199 200  
6 4 10 11 14 16 17 33 45 48 52 58 59 63 68 72 79 81 83 84 87 92 94 95 98 100 108 112 121 124 126 127 132 134 141 144 166 174 177 178 180 183 184 194 199  
39 1 2 3 4 6 7 8 9 10 11 12 13 14 15 17 18 19 21 22 23 24 25 26 27 28 29 30 31 32 33 34 35 36 37 38 39 40 41 42 43 44 45 46 47 49 52 53 54 55 57 58 59 61 62 63 64 66 67 69 70 71 72 73 74 76 77 78 81 82 83 84 87 89 90 91 93 94 96 97 99 100 102 103 104 105 106 107 108 109 110 111 112 113 114 115 116 117 118 120 121 122 124 125 127 128 130 131 132 135 136 137 140 141 143 144 145 146 148 150 151 152 153 154 155 157 158 163 164 165 167 168 169 170 173 174 175 176 177 178 179 180 181 182 183 184 185 186 187 188 189 190 192 193 194 195 196 198  
18 2 6 7 9 10 12 16 17 19 22 25 28 32 35 36 39 44 46 48 49 50 54 57 61 63 65 66 70 77 78 81 86 87 88 93 94 95 100 102 103 104 106 107 109 111 114 115 118 122 124 125 128 130 131 133 137 138 139 143 145 146 147 148 149 152 155 157 159 160 165 168 169 170 175 176 177 178 180 181 182 183 186 188 189 192 193 196  
44 2 4 5 6 7 8 9 11 14 15 16 18 20 21 22 23 24 25 26 27 28 29 30 35 38 39 41 42 43 46 47 52 53 54 56 57 58 60 63 64 65 66 68 70 73 75 78 80 81 82 83 84 85 87 89 90 91 92 93 94 96 97 98 99 100 102 104 106 108 112 114 115 116 117 118 122 123 125 128 130 132 133 135 138 139 140 141 144 145 149 151 156 157 160 161 163 164 170 172 174 177 178 179 180 181 183 184 185 187 188 189 190 192 194 195 196 197  
17 4 5 21 25 27 34 46 53 64 69 75 78 90 105 117 120 126 142 145 147 150 154 162 163 167 190 192 194 200  
24 4 8 18 29 37 43 50 51 54 55 68 73 74 76 79 80 81 89 119 121 145 148 185 193 196 197  
46 8 12 15 18 21 22 25 29 32 36 39 40 43 45 51 56 60 64 65 72 74 76 78 88 90 93 96 98 100 114 116 117 121 124 130 131 137 138 146 147 151 161 165 166 170 171 174 177 180 182 183 185 189 190 193  
2 1 2 4 5 8 9 14 15 16 17 18 19 20 22 23 27 30 32 37 38 39 41 42 44 45 49 50 55 60 61 63 65 66 67 70 73 74 76 77 79 81 82 84 88 89 90 91 92 94 96 97 98 99 100 101 103 104 110 113 114 116 117 119 120 122 124 125 126 128 131 132 135 136 137 138 148 149 150 151 153 154 155 158 160 162 163 164 165 169 175 180 184 185 189 190 193 194  
37 3 6 9 10 13 16 17 18 21 24 25 28 30 31 32 37 38 39 41 42 44 45 46 48 50 52 55 62 64 68 70 73 77 78 80 81 83 84 85 86 87 88 90 91 92 93 95 96 97 99 101 104 108 109 112 114 118 119 120 122 126 128 129 136 137 138 142 144 145 147 149 151 152 164 165 170 172 173 174 175 181 183 184 186 187 188 189 191 192 193 194 195 197 198  
7 3 4 5 6 8 9 10 15 16 17 19 22 23 24 25 26 28 30 31 32 34 35 38 40 41 42 43 44 45 47 48 49 50 51 52 54 55 56 57 58 59 61 62 64 65 67 68 69 70 71 73 74 76 77 78 79 81 82 83 84 85 86 87 89 90 91 92 93 95 96 97 98 99 100 101 105 106 107 108 109 110 112 115 116 118 119 121 123 124 125 126 127 128 129 130 133 134 135 136 137 140 141 144 145 146 147 148 149 150 151 152 153 154 157 158 160 163 166 167 168 169 171 172 173 174 175 176 177 179 180 182 183 184 185 186 188 189 190 191 192 193 195 196 197  
8 1 2 7 8 9 10 11 14 15 16 18 19 20 22 26 28 29 33 34 36 37 38 39 40 42 44 51 53 56 59 60 61 62 66 69 71 73 74 80 84 85 89 91 98 99 100 102 106 109 112 116 117 119 121 124 125 126 131 134 138 139 140 141 143 145 146 147 148 149 150 153 154 155 156 158 160 161 162 163 164 167 168 174 175 176 177 179 181 182 183 187 190 192 193 194 195 198 200  
35 1 3 4 5 6 7 8 9 10 11 12 13 14 15 16 17 18 20 21 22 23 24 26 29 30 31 32 33 34 36 37 38 39 40 41 44 45 46 48 49 51 52 53 54 55 56 58 59 60 61 63 64 65 66 67 68 70 71 72 73 74 75 76 77 78 79 81 82 83 84 85 86 87 89 90 92 93 94 95 96 97 98 99 100 101 102 103 104 105 106 107 108 109 111 112 113 114 115 116 117 118 119 120 121 122 123 124 125 126 128 130 131 132 134 135 137 138 139 140 141 142 143 144 145 146 147 148 150 151 152 153 155 156 157 158 160 161 162 163 164 166 167 168 169 170 171 172 174 177 178 179 180 181 183 184 185 186 187 188 189 190 191 192 193 194 195 196 197 198 200  
42 9 11 25 31 35 40 45 70 71 88 97 99 107 110 112 118 120 123 124 135 157 164 170 172 175 183 192 196 198  
48 4 6 11 15 17 19 23 24 27 30 33 37 38 46 52 53 54 55 58 59 60 61 62 66 69 73 74 75 76 77 82 85 87 91 92 97 99 100 101 104 105 108 110 111 121 127 136 139 146 147 149 151 152 161 164 173 174 177 179 180 184 186 190 191 193 197 198  
41 4 7 9 11 12 15 16 25 28 38 42 43 45 46 48 53 56 59 72 79 87 91 98 100 101 103 104 105 107 110 111 112 114 119 120 124 125 128 134 141 148 152 157 160 163 176 186 187 190 196 198 200  
30 4 9 12 13 14 15 16 20 21 24 29 31 32 34 36 37 41 46 47 51 56 58 63 65 68 69 71 76 80 82 87 88 91 95 96 99 101 102 104 106 107 108 110 113 114 116 117 119 122 124 125 126 130 132 134 135 136 138 141 142 143 144 146 148 149 150 151 154 155 157 160 161 166 170 172 173 174 176 182 184 185 187 188 190 193 197 198 200  
34 1 2 3 5 7 9 11 12 15 20 28 30 31 33 36 37 38 40 42 47 49 51 52 54 57 60 61 62 65 66 73 75 76 78 80 82 86 88 90 91 92 95 97 99 101 102 104 108 109 110 111 115 117 119 121 126 127 129 131 132 134 136 137 140 141 144 149 150 153 155 157 161 169 172 174 175 177 179 180 182 183 192 193 195 197 200  
4 1 2 3 4 6 10 12 14 16 17 18 22 24 25 30 31 32 35 37 38 40 42 43 44 45 46 48 50 51 52 54 55 58 59 60 63 64 67 69 70 71 72 73 76 78 80 81 82 84 88 89 90 91 93 95 98 102 103 104 105 108 109 115 116 117 119 121 124 126 127 128 130 132 133 134 135 136 138 139 140 142 143 144 146 147 151 152 156 157 161 163 165 166 167 168 169 170 171 172 173 175 176 177 178 179 181 184 187 188 189 192 194 195 196 197 199  
5 2 5 6 7 8 9 10 12 14 15 16 17 18 20 21 22 23 25 27 29 30 31 32 34 38 41 44 45 48 51 52 53 55 56 59 62 63 64 65 67 68 69 71 73 75 76 77 78 79 80 82 84 86 87 88 89 92 97 99 101 104 105 107 108 110 111 113 114 115 116 117 118 119 120 125 127 128 129 132 134 136 137 139 140 142 143 144 145 146 153 154 158 159 161 162 164 166 167 168 172 174 175 178 179 180 182 183 184 185 186 187 189 192 194 196 197 198 200  
1 5 6 8 10 12 13 15 16 20 21 27 28 29 34 36 38 49 50 51 54 56 59 64 70 71 72 76 77 79 80 82 83 84 85 89 90 91 93 94 97 100 102 103 106 107 108 110 112 114 119 121 122 123 125 129 132 133 135 136 137 138 147 155 156 158 161 162 164 165 170 174 175 177 178 181 183 184 186 188 191 199 200  
3 1 2 4 5 6 7 8 9 10 11 12 13 14 16 17 18 20 21 22 23 24 25 26 29 32 33 34 35 38 39 42 43 45 46 47 48 49 50 51 52 53 54 56 57 58 59 60 63 64 65 67 68 69 70 71 72 74 75 76 77 78 79 81 83 84 85 88 90 91 92 94 95 96 97 98 100 101 102 103 104 105 106 107 108 109 110 111 112 113 114 115 116 117 118 119 120 121 124 126 128 129 130 131 132 133 135 136 137 139 141 142 143 144 145 146 147 148 149 150 151 152 153 154 155 156 158 159 160 161 163 164 165 167 168 170 171 172 173 174 175 176 177 178 179 180 181 182 183 184 185 186 187 188 189 190 191 192 193 194 195 197 198 199 200  
33 1 2 3 4 5 6 7 8 9 10 11 12 13 14 15 16 17 18 19 20 21 22 23 24 25 26 27 28 29 30 31 32 33 34 35 36 37 39 40 41 42 43 44 45 46 47 48 49 50 51 52 53 54 55 56 57 58 59 60 61 63 64 65 66 67 68 69 70 72 73 74 75 76 77 78 79 80 81 82 83 84 85 86 87 88 89 90 91 92 93 94 95 96 97 98 99 100 101 102 103 104 105 106 107 108 109 110 111 112 113 114 115 116 117 118 119 120 121 122 123 124 125 126 127 128 129 130 131 132 133 134 135 136 137 138 139 140 142 143 144 145 146 147 148 149 150 151 152 153 154 155 156 157 158 159 160 161 162 163 164 165 166 167 168 169 170 171 172 173 174 175 176 177 178 179 180 181 182 183 184 185 186 187 188 189 190 191 192 193 194 195 196 197 198 199 200  
29 13 64 73 133 162  
25 1 2 3 4 5 6 7 8 9 10 11 12 13 14 15 16 17 18 19 20 21 22 23 24 25 26 27 28 29 30 31 33 34 35 36 37 38 39 40 41 42 43 44 45 46 47 49 50 51 52 53 54 55 56 57 58 59 60 61 62 63 64 65 66 67 68 69 70 71 72 73 74 75 76 77 78 79 80 81 82 83 84 85 86 87 88 89 90 91 92 93 94 95 96 98 99 100 101 102 103 105 106 107 108 109 110 111 113 114 115 116 117 118 119 120 121 122 123 124 125 126 127 128 129 130 131 132 133 134 135 136 137 138 139 140 141 142 144 145 146 147 149 151 152 153 154 155 156 157 158 159 160 161 162 163 165 166 167 168 169 170 171 172 173 174 175 176 177 178 179 180 181 182 183 184 185 186 187 188 189 190 191 192 193 194 195 196 198 199 200  
11  
12 1 2 3 4 5 6 7 8 9 10 11 12 13 14 16 17 18 19 21 22 23 24 25 26 27 28 29 30 31 32 33 34 35 36 37 38 39 40 43 44 45 46 47 48 49 50 51 52 53 55 56 57 58 59 60 61 62 63 64 65 66 67 69 70 71 72 73 74 75 76 77 78 79 80 82 83 84 85 86 87 88 89 90 91 92 94 95 96 97 98 99 100 101 102 103 104 105 106 107 108 109 110 111 112 113 114 115 116 117 119 120 121 122 123 124 125 126 127 128 129 130 131 133 134 135 136 137 138 139 140 141 142 143 144 145 146 147 148 149 150 151 152 153 155 156 158 159 160 161 162 163 164 165 166 167 168 169 170 171 173 174 175 176 177 178 179 180 181 182 183 184 185 186 187 189 190 191 192 193 194 196 197 198 199 200  
20 4 6 10 11 13 15 18 19 20 24 27 28 29 30 32 40 41 47 54 57 60 61 66 73 75 78 79 80 84 86 89 92 93 94 96 101 103 106 109 110 111 112 119 122 125 133 136 142 147 150 152 155 156 161 162 164 165 166 167 170 171 172 174 177 178 188 189 191 192 195 196 197  
10 6 10 17 18 20 22 23 24 27 31 32 33 34 36 38 40 42 44 45 47 48 49 53 56 57 59 60 64 66 67 68 71 72 73 75 76 80 81 84 87 96 100 102 104 105 107 112 113 114 116 118 120 123 124 126 133 137 139 140 145 149 158 161 162 164 167 168 169 171 173 175 176 177 178 180 182 183 186 187 188 190 199  
9 1 2 3 4 6 7 8 9 10 13 14 16 17 18 19 20 22 23 24 25 26 27 28 29 30 31 33 34 35 36 37 41 42 46 47 49 51 52 54 55 56 58 59 60 61 62 63 64 66 67 68 70 71 73 74 75 76 77 78 79 80 81 82 84 85 86 88 89 91 93 94 95 96 97 99 100 101 102 103 104 105 106 107 108 109 111 112 114 116 117 118 119 120 122 124 125 126 127 128 131 132 133 134 135 137 138 142 143 146 147 148 153 154 156 157 159 160 161 162 167 168 169 170 171 172 175 176 177 179 180 181 182 184 185 186 187 189 193 195 196 198 199 200  
16 81 111 117 176  
15 1 2 3 4 5 6 7 8 9 10 12 13 14 15 17 18 19 20 21 22 23 24 25 26 27 28 29 30 33 34 35 36 37 38 40 41 43 44 45 46 47 48 49 50 52 53 54 55 56 57 58 59 60 61 62 63 64 65 66 67 68 69 70 71 72 73 74 75 76 77 78 79 80 81 82 83 84 85 86 87 88 91 92 93 94 95 96 97 100 101 102 103 104 105 106 107 108 109 110 112 113 114 115 116 118 120 121 122 123 124 125 126 127 128 129 130 132 133 134 135 136 137 138 139 141 142 143 144 147 148 149 151 152 153 154 155 156 157 158 159 160 161 162 163 164 165 167 168 169 170 171 172 173 174 175 176 177 178 179 180 181 182 183 184 185 187 188 189 190 191 192 193 194 195 196 197 198 199 200  
49 1 6 9 15 16 18 20 22 24 26 27 28 30 32 34 35 37 39 41 42 44 45 49 53 54 62 66 68 69 70 75 77 80 82 83 84 88 91 93 94 96 97 99 100 102 105 106 107 108 109 111 112 113 116 117 118 120 122 124 125 127 131 132 137 139 141 145 146 147 149 153 157 161 163 164 165 167 168 170 172 175 179 180 182 184 186 187 188 189 192 193 195 197 198  
28 2 8 9 14 17 18 22 23 25 28 29 33 34 35 37 40 41 45 46 47 50 53 54 55 57 59 62 63 66 73 77 78 79 81 82 86 87 89 90 98 99 103 106 108 109 110 111 112 114 116 118 120 123 124 125 128 131 133 135 139 141 145 147 148 149 152 153 154 157 158 159 164 165 166 167 169 175 180 181 182 184 185 187 192 194 195 196 197 198 199 200  
14 1 2 3 4 5 7 10 11 12 13 14 15 16 17 18 19 20 21 24 25 28 30 31 33 34 35 36 37 38 39 43 44 46 47 48 49 50 51 52 53 54 55 56 57 58 61 62 63 65 66 67 68 69 70 71 72 73 74 75 76 77 78 79 80 81 83 84 87 88 90 93 95 96 97 98 100 103 104 105 106 107 108 109 110 111 113 114 116 117 118 119 121 123 125 126 127 128 130 131 133 134 136 139 140 141 143 145 146 147 148 150 153 156 157 158 160 161 162 163 164 165 166 168 170 171 173 176 177 179 180 181 182 183 184 187 189 190 193 195 197 198 199  
COST_INSTALL_SERVER_AND_PROGRAMS :
0 9.0 5.0 5.0 2.0 1.0 5.0 3.0 4.0 4.0 2.0 5.0 3.0 4.0 1.0 1.0 1.0 4.0 4.0 1.0 1.0 4.0 4.0 1.0 1.0 2.0 5.0 2.0 2.0 3.0 5.0 4.0 1.0 3.0 5.0 1.0 3.0 1.0 1.0 2.0 1.0 1.0 4.0 2.0 4.0 4.0 1.0 2.0 5.0 5.0 1.0 3.0 3.0 2.0 4.0 5.0 1.0 5.0 5.0 3.0 2.0 4.0 1.0 3.0 1.0 2.0 4.0 5.0 4.0 4.0 2.0 5.0 5.0 5.0 3.0 5.0 1.0 3.0 5.0 2.0 1.0 4.0 2.0 4.0 3.0 3.0 4.0 3.0 4.0 1.0 2.0 5.0 2.0 5.0 2.0 3.0 1.0 3.0 4.0 4.0 2.0 4.0 5.0 1.0 5.0 3.0 5.0 3.0 3.0 4.0 5.0 3.0 3.0 3.0 3.0 4.0 5.0 3.0 1.0 3.0 4.0 4.0 1.0 1.0 4.0 4.0 5.0 1.0 2.0 1.0 5.0 4.0 4.0 1.0 5.0 5.0 3.0 2.0 2.0 5.0 2.0 2.0 4.0 4.0 5.0 2.0 2.0 3.0 2.0 2.0 3.0 1.0 5.0 1.0 4.0 2.0 4.0 2.0 3.0 4.0 4.0 5.0 3.0 4.0 2.0 5.0 1.0 2.0 2.0 1.0 5.0 2.0 3.0 5.0 3.0 4.0 3.0 3.0 3.0 1.0 4.0 3.0 1.0 5.0 3.0 3.0 1.0 4.0 1.0 1.0 1.0 3.0 3.0 5.0 5.0 1.0 3.0 5.0 5.0 1.0 5.0 2.0  
47 15.0 1.0 4.0 1.0 4.0 4.0 4.0 5.0 1.0 2.0 5.0 4.0 4.0 5.0 4.0 3.0 4.0 2.0 1.0 3.0 2.0 1.0 1.0 1.0 4.0 2.0 3.0 3.0 3.0 3.0 1.0 5.0 2.0 2.0 1.0 1.0 5.0 5.0 5.0 2.0 5.0 5.0 3.0 2.0 3.0 1.0 1.0 2.0 4.0 5.0 5.0 5.0 3.0 1.0 4.0 3.0 3.0 4.0 4.0 2.0 1.0 1.0 4.0 1.0 2.0 5.0 1.0 4.0 3.0 2.0 5.0 3.0 1.0 2.0 5.0 5.0 2.0 5.0 4.0 3.0 2.0 2.0 3.0 2.0 4.0 3.0 2.0 5.0 1.0 2.0 4.0 2.0 4.0 1.0 3.0 1.0 2.0 2.0 2.0 5.0 4.0 3.0 2.0 1.0 5.0 4.0 3.0 5.0 4.0 1.0 3.0 1.0 5.0 5.0 5.0 5.0 3.0 5.0 5.0 2.0 4.0 3.0 3.0 2.0 4.0 4.0 1.0 4.0 1.0 2.0 4.0 1.0 2.0 5.0 5.0 4.0 3.0 5.0 2.0 2.0 3.0 1.0 5.0 3.0 2.0 5.0 2.0 1.0 2.0 5.0 2.0 2.0 2.0 4.0 2.0 3.0 4.0 3.0 3.0 2.0 2.0 5.0 5.0 4.0 1.0 1.0 1.0 1.0 1.0 2.0 5.0 5.0 2.0 4.0 3.0 2.0 2.0 3.0 1.0 2.0 2.0 5.0 1.0 4.0 2.0 2.0 3.0 1.0 2.0 3.0 2.0 2.0 2.0 4.0 2.0 3.0 1.0 3.0 4.0 4.0 2.0  
13 15.0 2.0 5.0 2.0 5.0 3.0 3.0 4.0 2.0 3.0 1.0 1.0 4.0 1.0 1.0 2.0 1.0 3.0 2.0 3.0 2.0 1.0 4.0 2.0 5.0 5.0 4.0 4.0 5.0 3.0 1.0 1.0 1.0 3.0 4.0 5.0 3.0 4.0 5.0 3.0 3.0 2.0 4.0 2.0 5.0 2.0 5.0 5.0 5.0 4.0 1.0 2.0 1.0 1.0 3.0 4.0 1.0 5.0 5.0 1.0 4.0 3.0 1.0 1.0 3.0 3.0 1.0 4.0 3.0 3.0 5.0 1.0 3.0 3.0 4.0 3.0 2.0 5.0 1.0 5.0 1.0 5.0 4.0 2.0 4.0 4.0 4.0 5.0 4.0 5.0 1.0 2.0 2.0 2.0 1.0 3.0 5.0 4.0 5.0 3.0 5.0 4.0 5.0 3.0 4.0 4.0 4.0 5.0 5.0 1.0 3.0 4.0 4.0 2.0 3.0 3.0 5.0 5.0 5.0 4.0 2.0 3.0 2.0 3.0 1.0 3.0 1.0 2.0 4.0 1.0 4.0 4.0 1.0 1.0 4.0 5.0 3.0 3.0 2.0 4.0 5.0 1.0 5.0 4.0 2.0 3.0 4.0 2.0 5.0 1.0 5.0 2.0 4.0 2.0 2.0 5.0 5.0 5.0 5.0 1.0 4.0 2.0 5.0 2.0 4.0 2.0 4.0 1.0 2.0 5.0 3.0 1.0 2.0 1.0 2.0 4.0 5.0 2.0 4.0 4.0 2.0 5.0 4.0 5.0 4.0 2.0 3.0 2.0 5.0 4.0 4.0 1.0 3.0 5.0 5.0 3.0 2.0 3.0 4.0 2.0 4.0  
23 13.0 3.0 1.0 5.0 1.0 1.0 3.0 2.0 4.0 5.0 1.0 1.0 3.0 2.0 3.0 5.0 1.0 5.0 2.0 1.0 2.0 1.0 5.0 2.0 5.0 4.0 5.0 5.0 2.0 5.0 1.0 2.0 1.0 4.0 4.0 3.0 5.0 1.0 5.0 4.0 1.0 2.0 4.0 2.0 3.0 4.0 3.0 3.0 2.0 5.0 1.0 3.0 3.0 4.0 4.0 3.0 4.0 4.0 5.0 5.0 5.0 2.0 4.0 5.0 1.0 5.0 5.0 5.0 5.0 1.0 5.0 4.0 3.0 5.0 2.0 1.0 3.0 3.0 3.0 2.0 2.0 1.0 5.0 1.0 5.0 1.0 1.0 4.0 3.0 5.0 4.0 4.0 3.0 4.0 1.0 1.0 5.0 4.0 2.0 5.0 1.0 3.0 4.0 2.0 5.0 1.0 1.0 1.0 4.0 3.0 2.0 3.0 4.0 5.0 3.0 3.0 3.0 2.0 4.0 1.0 1.0 5.0 3.0 4.0 4.0 5.0 1.0 5.0 2.0 2.0 5.0 5.0 3.0 5.0 1.0 1.0 2.0 5.0 3.0 4.0 5.0 5.0 3.0 1.0 3.0 4.0 5.0 2.0 3.0 5.0 1.0 1.0 4.0 2.0 4.0 2.0 3.0 2.0 3.0 4.0 3.0 5.0 1.0 1.0 5.0 2.0 1.0 3.0 3.0 4.0 4.0 3.0 4.0 4.0 4.0 5.0 1.0 3.0 4.0 2.0 4.0 1.0 5.0 4.0 4.0 4.0 4.0 1.0 5.0 3.0 1.0 1.0 3.0 3.0 4.0 1.0 1.0 2.0 2.0 3.0 2.0  
19 15.0 2.0 5.0 2.0 2.0 2.0 3.0 1.0 3.0 4.0 4.0 1.0 2.0 2.0 2.0 4.0 5.0 4.0 4.0 2.0 3.0 5.0 2.0 2.0 3.0 1.0 2.0 2.0 2.0 1.0 4.0 5.0 3.0 4.0 1.0 2.0 1.0 2.0 1.0 3.0 4.0 4.0 3.0 2.0 2.0 4.0 4.0 4.0 2.0 2.0 3.0 3.0 4.0 4.0 1.0 3.0 1.0 2.0 4.0 5.0 2.0 5.0 3.0 3.0 1.0 5.0 1.0 2.0 3.0 1.0 2.0 1.0 2.0 2.0 4.0 4.0 4.0 2.0 2.0 3.0 4.0 1.0 4.0 5.0 5.0 3.0 4.0 1.0 3.0 3.0 3.0 2.0 3.0 2.0 1.0 1.0 1.0 1.0 4.0 5.0 2.0 2.0 5.0 2.0 3.0 1.0 2.0 4.0 2.0 4.0 4.0 5.0 4.0 4.0 3.0 4.0 3.0 2.0 4.0 4.0 4.0 2.0 1.0 2.0 4.0 3.0 3.0 2.0 1.0 1.0 3.0 1.0 3.0 4.0 4.0 2.0 5.0 5.0 5.0 1.0 4.0 5.0 3.0 5.0 5.0 3.0 4.0 4.0 2.0 5.0 5.0 4.0 2.0 2.0 4.0 5.0 3.0 2.0 2.0 2.0 2.0 1.0 4.0 2.0 3.0 2.0 2.0 1.0 2.0 5.0 1.0 1.0 1.0 1.0 3.0 3.0 2.0 5.0 2.0 5.0 5.0 1.0 5.0 4.0 5.0 1.0 3.0 2.0 1.0 4.0 2.0 3.0 1.0 4.0 4.0 1.0 2.0 4.0 1.0 1.0 1.0  
21 13.0 3.0 3.0 5.0 1.0 2.0 2.0 1.0 5.0 2.0 3.0 3.0 4.0 2.0 1.0 5.0 3.0 3.0 5.0 4.0 3.0 3.0 5.0 4.0 5.0 4.0 3.0 1.0 1.0 3.0 3.0 5.0 5.0 3.0 3.0 3.0 5.0 1.0 3.0 4.0 1.0 5.0 1.0 5.0 1.0 5.0 3.0 2.0 4.0 1.0 5.0 4.0 5.0 2.0 4.0 5.0 4.0 1.0 1.0 5.0 4.0 3.0 1.0 4.0 3.0 3.0 3.0 1.0 3.0 4.0 4.0 2.0 4.0 3.0 1.0 5.0 5.0 2.0 5.0 2.0 1.0 1.0 4.0 2.0 4.0 5.0 4.0 2.0 4.0 3.0 2.0 1.0 1.0 2.0 3.0 3.0 1.0 1.0 1.0 3.0 5.0 2.0 1.0 1.0 2.0 1.0 3.0 5.0 3.0 3.0 2.0 2.0 1.0 2.0 5.0 1.0 2.0 2.0 1.0 1.0 4.0 4.0 2.0 4.0 1.0 2.0 2.0 2.0 2.0 3.0 4.0 1.0 5.0 1.0 1.0 5.0 5.0 5.0 4.0 2.0 5.0 3.0 2.0 4.0 1.0 2.0 5.0 2.0 1.0 5.0 4.0 3.0 4.0 1.0 3.0 2.0 2.0 3.0 1.0 2.0 5.0 5.0 2.0 3.0 3.0 1.0 1.0 2.0 4.0 5.0 1.0 5.0 5.0 1.0 3.0 3.0 2.0 2.0 3.0 2.0 5.0 4.0 4.0 1.0 5.0 3.0 5.0 4.0 4.0 2.0 2.0 5.0 3.0 5.0 1.0 3.0 5.0 2.0 2.0 4.0 2.0  
45 12.0 1.0 4.0 4.0 3.0 5.0 5.0 3.0 3.0 5.0 4.0 3.0 1.0 5.0 1.0 4.0 4.0 5.0 4.0 3.0 1.0 4.0 4.0 4.0 5.0 2.0 4.0 5.0 1.0 1.0 3.0 2.0 4.0 4.0 5.0 1.0 3.0 1.0 5.0 3.0 4.0 4.0 3.0 4.0 3.0 4.0 1.0 3.0 2.0 2.0 1.0 4.0 5.0 1.0 2.0 5.0 4.0 4.0 5.0 2.0 2.0 1.0 1.0 4.0 4.0 3.0 5.0 2.0 4.0 1.0 4.0 4.0 5.0 5.0 4.0 5.0 4.0 3.0 5.0 2.0 5.0 2.0 2.0 5.0 2.0 5.0 2.0 1.0 3.0 5.0 3.0 1.0 3.0 1.0 1.0 2.0 2.0 3.0 2.0 5.0 4.0 2.0 5.0 1.0 3.0 2.0 2.0 4.0 1.0 5.0 5.0 3.0 4.0 5.0 4.0 3.0 3.0 5.0 2.0 5.0 1.0 4.0 3.0 2.0 2.0 1.0 5.0 4.0 3.0 1.0 2.0 2.0 1.0 2.0 4.0 3.0 1.0 1.0 1.0 4.0 5.0 5.0 1.0 2.0 4.0 5.0 2.0 2.0 1.0 1.0 3.0 1.0 2.0 3.0 2.0 1.0 4.0 4.0 5.0 3.0 3.0 4.0 2.0 5.0 4.0 1.0 2.0 2.0 4.0 3.0 5.0 3.0 2.0 5.0 5.0 2.0 1.0 5.0 5.0 1.0 1.0 4.0 5.0 3.0 4.0 4.0 5.0 1.0 2.0 3.0 5.0 4.0 3.0 3.0 3.0 3.0 1.0 4.0 2.0 1.0 2.0  
22 14.0 5.0 5.0 4.0 3.0 4.0 4.0 4.0 1.0 5.0 3.0 1.0 2.0 4.0 5.0 2.0 5.0 1.0 5.0 4.0 1.0 4.0 5.0 4.0 3.0 5.0 4.0 2.0 1.0 4.0 3.0 2.0 1.0 1.0 1.0 2.0 4.0 4.0 1.0 3.0 5.0 2.0 4.0 1.0 3.0 1.0 4.0 1.0 4.0 2.0 3.0 3.0 3.0 1.0 2.0 4.0 4.0 3.0 5.0 4.0 3.0 1.0 5.0 2.0 1.0 1.0 5.0 2.0 1.0 1.0 2.0 3.0 4.0 3.0 2.0 5.0 3.0 4.0 5.0 5.0 5.0 3.0 5.0 4.0 5.0 1.0 5.0 1.0 4.0 1.0 5.0 2.0 2.0 1.0 3.0 2.0 4.0 2.0 4.0 1.0 4.0 3.0 3.0 1.0 1.0 5.0 4.0 4.0 5.0 2.0 3.0 3.0 4.0 2.0 3.0 4.0 4.0 3.0 3.0 1.0 5.0 2.0 5.0 2.0 1.0 4.0 2.0 4.0 5.0 1.0 5.0 3.0 4.0 3.0 4.0 1.0 5.0 3.0 1.0 2.0 4.0 5.0 1.0 3.0 5.0 1.0 5.0 1.0 5.0 2.0 5.0 3.0 2.0 5.0 4.0 5.0 3.0 3.0 1.0 3.0 4.0 5.0 4.0 4.0 5.0 3.0 1.0 4.0 2.0 4.0 1.0 2.0 5.0 4.0 4.0 1.0 4.0 3.0 1.0 5.0 3.0 1.0 5.0 4.0 1.0 2.0 5.0 4.0 2.0 5.0 2.0 4.0 1.0 1.0 3.0 5.0 5.0 4.0 1.0 2.0 4.0  
32 14.0 5.0 1.0 2.0 1.0 1.0 2.0 1.0 2.0 3.0 1.0 1.0 2.0 2.0 2.0 2.0 2.0 3.0 1.0 4.0 3.0 1.0 3.0 3.0 1.0 3.0 3.0 5.0 4.0 1.0 2.0 2.0 5.0 5.0 4.0 5.0 3.0 2.0 5.0 2.0 4.0 1.0 3.0 1.0 3.0 3.0 1.0 3.0 5.0 5.0 5.0 1.0 5.0 5.0 1.0 1.0 4.0 1.0 3.0 4.0 3.0 5.0 4.0 4.0 2.0 1.0 1.0 3.0 2.0 2.0 4.0 3.0 2.0 1.0 1.0 4.0 1.0 2.0 1.0 1.0 1.0 4.0 5.0 3.0 4.0 4.0 2.0 5.0 3.0 2.0 2.0 5.0 2.0 2.0 5.0 4.0 3.0 3.0 2.0 4.0 3.0 2.0 1.0 5.0 4.0 1.0 3.0 3.0 2.0 5.0 3.0 3.0 3.0 3.0 5.0 1.0 2.0 1.0 4.0 1.0 4.0 4.0 5.0 5.0 1.0 1.0 3.0 2.0 4.0 2.0 2.0 2.0 1.0 5.0 5.0 4.0 1.0 5.0 1.0 2.0 2.0 3.0 3.0 4.0 2.0 3.0 1.0 1.0 4.0 5.0 2.0 5.0 4.0 1.0 3.0 4.0 4.0 1.0 5.0 3.0 5.0 3.0 2.0 5.0 2.0 4.0 1.0 2.0 4.0 3.0 5.0 3.0 5.0 2.0 3.0 2.0 1.0 5.0 5.0 5.0 3.0 1.0 2.0 4.0 5.0 2.0 2.0 5.0 3.0 3.0 3.0 4.0 3.0 1.0 5.0 4.0 3.0 4.0 1.0 1.0 5.0  
38 8.0 1.0 3.0 3.0 2.0 5.0 2.0 3.0 4.0 5.0 4.0 1.0 1.0 2.0 4.0 2.0 5.0 3.0 3.0 5.0 2.0 1.0 2.0 2.0 5.0 5.0 3.0 2.0 3.0 1.0 3.0 4.0 5.0 4.0 1.0 2.0 1.0 1.0 4.0 4.0 5.0 3.0 1.0 4.0 3.0 4.0 5.0 3.0 2.0 1.0 5.0 3.0 4.0 4.0 3.0 5.0 1.0 5.0 1.0 4.0 4.0 4.0 2.0 5.0 3.0 1.0 2.0 1.0 3.0 5.0 3.0 5.0 5.0 2.0 5.0 5.0 2.0 5.0 5.0 3.0 4.0 2.0 2.0 3.0 4.0 3.0 4.0 2.0 2.0 2.0 5.0 3.0 1.0 1.0 5.0 3.0 2.0 1.0 3.0 4.0 5.0 5.0 4.0 4.0 3.0 3.0 3.0 2.0 4.0 1.0 2.0 5.0 5.0 4.0 1.0 1.0 5.0 5.0 2.0 5.0 5.0 2.0 1.0 5.0 3.0 4.0 2.0 1.0 1.0 1.0 2.0 4.0 4.0 3.0 3.0 5.0 1.0 4.0 1.0 2.0 2.0 3.0 5.0 3.0 5.0 3.0 2.0 2.0 4.0 2.0 4.0 1.0 1.0 4.0 3.0 5.0 2.0 3.0 4.0 3.0 4.0 5.0 4.0 1.0 3.0 4.0 2.0 3.0 5.0 1.0 2.0 3.0 5.0 4.0 1.0 3.0 2.0 3.0 3.0 2.0 5.0 3.0 2.0 4.0 3.0 3.0 3.0 2.0 2.0 4.0 1.0 3.0 1.0 5.0 1.0 3.0 3.0 3.0 1.0 4.0 4.0  
31 10.0 3.0 1.0 5.0 5.0 4.0 4.0 4.0 3.0 5.0 4.0 4.0 1.0 1.0 4.0 5.0 4.0 5.0 4.0 3.0 1.0 1.0 2.0 5.0 5.0 1.0 3.0 1.0 2.0 2.0 4.0 4.0 4.0 3.0 1.0 5.0 2.0 3.0 4.0 3.0 4.0 4.0 5.0 3.0 2.0 1.0 2.0 5.0 4.0 5.0 3.0 2.0 3.0 3.0 1.0 3.0 5.0 2.0 5.0 2.0 3.0 3.0 5.0 1.0 4.0 4.0 5.0 1.0 1.0 2.0 2.0 3.0 3.0 2.0 4.0 5.0 1.0 1.0 3.0 1.0 1.0 1.0 4.0 4.0 3.0 2.0 4.0 1.0 2.0 2.0 5.0 1.0 1.0 1.0 2.0 1.0 2.0 3.0 3.0 4.0 3.0 1.0 5.0 5.0 1.0 4.0 5.0 4.0 3.0 1.0 4.0 4.0 4.0 2.0 1.0 5.0 4.0 4.0 3.0 5.0 1.0 2.0 3.0 3.0 1.0 4.0 1.0 1.0 1.0 5.0 3.0 3.0 3.0 5.0 5.0 5.0 1.0 2.0 5.0 5.0 1.0 1.0 3.0 3.0 5.0 3.0 2.0 1.0 5.0 2.0 1.0 2.0 4.0 3.0 2.0 1.0 1.0 4.0 2.0 4.0 5.0 4.0 1.0 1.0 5.0 5.0 4.0 3.0 5.0 2.0 1.0 5.0 3.0 3.0 4.0 2.0 3.0 2.0 3.0 3.0 5.0 1.0 1.0 4.0 4.0 5.0 1.0 1.0 3.0 1.0 5.0 2.0 3.0 5.0 1.0 5.0 5.0 1.0 3.0 5.0 5.0  
36 8.0 5.0 5.0 1.0 2.0 2.0 5.0 1.0 2.0 2.0 5.0 3.0 2.0 3.0 4.0 2.0 3.0 2.0 3.0 2.0 1.0 2.0 3.0 3.0 5.0 4.0 5.0 5.0 1.0 3.0 5.0 4.0 1.0 4.0 1.0 4.0 5.0 5.0 4.0 5.0 2.0 1.0 2.0 2.0 1.0 4.0 5.0 3.0 5.0 3.0 1.0 1.0 2.0 2.0 1.0 4.0 2.0 2.0 3.0 4.0 2.0 3.0 4.0 5.0 2.0 5.0 3.0 5.0 2.0 4.0 1.0 2.0 1.0 2.0 2.0 5.0 5.0 1.0 4.0 2.0 5.0 4.0 1.0 1.0 1.0 4.0 5.0 3.0 3.0 5.0 4.0 5.0 4.0 1.0 5.0 3.0 1.0 3.0 1.0 1.0 4.0 4.0 2.0 5.0 4.0 5.0 3.0 1.0 4.0 3.0 2.0 2.0 2.0 1.0 3.0 5.0 2.0 4.0 4.0 2.0 5.0 4.0 1.0 2.0 2.0 3.0 1.0 2.0 1.0 3.0 1.0 1.0 2.0 4.0 2.0 5.0 1.0 4.0 3.0 1.0 5.0 1.0 5.0 2.0 1.0 2.0 5.0 3.0 1.0 2.0 2.0 4.0 3.0 5.0 2.0 5.0 1.0 3.0 5.0 1.0 5.0 1.0 1.0 2.0 5.0 1.0 2.0 4.0 3.0 4.0 4.0 1.0 3.0 3.0 4.0 4.0 2.0 4.0 1.0 4.0 5.0 5.0 5.0 2.0 1.0 4.0 1.0 5.0 4.0 2.0 2.0 1.0 3.0 3.0 3.0 5.0 1.0 1.0 3.0 2.0 1.0  
26 7.0 2.0 2.0 4.0 1.0 1.0 5.0 4.0 5.0 3.0 4.0 5.0 2.0 2.0 2.0 3.0 2.0 1.0 1.0 5.0 4.0 5.0 1.0 1.0 5.0 4.0 2.0 5.0 5.0 3.0 3.0 1.0 3.0 1.0 5.0 5.0 3.0 1.0 4.0 2.0 4.0 1.0 3.0 3.0 2.0 1.0 2.0 3.0 4.0 4.0 1.0 2.0 1.0 5.0 3.0 5.0 4.0 3.0 2.0 3.0 3.0 2.0 1.0 1.0 1.0 5.0 3.0 4.0 5.0 4.0 1.0 3.0 3.0 4.0 1.0 4.0 4.0 4.0 1.0 1.0 2.0 5.0 4.0 2.0 1.0 3.0 2.0 1.0 4.0 2.0 3.0 2.0 5.0 2.0 5.0 2.0 4.0 4.0 2.0 4.0 3.0 1.0 5.0 2.0 2.0 2.0 3.0 2.0 2.0 5.0 4.0 3.0 2.0 2.0 5.0 2.0 4.0 4.0 5.0 4.0 3.0 2.0 3.0 3.0 5.0 2.0 4.0 5.0 3.0 4.0 1.0 2.0 3.0 4.0 5.0 5.0 4.0 3.0 2.0 2.0 2.0 2.0 1.0 2.0 5.0 2.0 3.0 1.0 4.0 3.0 4.0 2.0 3.0 5.0 5.0 1.0 5.0 2.0 5.0 4.0 5.0 1.0 2.0 3.0 4.0 5.0 1.0 4.0 3.0 4.0 1.0 5.0 1.0 5.0 1.0 2.0 5.0 1.0 5.0 5.0 2.0 2.0 3.0 1.0 2.0 5.0 2.0 2.0 1.0 2.0 2.0 5.0 1.0 5.0 2.0 4.0 5.0 5.0 3.0 2.0 4.0  
43 6.0 2.0 5.0 1.0 3.0 1.0 3.0 4.0 4.0 1.0 3.0 4.0 2.0 2.0 2.0 5.0 4.0 1.0 5.0 1.0 5.0 2.0 2.0 4.0 4.0 2.0 2.0 1.0 1.0 5.0 5.0 4.0 5.0 2.0 1.0 5.0 4.0 5.0 1.0 5.0 4.0 1.0 1.0 2.0 5.0 2.0 4.0 2.0 4.0 5.0 4.0 1.0 5.0 2.0 1.0 4.0 3.0 5.0 2.0 5.0 3.0 2.0 1.0 1.0 5.0 3.0 2.0 2.0 4.0 3.0 2.0 1.0 2.0 1.0 2.0 5.0 4.0 4.0 3.0 1.0 3.0 3.0 3.0 3.0 1.0 3.0 1.0 4.0 2.0 2.0 1.0 3.0 2.0 3.0 2.0 1.0 5.0 5.0 3.0 2.0 2.0 1.0 2.0 1.0 4.0 4.0 3.0 3.0 3.0 4.0 5.0 3.0 1.0 5.0 3.0 4.0 2.0 4.0 4.0 1.0 3.0 1.0 5.0 1.0 2.0 3.0 3.0 4.0 4.0 2.0 4.0 3.0 3.0 5.0 3.0 3.0 2.0 1.0 5.0 3.0 5.0 2.0 3.0 1.0 2.0 3.0 5.0 2.0 5.0 5.0 4.0 5.0 2.0 3.0 2.0 3.0 1.0 5.0 2.0 1.0 4.0 5.0 3.0 1.0 3.0 2.0 3.0 4.0 3.0 3.0 2.0 4.0 3.0 2.0 2.0 3.0 5.0 2.0 5.0 4.0 4.0 2.0 1.0 4.0 5.0 1.0 4.0 5.0 3.0 4.0 4.0 3.0 5.0 3.0 2.0 3.0 4.0 1.0 3.0 5.0 1.0  
27 11.0 3.0 4.0 1.0 4.0 2.0 4.0 3.0 2.0 4.0 2.0 2.0 2.0 3.0 3.0 1.0 5.0 2.0 2.0 3.0 3.0 4.0 1.0 5.0 2.0 3.0 1.0 5.0 3.0 2.0 5.0 2.0 3.0 4.0 5.0 3.0 1.0 5.0 2.0 5.0 2.0 1.0 3.0 1.0 3.0 4.0 1.0 3.0 1.0 5.0 5.0 5.0 1.0 5.0 2.0 4.0 3.0 2.0 2.0 4.0 3.0 1.0 5.0 5.0 5.0 3.0 1.0 3.0 2.0 4.0 3.0 2.0 2.0 3.0 4.0 1.0 5.0 1.0 1.0 2.0 4.0 2.0 5.0 3.0 5.0 1.0 5.0 4.0 2.0 3.0 3.0 4.0 5.0 5.0 4.0 4.0 5.0 3.0 2.0 2.0 1.0 2.0 5.0 4.0 1.0 5.0 2.0 3.0 2.0 4.0 3.0 4.0 3.0 5.0 5.0 5.0 5.0 3.0 5.0 1.0 3.0 4.0 1.0 3.0 4.0 4.0 4.0 1.0 5.0 1.0 1.0 2.0 4.0 3.0 4.0 5.0 4.0 2.0 2.0 4.0 2.0 3.0 1.0 2.0 1.0 2.0 5.0 5.0 1.0 3.0 5.0 5.0 5.0 2.0 3.0 1.0 2.0 1.0 1.0 1.0 5.0 4.0 2.0 1.0 3.0 5.0 3.0 5.0 1.0 4.0 3.0 1.0 2.0 1.0 2.0 4.0 1.0 2.0 1.0 4.0 3.0 5.0 4.0 4.0 1.0 2.0 1.0 5.0 4.0 3.0 3.0 5.0 3.0 3.0 3.0 2.0 5.0 5.0 1.0 2.0 5.0  
40 12.0 3.0 2.0 5.0 2.0 5.0 3.0 1.0 4.0 2.0 4.0 3.0 2.0 1.0 1.0 3.0 4.0 3.0 3.0 3.0 2.0 4.0 1.0 2.0 2.0 5.0 1.0 1.0 5.0 1.0 4.0 1.0 4.0 3.0 1.0 4.0 5.0 3.0 4.0 4.0 4.0 5.0 4.0 2.0 5.0 3.0 2.0 4.0 3.0 5.0 3.0 5.0 3.0 1.0 5.0 3.0 4.0 2.0 2.0 5.0 4.0 5.0 1.0 5.0 5.0 5.0 1.0 3.0 4.0 3.0 5.0 3.0 1.0 2.0 3.0 4.0 3.0 5.0 3.0 5.0 3.0 5.0 3.0 2.0 2.0 2.0 1.0 2.0 5.0 1.0 1.0 3.0 1.0 4.0 4.0 5.0 2.0 4.0 2.0 4.0 3.0 2.0 2.0 4.0 2.0 4.0 1.0 3.0 2.0 2.0 5.0 1.0 4.0 5.0 3.0 1.0 5.0 5.0 3.0 1.0 2.0 3.0 4.0 3.0 4.0 3.0 5.0 3.0 2.0 2.0 3.0 4.0 2.0 5.0 2.0 2.0 5.0 4.0 4.0 5.0 4.0 2.0 5.0 2.0 2.0 5.0 3.0 3.0 1.0 1.0 2.0 4.0 1.0 4.0 2.0 3.0 2.0 2.0 5.0 5.0 5.0 4.0 4.0 5.0 5.0 4.0 5.0 1.0 1.0 5.0 1.0 1.0 1.0 4.0 3.0 3.0 1.0 4.0 3.0 4.0 2.0 5.0 5.0 4.0 4.0 5.0 5.0 4.0 4.0 2.0 5.0 3.0 5.0 1.0 2.0 5.0 5.0 5.0 1.0 2.0 1.0  
6 12.0 3.0 4.0 1.0 3.0 4.0 3.0 2.0 5.0 4.0 3.0 2.0 3.0 3.0 2.0 5.0 2.0 1.0 5.0 5.0 4.0 5.0 2.0 1.0 5.0 5.0 5.0 1.0 5.0 5.0 2.0 4.0 1.0 1.0 2.0 5.0 2.0 4.0 3.0 2.0 1.0 2.0 3.0 3.0 1.0 1.0 3.0 1.0 4.0 3.0 2.0 4.0 4.0 3.0 4.0 2.0 4.0 1.0 4.0 4.0 4.0 2.0 5.0 4.0 5.0 3.0 4.0 1.0 2.0 5.0 5.0 5.0 3.0 5.0 3.0 3.0 3.0 3.0 4.0 1.0 3.0 1.0 5.0 4.0 2.0 1.0 5.0 2.0 3.0 1.0 1.0 5.0 2.0 2.0 2.0 1.0 4.0 1.0 5.0 3.0 2.0 3.0 3.0 1.0 2.0 5.0 1.0 2.0 1.0 3.0 1.0 3.0 5.0 1.0 1.0 4.0 3.0 4.0 2.0 1.0 4.0 5.0 3.0 3.0 2.0 2.0 2.0 2.0 3.0 5.0 4.0 4.0 5.0 3.0 4.0 3.0 1.0 4.0 3.0 5.0 5.0 5.0 2.0 1.0 2.0 2.0 1.0 2.0 2.0 5.0 1.0 4.0 2.0 1.0 5.0 5.0 2.0 1.0 5.0 5.0 4.0 2.0 2.0 1.0 1.0 4.0 5.0 4.0 1.0 5.0 2.0 3.0 5.0 4.0 4.0 1.0 4.0 2.0 5.0 3.0 1.0 1.0 2.0 3.0 3.0 4.0 3.0 4.0 1.0 5.0 4.0 3.0 2.0 5.0 1.0 1.0 2.0 4.0 4.0 4.0 3.0  
39 15.0 1.0 3.0 5.0 5.0 1.0 5.0 3.0 2.0 5.0 4.0 1.0 5.0 2.0 2.0 2.0 1.0 4.0 1.0 1.0 5.0 5.0 1.0 2.0 1.0 1.0 4.0 2.0 4.0 4.0 2.0 1.0 4.0 1.0 5.0 4.0 3.0 2.0 5.0 3.0 1.0 3.0 4.0 3.0 2.0 4.0 5.0 1.0 3.0 5.0 3.0 1.0 1.0 3.0 4.0 1.0 5.0 5.0 3.0 1.0 2.0 3.0 3.0 5.0 1.0 5.0 1.0 4.0 5.0 2.0 5.0 1.0 1.0 1.0 3.0 2.0 4.0 2.0 1.0 3.0 2.0 1.0 3.0 5.0 3.0 1.0 4.0 1.0 5.0 2.0 3.0 3.0 1.0 5.0 4.0 2.0 1.0 1.0 3.0 1.0 5.0 4.0 1.0 2.0 1.0 2.0 2.0 1.0 3.0 2.0 2.0 5.0 3.0 4.0 3.0 2.0 5.0 5.0 1.0 1.0 5.0 1.0 4.0 5.0 3.0 1.0 4.0 4.0 2.0 5.0 1.0 3.0 3.0 3.0 5.0 4.0 3.0 2.0 1.0 5.0 4.0 5.0 2.0 1.0 3.0 5.0 5.0 3.0 3.0 5.0 4.0 1.0 5.0 1.0 3.0 5.0 5.0 4.0 3.0 5.0 1.0 3.0 3.0 3.0 3.0 4.0 2.0 3.0 4.0 5.0 1.0 5.0 1.0 3.0 3.0 5.0 2.0 5.0 1.0 3.0 1.0 2.0 1.0 2.0 5.0 4.0 3.0 4.0 2.0 1.0 4.0 1.0 4.0 3.0 1.0 2.0 4.0 2.0 3.0 4.0 5.0  
18 11.0 4.0 5.0 4.0 5.0 4.0 2.0 2.0 3.0 5.0 5.0 1.0 5.0 5.0 5.0 4.0 1.0 4.0 3.0 5.0 3.0 2.0 2.0 1.0 4.0 1.0 3.0 4.0 3.0 1.0 5.0 3.0 5.0 1.0 5.0 4.0 2.0 1.0 2.0 2.0 2.0 1.0 4.0 2.0 2.0 5.0 4.0 1.0 4.0 4.0 3.0 1.0 4.0 3.0 3.0 1.0 4.0 3.0 5.0 2.0 4.0 4.0 3.0 1.0 1.0 1.0 5.0 2.0 3.0 2.0 1.0 1.0 4.0 4.0 1.0 2.0 1.0 4.0 5.0 1.0 3.0 4.0 3.0 3.0 4.0 4.0 1.0 1.0 5.0 2.0 4.0 3.0 3.0 2.0 2.0 4.0 1.0 5.0 3.0 5.0 5.0 5.0 3.0 1.0 1.0 1.0 2.0 5.0 5.0 1.0 4.0 3.0 1.0 2.0 5.0 5.0 3.0 3.0 1.0 1.0 1.0 3.0 2.0 3.0 5.0 2.0 2.0 5.0 2.0 4.0 2.0 5.0 4.0 4.0 4.0 5.0 5.0 2.0 2.0 4.0 1.0 1.0 3.0 4.0 5.0 3.0 2.0 2.0 5.0 5.0 1.0 3.0 5.0 2.0 3.0 5.0 2.0 3.0 1.0 2.0 1.0 4.0 2.0 5.0 3.0 2.0 1.0 3.0 4.0 2.0 3.0 5.0 5.0 4.0 3.0 2.0 2.0 5.0 4.0 4.0 1.0 4.0 2.0 2.0 3.0 5.0 3.0 2.0 4.0 2.0 2.0 2.0 1.0 1.0 3.0 3.0 2.0 2.0 5.0 2.0 5.0  
44 7.0 5.0 2.0 4.0 3.0 1.0 2.0 5.0 4.0 5.0 3.0 1.0 1.0 2.0 2.0 2.0 4.0 5.0 4.0 2.0 5.0 5.0 4.0 3.0 3.0 1.0 3.0 1.0 1.0 2.0 4.0 5.0 4.0 1.0 3.0 2.0 5.0 5.0 3.0 1.0 4.0 2.0 5.0 4.0 2.0 4.0 2.0 1.0 2.0 1.0 5.0 5.0 3.0 5.0 4.0 2.0 3.0 4.0 4.0 5.0 2.0 3.0 2.0 1.0 1.0 4.0 4.0 1.0 1.0 4.0 2.0 5.0 1.0 3.0 3.0 1.0 4.0 4.0 3.0 1.0 4.0 3.0 5.0 1.0 1.0 3.0 1.0 5.0 4.0 2.0 2.0 2.0 3.0 5.0 5.0 1.0 5.0 1.0 1.0 4.0 2.0 3.0 1.0 4.0 1.0 5.0 2.0 1.0 2.0 5.0 5.0 1.0 2.0 1.0 2.0 2.0 3.0 3.0 4.0 1.0 3.0 1.0 4.0 5.0 2.0 2.0 1.0 5.0 1.0 2.0 1.0 5.0 1.0 4.0 4.0 5.0 2.0 2.0 5.0 4.0 1.0 5.0 3.0 1.0 5.0 2.0 5.0 2.0 5.0 2.0 1.0 3.0 5.0 1.0 1.0 4.0 3.0 2.0 4.0 1.0 4.0 2.0 2.0 1.0 3.0 1.0 2.0 3.0 5.0 2.0 2.0 3.0 2.0 2.0 1.0 1.0 1.0 1.0 3.0 1.0 3.0 2.0 5.0 2.0 5.0 2.0 2.0 2.0 5.0 2.0 2.0 2.0 2.0 2.0 4.0 2.0 1.0 1.0 3.0 5.0 1.0  
17 9.0 2.0 2.0 2.0 2.0 5.0 1.0 5.0 4.0 4.0 4.0 3.0 3.0 4.0 1.0 1.0 1.0 2.0 2.0 3.0 5.0 4.0 2.0 3.0 3.0 1.0 1.0 3.0 3.0 1.0 4.0 4.0 1.0 4.0 1.0 2.0 3.0 3.0 3.0 2.0 5.0 1.0 5.0 4.0 5.0 1.0 3.0 3.0 2.0 5.0 5.0 1.0 4.0 4.0 5.0 3.0 3.0 2.0 2.0 2.0 3.0 3.0 2.0 4.0 4.0 4.0 4.0 5.0 3.0 4.0 4.0 5.0 2.0 2.0 5.0 3.0 5.0 5.0 3.0 1.0 5.0 4.0 1.0 2.0 4.0 1.0 4.0 2.0 4.0 2.0 4.0 1.0 1.0 1.0 3.0 3.0 4.0 2.0 3.0 4.0 3.0 4.0 2.0 1.0 3.0 1.0 5.0 5.0 5.0 3.0 1.0 3.0 4.0 1.0 1.0 3.0 1.0 5.0 2.0 2.0 4.0 2.0 2.0 5.0 3.0 4.0 2.0 1.0 5.0 1.0 3.0 5.0 3.0 1.0 5.0 1.0 5.0 3.0 3.0 2.0 4.0 4.0 3.0 2.0 3.0 4.0 4.0 2.0 2.0 4.0 3.0 5.0 5.0 4.0 5.0 1.0 5.0 1.0 1.0 1.0 4.0 4.0 4.0 4.0 5.0 3.0 2.0 2.0 5.0 2.0 1.0 1.0 3.0 2.0 4.0 1.0 2.0 1.0 2.0 2.0 3.0 1.0 4.0 5.0 3.0 5.0 2.0 3.0 2.0 4.0 5.0 3.0 1.0 2.0 3.0 5.0 1.0 4.0 3.0 3.0 1.0  
24 14.0 5.0 1.0 3.0 4.0 4.0 1.0 4.0 4.0 2.0 3.0 3.0 2.0 2.0 3.0 3.0 2.0 3.0 5.0 1.0 4.0 1.0 4.0 5.0 3.0 3.0 4.0 5.0 5.0 5.0 2.0 3.0 4.0 5.0 1.0 1.0 4.0 1.0 3.0 2.0 4.0 1.0 1.0 5.0 1.0 4.0 1.0 3.0 5.0 5.0 1.0 4.0 3.0 3.0 5.0 4.0 3.0 2.0 5.0 5.0 4.0 2.0 3.0 4.0 5.0 1.0 4.0 3.0 1.0 5.0 5.0 2.0 3.0 2.0 1.0 2.0 4.0 4.0 5.0 3.0 5.0 3.0 2.0 3.0 4.0 4.0 3.0 1.0 3.0 3.0 3.0 5.0 4.0 5.0 5.0 4.0 2.0 2.0 4.0 5.0 4.0 4.0 4.0 2.0 4.0 2.0 5.0 2.0 3.0 2.0 1.0 3.0 5.0 4.0 5.0 1.0 2.0 3.0 3.0 5.0 2.0 3.0 2.0 4.0 4.0 2.0 4.0 4.0 4.0 2.0 1.0 3.0 3.0 1.0 2.0 1.0 2.0 1.0 2.0 5.0 4.0 3.0 3.0 4.0 1.0 5.0 5.0 4.0 1.0 4.0 4.0 1.0 1.0 5.0 4.0 3.0 5.0 5.0 3.0 3.0 2.0 3.0 2.0 3.0 3.0 2.0 4.0 2.0 3.0 5.0 3.0 3.0 4.0 1.0 4.0 3.0 4.0 3.0 3.0 5.0 3.0 1.0 1.0 2.0 4.0 2.0 2.0 1.0 1.0 2.0 5.0 2.0 3.0 5.0 5.0 3.0 2.0 5.0 4.0 2.0 4.0  
46 14.0 5.0 1.0 3.0 3.0 5.0 1.0 2.0 3.0 4.0 1.0 3.0 2.0 1.0 5.0 4.0 2.0 2.0 3.0 1.0 3.0 4.0 1.0 5.0 5.0 4.0 2.0 2.0 3.0 5.0 1.0 4.0 3.0 1.0 4.0 3.0 1.0 4.0 2.0 1.0 5.0 2.0 2.0 1.0 3.0 1.0 3.0 3.0 4.0 2.0 2.0 3.0 1.0 5.0 2.0 3.0 2.0 4.0 2.0 5.0 3.0 5.0 5.0 2.0 5.0 1.0 4.0 2.0 4.0 1.0 4.0 4.0 5.0 1.0 3.0 4.0 4.0 3.0 1.0 4.0 2.0 2.0 3.0 2.0 4.0 1.0 3.0 1.0 1.0 2.0 4.0 2.0 4.0 2.0 2.0 1.0 2.0 4.0 3.0 2.0 2.0 1.0 1.0 2.0 2.0 1.0 5.0 1.0 3.0 1.0 3.0 2.0 1.0 3.0 5.0 5.0 3.0 3.0 5.0 2.0 4.0 5.0 2.0 4.0 4.0 2.0 4.0 4.0 3.0 4.0 4.0 3.0 5.0 4.0 1.0 1.0 4.0 1.0 1.0 5.0 4.0 2.0 4.0 3.0 4.0 3.0 2.0 5.0 1.0 3.0 3.0 5.0 5.0 4.0 2.0 5.0 4.0 5.0 3.0 2.0 1.0 5.0 4.0 2.0 3.0 4.0 3.0 1.0 1.0 2.0 2.0 3.0 4.0 5.0 5.0 4.0 5.0 4.0 4.0 3.0 2.0 5.0 3.0 1.0 2.0 1.0 1.0 5.0 4.0 2.0 5.0 1.0 5.0 1.0 2.0 5.0 3.0 2.0 1.0 3.0 4.0  
2 11.0 1.0 1.0 1.0 4.0 2.0 5.0 1.0 4.0 4.0 5.0 2.0 1.0 1.0 3.0 1.0 5.0 5.0 4.0 4.0 3.0 4.0 3.0 3.0 2.0 1.0 4.0 1.0 1.0 2.0 1.0 3.0 4.0 4.0 3.0 5.0 1.0 3.0 4.0 3.0 4.0 5.0 5.0 5.0 3.0 4.0 3.0 2.0 2.0 4.0 2.0 2.0 4.0 4.0 2.0 5.0 5.0 5.0 3.0 1.0 5.0 3.0 5.0 1.0 4.0 3.0 3.0 5.0 3.0 3.0 3.0 2.0 5.0 5.0 3.0 3.0 3.0 1.0 5.0 2.0 5.0 4.0 4.0 1.0 5.0 3.0 3.0 2.0 1.0 1.0 2.0 4.0 2.0 1.0 3.0 1.0 5.0 3.0 3.0 1.0 3.0 3.0 4.0 5.0 5.0 5.0 5.0 4.0 2.0 1.0 3.0 2.0 2.0 1.0 5.0 5.0 4.0 5.0 2.0 3.0 1.0 3.0 5.0 3.0 2.0 5.0 4.0 2.0 1.0 3.0 4.0 1.0 1.0 4.0 3.0 4.0 3.0 1.0 4.0 1.0 1.0 5.0 1.0 4.0 5.0 3.0 1.0 3.0 4.0 3.0 3.0 2.0 5.0 4.0 2.0 2.0 1.0 2.0 4.0 1.0 4.0 5.0 2.0 3.0 2.0 5.0 2.0 1.0 4.0 5.0 3.0 2.0 2.0 1.0 1.0 2.0 1.0 3.0 2.0 2.0 4.0 3.0 2.0 2.0 3.0 4.0 1.0 1.0 4.0 1.0 5.0 4.0 3.0 4.0 5.0 5.0 5.0 1.0 1.0 5.0 2.0  
37 14.0 1.0 3.0 4.0 4.0 1.0 5.0 3.0 1.0 4.0 5.0 2.0 2.0 4.0 3.0 4.0 5.0 3.0 1.0 1.0 2.0 2.0 1.0 3.0 4.0 2.0 2.0 5.0 1.0 5.0 2.0 5.0 1.0 1.0 5.0 5.0 2.0 3.0 2.0 4.0 5.0 4.0 2.0 4.0 1.0 4.0 2.0 3.0 2.0 5.0 5.0 3.0 2.0 2.0 3.0 3.0 1.0 4.0 3.0 4.0 1.0 4.0 2.0 3.0 5.0 5.0 3.0 2.0 3.0 3.0 5.0 1.0 1.0 1.0 2.0 2.0 4.0 4.0 3.0 1.0 2.0 3.0 1.0 5.0 1.0 1.0 5.0 2.0 3.0 3.0 5.0 4.0 5.0 1.0 4.0 1.0 4.0 1.0 4.0 2.0 5.0 2.0 4.0 1.0 4.0 2.0 1.0 3.0 5.0 2.0 2.0 5.0 5.0 4.0 5.0 3.0 5.0 5.0 2.0 3.0 4.0 5.0 2.0 4.0 1.0 5.0 4.0 1.0 2.0 3.0 1.0 5.0 1.0 1.0 1.0 1.0 2.0 5.0 2.0 1.0 3.0 5.0 1.0 3.0 1.0 5.0 3.0 2.0 1.0 1.0 2.0 4.0 2.0 3.0 4.0 5.0 4.0 2.0 1.0 4.0 5.0 2.0 1.0 1.0 4.0 1.0 2.0 4.0 2.0 1.0 2.0 5.0 1.0 4.0 1.0 1.0 2.0 2.0 4.0 4.0 5.0 4.0 5.0 1.0 3.0 2.0 5.0 1.0 3.0 4.0 4.0 5.0 4.0 3.0 4.0 5.0 3.0 5.0 5.0 5.0 1.0  
7 12.0 3.0 4.0 5.0 5.0 5.0 2.0 5.0 4.0 4.0 4.0 5.0 2.0 5.0 4.0 1.0 5.0 5.0 2.0 2.0 3.0 4.0 3.0 1.0 3.0 2.0 1.0 1.0 5.0 3.0 4.0 2.0 1.0 3.0 1.0 4.0 2.0 5.0 3.0 2.0 4.0 2.0 4.0 1.0 4.0 1.0 4.0 2.0 4.0 5.0 1.0 5.0 2.0 3.0 2.0 5.0 2.0 4.0 5.0 2.0 2.0 1.0 2.0 4.0 3.0 1.0 2.0 4.0 3.0 5.0 4.0 3.0 1.0 3.0 5.0 4.0 5.0 2.0 3.0 4.0 3.0 3.0 3.0 3.0 5.0 3.0 4.0 1.0 4.0 4.0 2.0 5.0 3.0 3.0 4.0 5.0 2.0 1.0 2.0 4.0 3.0 2.0 4.0 5.0 2.0 2.0 1.0 2.0 2.0 5.0 2.0 3.0 2.0 2.0 1.0 3.0 3.0 4.0 1.0 4.0 2.0 1.0 5.0 1.0 1.0 5.0 2.0 3.0 2.0 2.0 2.0 4.0 2.0 5.0 4.0 5.0 4.0 5.0 4.0 2.0 1.0 5.0 2.0 3.0 1.0 4.0 5.0 1.0 1.0 1.0 3.0 4.0 2.0 3.0 5.0 3.0 3.0 2.0 4.0 3.0 1.0 3.0 2.0 3.0 3.0 2.0 1.0 4.0 5.0 1.0 5.0 2.0 3.0 3.0 3.0 2.0 3.0 4.0 3.0 2.0 2.0 2.0 5.0 4.0 2.0 3.0 1.0 4.0 4.0 2.0 1.0 5.0 5.0 4.0 5.0 1.0 1.0 3.0 1.0 2.0 2.0  
8 10.0 4.0 3.0 5.0 3.0 2.0 1.0 1.0 4.0 1.0 4.0 2.0 2.0 5.0 3.0 4.0 5.0 3.0 4.0 1.0 2.0 1.0 5.0 4.0 4.0 5.0 5.0 5.0 1.0 5.0 2.0 1.0 5.0 5.0 2.0 5.0 1.0 4.0 2.0 4.0 1.0 2.0 4.0 4.0 5.0 4.0 4.0 2.0 2.0 4.0 1.0 5.0 5.0 1.0 5.0 1.0 4.0 2.0 4.0 3.0 1.0 2.0 2.0 3.0 2.0 4.0 5.0 2.0 4.0 1.0 2.0 2.0 4.0 3.0 1.0 1.0 3.0 5.0 2.0 5.0 2.0 5.0 3.0 3.0 3.0 1.0 2.0 5.0 3.0 3.0 1.0 4.0 5.0 2.0 5.0 5.0 2.0 3.0 3.0 5.0 5.0 3.0 4.0 1.0 3.0 4.0 2.0 5.0 5.0 1.0 4.0 1.0 2.0 1.0 5.0 2.0 2.0 1.0 1.0 2.0 3.0 2.0 2.0 2.0 3.0 4.0 2.0 5.0 1.0 2.0 5.0 4.0 3.0 4.0 4.0 5.0 4.0 1.0 5.0 4.0 4.0 4.0 4.0 4.0 4.0 5.0 3.0 2.0 1.0 5.0 3.0 4.0 1.0 2.0 4.0 4.0 5.0 2.0 1.0 3.0 5.0 5.0 3.0 4.0 3.0 5.0 1.0 2.0 1.0 2.0 1.0 1.0 5.0 2.0 2.0 3.0 5.0 4.0 5.0 4.0 5.0 5.0 2.0 3.0 4.0 5.0 5.0 5.0 4.0 5.0 4.0 1.0 5.0 4.0 4.0 1.0 1.0 5.0 3.0 5.0 4.0  
35 11.0 2.0 2.0 5.0 1.0 5.0 4.0 4.0 2.0 3.0 2.0 4.0 4.0 5.0 5.0 3.0 4.0 1.0 1.0 4.0 5.0 5.0 4.0 5.0 4.0 4.0 2.0 2.0 5.0 4.0 4.0 1.0 2.0 2.0 1.0 4.0 1.0 2.0 4.0 4.0 2.0 4.0 1.0 5.0 1.0 4.0 2.0 4.0 5.0 2.0 1.0 5.0 1.0 5.0 2.0 1.0 1.0 3.0 2.0 3.0 3.0 1.0 1.0 4.0 3.0 5.0 2.0 4.0 3.0 1.0 4.0 4.0 4.0 4.0 5.0 2.0 3.0 2.0 3.0 3.0 1.0 3.0 2.0 1.0 3.0 5.0 4.0 3.0 5.0 3.0 5.0 3.0 3.0 2.0 5.0 3.0 5.0 4.0 1.0 5.0 4.0 1.0 5.0 2.0 3.0 3.0 1.0 5.0 3.0 4.0 4.0 3.0 3.0 2.0 3.0 4.0 1.0 1.0 1.0 2.0 5.0 4.0 4.0 3.0 2.0 3.0 3.0 1.0 5.0 3.0 4.0 3.0 3.0 2.0 5.0 5.0 4.0 5.0 1.0 3.0 4.0 3.0 3.0 5.0 3.0 2.0 2.0 5.0 1.0 3.0 3.0 4.0 4.0 1.0 2.0 3.0 4.0 1.0 1.0 2.0 4.0 4.0 2.0 1.0 3.0 2.0 3.0 4.0 3.0 5.0 2.0 4.0 2.0 1.0 3.0 1.0 3.0 4.0 5.0 4.0 2.0 1.0 3.0 4.0 5.0 2.0 5.0 3.0 1.0 5.0 3.0 1.0 4.0 1.0 5.0 1.0 2.0 1.0 4.0 2.0 2.0  
42 9.0 1.0 4.0 3.0 5.0 2.0 3.0 4.0 5.0 3.0 4.0 1.0 1.0 3.0 1.0 2.0 5.0 2.0 4.0 1.0 2.0 5.0 2.0 3.0 3.0 5.0 5.0 5.0 1.0 2.0 4.0 1.0 2.0 5.0 3.0 5.0 1.0 3.0 1.0 1.0 2.0 2.0 5.0 3.0 5.0 1.0 2.0 2.0 1.0 4.0 2.0 2.0 3.0 3.0 1.0 4.0 3.0 3.0 3.0 1.0 4.0 1.0 4.0 1.0 5.0 1.0 5.0 3.0 2.0 1.0 3.0 2.0 1.0 3.0 3.0 1.0 4.0 2.0 1.0 1.0 3.0 4.0 2.0 1.0 2.0 3.0 5.0 5.0 5.0 2.0 1.0 1.0 5.0 4.0 3.0 5.0 5.0 3.0 4.0 3.0 1.0 2.0 4.0 2.0 1.0 5.0 4.0 2.0 5.0 5.0 1.0 1.0 1.0 2.0 4.0 1.0 2.0 1.0 2.0 2.0 2.0 5.0 2.0 4.0 2.0 3.0 1.0 2.0 4.0 1.0 2.0 2.0 5.0 2.0 3.0 4.0 4.0 2.0 3.0 1.0 1.0 2.0 3.0 5.0 3.0 5.0 1.0 2.0 4.0 5.0 5.0 2.0 3.0 3.0 3.0 3.0 4.0 3.0 5.0 4.0 3.0 2.0 4.0 5.0 5.0 1.0 4.0 4.0 5.0 3.0 4.0 3.0 3.0 1.0 2.0 4.0 3.0 2.0 5.0 2.0 5.0 5.0 4.0 3.0 2.0 2.0 4.0 4.0 1.0 4.0 1.0 4.0 2.0 4.0 2.0 3.0 1.0 4.0 2.0 1.0 4.0  
48 12.0 5.0 1.0 5.0 5.0 5.0 5.0 4.0 3.0 4.0 2.0 4.0 1.0 2.0 5.0 2.0 2.0 2.0 1.0 2.0 1.0 4.0 1.0 1.0 1.0 3.0 4.0 2.0 1.0 3.0 1.0 2.0 3.0 5.0 1.0 2.0 4.0 4.0 5.0 3.0 5.0 4.0 2.0 3.0 4.0 2.0 5.0 1.0 1.0 1.0 2.0 5.0 3.0 2.0 2.0 1.0 5.0 5.0 1.0 4.0 2.0 4.0 2.0 1.0 2.0 3.0 3.0 3.0 3.0 2.0 4.0 1.0 2.0 5.0 5.0 1.0 2.0 1.0 3.0 2.0 5.0 1.0 2.0 3.0 1.0 1.0 4.0 2.0 2.0 3.0 3.0 3.0 1.0 3.0 5.0 5.0 2.0 2.0 1.0 1.0 5.0 1.0 3.0 1.0 5.0 2.0 5.0 3.0 4.0 2.0 5.0 3.0 4.0 3.0 3.0 1.0 1.0 4.0 4.0 4.0 3.0 1.0 4.0 5.0 5.0 4.0 1.0 3.0 2.0 5.0 1.0 5.0 3.0 1.0 3.0 5.0 2.0 4.0 2.0 1.0 2.0 4.0 1.0 5.0 2.0 1.0 5.0 4.0 5.0 3.0 5.0 2.0 3.0 5.0 1.0 1.0 3.0 3.0 1.0 4.0 4.0 4.0 3.0 3.0 5.0 3.0 4.0 3.0 1.0 4.0 1.0 2.0 3.0 1.0 4.0 2.0 5.0 4.0 3.0 2.0 5.0 4.0 1.0 4.0 1.0 5.0 5.0 2.0 1.0 4.0 5.0 2.0 5.0 2.0 4.0 3.0 4.0 3.0 1.0 5.0 3.0  
41 15.0 3.0 5.0 2.0 3.0 5.0 2.0 2.0 4.0 4.0 5.0 4.0 2.0 4.0 1.0 1.0 3.0 1.0 3.0 4.0 4.0 2.0 2.0 3.0 4.0 3.0 3.0 5.0 3.0 3.0 5.0 1.0 2.0 2.0 5.0 5.0 1.0 2.0 2.0 5.0 4.0 4.0 3.0 2.0 3.0 1.0 5.0 5.0 5.0 2.0 1.0 4.0 2.0 2.0 2.0 5.0 1.0 5.0 2.0 2.0 3.0 5.0 4.0 2.0 2.0 4.0 5.0 4.0 2.0 5.0 4.0 4.0 5.0 1.0 4.0 2.0 5.0 2.0 5.0 2.0 1.0 4.0 4.0 1.0 3.0 5.0 1.0 1.0 3.0 5.0 2.0 3.0 4.0 1.0 2.0 4.0 3.0 1.0 4.0 1.0 5.0 5.0 4.0 1.0 2.0 4.0 3.0 3.0 1.0 2.0 1.0 2.0 5.0 5.0 1.0 2.0 4.0 1.0 5.0 1.0 1.0 3.0 1.0 5.0 3.0 2.0 3.0 2.0 4.0 1.0 5.0 1.0 5.0 3.0 1.0 3.0 4.0 3.0 2.0 1.0 1.0 1.0 2.0 5.0 5.0 4.0 5.0 2.0 4.0 3.0 4.0 3.0 3.0 5.0 3.0 5.0 4.0 5.0 4.0 5.0 1.0 1.0 1.0 2.0 5.0 2.0 5.0 4.0 3.0 5.0 1.0 1.0 5.0 2.0 5.0 5.0 2.0 1.0 2.0 3.0 4.0 2.0 4.0 3.0 4.0 5.0 3.0 4.0 4.0 4.0 5.0 2.0 2.0 2.0 5.0 3.0 5.0 2.0 3.0 1.0 1.0  
30 6.0 4.0 3.0 1.0 3.0 3.0 2.0 5.0 5.0 2.0 1.0 4.0 3.0 3.0 5.0 1.0 3.0 4.0 5.0 3.0 2.0 2.0 1.0 5.0 2.0 1.0 1.0 5.0 1.0 5.0 3.0 3.0 1.0 5.0 2.0 2.0 2.0 2.0 5.0 3.0 2.0 1.0 5.0 5.0 1.0 5.0 4.0 4.0 1.0 4.0 5.0 4.0 1.0 5.0 2.0 4.0 5.0 5.0 2.0 2.0 2.0 3.0 4.0 2.0 5.0 4.0 1.0 2.0 5.0 2.0 5.0 4.0 1.0 4.0 1.0 2.0 5.0 5.0 3.0 4.0 3.0 1.0 4.0 5.0 2.0 3.0 4.0 4.0 1.0 3.0 4.0 3.0 2.0 4.0 3.0 3.0 3.0 2.0 1.0 4.0 1.0 2.0 4.0 5.0 2.0 5.0 5.0 2.0 1.0 2.0 3.0 2.0 5.0 3.0 4.0 1.0 4.0 3.0 5.0 4.0 2.0 4.0 2.0 1.0 3.0 3.0 4.0 1.0 1.0 1.0 5.0 3.0 5.0 2.0 2.0 4.0 3.0 5.0 3.0 2.0 5.0 2.0 1.0 5.0 3.0 3.0 4.0 4.0 3.0 5.0 5.0 4.0 1.0 1.0 3.0 3.0 4.0 1.0 1.0 3.0 1.0 3.0 5.0 3.0 3.0 4.0 2.0 2.0 3.0 5.0 1.0 3.0 4.0 4.0 2.0 1.0 4.0 2.0 5.0 3.0 4.0 5.0 5.0 2.0 1.0 4.0 3.0 4.0 2.0 2.0 2.0 5.0 4.0 3.0 2.0 4.0 2.0 2.0 5.0 2.0 2.0  
34 6.0 4.0 3.0 4.0 4.0 5.0 5.0 4.0 5.0 4.0 2.0 3.0 4.0 5.0 2.0 5.0 2.0 1.0 3.0 5.0 3.0 4.0 5.0 4.0 3.0 2.0 5.0 2.0 1.0 3.0 2.0 2.0 3.0 3.0 4.0 5.0 1.0 4.0 2.0 5.0 2.0 2.0 1.0 3.0 3.0 3.0 5.0 2.0 4.0 1.0 5.0 1.0 4.0 1.0 2.0 4.0 2.0 1.0 4.0 1.0 4.0 3.0 1.0 1.0 5.0 5.0 5.0 2.0 2.0 3.0 1.0 2.0 5.0 3.0 5.0 5.0 4.0 2.0 2.0 3.0 3.0 1.0 4.0 4.0 3.0 4.0 4.0 4.0 4.0 3.0 4.0 2.0 5.0 2.0 5.0 4.0 3.0 4.0 2.0 1.0 1.0 2.0 3.0 5.0 5.0 4.0 5.0 5.0 2.0 2.0 5.0 3.0 5.0 1.0 5.0 3.0 3.0 2.0 4.0 5.0 2.0 1.0 5.0 4.0 1.0 5.0 4.0 1.0 2.0 5.0 2.0 4.0 5.0 5.0 4.0 2.0 5.0 1.0 5.0 2.0 1.0 4.0 2.0 2.0 1.0 5.0 2.0 2.0 2.0 1.0 5.0 2.0 3.0 4.0 3.0 4.0 2.0 2.0 1.0 1.0 5.0 2.0 5.0 1.0 2.0 1.0 5.0 5.0 5.0 1.0 5.0 1.0 4.0 4.0 1.0 3.0 2.0 2.0 4.0 3.0 5.0 1.0 2.0 3.0 5.0 5.0 5.0 3.0 4.0 5.0 5.0 2.0 5.0 3.0 4.0 1.0 5.0 3.0 4.0 1.0 2.0  
4 7.0 3.0 5.0 2.0 1.0 5.0 2.0 5.0 4.0 4.0 3.0 2.0 4.0 1.0 5.0 5.0 5.0 4.0 4.0 4.0 4.0 5.0 2.0 1.0 1.0 4.0 2.0 1.0 5.0 2.0 5.0 1.0 2.0 4.0 2.0 4.0 4.0 2.0 2.0 3.0 4.0 5.0 1.0 1.0 2.0 1.0 3.0 4.0 3.0 3.0 1.0 3.0 1.0 2.0 1.0 5.0 4.0 3.0 2.0 3.0 3.0 3.0 3.0 1.0 2.0 3.0 3.0 4.0 4.0 5.0 5.0 4.0 3.0 1.0 2.0 4.0 5.0 5.0 1.0 3.0 1.0 2.0 5.0 2.0 3.0 2.0 5.0 2.0 3.0 5.0 1.0 5.0 1.0 2.0 4.0 1.0 2.0 5.0 2.0 2.0 2.0 2.0 1.0 1.0 1.0 1.0 5.0 3.0 3.0 3.0 1.0 4.0 5.0 2.0 4.0 3.0 3.0 3.0 3.0 4.0 4.0 3.0 1.0 5.0 4.0 1.0 1.0 3.0 1.0 5.0 1.0 1.0 1.0 4.0 5.0 1.0 3.0 2.0 2.0 4.0 3.0 5.0 2.0 2.0 5.0 2.0 1.0 1.0 1.0 5.0 5.0 2.0 2.0 5.0 2.0 4.0 1.0 3.0 1.0 5.0 3.0 4.0 3.0 1.0 5.0 1.0 2.0 3.0 3.0 5.0 2.0 3.0 3.0 4.0 4.0 2.0 2.0 3.0 4.0 5.0 3.0 5.0 4.0 2.0 3.0 4.0 4.0 5.0 5.0 4.0 2.0 3.0 3.0 1.0 2.0 4.0 1.0 4.0 4.0 5.0 4.0  
5 13.0 1.0 4.0 4.0 4.0 3.0 2.0 3.0 4.0 3.0 2.0 2.0 2.0 3.0 4.0 1.0 5.0 1.0 5.0 5.0 3.0 2.0 1.0 5.0 2.0 2.0 1.0 2.0 4.0 5.0 2.0 3.0 1.0 5.0 2.0 2.0 3.0 3.0 2.0 5.0 3.0 3.0 1.0 3.0 4.0 4.0 2.0 5.0 2.0 2.0 4.0 1.0 3.0 3.0 2.0 3.0 2.0 2.0 4.0 2.0 4.0 3.0 3.0 4.0 5.0 1.0 4.0 2.0 2.0 5.0 4.0 2.0 2.0 4.0 5.0 2.0 1.0 3.0 2.0 1.0 3.0 3.0 1.0 4.0 5.0 2.0 3.0 4.0 1.0 4.0 1.0 4.0 5.0 5.0 4.0 4.0 4.0 5.0 3.0 3.0 1.0 4.0 5.0 3.0 4.0 1.0 4.0 1.0 5.0 5.0 5.0 2.0 1.0 1.0 4.0 3.0 2.0 3.0 2.0 5.0 4.0 4.0 4.0 4.0 2.0 4.0 5.0 4.0 1.0 5.0 3.0 5.0 4.0 3.0 3.0 4.0 3.0 5.0 4.0 5.0 2.0 5.0 2.0 1.0 1.0 2.0 1.0 2.0 1.0 5.0 5.0 1.0 2.0 1.0 2.0 3.0 3.0 3.0 3.0 1.0 2.0 3.0 4.0 4.0 1.0 1.0 3.0 4.0 1.0 4.0 5.0 1.0 1.0 1.0 5.0 4.0 2.0 2.0 1.0 2.0 1.0 4.0 2.0 4.0 1.0 2.0 4.0 2.0 1.0 4.0 5.0 3.0 3.0 3.0 5.0 4.0 5.0 3.0 2.0 1.0 5.0  
1 13.0 1.0 4.0 4.0 4.0 5.0 5.0 4.0 2.0 3.0 1.0 4.0 3.0 5.0 3.0 2.0 2.0 1.0 4.0 3.0 1.0 4.0 1.0 3.0 3.0 4.0 4.0 2.0 1.0 4.0 3.0 1.0 4.0 4.0 3.0 1.0 3.0 1.0 3.0 4.0 4.0 2.0 1.0 5.0 2.0 2.0 1.0 3.0 2.0 3.0 5.0 5.0 2.0 5.0 3.0 4.0 5.0 2.0 2.0 2.0 4.0 1.0 1.0 3.0 3.0 3.0 2.0 1.0 4.0 1.0 4.0 4.0 2.0 2.0 2.0 5.0 5.0 3.0 2.0 4.0 3.0 5.0 3.0 5.0 1.0 2.0 3.0 2.0 3.0 3.0 1.0 2.0 2.0 4.0 5.0 1.0 4.0 3.0 4.0 3.0 2.0 2.0 5.0 2.0 4.0 1.0 1.0 2.0 5.0 1.0 3.0 5.0 1.0 3.0 4.0 1.0 2.0 3.0 5.0 3.0 2.0 4.0 4.0 2.0 2.0 3.0 3.0 2.0 4.0 4.0 3.0 2.0 3.0 5.0 1.0 2.0 3.0 3.0 5.0 2.0 1.0 5.0 3.0 4.0 2.0 1.0 3.0 1.0 4.0 5.0 2.0 3.0 2.0 3.0 5.0 5.0 5.0 4.0 5.0 3.0 5.0 2.0 5.0 2.0 1.0 5.0 4.0 3.0 1.0 2.0 4.0 2.0 5.0 4.0 4.0 2.0 2.0 3.0 2.0 2.0 5.0 1.0 2.0 3.0 3.0 1.0 3.0 4.0 1.0 1.0 3.0 1.0 1.0 2.0 4.0 2.0 1.0 5.0 2.0 2.0 1.0  
3 12.0 3.0 3.0 3.0 2.0 1.0 3.0 5.0 4.0 4.0 3.0 3.0 2.0 1.0 4.0 3.0 1.0 2.0 5.0 5.0 4.0 1.0 3.0 5.0 2.0 5.0 4.0 1.0 5.0 3.0 2.0 4.0 5.0 3.0 2.0 1.0 5.0 3.0 2.0 4.0 5.0 4.0 2.0 2.0 5.0 4.0 1.0 5.0 1.0 1.0 3.0 2.0 2.0 3.0 4.0 1.0 5.0 4.0 3.0 3.0 4.0 4.0 1.0 5.0 4.0 3.0 1.0 2.0 3.0 2.0 1.0 2.0 2.0 3.0 2.0 3.0 4.0 2.0 3.0 1.0 2.0 2.0 5.0 1.0 4.0 5.0 2.0 5.0 5.0 5.0 5.0 4.0 3.0 5.0 5.0 4.0 5.0 2.0 5.0 2.0 3.0 2.0 2.0 4.0 4.0 2.0 3.0 3.0 4.0 5.0 1.0 4.0 2.0 1.0 3.0 2.0 4.0 4.0 4.0 1.0 4.0 1.0 1.0 4.0 1.0 4.0 1.0 3.0 2.0 3.0 2.0 1.0 2.0 4.0 1.0 2.0 5.0 4.0 5.0 4.0 1.0 2.0 5.0 3.0 3.0 2.0 1.0 1.0 2.0 4.0 3.0 2.0 1.0 4.0 3.0 1.0 3.0 3.0 5.0 3.0 3.0 2.0 3.0 3.0 3.0 4.0 5.0 5.0 2.0 2.0 3.0 1.0 1.0 1.0 5.0 1.0 3.0 4.0 4.0 1.0 4.0 4.0 4.0 2.0 4.0 1.0 2.0 4.0 4.0 4.0 2.0 1.0 4.0 5.0 4.0 5.0 4.0 2.0 5.0 2.0 1.0  
33 7.0 1.0 4.0 4.0 5.0 1.0 2.0 5.0 1.0 3.0 1.0 3.0 4.0 5.0 1.0 2.0 3.0 1.0 4.0 3.0 4.0 4.0 4.0 3.0 5.0 5.0 1.0 4.0 1.0 5.0 1.0 3.0 5.0 5.0 5.0 3.0 3.0 3.0 2.0 5.0 5.0 4.0 5.0 4.0 1.0 4.0 2.0 1.0 5.0 1.0 2.0 1.0 3.0 1.0 1.0 1.0 4.0 3.0 4.0 1.0 3.0 5.0 2.0 4.0 3.0 4.0 4.0 2.0 2.0 4.0 4.0 4.0 5.0 4.0 3.0 3.0 4.0 3.0 2.0 2.0 3.0 5.0 1.0 1.0 5.0 4.0 1.0 3.0 1.0 3.0 3.0 1.0 5.0 4.0 2.0 4.0 5.0 3.0 1.0 5.0 4.0 5.0 5.0 1.0 1.0 3.0 4.0 3.0 1.0 2.0 4.0 3.0 1.0 4.0 4.0 3.0 5.0 5.0 2.0 3.0 4.0 1.0 1.0 1.0 1.0 5.0 1.0 3.0 4.0 5.0 4.0 4.0 2.0 1.0 1.0 4.0 2.0 5.0 1.0 2.0 5.0 5.0 2.0 4.0 3.0 4.0 2.0 1.0 2.0 1.0 5.0 3.0 5.0 4.0 4.0 3.0 5.0 1.0 3.0 1.0 1.0 2.0 2.0 5.0 5.0 1.0 2.0 3.0 5.0 1.0 5.0 3.0 1.0 3.0 2.0 3.0 4.0 5.0 3.0 5.0 4.0 5.0 5.0 2.0 5.0 1.0 2.0 2.0 4.0 1.0 4.0 5.0 2.0 5.0 2.0 1.0 1.0 3.0 3.0 3.0 3.0  
29 6.0 1.0 4.0 4.0 5.0 2.0 2.0 4.0 4.0 1.0 1.0 3.0 5.0 5.0 3.0 5.0 2.0 4.0 4.0 4.0 5.0 2.0 1.0 5.0 2.0 1.0 2.0 3.0 1.0 1.0 1.0 2.0 5.0 1.0 4.0 3.0 1.0 5.0 1.0 1.0 3.0 1.0 3.0 1.0 2.0 5.0 3.0 5.0 1.0 1.0 3.0 4.0 3.0 1.0 4.0 2.0 4.0 1.0 4.0 1.0 4.0 4.0 2.0 2.0 4.0 2.0 2.0 4.0 3.0 1.0 4.0 4.0 1.0 5.0 2.0 3.0 1.0 4.0 4.0 4.0 2.0 4.0 5.0 4.0 3.0 4.0 4.0 5.0 1.0 2.0 2.0 3.0 3.0 4.0 4.0 5.0 1.0 2.0 3.0 3.0 5.0 4.0 2.0 2.0 2.0 4.0 1.0 1.0 5.0 1.0 2.0 3.0 5.0 1.0 3.0 1.0 5.0 1.0 3.0 1.0 5.0 4.0 2.0 4.0 5.0 2.0 1.0 3.0 4.0 3.0 3.0 4.0 4.0 5.0 3.0 4.0 3.0 3.0 5.0 3.0 1.0 3.0 1.0 3.0 4.0 1.0 3.0 4.0 1.0 4.0 4.0 3.0 1.0 3.0 5.0 3.0 2.0 4.0 4.0 4.0 4.0 3.0 4.0 1.0 4.0 5.0 3.0 2.0 3.0 4.0 2.0 3.0 3.0 4.0 5.0 3.0 3.0 2.0 5.0 5.0 4.0 1.0 3.0 1.0 1.0 1.0 3.0 1.0 4.0 2.0 5.0 1.0 2.0 4.0 3.0 3.0 2.0 2.0 1.0 4.0 3.0  
25 12.0 2.0 2.0 2.0 1.0 5.0 2.0 4.0 4.0 4.0 1.0 4.0 1.0 5.0 2.0 2.0 3.0 2.0 2.0 2.0 4.0 5.0 5.0 4.0 3.0 4.0 5.0 3.0 1.0 4.0 1.0 4.0 3.0 2.0 3.0 4.0 2.0 2.0 4.0 2.0 3.0 4.0 5.0 2.0 3.0 1.0 5.0 5.0 4.0 3.0 5.0 3.0 3.0 4.0 2.0 4.0 1.0 5.0 1.0 3.0 1.0 3.0 2.0 1.0 1.0 1.0 5.0 3.0 5.0 3.0 3.0 2.0 2.0 3.0 5.0 2.0 2.0 4.0 4.0 2.0 5.0 5.0 3.0 2.0 4.0 1.0 3.0 3.0 2.0 4.0 2.0 3.0 1.0 4.0 1.0 2.0 3.0 5.0 2.0 4.0 3.0 1.0 5.0 1.0 3.0 3.0 5.0 4.0 4.0 4.0 4.0 1.0 4.0 1.0 1.0 2.0 3.0 3.0 1.0 4.0 1.0 1.0 1.0 2.0 2.0 1.0 3.0 2.0 3.0 2.0 4.0 2.0 2.0 3.0 5.0 2.0 4.0 5.0 4.0 2.0 3.0 2.0 1.0 3.0 4.0 1.0 3.0 2.0 1.0 3.0 1.0 4.0 4.0 2.0 2.0 5.0 2.0 3.0 5.0 2.0 4.0 3.0 5.0 4.0 5.0 2.0 5.0 5.0 5.0 3.0 4.0 3.0 2.0 4.0 2.0 3.0 2.0 1.0 5.0 3.0 3.0 3.0 5.0 4.0 4.0 4.0 1.0 5.0 3.0 2.0 5.0 5.0 4.0 5.0 2.0 1.0 2.0 2.0 5.0 4.0 5.0  
11 8.0 4.0 2.0 1.0 4.0 3.0 5.0 4.0 3.0 3.0 2.0 5.0 3.0 1.0 5.0 4.0 3.0 3.0 4.0 4.0 1.0 1.0 5.0 5.0 2.0 1.0 2.0 3.0 4.0 2.0 2.0 4.0 5.0 2.0 4.0 1.0 3.0 3.0 3.0 3.0 2.0 3.0 2.0 2.0 2.0 5.0 3.0 5.0 1.0 5.0 1.0 3.0 4.0 1.0 3.0 5.0 1.0 1.0 5.0 5.0 1.0 4.0 3.0 4.0 5.0 5.0 4.0 2.0 5.0 3.0 2.0 1.0 1.0 1.0 4.0 4.0 5.0 1.0 4.0 3.0 4.0 3.0 5.0 1.0 5.0 2.0 2.0 5.0 2.0 5.0 5.0 5.0 4.0 3.0 4.0 2.0 1.0 3.0 2.0 4.0 2.0 1.0 2.0 3.0 2.0 4.0 2.0 1.0 3.0 1.0 4.0 1.0 1.0 4.0 2.0 5.0 1.0 1.0 4.0 1.0 4.0 1.0 5.0 4.0 4.0 4.0 2.0 1.0 5.0 3.0 1.0 2.0 4.0 2.0 1.0 4.0 5.0 5.0 2.0 3.0 1.0 2.0 5.0 5.0 1.0 3.0 2.0 3.0 1.0 5.0 1.0 1.0 5.0 5.0 4.0 4.0 4.0 2.0 4.0 4.0 3.0 3.0 3.0 5.0 4.0 2.0 4.0 2.0 5.0 5.0 5.0 4.0 1.0 3.0 3.0 5.0 1.0 5.0 4.0 1.0 2.0 2.0 2.0 3.0 2.0 2.0 2.0 2.0 5.0 3.0 2.0 4.0 4.0 5.0 2.0 5.0 5.0 5.0 2.0 2.0 5.0  
12 11.0 3.0 5.0 1.0 5.0 3.0 5.0 1.0 5.0 1.0 3.0 1.0 3.0 5.0 1.0 4.0 3.0 2.0 5.0 3.0 1.0 1.0 5.0 1.0 2.0 1.0 2.0 1.0 3.0 2.0 3.0 4.0 2.0 1.0 3.0 1.0 5.0 5.0 4.0 5.0 5.0 3.0 3.0 2.0 4.0 3.0 1.0 4.0 2.0 3.0 2.0 1.0 1.0 1.0 5.0 3.0 4.0 5.0 1.0 5.0 2.0 5.0 5.0 2.0 2.0 5.0 5.0 4.0 2.0 2.0 4.0 5.0 3.0 4.0 4.0 2.0 5.0 3.0 3.0 5.0 2.0 4.0 3.0 4.0 3.0 5.0 4.0 1.0 2.0 3.0 4.0 4.0 4.0 2.0 3.0 4.0 5.0 2.0 3.0 2.0 1.0 2.0 4.0 5.0 5.0 2.0 2.0 5.0 3.0 1.0 3.0 5.0 2.0 5.0 4.0 3.0 1.0 5.0 1.0 1.0 4.0 5.0 4.0 2.0 3.0 2.0 3.0 1.0 5.0 1.0 4.0 4.0 3.0 2.0 5.0 2.0 3.0 2.0 1.0 4.0 4.0 1.0 4.0 2.0 3.0 5.0 1.0 2.0 4.0 5.0 1.0 1.0 1.0 4.0 5.0 1.0 4.0 5.0 4.0 1.0 1.0 1.0 2.0 4.0 4.0 1.0 1.0 3.0 3.0 1.0 4.0 2.0 5.0 3.0 1.0 5.0 2.0 2.0 1.0 4.0 5.0 5.0 1.0 3.0 5.0 3.0 1.0 2.0 5.0 3.0 3.0 2.0 2.0 2.0 2.0 4.0 5.0 4.0 3.0 4.0 4.0  
20 14.0 4.0 2.0 4.0 2.0 3.0 3.0 5.0 1.0 3.0 3.0 5.0 4.0 1.0 2.0 3.0 4.0 5.0 2.0 3.0 3.0 1.0 5.0 3.0 2.0 4.0 2.0 1.0 5.0 4.0 4.0 1.0 3.0 1.0 2.0 1.0 1.0 5.0 4.0 5.0 2.0 5.0 1.0 5.0 2.0 2.0 5.0 1.0 5.0 2.0 4.0 2.0 5.0 3.0 5.0 4.0 1.0 5.0 1.0 3.0 3.0 3.0 3.0 5.0 1.0 2.0 3.0 5.0 5.0 5.0 2.0 3.0 3.0 5.0 4.0 5.0 5.0 4.0 5.0 1.0 3.0 2.0 4.0 1.0 1.0 1.0 4.0 3.0 4.0 5.0 1.0 3.0 1.0 1.0 5.0 3.0 2.0 5.0 4.0 1.0 2.0 1.0 5.0 4.0 2.0 2.0 5.0 2.0 4.0 3.0 4.0 3.0 2.0 5.0 1.0 5.0 3.0 5.0 4.0 3.0 4.0 3.0 2.0 4.0 2.0 5.0 3.0 3.0 1.0 1.0 3.0 3.0 3.0 1.0 4.0 4.0 2.0 4.0 3.0 5.0 1.0 2.0 5.0 1.0 5.0 5.0 3.0 5.0 3.0 3.0 2.0 5.0 1.0 1.0 1.0 5.0 4.0 4.0 3.0 5.0 3.0 5.0 1.0 1.0 1.0 1.0 2.0 2.0 2.0 2.0 2.0 2.0 2.0 3.0 4.0 3.0 1.0 1.0 2.0 1.0 3.0 2.0 1.0 5.0 2.0 3.0 2.0 2.0 3.0 2.0 1.0 4.0 1.0 2.0 4.0 3.0 2.0 4.0 3.0 2.0 2.0  
10 13.0 1.0 4.0 5.0 5.0 1.0 1.0 2.0 2.0 1.0 3.0 4.0 4.0 3.0 2.0 4.0 1.0 3.0 2.0 4.0 2.0 1.0 1.0 5.0 2.0 4.0 1.0 3.0 1.0 4.0 3.0 4.0 2.0 4.0 3.0 3.0 5.0 2.0 1.0 4.0 3.0 1.0 5.0 1.0 2.0 2.0 2.0 5.0 2.0 3.0 1.0 4.0 2.0 4.0 4.0 3.0 2.0 1.0 3.0 5.0 2.0 3.0 4.0 4.0 5.0 5.0 1.0 3.0 3.0 2.0 1.0 1.0 2.0 5.0 1.0 5.0 2.0 5.0 4.0 3.0 1.0 3.0 1.0 2.0 4.0 3.0 3.0 3.0 4.0 5.0 4.0 1.0 1.0 1.0 2.0 2.0 4.0 2.0 1.0 3.0 4.0 1.0 4.0 5.0 4.0 5.0 3.0 5.0 5.0 3.0 5.0 1.0 2.0 3.0 1.0 3.0 2.0 1.0 5.0 4.0 3.0 5.0 2.0 2.0 4.0 1.0 1.0 4.0 2.0 1.0 2.0 1.0 3.0 3.0 1.0 3.0 5.0 4.0 3.0 4.0 5.0 3.0 4.0 5.0 5.0 2.0 1.0 3.0 2.0 5.0 1.0 4.0 4.0 3.0 1.0 3.0 5.0 3.0 4.0 5.0 1.0 5.0 4.0 3.0 3.0 1.0 2.0 4.0 1.0 5.0 1.0 2.0 2.0 4.0 5.0 2.0 3.0 4.0 1.0 4.0 3.0 4.0 5.0 4.0 4.0 4.0 3.0 1.0 3.0 3.0 3.0 4.0 3.0 5.0 5.0 4.0 4.0 1.0 1.0 3.0 3.0  
9 8.0 4.0 3.0 1.0 1.0 2.0 5.0 2.0 5.0 3.0 5.0 5.0 2.0 1.0 3.0 4.0 5.0 3.0 3.0 4.0 3.0 3.0 2.0 4.0 2.0 5.0 3.0 2.0 3.0 1.0 1.0 1.0 2.0 1.0 1.0 1.0 4.0 3.0 2.0 1.0 2.0 3.0 5.0 1.0 1.0 3.0 2.0 2.0 4.0 2.0 3.0 5.0 5.0 2.0 2.0 4.0 4.0 5.0 1.0 2.0 2.0 3.0 1.0 1.0 3.0 2.0 3.0 5.0 4.0 4.0 3.0 3.0 5.0 4.0 4.0 3.0 1.0 4.0 2.0 4.0 1.0 2.0 4.0 3.0 4.0 2.0 4.0 3.0 5.0 4.0 4.0 2.0 2.0 4.0 3.0 4.0 1.0 3.0 5.0 3.0 3.0 4.0 2.0 4.0 1.0 2.0 3.0 4.0 3.0 4.0 4.0 1.0 2.0 1.0 4.0 2.0 2.0 2.0 1.0 5.0 1.0 4.0 1.0 3.0 1.0 3.0 1.0 3.0 5.0 1.0 3.0 2.0 3.0 1.0 4.0 4.0 2.0 3.0 4.0 5.0 3.0 2.0 4.0 2.0 1.0 3.0 2.0 3.0 2.0 4.0 5.0 3.0 2.0 1.0 1.0 1.0 3.0 5.0 2.0 4.0 1.0 5.0 1.0 1.0 1.0 1.0 5.0 5.0 3.0 2.0 5.0 3.0 5.0 5.0 2.0 2.0 3.0 1.0 1.0 1.0 2.0 1.0 3.0 5.0 3.0 5.0 3.0 1.0 5.0 4.0 3.0 5.0 1.0 3.0 2.0 3.0 5.0 4.0 1.0 2.0 2.0  
16 8.0 3.0 1.0 3.0 3.0 4.0 1.0 3.0 3.0 4.0 1.0 2.0 3.0 2.0 5.0 4.0 4.0 1.0 2.0 3.0 5.0 1.0 1.0 5.0 3.0 2.0 2.0 5.0 4.0 1.0 3.0 2.0 3.0 5.0 3.0 3.0 4.0 1.0 5.0 5.0 4.0 5.0 4.0 1.0 4.0 3.0 5.0 4.0 4.0 4.0 4.0 2.0 4.0 5.0 4.0 5.0 2.0 3.0 3.0 4.0 2.0 2.0 3.0 1.0 2.0 1.0 4.0 3.0 2.0 5.0 2.0 1.0 4.0 1.0 5.0 3.0 1.0 4.0 1.0 5.0 3.0 5.0 1.0 3.0 1.0 5.0 5.0 5.0 3.0 3.0 4.0 2.0 2.0 5.0 5.0 3.0 1.0 1.0 3.0 1.0 5.0 2.0 4.0 1.0 3.0 4.0 2.0 3.0 5.0 1.0 2.0 4.0 5.0 1.0 4.0 1.0 2.0 5.0 1.0 3.0 4.0 1.0 2.0 2.0 5.0 5.0 1.0 2.0 2.0 1.0 4.0 4.0 1.0 3.0 5.0 5.0 4.0 3.0 4.0 5.0 5.0 1.0 2.0 3.0 2.0 3.0 4.0 1.0 1.0 3.0 3.0 3.0 3.0 3.0 4.0 2.0 2.0 4.0 2.0 5.0 3.0 2.0 1.0 5.0 2.0 3.0 5.0 5.0 3.0 2.0 4.0 4.0 2.0 5.0 3.0 1.0 1.0 5.0 1.0 5.0 2.0 4.0 4.0 4.0 2.0 2.0 4.0 5.0 5.0 2.0 4.0 5.0 4.0 3.0 1.0 4.0 4.0 2.0 3.0 1.0 5.0  
15 15.0 1.0 2.0 2.0 4.0 1.0 2.0 5.0 3.0 5.0 1.0 2.0 1.0 5.0 5.0 2.0 2.0 5.0 1.0 1.0 4.0 2.0 4.0 4.0 2.0 2.0 2.0 4.0 2.0 4.0 4.0 1.0 5.0 3.0 1.0 1.0 1.0 2.0 5.0 3.0 4.0 2.0 5.0 4.0 2.0 3.0 3.0 2.0 3.0 3.0 1.0 4.0 2.0 3.0 2.0 3.0 1.0 2.0 2.0 5.0 1.0 2.0 1.0 5.0 3.0 5.0 2.0 2.0 1.0 2.0 4.0 5.0 3.0 4.0 1.0 1.0 2.0 5.0 5.0 3.0 5.0 2.0 2.0 3.0 5.0 4.0 2.0 3.0 3.0 3.0 2.0 4.0 2.0 1.0 2.0 5.0 4.0 5.0 3.0 2.0 4.0 2.0 2.0 3.0 4.0 4.0 5.0 1.0 2.0 4.0 5.0 4.0 3.0 3.0 2.0 1.0 2.0 2.0 1.0 5.0 1.0 3.0 3.0 1.0 1.0 2.0 4.0 1.0 1.0 5.0 5.0 5.0 1.0 2.0 1.0 5.0 5.0 1.0 2.0 4.0 4.0 4.0 3.0 4.0 3.0 4.0 5.0 4.0 5.0 2.0 1.0 3.0 2.0 5.0 1.0 1.0 5.0 1.0 1.0 5.0 5.0 5.0 5.0 5.0 3.0 4.0 4.0 4.0 1.0 5.0 1.0 5.0 4.0 4.0 3.0 4.0 5.0 4.0 5.0 3.0 5.0 4.0 2.0 2.0 1.0 1.0 1.0 2.0 2.0 2.0 4.0 4.0 5.0 5.0 3.0 1.0 2.0 2.0 5.0 2.0 1.0  
49 8.0 4.0 1.0 5.0 2.0 4.0 4.0 2.0 2.0 3.0 1.0 5.0 1.0 5.0 2.0 2.0 4.0 5.0 5.0 3.0 1.0 4.0 4.0 1.0 1.0 3.0 3.0 3.0 4.0 5.0 2.0 1.0 3.0 2.0 2.0 2.0 2.0 1.0 2.0 1.0 3.0 4.0 5.0 5.0 1.0 5.0 1.0 2.0 1.0 4.0 3.0 5.0 2.0 4.0 4.0 3.0 4.0 5.0 2.0 3.0 1.0 1.0 1.0 2.0 5.0 1.0 3.0 4.0 5.0 1.0 3.0 4.0 3.0 3.0 2.0 3.0 4.0 3.0 2.0 4.0 1.0 1.0 3.0 2.0 1.0 4.0 3.0 3.0 3.0 3.0 2.0 5.0 5.0 1.0 5.0 5.0 2.0 2.0 1.0 3.0 4.0 1.0 2.0 2.0 4.0 2.0 1.0 1.0 3.0 1.0 5.0 4.0 3.0 5.0 5.0 1.0 4.0 4.0 2.0 5.0 2.0 3.0 3.0 3.0 3.0 3.0 1.0 2.0 4.0 3.0 1.0 5.0 5.0 2.0 2.0 3.0 3.0 4.0 2.0 1.0 5.0 4.0 3.0 2.0 2.0 2.0 2.0 4.0 1.0 5.0 2.0 3.0 1.0 1.0 2.0 3.0 2.0 1.0 1.0 1.0 2.0 3.0 3.0 3.0 1.0 3.0 3.0 2.0 5.0 2.0 3.0 4.0 5.0 3.0 5.0 5.0 1.0 2.0 3.0 5.0 4.0 5.0 2.0 4.0 5.0 5.0 5.0 3.0 4.0 2.0 4.0 3.0 2.0 4.0 4.0 4.0 3.0 4.0 2.0 4.0 3.0  
28 8.0 3.0 5.0 3.0 4.0 5.0 3.0 1.0 4.0 2.0 5.0 3.0 5.0 2.0 4.0 1.0 4.0 3.0 2.0 3.0 2.0 2.0 4.0 2.0 5.0 3.0 2.0 4.0 4.0 5.0 2.0 5.0 2.0 4.0 2.0 4.0 5.0 4.0 5.0 3.0 5.0 5.0 2.0 5.0 5.0 2.0 3.0 2.0 3.0 3.0 4.0 5.0 1.0 4.0 4.0 1.0 2.0 2.0 1.0 2.0 5.0 3.0 4.0 4.0 4.0 3.0 5.0 1.0 1.0 5.0 4.0 3.0 3.0 2.0 1.0 4.0 2.0 4.0 3.0 5.0 3.0 5.0 5.0 4.0 5.0 5.0 1.0 4.0 2.0 5.0 3.0 2.0 2.0 2.0 2.0 1.0 3.0 1.0 5.0 3.0 1.0 4.0 4.0 2.0 5.0 2.0 2.0 3.0 2.0 2.0 5.0 1.0 5.0 3.0 4.0 2.0 3.0 3.0 3.0 2.0 1.0 4.0 1.0 1.0 3.0 4.0 4.0 2.0 1.0 4.0 2.0 4.0 4.0 4.0 4.0 1.0 4.0 5.0 5.0 5.0 2.0 2.0 3.0 4.0 5.0 1.0 2.0 2.0 1.0 4.0 2.0 4.0 3.0 5.0 4.0 3.0 3.0 1.0 1.0 3.0 1.0 2.0 4.0 3.0 5.0 2.0 4.0 2.0 1.0 1.0 4.0 4.0 3.0 5.0 2.0 3.0 4.0 5.0 1.0 3.0 5.0 4.0 4.0 2.0 1.0 1.0 4.0 3.0 5.0 1.0 5.0 3.0 2.0 4.0 2.0 4.0 5.0 2.0 3.0 1.0 5.0  
14 7.0 2.0 4.0 1.0 3.0 4.0 5.0 4.0 4.0 2.0 1.0 2.0 4.0 2.0 2.0 5.0 5.0 2.0 2.0 1.0 2.0 4.0 1.0 4.0 3.0 5.0 2.0 5.0 2.0 1.0 3.0 2.0 2.0 4.0 3.0 4.0 4.0 4.0 1.0 4.0 2.0 3.0 2.0 1.0 2.0 1.0 4.0 3.0 3.0 1.0 3.0 4.0 5.0 4.0 5.0 5.0 4.0 2.0 2.0 4.0 3.0 1.0 5.0 5.0 5.0 5.0 1.0 3.0 5.0 4.0 1.0 5.0 3.0 3.0 2.0 2.0 3.0 1.0 5.0 5.0 1.0 4.0 5.0 3.0 1.0 2.0 4.0 4.0 3.0 2.0 2.0 5.0 5.0 2.0 3.0 5.0 5.0 2.0 3.0 2.0 4.0 3.0 2.0 2.0 4.0 5.0 2.0 2.0 1.0 1.0 3.0 5.0 5.0 4.0 5.0 5.0 2.0 3.0 3.0 4.0 4.0 3.0 2.0 4.0 2.0 4.0 3.0 1.0 2.0 5.0 5.0 3.0 4.0 1.0 3.0 1.0 5.0 1.0 3.0 4.0 3.0 5.0 3.0 4.0 2.0 4.0 1.0 2.0 4.0 3.0 2.0 3.0 1.0 2.0 5.0 1.0 5.0 4.0 1.0 4.0 5.0 3.0 4.0 4.0 5.0 1.0 2.0 3.0 1.0 3.0 3.0 5.0 3.0 5.0 5.0 2.0 4.0 2.0 2.0 5.0 2.0 5.0 4.0 5.0 4.0 4.0 2.0 1.0 2.0 3.0 3.0 3.0 5.0 5.0 3.0 2.0 3.0 2.0 1.0 1.0 3.0  
