50 100
NETWORK_TREE :
1 0 5.0 
12 0 1.0 
13 12 4.0 
2 1 3.0 
27 12 1.0 
40 0 9.0 
28 27 2.0 
35 27 10.0 
29 28 8.0 
41 40 8.0 
44 0 7.0 
32 28 5.0 
14 13 6.0 
5 1 1.0 
11 1 5.0 
25 13 6.0 
15 14 10.0 
45 44 3.0 
19 14 5.0 
16 15 3.0 
6 5 4.0 
48 44 4.0 
7 6 4.0 
33 32 1.0 
24 14 10.0 
46 45 4.0 
36 12 2.0 
30 29 3.0 
42 41 4.0 
8 7 3.0 
47 46 4.0 
3 2 5.0 
9 6 2.0 
20 19 1.0 
17 15 7.0 
21 20 9.0 
49 48 5.0 
10 5 7.0 
37 12 5.0 
38 37 6.0 
22 21 7.0 
31 29 8.0 
26 13 6.0 
23 21 6.0 
43 42 7.0 
18 17 2.0 
34 28 5.0 
39 38 3.0 
4 2 10.0 
NODE_PROGRAM :
0 1 2 3 4 5 6 7 8 9 10 11 12 13 14 15 16 17 18 19 20 21 22 23 24 25 26 27 28 29 30 31 32 33 34 35 36 37 38 39 40 41 42 43 44 45 46 47 48 49 50 51 52 53 54 55 56 57 58 59 60 61 62 63 64 65 66 67 68 69 70 71 72 73 74 75 76 77 78 79 80 81 82 83 84 85 86 87 88 89 90 91 92 93 94 95 96 97 98 99 100  
13 1 2 3 5 6 8 9 10 11 13 15 16 17 18 19 20 21 22 23 24 26 27 28 29 30 32 33 34 35 36 37 39 40 41 42 43 45 46 47 48 49 50 51 53 54 55 56 57 58 59 60 61 62 64 66 67 68 70 71 72 73 74 75 76 78 79 80 81 82 83 85 87 88 90 91 92 93 94 96 98 99  
35 1 6 7 8 10 11 13 17 18 26 28 33 42 43 44 46 48 49 50 53 56 57 60 61 62 70 71 73 74 75 78 80 81 83 87 88 91 92 93 96 97  
49 1 2 3 4 5 6 8 9 10 11 12 13 14 16 17 18 19 20 21 22 23 24 25 26 27 28 29 30 31 32 33 34 35 36 38 40 42 43 44 45 46 47 48 49 50 51 53 54 55 57 58 59 61 62 63 64 65 66 67 68 72 73 74 75 76 78 79 80 81 83 84 85 86 87 89 90 91 92 95 96 97 98 100  
20 1 2 3 5 12 15 18 19 21 27 31 36 41 42 43 52 56 59 61 62 66 67 68 72 73 75 76 77 80 82 83 86 87 93 94 96 98 99  
48 1 3 4 5 6 8 9 12 13 14 15 16 17 18 19 20 21 23 25 26 27 29 30 34 35 36 37 41 43 45 46 47 49 50 51 52 53 54 55 56 57 58 59 60 63 64 65 66 69 71 72 73 76 78 79 83 85 86 87 89 90 92 94 95 96 97 99 100  
44 1 2 3 4 5 6 7 8 9 10 11 12 13 14 16 17 18 19 20 22 26 27 28 29 30 31 32 33 35 36 37 39 41 42 43 44 45 46 47 48 49 50 51 53 55 56 57 58 59 60 62 63 64 65 66 67 68 69 70 71 73 74 75 76 77 78 79 80 81 82 83 84 85 86 87 88 89 90 91 92 93 94 95 96 97 98 99 100  
16 1 2 3 4 5 6 7 8 9 10 11 12 13 14 15 16 17 18 20 21 22 23 24 25 26 27 28 29 30 31 32 33 34 35 36 37 38 40 41 43 44 45 46 48 49 50 52 54 55 56 57 59 60 61 62 63 64 65 67 68 69 70 71 72 73 74 75 76 78 79 80 81 82 83 84 85 86 87 88 89 90 91 92 93 94 95 96 97 98 99 100  
29 2 5 13 14 16 21 23 25 29 32 33 35 36 39 41 48 52 57 58 59 63 69 71 72 77 78 80 84 88 96 100  
3 2 7 9 10 11 12 18 21 25 27 34 36 39 41 51 54 56 57 61 62 69 70 71 72 73 89 91 95  
38 1 2 3 4 6 9 10 11 15 16 17 19 21 22 23 24 25 26 28 31 33 34 37 38 39 42 43 46 47 49 50 51 52 53 55 56 57 59 60 61 62 65 66 67 70 71 72 74 75 76 77 80 81 82 85 86 87 88 89 90 91 92 93 94 95 96 97 99 100  
15 66 96  
4 2 3 4 5 6 7 8 9 10 11 12 13 14 15 16 17 18 19 20 21 22 23 24 25 26 27 28 29 31 32 33 34 35 36 37 38 39 40 41 42 43 44 45 46 47 49 50 51 52 54 55 56 57 58 59 60 61 62 63 64 65 66 67 68 69 70 71 72 73 74 75 76 77 78 79 80 82 83 84 85 86 87 88 89 90 91 92 93 94 95 96 98 99 100  
25 3 4 5 6 7 8 10 11 12 13 14 16 17 18 19 20 21 22 23 24 25 26 27 28 29 30 31 32 33 34 35 36 37 39 40 41 42 43 44 45 46 47 48 49 50 51 52 54 55 56 57 59 60 61 62 63 64 65 66 67 68 69 70 71 72 73 74 76 77 78 80 81 82 83 84 85 86 87 88 90 91 92 93 94 95 96 99 100  
34 1 2 3 4 7 8 9 10 11 12 13 14 15 16 17 18 21 23 24 25 27 28 29 30 31 32 33 35 37 38 39 40 42 43 45 46 47 48 49 50 51 52 56 58 59 60 61 62 63 64 65 66 67 68 69 70 71 72 73 74 75 76 77 78 79 80 81 82 86 87 88 89 90 91 92 93 94 95 96 98 99 100  
8 2 13 15 21 25 29 32 33 35 40 43 45 62 63 65 78 80 90 92  
9 1 11 15 17 20 25 41 44 47 49 56 60 61 63 66 69 70 78 82 91 98  
5 1 3 4 5 7 8 12 15 16 19 20 21 23 24 25 26 27 28 29 30 31 34 35 36 37 39 40 41 43 44 46 47 48 49 51 53 55 56 57 58 59 60 61 62 63 64 65 66 67 69 70 72 73 74 76 77 78 79 80 81 83 84 85 86 87 89 90 91 93 95 96 99  
12 1 4 5 6 7 8 9 10 11 13 15 17 19 20 22 23 24 25 26 27 28 29 30 33 34 36 38 40 41 44 45 46 48 49 50 51 54 55 58 59 60 61 62 63 64 65 66 67 68 69 70 72 74 75 76 78 79 80 81 82 84 85 88 90 91 92 93 95 96 97 98 100  
32 3 4 6 7 9 11 12 15 16 17 20 21 29 30 38 54 59 62 63 65 66 67 68 69 70 73 76 78 79 81 84 85 86 94 95 96 100  
28 1 3 4 5 6 7 9 10 11 13 14 15 16 17 18 20 21 24 25 26 27 28 29 34 35 36 37 39 41 45 48 50 51 52 56 57 58 59 61 63 64 65 66 67 69 70 72 74 76 79 80 81 82 83 84 85 86 87 88 89 90 92 93 96 100  
27 1 5 6 14 19 29 31 37 38 39 43 64 65 90 91 95 96 100  
14 1 2 3 4 5 6 7 8 9 10 11 12 13 14 15 16 17 18 19 20 21 22 23 24 25 26 27 28 29 30 31 32 34 35 36 37 38 39 41 42 44 45 46 47 48 49 50 51 53 54 55 56 57 58 59 60 61 62 63 64 65 66 67 68 69 70 71 72 73 74 75 76 77 79 80 81 82 83 84 85 86 87 88 89 90 91 92 93 94 95 96 97 98 99 100  
33 3 9 27 36 39 41 42 44 53 55 58 60 61 65 66 69 70 71 75 76 85  
24 1 2 3 4 5 6 7 8 10 11 12 13 14 15 16 17 18 19 20 21 22 23 24 25 26 27 28 29 30 31 32 33 34 35 36 37 38 40 41 42 44 45 46 47 48 49 50 51 52 53 54 55 56 57 58 59 60 61 62 63 65 66 68 70 72 73 75 76 78 79 80 84 85 86 87 88 89 90 91 92 93 94 95 96 97 98 99 100  
36 2 4 7 11 12 13 14 15 16 17 18 19 20 21 22 23 24 25 29 30 31 32 33 35 36 37 38 39 40 42 43 44 45 46 48 50 51 52 55 57 60 64 65 67 70 74 76 77 79 80 81 82 83 85 86 87 89 91 92 99 100  
18 1 2 4 6 8 10 11 12 14 16 18 19 20 22 23 24 25 26 27 28 29 30 31 32 35 36 37 38 40 41 42 43 44 45 46 47 48 50 51 52 54 57 59 62 63 64 65 66 67 68 69 70 72 73 74 75 76 77 78 79 80 81 82 83 84 85 86 87 88 89 90 91 92 93 94 95 96 97 99 100  
1 1 3 4 5 6 7 10 11 14 16 17 20 22 26 27 29 33 34 35 36 38 39 40 41 42 45 46 48 49 56 57 59 62 63 65 66 67 68 69 70 71 72 73 75 76 79 80 81 83 84 86 87 88 89 94 99  
23 32 96  
21 2 3 4 5 6 7 10 11 12 13 14 15 16 18 19 20 21 22 23 24 26 28 32 35 37 39 41 42 43 45 46 47 50 53 54 55 58 59 60 61 62 63 64 65 66 67 70 72 74 75 76 77 78 79 80 83 84 85 89 90 91 92 93 94 96 97 98 99 100  
41 12 13 20 32 40 43 44 46 50 64 73 77 80 81 88 89 93 96  
46 1 2 4 5 8 9 10 11 13 14 16 17 18 21 22 23 24 25 26 28 29 30 31 33 34 36 37 38 39 40 41 42 44 45 46 47 49 50 51 52 53 55 56 57 58 59 61 62 64 65 66 68 69 70 71 72 73 74 75 76 77 78 79 80 81 82 83 84 85 86 87 88 89 92 93 94 95 96 97 99 100  
2 3 5 6 9 10 11 14 15 17 18 20 21 22 23 24 25 26 27 28 29 31 32 34 37 38 45 46 47 48 51 53 55 59 60 61 62 63 65 67 68 69 72 76 77 78 79 80 81 82 83 84 88 91 93 94 95 97 98 99  
19 4 5 6 9 10 14 15 17 20 27 28 32 33 53 55 56 59 62 63 65 68 70 71 72 90 93 95 96 97 98  
10 1 2 6 10 11 16 19 23 25 26 27 31 36 43 44 49 52 55 59 61 63 64 65 68 75 76 82 86 87 88 89 90 91 96 97 98 99  
47 11 23 35 48 60 82 84 89 93  
37 2 8 12 14 20 30 36 37 45 50 51 66 73 78 86 89 93 98  
31 3 4 5 12 13 15 16 18 19 23 24 25 28 29 31 33 36 37 38 41 43 44 45 46 49 52 53 54 55 56 68 73 76 77 79 84 87 89 92 93 97 98 99 100  
22 2 4 6 7 9 10 13 15 20 24 25 26 29 36 40 42 47 48 49 50 51 58 60 68 75 77 78 79 80 85 90 92 94 96 97 100  
6 1 5 8 17 21 23 24 26 27 28 31 36 39 41 42 43 44 45 46 47 53 56 60 62 64 65 67 68 71 75 76 78 79 81 85 87 88 91 92 93 96  
11 2 3 4 6 7 9 10 15 17 18 19 26 27 28 29 30 36 37 38 39 40 41 43 46 49 52 53 54 56 57 58 59 61 63 67 68 70 71 74 77 79 80 81 82 85 86 87 88 90 92 98 100  
39 1 3 4 5 7 8 13 15 16 20 22 23 25 26 27 28 31 32 33 34 35 36 47 49 53 54 55 56 60 61 64 65 70 71 73 74 75 78 81 83 84 85 86 88 91 93 100  
43 3 13 16 18 19 21 23 27 31 33 39 48 49 52 56 58 64 69 79 80 81 85 88 92 95 99  
17 1 2 3 4 5 8 9 10 12 13 14 15 16 17 18 19 21 22 23 26 27 30 32 33 34 35 36 37 39 40 41 42 43 44 45 46 47 48 49 50 51 53 54 55 56 57 59 60 61 62 63 65 66 67 68 69 70 71 72 73 74 75 76 77 78 79 80 81 82 83 84 85 86 87 88 89 90 91 92 93 94 95 96 97 98 100  
30 1 4 5 8 10 11 14 17 18 19 21 22 23 25 27 28 29 31 32 35 36 38 41 42 43 44 45 47 52 54 58 62 63 67 68 69 70 71 72 73 74 77 79 80 82 87 88 90 91 93 96 98 99 100  
42 9 14 21 22 24 25 29 31 33 34 39 43 44 45 46 52 59 64 67 69 71 73 83 89  
7 1 2 4 7 10 12 13 14 16 17 19 21 22 23 24 25 26 29 30 31 33 34 38 39 40 41 43 44 45 46 47 48 49 50 53 54 55 56 57 58 59 60 63 65 68 69 71 72 73 74 75 76 77 79 80 82 83 84 85 87 89 90 91 92 97 98 100  
26 1 2 3 4 5 6 7 8 9 10 13 14 15 16 17 18 19 20 22 23 24 25 26 27 28 29 31 33 34 35 37 38 39 41 42 43 44 45 47 48 50 51 53 54 55 56 57 58 59 60 61 62 63 64 65 66 68 69 70 71 72 73 74 75 76 77 78 79 80 81 82 83 84 85 86 87 88 89 90 91 92 93 94 96 97 98 99  
40 2 4 10 11 15 20 21 24 27 30 32 33 34 35 36 38 40 42 44 45 46 47 48 49 50 51 52 53 54 56 58 59 60 61 63 68 69 71 72 73 75 76 80 85 86 89 91 92 93 94 96 98 100  
45 6 14 56 67 95 99  
COST_INSTALL_SERVER_AND_PROGRAMS :
0 10.0 5.0 2.0 1.0 4.0 5.0 4.0 5.0 3.0 3.0 2.0 5.0 3.0 3.0 3.0 5.0 2.0 1.0 4.0 5.0 5.0 4.0 5.0 1.0 2.0 2.0 2.0 4.0 1.0 3.0 4.0 3.0 3.0 4.0 2.0 3.0 4.0 5.0 1.0 2.0 2.0 4.0 5.0 3.0 2.0 4.0 3.0 1.0 4.0 3.0 4.0 5.0 5.0 4.0 5.0 1.0 4.0 5.0 1.0 4.0 4.0 5.0 2.0 5.0 4.0 4.0 5.0 4.0 2.0 3.0 4.0 3.0 2.0 3.0 2.0 2.0 5.0 1.0 1.0 1.0 1.0 4.0 2.0 5.0 4.0 4.0 3.0 4.0 1.0 4.0 3.0 3.0 1.0 2.0 5.0 1.0 2.0 3.0 2.0 5.0 5.0  
13 13.0 1.0 2.0 3.0 2.0 4.0 5.0 3.0 3.0 2.0 4.0 3.0 2.0 1.0 3.0 5.0 4.0 3.0 3.0 2.0 4.0 5.0 4.0 2.0 2.0 4.0 4.0 5.0 4.0 4.0 1.0 2.0 3.0 5.0 2.0 3.0 4.0 2.0 4.0 2.0 3.0 3.0 3.0 5.0 4.0 4.0 1.0 1.0 1.0 3.0 5.0 5.0 2.0 1.0 5.0 5.0 5.0 3.0 1.0 2.0 1.0 5.0 3.0 4.0 1.0 4.0 3.0 1.0 2.0 4.0 3.0 3.0 4.0 3.0 1.0 1.0 5.0 4.0 3.0 5.0 3.0 3.0 1.0 3.0 5.0 5.0 4.0 3.0 3.0 1.0 3.0 4.0 2.0 2.0 2.0 1.0 4.0 4.0 5.0 5.0 3.0  
35 6.0 3.0 3.0 4.0 1.0 5.0 2.0 3.0 4.0 3.0 2.0 1.0 3.0 2.0 2.0 2.0 2.0 1.0 2.0 4.0 2.0 1.0 1.0 4.0 1.0 1.0 4.0 4.0 1.0 3.0 3.0 2.0 4.0 2.0 1.0 1.0 5.0 3.0 4.0 3.0 5.0 1.0 1.0 3.0 5.0 1.0 4.0 4.0 5.0 2.0 1.0 1.0 2.0 5.0 5.0 2.0 2.0 2.0 5.0 1.0 2.0 1.0 2.0 4.0 3.0 4.0 5.0 3.0 5.0 5.0 1.0 1.0 3.0 2.0 2.0 2.0 2.0 5.0 5.0 2.0 4.0 5.0 2.0 1.0 4.0 2.0 1.0 3.0 1.0 3.0 4.0 1.0 2.0 1.0 4.0 3.0 1.0 2.0 3.0 4.0 5.0  
49 15.0 3.0 3.0 3.0 4.0 2.0 5.0 1.0 5.0 1.0 2.0 2.0 1.0 2.0 1.0 5.0 5.0 4.0 1.0 3.0 5.0 2.0 4.0 1.0 2.0 1.0 1.0 5.0 5.0 1.0 5.0 3.0 5.0 2.0 1.0 5.0 3.0 1.0 2.0 1.0 4.0 4.0 2.0 2.0 3.0 2.0 2.0 3.0 2.0 4.0 3.0 1.0 4.0 1.0 1.0 1.0 3.0 2.0 2.0 5.0 1.0 1.0 5.0 4.0 3.0 4.0 4.0 2.0 3.0 3.0 4.0 3.0 2.0 2.0 5.0 5.0 4.0 5.0 2.0 2.0 5.0 1.0 5.0 4.0 3.0 5.0 1.0 4.0 4.0 1.0 3.0 4.0 3.0 1.0 5.0 3.0 1.0 4.0 2.0 3.0 5.0  
20 6.0 3.0 3.0 1.0 5.0 5.0 5.0 1.0 5.0 3.0 2.0 1.0 5.0 5.0 1.0 3.0 5.0 4.0 1.0 4.0 4.0 3.0 3.0 5.0 5.0 1.0 3.0 4.0 3.0 5.0 5.0 1.0 1.0 5.0 5.0 5.0 1.0 1.0 5.0 2.0 5.0 1.0 4.0 2.0 5.0 2.0 4.0 4.0 1.0 1.0 2.0 1.0 2.0 3.0 4.0 5.0 5.0 5.0 2.0 1.0 4.0 1.0 3.0 4.0 5.0 3.0 3.0 3.0 2.0 2.0 2.0 1.0 1.0 3.0 3.0 4.0 2.0 3.0 2.0 2.0 4.0 2.0 4.0 1.0 2.0 5.0 4.0 1.0 4.0 1.0 4.0 1.0 4.0 2.0 4.0 5.0 5.0 5.0 3.0 2.0 4.0  
48 11.0 2.0 1.0 2.0 2.0 1.0 1.0 2.0 4.0 1.0 5.0 3.0 4.0 4.0 2.0 3.0 3.0 3.0 2.0 4.0 3.0 2.0 1.0 1.0 1.0 1.0 5.0 3.0 2.0 5.0 5.0 5.0 3.0 2.0 2.0 5.0 3.0 1.0 1.0 5.0 2.0 5.0 5.0 5.0 1.0 4.0 4.0 5.0 4.0 2.0 2.0 2.0 5.0 2.0 5.0 1.0 3.0 2.0 5.0 4.0 5.0 5.0 5.0 1.0 4.0 2.0 4.0 5.0 4.0 4.0 2.0 4.0 1.0 1.0 3.0 2.0 4.0 4.0 1.0 1.0 3.0 5.0 2.0 4.0 2.0 4.0 3.0 4.0 4.0 3.0 5.0 2.0 5.0 3.0 4.0 3.0 3.0 2.0 5.0 4.0 1.0  
44 13.0 5.0 4.0 5.0 5.0 2.0 4.0 5.0 4.0 1.0 1.0 4.0 5.0 3.0 5.0 4.0 1.0 2.0 4.0 3.0 4.0 1.0 1.0 1.0 2.0 5.0 3.0 1.0 1.0 2.0 2.0 1.0 4.0 1.0 2.0 5.0 3.0 5.0 4.0 2.0 2.0 2.0 5.0 4.0 1.0 3.0 1.0 3.0 3.0 4.0 2.0 4.0 5.0 4.0 2.0 4.0 3.0 5.0 2.0 5.0 5.0 5.0 5.0 4.0 3.0 4.0 3.0 4.0 4.0 3.0 2.0 1.0 3.0 1.0 3.0 4.0 1.0 2.0 5.0 3.0 2.0 2.0 4.0 1.0 3.0 5.0 2.0 1.0 3.0 4.0 5.0 3.0 4.0 5.0 2.0 4.0 2.0 5.0 4.0 5.0 3.0  
16 7.0 1.0 5.0 5.0 2.0 2.0 2.0 5.0 2.0 1.0 3.0 2.0 2.0 1.0 4.0 4.0 1.0 5.0 5.0 5.0 1.0 3.0 1.0 3.0 4.0 4.0 4.0 5.0 1.0 1.0 2.0 3.0 1.0 3.0 3.0 3.0 1.0 3.0 3.0 4.0 2.0 1.0 5.0 3.0 2.0 4.0 4.0 2.0 4.0 2.0 2.0 2.0 2.0 3.0 3.0 2.0 1.0 1.0 3.0 3.0 1.0 2.0 3.0 5.0 5.0 4.0 2.0 2.0 2.0 3.0 5.0 5.0 3.0 5.0 2.0 3.0 1.0 5.0 1.0 5.0 1.0 1.0 2.0 5.0 4.0 2.0 2.0 4.0 5.0 5.0 1.0 4.0 3.0 4.0 4.0 2.0 2.0 4.0 2.0 4.0 4.0  
29 8.0 5.0 4.0 4.0 2.0 1.0 2.0 2.0 4.0 5.0 1.0 1.0 3.0 2.0 2.0 5.0 3.0 5.0 1.0 5.0 4.0 3.0 4.0 1.0 3.0 1.0 2.0 1.0 2.0 2.0 5.0 4.0 5.0 3.0 3.0 5.0 1.0 1.0 1.0 2.0 1.0 2.0 3.0 2.0 5.0 3.0 2.0 5.0 4.0 4.0 2.0 1.0 4.0 3.0 2.0 4.0 2.0 1.0 3.0 4.0 5.0 5.0 3.0 2.0 4.0 5.0 2.0 4.0 4.0 1.0 3.0 4.0 4.0 1.0 5.0 4.0 2.0 3.0 1.0 2.0 5.0 3.0 3.0 5.0 5.0 4.0 1.0 4.0 5.0 3.0 2.0 1.0 5.0 1.0 2.0 3.0 2.0 5.0 1.0 2.0 1.0  
3 13.0 4.0 2.0 3.0 2.0 1.0 1.0 4.0 5.0 5.0 1.0 4.0 1.0 2.0 5.0 4.0 2.0 4.0 5.0 1.0 2.0 1.0 4.0 2.0 1.0 4.0 4.0 5.0 2.0 5.0 3.0 1.0 2.0 1.0 3.0 1.0 2.0 5.0 3.0 4.0 4.0 4.0 3.0 3.0 3.0 2.0 1.0 2.0 4.0 1.0 1.0 5.0 5.0 4.0 4.0 1.0 4.0 5.0 1.0 2.0 3.0 1.0 4.0 1.0 4.0 3.0 3.0 2.0 5.0 2.0 2.0 4.0 3.0 4.0 3.0 1.0 1.0 3.0 4.0 4.0 1.0 1.0 5.0 1.0 4.0 4.0 1.0 1.0 5.0 3.0 5.0 2.0 1.0 1.0 5.0 5.0 2.0 4.0 1.0 1.0 4.0  
38 14.0 1.0 5.0 2.0 3.0 3.0 2.0 5.0 5.0 1.0 5.0 3.0 4.0 1.0 2.0 3.0 5.0 5.0 4.0 1.0 5.0 5.0 4.0 5.0 1.0 4.0 2.0 2.0 2.0 5.0 2.0 4.0 3.0 1.0 5.0 5.0 1.0 3.0 3.0 2.0 5.0 5.0 1.0 3.0 4.0 2.0 4.0 2.0 4.0 4.0 3.0 5.0 1.0 2.0 3.0 3.0 3.0 2.0 1.0 5.0 1.0 3.0 2.0 3.0 3.0 3.0 2.0 3.0 1.0 5.0 2.0 3.0 2.0 1.0 5.0 4.0 2.0 3.0 1.0 3.0 4.0 1.0 3.0 3.0 5.0 3.0 2.0 1.0 5.0 2.0 5.0 3.0 5.0 4.0 2.0 3.0 4.0 4.0 4.0 2.0 1.0  
15 8.0 3.0 4.0 1.0 4.0 5.0 1.0 3.0 3.0 2.0 5.0 3.0 1.0 4.0 3.0 2.0 5.0 1.0 1.0 3.0 1.0 3.0 4.0 1.0 3.0 3.0 4.0 3.0 3.0 3.0 2.0 2.0 1.0 1.0 1.0 5.0 2.0 1.0 3.0 3.0 4.0 3.0 3.0 4.0 4.0 5.0 3.0 3.0 1.0 3.0 4.0 1.0 3.0 5.0 2.0 2.0 5.0 3.0 5.0 4.0 5.0 4.0 4.0 3.0 4.0 2.0 5.0 5.0 3.0 5.0 3.0 3.0 1.0 1.0 1.0 1.0 5.0 1.0 3.0 1.0 2.0 4.0 1.0 4.0 5.0 3.0 3.0 3.0 2.0 3.0 1.0 4.0 2.0 2.0 1.0 2.0 2.0 1.0 3.0 4.0 2.0  
4 12.0 5.0 2.0 4.0 5.0 5.0 4.0 5.0 5.0 3.0 5.0 1.0 3.0 5.0 1.0 2.0 4.0 1.0 1.0 4.0 3.0 1.0 2.0 3.0 5.0 5.0 2.0 4.0 5.0 3.0 2.0 2.0 1.0 3.0 4.0 4.0 4.0 2.0 4.0 1.0 4.0 3.0 2.0 2.0 3.0 5.0 1.0 5.0 2.0 2.0 5.0 5.0 2.0 5.0 5.0 1.0 4.0 3.0 1.0 3.0 3.0 5.0 3.0 5.0 5.0 3.0 5.0 4.0 3.0 3.0 2.0 3.0 3.0 4.0 2.0 3.0 3.0 3.0 2.0 4.0 3.0 2.0 3.0 2.0 1.0 2.0 4.0 2.0 4.0 1.0 4.0 3.0 4.0 4.0 1.0 5.0 1.0 5.0 3.0 3.0 5.0  
25 8.0 3.0 1.0 3.0 5.0 1.0 1.0 5.0 3.0 3.0 1.0 5.0 4.0 5.0 5.0 5.0 4.0 2.0 2.0 4.0 2.0 3.0 1.0 2.0 4.0 3.0 1.0 3.0 1.0 4.0 4.0 3.0 1.0 4.0 3.0 4.0 1.0 3.0 2.0 2.0 2.0 5.0 2.0 1.0 3.0 5.0 5.0 5.0 5.0 5.0 4.0 2.0 2.0 5.0 3.0 1.0 1.0 4.0 4.0 4.0 5.0 1.0 1.0 3.0 1.0 3.0 4.0 5.0 1.0 2.0 1.0 4.0 1.0 1.0 4.0 4.0 5.0 1.0 2.0 3.0 3.0 5.0 3.0 2.0 1.0 2.0 4.0 5.0 5.0 4.0 4.0 3.0 1.0 2.0 4.0 5.0 2.0 1.0 1.0 2.0 1.0  
34 15.0 1.0 4.0 1.0 1.0 2.0 4.0 1.0 4.0 3.0 3.0 5.0 4.0 4.0 5.0 4.0 3.0 4.0 3.0 3.0 5.0 4.0 3.0 1.0 2.0 5.0 4.0 4.0 5.0 5.0 1.0 4.0 4.0 5.0 3.0 3.0 3.0 5.0 5.0 2.0 3.0 5.0 2.0 4.0 2.0 2.0 1.0 1.0 2.0 2.0 4.0 3.0 2.0 4.0 5.0 2.0 2.0 3.0 5.0 1.0 4.0 4.0 2.0 1.0 5.0 4.0 2.0 3.0 2.0 3.0 2.0 1.0 2.0 1.0 4.0 3.0 5.0 5.0 1.0 4.0 1.0 5.0 5.0 4.0 4.0 5.0 4.0 1.0 5.0 5.0 1.0 4.0 3.0 2.0 5.0 5.0 3.0 5.0 1.0 4.0 5.0  
8 6.0 2.0 2.0 1.0 5.0 5.0 1.0 5.0 2.0 4.0 4.0 3.0 2.0 3.0 3.0 2.0 4.0 1.0 4.0 2.0 1.0 5.0 2.0 2.0 1.0 4.0 4.0 4.0 3.0 3.0 5.0 1.0 5.0 5.0 1.0 5.0 3.0 5.0 1.0 5.0 2.0 1.0 2.0 5.0 1.0 1.0 2.0 4.0 5.0 2.0 1.0 1.0 3.0 1.0 3.0 5.0 2.0 5.0 3.0 3.0 3.0 3.0 5.0 5.0 4.0 5.0 1.0 3.0 4.0 3.0 2.0 2.0 4.0 3.0 1.0 4.0 3.0 5.0 4.0 1.0 1.0 4.0 1.0 3.0 4.0 4.0 5.0 3.0 4.0 2.0 4.0 4.0 5.0 1.0 2.0 1.0 4.0 2.0 3.0 5.0 5.0  
9 8.0 5.0 3.0 1.0 2.0 2.0 3.0 2.0 4.0 2.0 2.0 3.0 5.0 3.0 3.0 4.0 4.0 1.0 5.0 4.0 2.0 5.0 5.0 4.0 4.0 2.0 3.0 1.0 3.0 5.0 2.0 3.0 4.0 5.0 5.0 3.0 5.0 5.0 5.0 2.0 4.0 2.0 5.0 3.0 1.0 5.0 1.0 2.0 3.0 4.0 3.0 5.0 3.0 3.0 2.0 2.0 4.0 1.0 5.0 2.0 2.0 4.0 3.0 1.0 5.0 1.0 2.0 2.0 4.0 3.0 4.0 2.0 1.0 1.0 5.0 5.0 3.0 4.0 2.0 4.0 4.0 2.0 3.0 4.0 3.0 1.0 5.0 4.0 3.0 3.0 2.0 5.0 4.0 3.0 4.0 2.0 5.0 2.0 5.0 2.0 3.0  
5 12.0 3.0 3.0 2.0 2.0 1.0 4.0 4.0 2.0 5.0 2.0 3.0 3.0 2.0 3.0 2.0 3.0 2.0 4.0 3.0 4.0 4.0 1.0 4.0 5.0 4.0 3.0 4.0 5.0 3.0 2.0 1.0 1.0 3.0 5.0 4.0 2.0 5.0 3.0 2.0 3.0 4.0 5.0 2.0 3.0 2.0 2.0 4.0 1.0 4.0 5.0 1.0 2.0 1.0 5.0 1.0 5.0 2.0 5.0 5.0 1.0 4.0 2.0 3.0 1.0 4.0 5.0 3.0 1.0 3.0 3.0 3.0 2.0 2.0 4.0 1.0 1.0 2.0 5.0 3.0 5.0 4.0 1.0 3.0 3.0 3.0 2.0 1.0 4.0 1.0 1.0 5.0 4.0 2.0 5.0 2.0 3.0 5.0 2.0 2.0 5.0  
12 15.0 1.0 2.0 5.0 5.0 5.0 3.0 4.0 1.0 4.0 4.0 4.0 1.0 2.0 3.0 5.0 1.0 3.0 5.0 3.0 3.0 5.0 5.0 5.0 5.0 5.0 3.0 1.0 4.0 1.0 1.0 2.0 4.0 1.0 2.0 3.0 1.0 3.0 3.0 1.0 3.0 2.0 4.0 1.0 2.0 1.0 4.0 4.0 3.0 1.0 3.0 3.0 3.0 5.0 2.0 4.0 1.0 3.0 1.0 5.0 5.0 3.0 3.0 1.0 5.0 5.0 1.0 3.0 1.0 1.0 4.0 3.0 4.0 4.0 3.0 2.0 1.0 4.0 5.0 2.0 1.0 2.0 5.0 5.0 4.0 1.0 3.0 2.0 5.0 5.0 3.0 1.0 1.0 3.0 4.0 1.0 3.0 4.0 2.0 3.0 3.0  
32 13.0 4.0 5.0 4.0 5.0 1.0 4.0 1.0 3.0 5.0 5.0 3.0 2.0 4.0 5.0 3.0 3.0 5.0 5.0 4.0 1.0 1.0 4.0 5.0 2.0 2.0 5.0 5.0 4.0 3.0 1.0 1.0 3.0 1.0 3.0 3.0 5.0 5.0 4.0 1.0 1.0 2.0 3.0 4.0 2.0 3.0 5.0 3.0 4.0 4.0 4.0 4.0 4.0 1.0 3.0 3.0 1.0 3.0 4.0 1.0 2.0 2.0 5.0 4.0 4.0 5.0 5.0 4.0 5.0 4.0 5.0 3.0 5.0 3.0 1.0 3.0 2.0 3.0 2.0 2.0 4.0 2.0 2.0 5.0 5.0 2.0 5.0 1.0 5.0 4.0 4.0 2.0 1.0 3.0 3.0 1.0 3.0 5.0 5.0 4.0 4.0  
28 8.0 3.0 2.0 4.0 3.0 4.0 1.0 3.0 2.0 3.0 2.0 5.0 5.0 5.0 1.0 2.0 5.0 1.0 4.0 3.0 4.0 5.0 4.0 4.0 3.0 1.0 4.0 1.0 1.0 4.0 5.0 2.0 2.0 3.0 5.0 2.0 2.0 5.0 1.0 3.0 4.0 2.0 5.0 5.0 3.0 3.0 2.0 5.0 4.0 3.0 2.0 3.0 5.0 4.0 4.0 3.0 2.0 4.0 2.0 2.0 4.0 3.0 1.0 4.0 4.0 1.0 3.0 2.0 4.0 4.0 4.0 2.0 2.0 4.0 5.0 4.0 4.0 2.0 3.0 1.0 1.0 2.0 2.0 1.0 5.0 1.0 4.0 5.0 3.0 5.0 5.0 1.0 5.0 1.0 1.0 2.0 5.0 5.0 3.0 2.0 5.0  
27 10.0 4.0 4.0 4.0 2.0 1.0 3.0 4.0 1.0 4.0 3.0 2.0 5.0 2.0 5.0 4.0 3.0 3.0 2.0 3.0 4.0 1.0 2.0 2.0 4.0 4.0 5.0 4.0 3.0 3.0 1.0 1.0 1.0 1.0 3.0 3.0 1.0 4.0 3.0 3.0 2.0 3.0 5.0 4.0 3.0 2.0 1.0 1.0 5.0 1.0 2.0 4.0 5.0 4.0 1.0 2.0 1.0 4.0 4.0 2.0 4.0 5.0 1.0 1.0 1.0 2.0 3.0 5.0 1.0 3.0 2.0 3.0 4.0 3.0 1.0 5.0 1.0 4.0 4.0 1.0 5.0 4.0 1.0 4.0 3.0 2.0 5.0 3.0 3.0 4.0 2.0 1.0 3.0 3.0 3.0 2.0 2.0 1.0 4.0 2.0 4.0  
14 12.0 4.0 4.0 3.0 5.0 4.0 2.0 3.0 5.0 1.0 2.0 5.0 1.0 2.0 3.0 1.0 5.0 2.0 5.0 2.0 4.0 2.0 2.0 3.0 5.0 4.0 4.0 5.0 2.0 3.0 1.0 4.0 5.0 3.0 3.0 3.0 1.0 5.0 2.0 4.0 1.0 3.0 5.0 2.0 4.0 2.0 1.0 4.0 1.0 4.0 1.0 3.0 3.0 4.0 4.0 3.0 4.0 1.0 2.0 2.0 4.0 3.0 1.0 4.0 2.0 5.0 4.0 5.0 4.0 1.0 5.0 5.0 3.0 2.0 3.0 5.0 1.0 4.0 1.0 4.0 5.0 4.0 4.0 3.0 3.0 4.0 2.0 2.0 4.0 1.0 2.0 3.0 2.0 3.0 2.0 3.0 1.0 4.0 4.0 1.0 1.0  
33 14.0 5.0 1.0 5.0 3.0 3.0 1.0 5.0 4.0 5.0 3.0 1.0 2.0 1.0 1.0 3.0 5.0 4.0 4.0 1.0 1.0 5.0 3.0 4.0 3.0 2.0 4.0 2.0 5.0 2.0 4.0 1.0 5.0 2.0 3.0 1.0 4.0 5.0 5.0 5.0 3.0 2.0 1.0 2.0 5.0 2.0 4.0 1.0 4.0 5.0 3.0 5.0 4.0 4.0 1.0 3.0 1.0 5.0 4.0 4.0 2.0 4.0 1.0 1.0 1.0 5.0 2.0 5.0 1.0 3.0 2.0 1.0 3.0 5.0 1.0 5.0 1.0 5.0 5.0 3.0 5.0 4.0 4.0 2.0 4.0 5.0 4.0 4.0 4.0 3.0 4.0 2.0 4.0 5.0 2.0 3.0 4.0 4.0 4.0 1.0 3.0  
24 14.0 1.0 5.0 3.0 2.0 1.0 4.0 4.0 5.0 1.0 5.0 5.0 4.0 5.0 4.0 5.0 4.0 5.0 4.0 2.0 4.0 5.0 5.0 4.0 2.0 5.0 4.0 4.0 2.0 2.0 2.0 3.0 1.0 2.0 1.0 2.0 3.0 3.0 2.0 3.0 4.0 2.0 3.0 3.0 1.0 3.0 4.0 4.0 4.0 5.0 3.0 1.0 1.0 3.0 2.0 4.0 4.0 2.0 2.0 1.0 4.0 5.0 1.0 5.0 3.0 2.0 4.0 4.0 1.0 2.0 1.0 2.0 5.0 3.0 4.0 3.0 4.0 1.0 4.0 2.0 5.0 5.0 1.0 1.0 2.0 3.0 1.0 4.0 3.0 5.0 3.0 3.0 4.0 5.0 4.0 3.0 5.0 1.0 1.0 2.0 4.0  
36 15.0 1.0 4.0 4.0 1.0 5.0 3.0 5.0 5.0 4.0 3.0 4.0 3.0 2.0 2.0 3.0 5.0 5.0 5.0 3.0 3.0 5.0 4.0 3.0 5.0 4.0 1.0 4.0 3.0 1.0 2.0 2.0 4.0 5.0 4.0 5.0 1.0 2.0 1.0 2.0 5.0 5.0 1.0 4.0 1.0 5.0 4.0 3.0 2.0 2.0 1.0 2.0 3.0 2.0 5.0 2.0 2.0 3.0 2.0 4.0 2.0 4.0 2.0 1.0 4.0 1.0 1.0 4.0 3.0 2.0 2.0 1.0 5.0 5.0 4.0 5.0 4.0 5.0 5.0 1.0 2.0 1.0 1.0 2.0 5.0 3.0 1.0 3.0 2.0 2.0 2.0 5.0 3.0 4.0 2.0 3.0 3.0 3.0 2.0 2.0 2.0  
18 9.0 1.0 3.0 3.0 4.0 1.0 2.0 4.0 3.0 5.0 3.0 3.0 4.0 4.0 2.0 3.0 2.0 4.0 3.0 1.0 1.0 2.0 4.0 3.0 5.0 5.0 3.0 4.0 3.0 2.0 4.0 1.0 5.0 2.0 4.0 3.0 1.0 5.0 4.0 3.0 2.0 3.0 2.0 5.0 2.0 2.0 1.0 2.0 5.0 2.0 5.0 1.0 5.0 3.0 5.0 3.0 2.0 2.0 4.0 1.0 5.0 3.0 2.0 3.0 5.0 1.0 2.0 2.0 5.0 1.0 3.0 5.0 3.0 4.0 1.0 5.0 3.0 1.0 2.0 4.0 2.0 3.0 5.0 2.0 2.0 4.0 5.0 1.0 1.0 2.0 5.0 2.0 3.0 1.0 4.0 1.0 4.0 5.0 3.0 3.0 2.0  
1 7.0 3.0 5.0 4.0 2.0 4.0 5.0 5.0 4.0 2.0 5.0 4.0 5.0 2.0 5.0 4.0 5.0 4.0 5.0 4.0 1.0 1.0 5.0 4.0 5.0 1.0 3.0 4.0 5.0 2.0 2.0 4.0 1.0 1.0 2.0 2.0 3.0 3.0 4.0 5.0 5.0 3.0 1.0 2.0 2.0 3.0 3.0 5.0 3.0 1.0 3.0 4.0 2.0 1.0 2.0 3.0 1.0 3.0 1.0 5.0 1.0 1.0 4.0 3.0 2.0 3.0 5.0 2.0 5.0 3.0 2.0 2.0 2.0 3.0 3.0 3.0 1.0 3.0 1.0 3.0 4.0 2.0 2.0 2.0 4.0 4.0 1.0 3.0 1.0 2.0 1.0 5.0 3.0 4.0 1.0 3.0 4.0 1.0 4.0 1.0 2.0  
23 9.0 3.0 1.0 3.0 3.0 5.0 5.0 2.0 1.0 1.0 5.0 2.0 3.0 2.0 4.0 3.0 5.0 3.0 1.0 5.0 2.0 4.0 5.0 2.0 4.0 2.0 1.0 5.0 4.0 4.0 2.0 1.0 5.0 3.0 5.0 5.0 4.0 1.0 3.0 2.0 1.0 3.0 4.0 1.0 4.0 5.0 3.0 5.0 5.0 3.0 5.0 1.0 3.0 1.0 1.0 4.0 2.0 3.0 3.0 5.0 2.0 1.0 1.0 2.0 4.0 4.0 5.0 2.0 4.0 2.0 5.0 3.0 4.0 3.0 5.0 5.0 3.0 2.0 5.0 1.0 1.0 2.0 3.0 3.0 2.0 1.0 5.0 3.0 3.0 1.0 5.0 4.0 3.0 1.0 4.0 4.0 1.0 2.0 5.0 2.0 1.0  
21 8.0 2.0 1.0 3.0 2.0 2.0 3.0 2.0 3.0 5.0 2.0 4.0 2.0 5.0 5.0 3.0 3.0 3.0 3.0 4.0 3.0 1.0 3.0 2.0 5.0 1.0 2.0 2.0 4.0 3.0 1.0 1.0 1.0 1.0 4.0 1.0 2.0 5.0 4.0 4.0 1.0 2.0 2.0 5.0 5.0 1.0 3.0 2.0 3.0 4.0 5.0 4.0 2.0 4.0 1.0 1.0 5.0 4.0 3.0 4.0 5.0 2.0 3.0 5.0 5.0 4.0 3.0 4.0 2.0 3.0 4.0 5.0 3.0 2.0 5.0 4.0 1.0 5.0 4.0 3.0 3.0 5.0 4.0 2.0 5.0 5.0 3.0 5.0 1.0 1.0 5.0 5.0 3.0 2.0 3.0 1.0 4.0 3.0 4.0 5.0 4.0  
41 13.0 5.0 1.0 3.0 1.0 3.0 5.0 1.0 5.0 5.0 3.0 3.0 3.0 1.0 4.0 1.0 3.0 1.0 4.0 4.0 4.0 1.0 5.0 2.0 1.0 2.0 4.0 5.0 2.0 4.0 1.0 3.0 5.0 1.0 3.0 5.0 2.0 2.0 4.0 4.0 4.0 2.0 4.0 3.0 5.0 1.0 3.0 5.0 4.0 1.0 2.0 4.0 1.0 2.0 1.0 4.0 5.0 2.0 5.0 2.0 2.0 1.0 5.0 5.0 3.0 3.0 4.0 4.0 3.0 5.0 3.0 2.0 5.0 2.0 5.0 3.0 2.0 3.0 1.0 5.0 5.0 4.0 2.0 1.0 2.0 4.0 3.0 2.0 5.0 3.0 1.0 3.0 3.0 2.0 1.0 4.0 5.0 2.0 2.0 2.0 3.0  
46 11.0 3.0 1.0 5.0 1.0 3.0 5.0 2.0 2.0 3.0 3.0 5.0 3.0 4.0 5.0 5.0 5.0 2.0 5.0 1.0 4.0 3.0 5.0 3.0 3.0 5.0 4.0 3.0 3.0 4.0 4.0 1.0 2.0 3.0 1.0 1.0 1.0 5.0 5.0 2.0 1.0 3.0 3.0 1.0 1.0 1.0 3.0 4.0 5.0 1.0 4.0 3.0 3.0 1.0 1.0 2.0 3.0 3.0 2.0 5.0 1.0 1.0 4.0 3.0 2.0 3.0 4.0 1.0 4.0 4.0 5.0 5.0 4.0 1.0 4.0 2.0 3.0 2.0 4.0 4.0 3.0 1.0 5.0 2.0 2.0 3.0 4.0 4.0 2.0 5.0 4.0 1.0 1.0 5.0 5.0 3.0 3.0 4.0 2.0 2.0 1.0  
2 7.0 4.0 4.0 2.0 4.0 4.0 5.0 2.0 5.0 2.0 2.0 1.0 3.0 5.0 4.0 5.0 3.0 5.0 1.0 1.0 5.0 3.0 2.0 1.0 1.0 2.0 5.0 2.0 5.0 2.0 4.0 3.0 1.0 3.0 2.0 3.0 1.0 1.0 3.0 3.0 2.0 5.0 2.0 5.0 4.0 3.0 1.0 4.0 3.0 1.0 2.0 5.0 2.0 5.0 4.0 5.0 5.0 4.0 2.0 5.0 4.0 3.0 5.0 5.0 4.0 5.0 4.0 1.0 5.0 2.0 4.0 3.0 2.0 5.0 1.0 4.0 1.0 2.0 5.0 2.0 3.0 5.0 2.0 1.0 4.0 3.0 1.0 2.0 1.0 4.0 1.0 2.0 3.0 1.0 2.0 4.0 4.0 1.0 4.0 3.0 1.0  
19 11.0 2.0 5.0 4.0 3.0 1.0 4.0 3.0 3.0 5.0 2.0 4.0 5.0 4.0 4.0 2.0 2.0 5.0 4.0 5.0 5.0 4.0 5.0 4.0 1.0 4.0 1.0 3.0 4.0 4.0 1.0 1.0 4.0 1.0 2.0 3.0 3.0 4.0 4.0 5.0 5.0 1.0 2.0 5.0 1.0 2.0 4.0 5.0 4.0 5.0 1.0 3.0 5.0 1.0 2.0 3.0 1.0 5.0 1.0 4.0 1.0 3.0 5.0 1.0 4.0 4.0 5.0 2.0 4.0 5.0 4.0 4.0 5.0 2.0 1.0 2.0 3.0 1.0 4.0 3.0 3.0 5.0 4.0 5.0 5.0 1.0 4.0 3.0 2.0 3.0 3.0 3.0 4.0 5.0 3.0 2.0 2.0 3.0 3.0 1.0 4.0  
10 10.0 5.0 5.0 3.0 1.0 4.0 2.0 3.0 1.0 1.0 1.0 3.0 5.0 2.0 3.0 3.0 3.0 2.0 3.0 3.0 2.0 1.0 5.0 1.0 3.0 1.0 2.0 5.0 3.0 1.0 2.0 5.0 2.0 3.0 2.0 5.0 4.0 1.0 5.0 1.0 5.0 4.0 1.0 5.0 3.0 2.0 3.0 1.0 2.0 1.0 5.0 4.0 1.0 1.0 2.0 4.0 4.0 1.0 3.0 1.0 5.0 4.0 2.0 2.0 4.0 2.0 4.0 3.0 5.0 4.0 3.0 1.0 3.0 4.0 3.0 4.0 4.0 4.0 1.0 4.0 1.0 2.0 3.0 5.0 5.0 5.0 4.0 1.0 1.0 2.0 2.0 5.0 4.0 4.0 2.0 4.0 5.0 2.0 4.0 5.0 1.0  
47 15.0 2.0 3.0 4.0 1.0 1.0 2.0 3.0 1.0 1.0 4.0 3.0 4.0 4.0 5.0 3.0 2.0 5.0 5.0 5.0 2.0 4.0 2.0 3.0 5.0 2.0 2.0 3.0 2.0 2.0 4.0 3.0 4.0 1.0 3.0 3.0 4.0 1.0 1.0 5.0 4.0 2.0 2.0 2.0 4.0 4.0 4.0 2.0 5.0 5.0 1.0 5.0 5.0 4.0 2.0 5.0 2.0 2.0 3.0 4.0 5.0 4.0 3.0 2.0 3.0 2.0 3.0 2.0 2.0 1.0 5.0 3.0 2.0 5.0 1.0 2.0 3.0 1.0 5.0 3.0 1.0 5.0 1.0 2.0 4.0 4.0 4.0 2.0 1.0 1.0 5.0 3.0 4.0 4.0 3.0 2.0 1.0 4.0 5.0 1.0 3.0  
37 11.0 5.0 1.0 4.0 5.0 3.0 3.0 5.0 2.0 5.0 1.0 1.0 5.0 5.0 4.0 3.0 4.0 4.0 5.0 4.0 3.0 4.0 2.0 5.0 2.0 4.0 4.0 3.0 1.0 3.0 2.0 2.0 4.0 5.0 5.0 5.0 2.0 3.0 5.0 5.0 3.0 5.0 5.0 3.0 2.0 4.0 2.0 3.0 4.0 2.0 5.0 4.0 4.0 4.0 1.0 1.0 5.0 5.0 5.0 2.0 2.0 3.0 3.0 5.0 4.0 2.0 2.0 2.0 3.0 1.0 1.0 2.0 2.0 3.0 2.0 2.0 3.0 3.0 2.0 5.0 3.0 3.0 5.0 4.0 1.0 2.0 3.0 5.0 2.0 5.0 2.0 3.0 1.0 1.0 4.0 5.0 3.0 5.0 2.0 2.0 4.0  
31 11.0 5.0 5.0 1.0 3.0 1.0 3.0 5.0 1.0 5.0 1.0 1.0 2.0 2.0 2.0 2.0 5.0 4.0 4.0 5.0 5.0 5.0 1.0 3.0 3.0 1.0 3.0 1.0 3.0 5.0 4.0 1.0 5.0 4.0 1.0 2.0 1.0 2.0 2.0 2.0 3.0 4.0 4.0 4.0 3.0 2.0 4.0 1.0 5.0 2.0 3.0 2.0 4.0 4.0 1.0 3.0 1.0 5.0 4.0 5.0 5.0 2.0 4.0 4.0 4.0 2.0 2.0 5.0 5.0 4.0 2.0 2.0 1.0 1.0 4.0 5.0 5.0 4.0 5.0 2.0 5.0 3.0 5.0 4.0 1.0 2.0 4.0 2.0 2.0 3.0 3.0 4.0 5.0 5.0 1.0 3.0 4.0 5.0 5.0 2.0 2.0  
22 15.0 1.0 1.0 5.0 1.0 2.0 5.0 3.0 3.0 2.0 3.0 2.0 1.0 2.0 4.0 1.0 5.0 4.0 5.0 5.0 4.0 2.0 2.0 3.0 4.0 5.0 5.0 3.0 3.0 4.0 3.0 3.0 2.0 4.0 5.0 5.0 5.0 2.0 4.0 3.0 1.0 5.0 1.0 4.0 2.0 1.0 1.0 2.0 1.0 2.0 4.0 5.0 4.0 4.0 4.0 2.0 1.0 1.0 3.0 2.0 5.0 1.0 1.0 3.0 3.0 3.0 1.0 5.0 2.0 2.0 2.0 3.0 2.0 4.0 4.0 2.0 4.0 3.0 1.0 5.0 2.0 2.0 5.0 1.0 4.0 1.0 5.0 1.0 3.0 2.0 2.0 5.0 5.0 4.0 3.0 3.0 3.0 5.0 3.0 4.0 2.0  
6 14.0 5.0 3.0 2.0 4.0 3.0 1.0 2.0 4.0 3.0 4.0 3.0 2.0 5.0 2.0 2.0 1.0 3.0 4.0 5.0 5.0 4.0 2.0 3.0 1.0 1.0 3.0 1.0 3.0 1.0 4.0 1.0 1.0 4.0 5.0 5.0 3.0 2.0 4.0 1.0 4.0 1.0 1.0 5.0 2.0 2.0 1.0 3.0 5.0 1.0 5.0 4.0 4.0 1.0 3.0 4.0 4.0 4.0 4.0 5.0 3.0 2.0 4.0 4.0 4.0 2.0 1.0 4.0 4.0 1.0 5.0 3.0 4.0 4.0 3.0 1.0 2.0 3.0 5.0 3.0 3.0 3.0 4.0 2.0 5.0 4.0 5.0 2.0 5.0 2.0 2.0 1.0 3.0 1.0 4.0 5.0 5.0 2.0 2.0 3.0 1.0  
11 12.0 2.0 1.0 3.0 1.0 3.0 2.0 3.0 5.0 3.0 5.0 1.0 3.0 1.0 2.0 1.0 2.0 4.0 4.0 3.0 1.0 2.0 3.0 1.0 4.0 4.0 4.0 2.0 1.0 3.0 3.0 3.0 4.0 1.0 5.0 2.0 5.0 2.0 1.0 2.0 1.0 3.0 3.0 4.0 2.0 5.0 3.0 1.0 1.0 2.0 4.0 1.0 5.0 3.0 4.0 1.0 5.0 1.0 3.0 5.0 1.0 2.0 4.0 1.0 2.0 4.0 3.0 5.0 1.0 2.0 1.0 2.0 3.0 4.0 5.0 4.0 4.0 2.0 5.0 1.0 3.0 1.0 1.0 1.0 1.0 5.0 2.0 3.0 3.0 2.0 5.0 3.0 2.0 5.0 1.0 5.0 2.0 3.0 5.0 1.0 5.0  
39 12.0 4.0 3.0 5.0 4.0 2.0 1.0 3.0 3.0 2.0 3.0 3.0 2.0 1.0 4.0 3.0 1.0 5.0 4.0 3.0 4.0 1.0 4.0 1.0 3.0 5.0 4.0 4.0 5.0 2.0 5.0 2.0 1.0 5.0 2.0 5.0 3.0 2.0 4.0 2.0 1.0 1.0 1.0 3.0 1.0 5.0 3.0 2.0 2.0 5.0 4.0 2.0 2.0 5.0 1.0 1.0 1.0 4.0 3.0 1.0 2.0 2.0 2.0 3.0 4.0 2.0 2.0 3.0 3.0 1.0 4.0 4.0 1.0 2.0 1.0 2.0 3.0 4.0 5.0 1.0 5.0 3.0 4.0 5.0 1.0 2.0 1.0 4.0 2.0 1.0 4.0 1.0 5.0 4.0 1.0 1.0 3.0 5.0 4.0 5.0 3.0  
43 8.0 5.0 1.0 3.0 1.0 5.0 2.0 3.0 3.0 4.0 2.0 4.0 2.0 1.0 4.0 5.0 3.0 5.0 3.0 5.0 1.0 1.0 3.0 5.0 2.0 3.0 5.0 4.0 4.0 3.0 1.0 5.0 3.0 4.0 3.0 5.0 5.0 3.0 3.0 3.0 1.0 1.0 3.0 5.0 3.0 5.0 1.0 1.0 4.0 5.0 1.0 3.0 4.0 2.0 5.0 5.0 3.0 5.0 2.0 3.0 1.0 5.0 1.0 2.0 1.0 2.0 4.0 4.0 3.0 3.0 2.0 1.0 2.0 4.0 1.0 4.0 1.0 1.0 3.0 1.0 2.0 1.0 3.0 3.0 5.0 3.0 5.0 5.0 1.0 1.0 2.0 2.0 1.0 1.0 3.0 4.0 3.0 2.0 5.0 3.0 5.0  
17 15.0 4.0 3.0 3.0 3.0 4.0 2.0 1.0 5.0 4.0 1.0 3.0 1.0 2.0 2.0 3.0 1.0 5.0 5.0 3.0 5.0 1.0 5.0 4.0 1.0 1.0 5.0 5.0 3.0 3.0 1.0 1.0 4.0 4.0 4.0 1.0 5.0 2.0 3.0 2.0 2.0 2.0 3.0 1.0 1.0 4.0 2.0 4.0 1.0 1.0 3.0 1.0 5.0 4.0 3.0 2.0 2.0 2.0 5.0 2.0 2.0 5.0 2.0 4.0 1.0 5.0 4.0 4.0 2.0 4.0 5.0 4.0 1.0 1.0 1.0 5.0 4.0 1.0 4.0 3.0 5.0 2.0 3.0 4.0 2.0 4.0 1.0 5.0 3.0 4.0 2.0 3.0 5.0 2.0 5.0 2.0 3.0 3.0 1.0 1.0 5.0  
30 9.0 3.0 3.0 4.0 2.0 4.0 4.0 3.0 3.0 2.0 1.0 1.0 4.0 1.0 3.0 5.0 2.0 4.0 3.0 2.0 2.0 1.0 4.0 3.0 5.0 5.0 3.0 3.0 5.0 2.0 3.0 3.0 3.0 4.0 4.0 4.0 3.0 2.0 3.0 3.0 4.0 4.0 3.0 1.0 5.0 5.0 3.0 3.0 3.0 5.0 1.0 1.0 1.0 1.0 5.0 3.0 1.0 1.0 3.0 2.0 3.0 5.0 5.0 1.0 2.0 5.0 4.0 5.0 1.0 3.0 5.0 3.0 1.0 5.0 3.0 5.0 4.0 1.0 1.0 1.0 1.0 3.0 4.0 1.0 4.0 5.0 4.0 2.0 3.0 4.0 5.0 4.0 3.0 5.0 5.0 1.0 1.0 1.0 1.0 4.0 4.0  
42 11.0 4.0 5.0 2.0 4.0 4.0 3.0 5.0 2.0 4.0 1.0 4.0 3.0 3.0 1.0 3.0 2.0 4.0 3.0 5.0 4.0 5.0 5.0 2.0 3.0 4.0 1.0 5.0 3.0 4.0 1.0 3.0 2.0 3.0 4.0 4.0 3.0 5.0 1.0 1.0 3.0 3.0 5.0 1.0 5.0 1.0 5.0 2.0 4.0 5.0 5.0 3.0 2.0 5.0 5.0 2.0 1.0 3.0 3.0 2.0 2.0 3.0 2.0 1.0 1.0 5.0 1.0 1.0 5.0 1.0 3.0 1.0 5.0 1.0 4.0 5.0 5.0 3.0 3.0 5.0 2.0 5.0 4.0 2.0 2.0 1.0 1.0 1.0 4.0 5.0 2.0 4.0 4.0 5.0 5.0 2.0 1.0 1.0 4.0 5.0 5.0  
7 13.0 3.0 1.0 3.0 2.0 1.0 3.0 3.0 5.0 1.0 4.0 3.0 4.0 5.0 4.0 3.0 1.0 3.0 4.0 4.0 2.0 4.0 5.0 5.0 1.0 4.0 4.0 4.0 2.0 3.0 5.0 3.0 4.0 3.0 4.0 2.0 2.0 3.0 5.0 3.0 1.0 2.0 5.0 2.0 2.0 1.0 2.0 5.0 4.0 3.0 2.0 3.0 4.0 2.0 3.0 2.0 2.0 1.0 2.0 4.0 2.0 1.0 4.0 3.0 5.0 4.0 5.0 3.0 2.0 1.0 2.0 2.0 1.0 2.0 5.0 2.0 3.0 1.0 4.0 4.0 1.0 3.0 2.0 1.0 4.0 1.0 1.0 4.0 5.0 5.0 2.0 1.0 3.0 4.0 1.0 5.0 1.0 2.0 3.0 2.0 2.0  
26 11.0 5.0 1.0 5.0 3.0 3.0 2.0 4.0 5.0 3.0 2.0 1.0 4.0 5.0 4.0 3.0 3.0 3.0 2.0 4.0 2.0 3.0 5.0 5.0 3.0 3.0 3.0 5.0 1.0 5.0 4.0 5.0 3.0 1.0 4.0 2.0 2.0 3.0 3.0 5.0 2.0 4.0 4.0 3.0 3.0 4.0 5.0 5.0 1.0 2.0 1.0 5.0 2.0 4.0 5.0 4.0 3.0 1.0 4.0 4.0 2.0 4.0 4.0 5.0 3.0 5.0 1.0 1.0 2.0 2.0 2.0 2.0 4.0 5.0 3.0 4.0 2.0 2.0 3.0 5.0 4.0 5.0 2.0 5.0 2.0 1.0 1.0 4.0 4.0 1.0 5.0 3.0 4.0 5.0 1.0 2.0 5.0 3.0 3.0 1.0 1.0  
40 12.0 4.0 5.0 1.0 3.0 5.0 3.0 5.0 2.0 5.0 2.0 2.0 1.0 5.0 1.0 3.0 4.0 1.0 5.0 4.0 2.0 1.0 2.0 4.0 4.0 1.0 2.0 2.0 5.0 1.0 2.0 1.0 5.0 3.0 5.0 2.0 1.0 5.0 2.0 2.0 2.0 5.0 5.0 2.0 3.0 1.0 4.0 3.0 1.0 1.0 2.0 2.0 1.0 2.0 1.0 3.0 3.0 4.0 2.0 4.0 2.0 4.0 1.0 4.0 1.0 3.0 2.0 4.0 3.0 2.0 2.0 3.0 3.0 1.0 4.0 4.0 3.0 1.0 3.0 5.0 5.0 1.0 5.0 3.0 3.0 4.0 4.0 5.0 5.0 2.0 5.0 1.0 5.0 4.0 1.0 3.0 2.0 2.0 3.0 3.0 4.0  
45 11.0 1.0 2.0 5.0 4.0 1.0 4.0 4.0 1.0 3.0 2.0 3.0 2.0 5.0 4.0 1.0 3.0 4.0 1.0 5.0 1.0 2.0 4.0 1.0 4.0 4.0 5.0 2.0 1.0 4.0 1.0 5.0 4.0 3.0 5.0 4.0 5.0 2.0 1.0 1.0 2.0 1.0 5.0 5.0 4.0 2.0 4.0 4.0 3.0 1.0 5.0 3.0 4.0 4.0 2.0 3.0 1.0 5.0 3.0 5.0 3.0 1.0 2.0 3.0 4.0 5.0 2.0 3.0 3.0 2.0 4.0 5.0 2.0 1.0 1.0 5.0 2.0 3.0 5.0 4.0 4.0 5.0 4.0 3.0 5.0 5.0 1.0 1.0 1.0 3.0 4.0 3.0 3.0 3.0 4.0 3.0 1.0 3.0 1.0 5.0 2.0  
