Generations vod_20x100
0 3147.0
1 3147.0
2 3147.0
3 3092.0
4 3026.0
5 3016.0
6 3016.0
7 3016.0
8 3016.0
9 3016.0
10 3016.0
11 3016.0
12 3016.0
13 3016.0
14 3016.0
15 3016.0
16 3016.0
17 3016.0
18 3016.0
19 3016.0
20 3016.0
21 3016.0
22 3016.0
23 3016.0
24 3016.0
25 3016.0
26 3016.0
27 3016.0
28 3016.0
29 3016.0
30 3016.0
31 3016.0
32 3016.0
33 3016.0
34 3016.0
35 3016.0
36 3016.0
37 3016.0
38 3016.0
39 3016.0
40 3016.0
41 3016.0
42 3016.0
43 3016.0
44 3016.0
45 3016.0
46 3016.0
47 3016.0
48 3016.0
49 3016.0
50 3016.0
51 3016.0
52 3016.0
53 3016.0
54 3016.0
55 3016.0
56 3016.0
57 3016.0
58 3016.0
59 3016.0
60 3016.0
61 3016.0
62 3016.0
63 3016.0
64 3016.0
65 3016.0
66 3016.0
67 3016.0
68 3016.0
69 3016.0
70 3016.0
71 3016.0
72 3016.0
73 3016.0
74 3016.0
75 3016.0
76 3016.0
77 3016.0
78 3016.0
79 3016.0
80 3016.0
81 3016.0
82 3016.0
83 3016.0
84 3016.0
85 3016.0
86 3016.0
87 3016.0
88 3016.0
89 3016.0
90 3016.0
91 3016.0
92 3016.0
93 3016.0
94 3016.0
95 3016.0
96 3016.0
97 3016.0
98 3016.0
99 3016.0
100 3016.0
101 3016.0
102 3016.0
103 3016.0
104 3016.0
105 3016.0
106 3016.0
107 3016.0
108 3016.0
109 3016.0
110 3016.0
111 3016.0
112 3016.0
113 3016.0
114 3016.0
115 3016.0
116 3016.0
117 3016.0
118 3016.0
119 3016.0
120 3016.0
121 3016.0
122 3016.0
123 3016.0
124 3016.0
125 3016.0
126 3016.0
127 3016.0
128 3016.0
129 3016.0
130 3016.0
131 3016.0
132 3016.0
133 3016.0
134 3016.0
135 3016.0
136 3016.0
137 3016.0
138 3016.0
139 3016.0
140 3016.0
141 3016.0
142 3016.0
143 3016.0
144 3016.0
145 3016.0
146 3016.0
147 3016.0
148 3016.0
149 3016.0
150 3016.0
151 3016.0
152 3016.0
153 3016.0
154 3016.0
155 3016.0
156 3016.0
157 3016.0
158 3016.0
159 3016.0
160 3016.0
161 3016.0
162 3016.0
163 3016.0
164 3016.0
165 3016.0
166 3016.0
167 3016.0
168 3016.0
169 3016.0
170 3016.0
171 3016.0
172 3016.0
173 3016.0
174 3016.0
175 3016.0
176 3016.0
177 3016.0
178 3016.0
179 3016.0
180 3016.0
181 3016.0
182 3016.0
183 3016.0
184 3016.0
185 3016.0
186 3016.0
187 3016.0
188 3016.0
189 3016.0
190 3016.0
191 3016.0
192 3016.0
193 3016.0
194 3016.0
195 3016.0
196 3016.0
197 3016.0
198 3016.0
199 3016.0
200 3016.0
201 3016.0
202 3016.0
203 3016.0
204 3016.0
205 3016.0
206 3016.0
207 3016.0
208 3016.0
209 3016.0
210 3016.0
211 3016.0
212 3016.0
213 3016.0
214 3016.0
215 3016.0
216 3016.0
217 3016.0
218 3016.0
219 3016.0
220 3016.0
221 3016.0
222 3016.0
223 3016.0
224 3016.0
225 3016.0
226 3016.0
227 3016.0
228 3016.0
229 3016.0
230 3016.0
231 3016.0
232 3016.0
233 3016.0
234 3016.0
235 3016.0
236 3016.0
237 3016.0
238 3016.0
239 3016.0
240 3016.0
241 3016.0
242 3016.0
243 3016.0
244 3016.0
245 3016.0
246 3016.0
247 3016.0
248 3016.0
249 3016.0
250 3016.0
251 3016.0
252 3016.0
253 3016.0
254 3016.0
255 3016.0
256 3016.0
257 3016.0
258 3016.0
259 3016.0
260 3016.0
261 3016.0
262 3016.0
263 3016.0
264 3016.0
265 3016.0
266 3016.0
267 3016.0
268 3016.0
269 3016.0
270 3016.0
271 3016.0
272 3016.0
273 3016.0
274 3016.0
275 3016.0
276 3016.0
277 3016.0
278 3016.0
279 3016.0
280 3016.0
281 3016.0
282 3016.0
283 3016.0
284 3016.0
285 3016.0
286 3016.0
287 3016.0
288 3016.0
289 3016.0
290 3016.0
291 3016.0
292 3016.0
293 3016.0
294 3016.0
295 3016.0
296 3016.0
297 3016.0
298 3016.0
299 3016.0
300 3016.0
301 3016.0
302 3016.0
303 3016.0
304 3016.0
305 3016.0
306 3016.0
307 3016.0
308 3016.0
309 3016.0
310 3016.0
311 3016.0
312 3016.0
313 3016.0
314 3016.0
315 3016.0
316 3016.0
317 3016.0
318 3016.0
319 3016.0
320 3016.0
321 3016.0
322 3016.0
323 3016.0
324 3016.0
325 3016.0
326 3016.0
327 3016.0
328 3016.0
329 3016.0
330 3016.0
331 3016.0
332 3016.0
333 3016.0
334 3016.0
335 3016.0
336 3016.0
337 3016.0
338 3016.0
339 3016.0
340 3016.0
341 3016.0
342 3016.0
343 3016.0
344 3016.0
345 3016.0
346 3016.0
347 3016.0
348 3016.0
349 3016.0
350 3016.0
351 3016.0
352 3016.0
353 3016.0
354 3016.0
355 3016.0
356 3016.0
357 3016.0
358 3016.0
359 3016.0
360 3016.0
361 3016.0
362 3016.0
363 3016.0
364 3016.0
365 3016.0
366 3016.0
367 3016.0
368 3016.0
369 3016.0
370 3016.0
371 3016.0
372 3016.0
373 3016.0
374 3016.0
375 3016.0
376 3016.0
377 3016.0
378 3016.0
379 3016.0
380 3016.0
381 3016.0
382 3016.0
383 3016.0
384 3016.0
385 3016.0
386 3016.0
387 3016.0
388 3016.0
389 3016.0
390 3016.0
391 3016.0
392 3016.0
393 3016.0
394 3016.0
395 3016.0
396 3016.0
397 3016.0
398 3016.0
399 3016.0
400 3016.0
401 3016.0
402 3016.0
403 3016.0
404 3016.0
405 3016.0
406 3016.0
407 3016.0
408 3016.0
409 3016.0
410 3016.0
411 3016.0
412 3016.0
413 3016.0
414 3016.0
415 3016.0
416 3016.0
417 3016.0
418 3016.0
419 3016.0
420 3016.0
421 3016.0
422 3016.0
423 3016.0
424 3016.0
425 3016.0
426 3016.0
427 3016.0
428 3016.0
429 3016.0
430 3016.0
431 3016.0
432 3016.0
433 3016.0
434 3016.0
435 3016.0
436 3016.0
437 3016.0
438 3016.0
439 3016.0
440 3016.0
441 3016.0
442 3016.0
443 3016.0
444 3016.0
445 3016.0
446 3016.0
447 3016.0
448 3016.0
449 3016.0
450 3016.0
451 3016.0
452 3016.0
453 3016.0
454 3016.0
455 3016.0
456 3016.0
457 3016.0
458 3016.0
459 3016.0
460 3016.0
461 3016.0
462 3016.0
463 3016.0
464 3016.0
465 3016.0
466 3016.0
467 3016.0
468 3016.0
469 3016.0
470 3016.0
471 3016.0
472 3016.0
473 3016.0
474 3016.0
475 3016.0
476 3016.0
477 3016.0
478 3016.0
479 3016.0
480 3016.0
481 3016.0
482 3016.0
483 3016.0
484 3016.0
485 3016.0
486 3016.0
487 3016.0
488 3016.0
489 3016.0
490 3016.0
491 3016.0
492 3016.0
493 3016.0
494 3016.0
495 3016.0
496 3016.0
497 3016.0
498 3016.0
499 3016.0
