100 150
NETWORK_TREE :
39 0 7
77 39 5
4 39 5
27 39 7
91 27 2
65 4 5
11 91 7
83 77 4
95 39 2
78 11 3
38 27 2
12 95 9
40 78 5
46 39 3
15 91 5
86 39 1
6 83 1
90 83 4
45 77 1
62 95 10
55 27 7
74 11 8
49 90 5
82 65 1
41 78 3
1 74 5
89 40 1
28 11 8
13 38 1
59 89 10
8 11 10
21 1 9
70 82 2
20 6 1
66 78 10
5 45 10
96 1 9
44 38 5
61 78 4
33 21 1
88 44 4
51 5 1
10 96 3
54 66 8
48 12 5
81 88 5
64 66 10
53 86 10
24 46 3
87 49 10
79 82 6
36 95 10
58 70 4
73 58 5
92 28 1
76 21 9
50 40 6
32 8 7
71 76 5
29 49 4
69 61 2
56 87 7
22 58 7
14 81 3
34 24 4
19 87 6
97 59 3
80 8 6
47 62 6
99 10 4
72 44 4
63 4 6
57 4 1
93 82 2
98 65 8
26 99 10
37 99 7
2 24 2
35 39 3
9 36 3
18 44 4
16 95 10
60 90 3
68 91 7
17 87 4
3 12 2
94 27 9
84 61 2
7 77 1
31 91 9
52 48 6
43 52 5
42 93 7
23 1 7
25 90 9
75 78 10
85 0 2
30 34 7
67 40 6
NODE_PROGRAM :
0 1 2 3 4 5 6 7 8 9 10 11 12 13 14 15 16 17 18 19 20 21 22 23 24 25 26 27 28 29 30 31 32 33 34 35 36 37 38 39 40 41 42 43 44 45 46 47 48 49 50 51 52 53 54 55 56 57 58 59 60 61 62 63 64 65 66 67 68 69 70 71 72 73 74 75 76 77 78 79 80 81 82 83 84 85 86 87 88 89 90 91 92 93 94 95 96 97 98 99 100 101 102 103 104 105 106 107 108 109 110 111 112 113 114 115 116 117 118 119 120 121 122 123 124 125 126 127 128 129 130 131 132 133 134 135 136 137 138 139 140 141 142 143 144 145 146 147 148 149 150
1 128 33 69 38 72 137 11 140 141 109 142 110 47 143 20 84 150 26 27 127
2 1 2 3 4 5 7 9 10 12 13 14 15 16 17 18 19 20 21 22 23 24 25 26 28 29 30 31 32 33 34 36 37 38 39 40 41 42 43 44 45 46 47 48 49 50 51 52 53 54 55 56 59 60 61 62 63 64 65 67 68 69 70 71 72 73 74 75 76 77 78 79 80 81 82 83 84 85 86 87 88 89 90 91 92 93 94 95 97 98 99 100 103 104 106 107 108 109 110 112 113 115 116 117 118 119 120 121 122 123 124 126 127 128 129 130 133 134 135 136 137 138 139 140 141 142 143 144 147 148 149 150
3 64 129 66 130 67 5 6 135 13 142 14 15 143 144 145 17 81 20 84 21 23 25 27 91 28 29 96 35 100 103 110 47 112 113 118 59 123 60 124 127
4 1 2 3 4 5 6 7 8 9 11 12 13 14 15 16 17 19 20 22 23 24 25 26 28 29 30 31 32 33 34 35 36 37 38 39 41 42 43 45 52 53 54 55 57 58 61 62 63 64 65 66 67 68 69 70 73 75 76 77 78 79 80 82 83 85 87 88 90 91 93 94 95 96 97 100 101 103 107 108 109 111 113 114 115 117 118 119 120 121 124 125 126 127 129 131 135 136 139 140 141 142 143 144 145 146 147 148 150
5 2 3 4 6 7 8 9 10 11 12 14 15 16 17 18 19 20 21 22 23 24 25 26 27 28 29 33 34 35 36 37 38 39 40 41 42 43 44 45 46 47 48 49 50 51 52 53 54 55 56 57 58 59 60 61 62 63 65 66 67 69 70 71 72 73 74 75 77 78 79 80 82 83 84 85 87 88 89 90 91 94 95 97 99 100 101 102 104 107 108 109 110 111 112 113 115 117 118 119 120 123 124 125 126 130 131 132 133 134 135 136 137 138 139 140 142 143 146 147 148 149 150
6 6 8 120 57 122 28 44
7 1 2 3 4 5 6 7 9 10 11 12 13 14 15 16 17 18 20 21 22 23 24 25 26 27 28 29 30 31 33 34 35 36 37 38 39 42 43 44 46 47 48 49 51 52 53 55 56 57 58 59 60 61 63 64 65 66 67 69 70 71 72 74 75 76 78 79 80 81 82 83 85 86 87 88 89 90 92 93 95 96 97 98 99 100 101 102 103 104 106 107 108 109 110 111 112 113 114 115 116 117 119 120 121 122 123 125 126 128 130 134 135 136 137 138 139 140 141 142 143 144 145 147 149 150
8 16 50 119
9 64 129 130 134 8 72 12 13 141 142 143 144 148 85 21 86 89 25 27 28 92 29 41 107 46 110 112 113 114 120 59 124 62
10 1 2 130 131 132 4 5 135 7 136 9 137 10 11 140 141 14 142 15 144 146 18 19 22 24 25 26 31 36 38 39 41 43 46 47 48 50 51 52 56 58 62 63 64 65 66 67 68 69 71 72 75 78 79 81 83 90 91 94 97 99 100 101 105 106 108 109 110 111 112 115 116 117 118 121 123 125 126 127
11 128 1 130 4 132 133 134 6 7 10 138 139 12 140 13 141 14 16 145 146 148 21 22 23 24 25 26 27 28 29 31 32 33 36 37 38 42 46 47 48 50 51 52 55 56 57 60 64 65 66 68 70 71 72 75 76 77 79 80 82 83 85 86 88 89 90 91 94 96 97 98 99 100 101 102 104 105 106 107 109 111 115 116 117 118 121 122 123 124 126
12 145 113 114 21 103 119 31 47
13 99 101 103 136 106 138 15 81 50 117 149 88 120 25 122 28 63 127
14 1 129 131 3 133 5 6 134 135 8 137 10 138 11 139 12 13 14 143 17 146 19 147 148 20 149 22 23 25 26 27 29 30 31 32 33 37 41 42 43 49 52 53 54 55 56 60 62 65 66 69 70 71 73 74 75 78 79 80 82 84 85 88 89 90 92 93 94 95 96 98 99 100 101 102 103 104 105 106 108 111 112 113 117 120 121 125
15 66 73 121
16 1 2 3 4 5 6 7 8 9 10 13 14 15 16 17 18 19 20 21 22 24 25 26 27 28 30 31 32 33 36 37 38 39 40 41 42 43 44 46 47 48 49 50 52 53 54 55 56 57 59 60 61 62 63 64 65 67 69 70 71 72 74 75 76 77 78 80 81 82 83 84 85 86 87 89 91 92 94 95 96 97 98 100 102 103 104 105 107 108 109 110 111 112 113 114 115 117 118 120 124 125 126 127 128 129 130 131 134 135 136 137 138 139 140 141 142 144 145 148 150
17 1 2 3 4 5 6 7 8 9 10 11 12 13 15 16 17 18 19 20 21 22 23 24 25 26 27 28 29 30 31 32 33 34 35 36 37 38 39 40 41 42 43 44 45 46 47 48 49 50 52 53 54 55 56 57 58 59 60 61 62 63 64 65 66 67 68 69 70 71 72 73 74 75 76 77 78 79 80 81 82 83 84 85 86 87 88 89 90 91 92 93 94 95 96 97 98 99 100 101 102 104 105 106 108 109 110 111 112 113 114 115 116 117 118 119 122 123 125 126 127 128 129 130 131 132 133 135 136 137 138 139 140 141 142 143 144 145 147 148 149
18 1 129 2 130 3 5 133 6 135 8 137 139 11 140 13 141 142 143 146 19 147 20 148 21 150 24 25 27 28 30 33 36 37 39 41 43 46 48 49 50 58 61 63 64 65 68 71 72 75 77 78 79 81 83 84 87 90 92 93 94 96 98 100 101 102 104 105 106 107 108 109 111 117 121 124 125
20 2 130 4 133 6 134 7 8 138 141 16 146 20 150 23 24 25 26 29 30 31 33 37 38 42 45 50 54 61 62 63 64 72 75 78 80 81 82 83 86 87 90 95 96 100 104 107 111 113 115 121 122 124 126 127
21 1 2 3 4 5 6 7 8 9 10 11 12 13 14 15 16 17 18 19 20 21 22 23 24 25 26 27 28 29 30 32 33 34 35 36 37 38 39 40 42 44 45 46 47 48 49 50 51 52 53 54 55 56 57 58 59 60 62 63 64 65 66 67 68 69 71 72 73 74 75 76 77 78 79 80 81 82 83 84 85 86 87 88 89 90 91 92 93 94 95 96 97 98 99 100 101 102 103 105 106 107 108 109 110 111 112 113 114 115 116 117 118 119 120 121 122 124 125 126 127 128 129 131 132 133 134 135 136 137 138 139 140 141 142 143 144 145 148 150
22 64 96 98 100 5 37 70 71 136 104 8 76 13 45 112 49 119 55 120 93 125 126 62 63
23 1 2 3 4 7 8 9 10 11 12 15 16 18 19 20 21 22 24 26 27 28 30 34 36 37 38 41 42 43 46 48 49 50 51 52 53 55 57 58 60 61 63 65 66 67 68 71 72 73 74 75 78 79 81 82 85 87 88 89 90 91 94 96 100 101 103 104 108 110 111 113 114 116 117 118 119 120 121 122 123 124 125 126 127 128 130 133 134 135 139 140 141 143 145 146 147 148 150
24 2 3 4 5 6 8 11 12 13 14 15 17 18 19 20 21 22 23 24 25 27 28 29 30 32 33 34 35 36 38 40 41 42 46 47 48 49 50 51 52 53 55 56 57 58 61 62 63 64 65 66 67 68 69 70 71 72 73 74 77 78 79 80 81 82 83 84 85 86 87 88 89 90 91 92 93 94 95 97 98 99 100 102 105 106 107 108 109 111 112 113 114 115 116 117 118 121 122 123 124 125 126 128 129 130 131 132 133 134 136 137 138 139 141 142 143 144 145 146 147 148 149
25 128 65 2 68 4 136 72 73 75 77 13 142 15 80 18 146 21 22 23 87 24 26 90 28 31 96 34 37 102 105 106 42 107 48 112 115 118 56 121
26 1 2 4 5 7 9 10 13 14 15 17 18 19 21 22 26 27 28 29 30 31 32 33 35 36 37 38 39 40 41 43 45 47 48 49 50 51 53 54 55 56 57 60 61 62 63 66 67 68 69 71 72 75 76 78 80 81 82 83 84 85 86 87 89 90 92 93 94 95 96 97 98 99 101 102 103 104 105 106 109 110 111 113 114 115 116 117 118 120 121 123 124 125 126 127 129 130 131 132 134 135 136 138 139 141 143 144 147 148 149 150
27 129 130 3 131 5 133 6 137 138 139 12 143 145 147 150 29 30 34 35 36 37 38 45 46 47 49 50 52 53 55 59 60 64 70 75 77 79 80 82 84 86 91 93 95 96 100 104 106 113 119 120 122 123 127
28 129 130 2 3 131 134 139 11 140 12 141 13 142 14 15 145 146 18 148 20 22 23 24 25 26 27 29 31 32 33 35 36 37 38 39 40 42 43 44 47 51 52 53 56 57 58 63 70 71 73 74 75 76 78 81 82 85 86 87 89 92 93 95 96 99 100 103 104 106 107 111 112 113 115 117 118 120 121 123 124 125 126 127
29 1 2 3 4 6 7 8 9 10 11 12 13 14 15 17 18 19 20 22 23 24 25 26 27 28 29 32 33 34 35 36 37 38 39 40 41 42 43 44 46 47 48 49 51 52 56 57 58 59 60 61 62 65 66 67 68 69 70 71 72 73 74 75 76 77 78 79 80 81 82 83 84 85 86 87 88 91 92 93 94 95 96 97 99 100 101 102 103 105 106 107 109 110 111 112 113 114 115 116 117 118 119 120 123 124 125 126 128 129 130 131 132 133 134 135 136 137 138 139 140 141 142 143 144 145 146 147 148 149 150
30 2 3 4 5 6 7 9 10 11 12 13 14 15 16 17 18 19 20 21 22 23 24 25 26 28 29 30 31 32 33 34 35 36 37 39 40 41 42 43 44 46 47 48 49 50 51 52 53 54 55 56 57 58 59 60 61 62 63 64 67 68 69 70 71 72 73 74 75 76 77 78 80 81 82 83 84 86 87 88 89 90 91 92 93 94 95 96 97 98 99 101 102 103 104 105 106 107 109 110 111 112 113 114 115 116 118 119 120 122 123 124 125 126 127 128 129 130 131 132 133 134 135 136 137 138 140 141 142 143 144 145 146 147 148 150
31 2 3 131 4 133 134 137 140 14 146 147 148 23 24 26 27 28 31 33 35 36 46 48 49 51 52 57 61 65 66 67 69 70 72 73 76 77 78 80 89 91 92 93 94 95 96 98 107 108 112 113 121 122 123 125 126
32 130 3 132 5 6 134 135 7 136 138 10 141 14 142 15 143 146 147 19 21 22 24 25 26 29 30 31 35 36 37 38 49 52 53 54 55 57 58 61 62 64 65 68 69 71 72 74 75 76 78 79 81 82 84 85 90 94 96 97 99 102 107 108 109 110 111 113 117 118 121 126 127
33 1 2 3 4 5 6 7 8 9 10 11 12 13 14 15 16 17 18 19 20 21 22 23 24 25 26 27 28 29 30 31 32 33 35 36 37 38 39 40 41 42 43 44 45 46 47 48 49 50 51 52 53 54 56 57 59 60 61 62 63 64 65 66 67 68 69 70 71 72 73 74 75 76 77 78 79 80 81 82 83 84 85 86 87 88 89 90 91 92 93 94 95 96 97 98 99 100 101 102 103 104 106 107 108 109 110 111 112 113 114 115 116 117 118 119 120 121 122 123 124 125 126 127 129 130 131 132 133 134 135 136 137 138 139 140 141 142 143 144 145 146 147 148 149
34 128 129 1 130 132 4 6 8 9 11 139 140 12 141 13 14 143 16 144 145 17 19 20 21 150 25 26 27 28 29 31 33 34 35 36 37 41 42 43 45 47 48 50 51 54 56 57 58 60 61 62 64 68 69 70 72 75 76 78 79 81 84 86 89 90 95 96 97 98 100 101 104 107 108 113 115 119 121 126
35 1 3 5 6 7 8 10 11 12 14 15 16 17 18 21 22 24 26 27 28 31 32 34 35 36 38 39 41 42 43 44 45 47 48 50 51 54 55 56 57 58 59 60 61 62 63 64 67 69 71 72 75 76 78 80 81 82 83 84 85 86 87 88 90 91 92 93 94 95 96 97 98 99 103 104 105 106 107 108 109 110 111 112 116 117 118 120 123 125 126 127 128 130 133 134 136 137 138 139 141 143 144 146 147 148 149
36 1 2 3 4 5 7 11 12 13 14 16 18 20 21 22 23 24 26 27 28 29 30 31 32 33 35 36 37 38 39 41 42 43 44 45 47 48 49 50 52 53 56 57 58 59 60 61 62 63 64 65 67 68 69 70 71 74 76 78 81 82 83 84 85 87 89 91 92 93 94 95 96 97 99 100 101 102 104 105 106 107 108 109 110 111 112 115 116 117 118 119 120 121 122 123 125 126 127 128 129 130 132 133 134 135 137 138 140 142 143 144 145 146 147 148 149 150
37 2 3 4 6 7 8 9 10 11 12 13 14 15 16 17 18 19 20 21 22 24 25 26 27 28 29 30 31 32 33 34 35 36 37 38 39 40 41 42 43 45 47 48 49 50 51 52 53 55 57 58 59 61 63 64 65 66 68 69 70 72 73 77 78 79 80 81 82 83 84 85 86 87 88 89 90 91 92 93 95 97 98 99 100 101 102 103 104 105 106 108 109 112 113 115 116 117 118 119 120 121 124 125 126 127 129 130 131 133 135 138 139 140 141 142 144 145 146 148 149
38 1 3 7 8 10 11 12 13 14 16 18 19 20 22 23 24 26 27 29 30 31 32 33 34 35 36 37 38 39 41 42 44 45 46 48 49 53 54 55 56 58 59 61 63 65 66 67 68 69 70 71 72 73 74 76 78 79 80 81 82 83 85 86 87 88 89 90 91 94 95 96 97 98 99 100 101 103 104 105 106 107 109 110 112 114 116 117 119 121 122 123 125 126 129 131 132 133 134 135 136 137 138 139 140 141 142 143 144 145 146 148 149 150
39 48 137 43 29 63
40 1 3 4 5 6 7 8 9 10 11 12 13 14 15 16 17 18 19 20 21 22 23 24 25 26 27 29 30 31 32 33 34 35 36 37 39 41 43 44 45 46 47 48 49 50 51 53 54 55 56 57 58 59 60 61 62 63 64 65 66 67 68 69 70 71 72 73 74 75 76 77 78 79 80 81 82 83 84 85 86 87 88 89 90 91 92 93 94 95 96 97 98 99 100 101 102 103 104 105 106 107 109 110 111 112 113 114 115 116 117 118 119 120 121 122 123 124 125 126 127 128 129 130 131 132 134 135 136 137 138 139 140 141 143 144 145 146 147 148 149 150
41 81 4 20 6 44 124 77
42 128 129 1 131 3 4 133 7 136 137 9 138 139 11 12 141 13 142 145 147 19 149 150 22 25 26 27 28 30 32 35 39 43 48 51 52 55 56 57 59 61 62 63 65 66 67 70 71 76 77 78 81 82 88 92 94 95 97 99 100 102 107 109 110 113 114 120 122 127
43 4 21 69 54 71 136 11 91 13 93
44 132 69 136 72 138 10 77 15 82 148 20 85 87 28 31 96 105 50 115 117 53 118 54 123 62
45 128 129 130 2 131 4 133 6 134 135 136 9 138 11 139 12 13 142 14 15 143 144 16 145 19 147 148 20 21 150 22 23 25 26 28 30 31 33 34 35 37 41 43 44 45 50 53 54 55 58 59 60 61 62 63 64 65 69 73 74 75 76 77 79 80 81 82 83 85 86 88 89 92 95 97 98 100 101 103 105 108 109 111 113 114 115 116 117 120 121 124 125
46 128 1 129 2 3 133 5 135 7 137 9 10 138 11 140 141 142 14 143 15 144 16 17 20 22 23 24 25 26 27 35 39 42 44 45 49 50 55 56 57 60 61 62 65 70 74 77 80 81 82 85 89 90 92 94 95 96 100 101 104 107 108 111 113 115 117 119 120 122 124 125 126 127
47 2 3 5 6 7 8 9 10 11 12 13 14 17 18 21 22 23 26 27 29 31 33 35 36 38 39 40 41 42 43 44 45 46 47 48 49 50 52 55 59 60 62 63 64 65 66 67 69 70 71 72 74 76 77 79 80 82 83 84 88 89 90 91 92 93 96 97 98 99 100 101 102 104 105 106 107 108 109 110 111 112 113 114 115 116 117 118 120 123 126 127 128 130 131 132 133 134 135 136 137 138 139 141 142 143 145 146 149 150
48 83 100 84 23 87 55 57 73 75 28
49 130 143 16 18 85 21 22 87 28 32 98 41 106 45 46 111 47 50 114 115 121 58 60 62 63
50 128 1 130 66 3 68 132 134 75 76 78 14 80 83 149 23 89 92 95 98 99 100 36 38 41 44 45 110 47 112 48 56 58 122 123 60 127
51 128 2 130 131 4 6 136 137 138 140 141 13 144 145 18 147 149 21 22 25 26 28 29 30 31 32 33 34 38 39 44 45 46 49 52 56 58 61 63 67 68 70 71 72 73 75 76 78 80 81 82 83 85 86 87 88 89 96 99 101 103 105 106 107 108 109 111 114 115 123 124 126 127
53 128 1 2 130 6 135 7 136 11 139 141 13 142 14 143 144 16 18 147 20 21 149 22 23 28 30 31 32 33 36 39 40 42 44 46 47 48 50 51 52 55 56 57 61 63 64 65 67 68 70 72 74 75 77 79 80 83 84 86 87 88 90 92 93 95 97 99 101 104 105 106 113 114 115 116 117 118 119 121 124 125 127
54 96 97 1 33 100 42 74 11 76 142 111 48 80 82 147 148 116 117 150 26 27 126 63
55 128 3 131 132 5 133 7 136 137 10 139 11 12 140 141 142 14 143 145 18 146 19 147 22 150 23 26 27 28 29 31 32 34 35 36 37 38 39 40 43 47 48 49 52 53 55 56 57 60 64 66 67 68 69 70 71 72 73 76 77 78 79 80 81 82 83 84 86 87 88 93 94 95 96 98 99 100 101 102 103 106 108 109 110 111 113 114 115 116 117 118 119 122 123 124 125
56 1 3 4 5 6 7 10 14 15 16 17 18 19 20 21 22 23 24 25 26 27 28 30 33 34 35 36 37 38 41 42 43 44 45 46 47 48 49 50 51 52 53 54 55 56 57 58 59 60 61 62 63 64 65 66 67 69 70 71 72 73 75 77 78 79 80 81 82 83 84 85 86 87 88 89 90 91 92 93 94 96 97 98 99 100 102 103 105 106 107 108 109 110 111 112 113 114 115 116 117 118 119 120 121 122 123 124 125 126 127 128 129 130 131 132 133 134 135 136 138 139 140 141 142 143 144 145 146 147 148 149 150
57 128 129 130 2 3 131 132 5 133 136 139 11 140 12 14 143 16 144 145 17 146 19 148 20 149 28 31 35 38 40 41 44 46 47 49 50 53 58 60 61 62 63 64 72 74 75 76 78 81 82 83 84 85 86 87 88 89 91 93 94 96 98 99 100 101 104 106 109 110 111 113 116 118 119 121 122 124 126
58 128 130 3 132 4 133 6 134 136 137 9 10 139 12 142 15 16 144 145 17 147 148 21 149 22 150 23 24 25 26 29 35 36 37 39 40 41 44 45 46 50 52 54 55 56 57 58 59 60 62 64 65 66 68 71 73 76 77 78 79 80 82 83 84 86 88 89 90 93 95 97 98 99 102 104 105 106 108 110 111 112 114 115 116 117 118 119 120 124 125 127
59 1 129 2 130 3 131 4 134 135 7 8 136 137 9 10 138 139 12 140 13 141 142 15 144 17 19 20 148 21 149 22 23 24 25 26 27 28 30 31 33 34 40 43 47 49 50 52 53 55 57 60 61 62 65 67 68 69 73 75 76 77 79 80 83 84 85 87 89 91 93 94 95 96 97 98 99 100 101 102 103 104 105 108 113 114 115 116 117 118 119 120 121 122 124 125 127
60 1 2 3 4 5 6 7 8 9 10 11 12 13 14 15 16 17 18 19 20 21 22 24 25 26 27 28 29 30 31 32 33 35 36 37 38 40 42 43 44 45 46 47 48 49 50 51 52 53 54 55 56 58 59 60 61 62 63 64 65 66 67 68 69 70 71 72 73 74 75 76 78 79 80 81 82 83 84 85 86 87 88 89 90 91 92 93 94 95 96 97 98 99 100 101 102 103 104 105 106 107 108 109 110 111 112 113 114 115 116 118 119 120 121 122 123 124 125 126 127 128 129 130 131 132 133 134 135 136 137 138 139 140 141 142 143 144 145 146 147 148 149
61 1 130 3 132 133 8 138 11 140 12 141 13 14 142 15 16 146 19 147 149 21 150 25 29 33 34 38 39 40 41 44 47 48 56 57 59 66 69 71 72 75 79 80 81 86 89 90 91 96 97 99 101 102 106 108 109 110 111 115 117 118 119 120 123 124 125 126
62 129 1 2 130 134 6 7 136 9 10 139 140 12 141 13 14 142 15 16 144 17 18 19 21 22 25 26 29 31 32 34 38 43 46 49 50 51 52 53 55 56 57 58 59 61 62 63 64 65 66 71 73 75 80 84 85 86 88 91 92 93 94 95 96 103 104 107 109 116 117 120
63 1 131 4 132 133 134 6 135 137 138 12 140 13 143 144 16 17 146 147 19 20 148 21 149 150 24 27 28 30 31 33 36 37 38 39 41 42 43 48 49 50 54 55 60 62 65 67 68 69 70 71 72 73 74 75 77 81 87 88 92 95 98 101 102 103 104 105 106 107 108 110 111 113 114 115 116 118 119 122 123 124 125 127
64 1 2 3 4 6 7 9 10 11 12 13 14 15 16 17 18 19 20 21 22 24 25 26 27 28 29 30 31 32 33 34 35 36 37 38 40 41 42 43 44 45 46 47 48 49 50 51 52 53 54 55 56 57 60 61 62 63 64 65 66 67 68 69 70 71 72 73 74 75 76 77 78 79 80 81 82 83 84 85 86 87 88 89 90 91 92 93 94 95 96 97 98 99 100 101 102 103 104 105 106 107 108 109 110 111 112 113 114 115 116 117 118 119 120 121 122 123 124 125 126 128 129 130 131 132 133 134 135 137 138 139 141 142 143 144 145 146 147 148 149 150
65 4 5 6 7 8 10 11 12 13 14 16 17 20 21 23 24 28 29 30 31 32 34 35 36 37 38 39 40 41 43 45 46 47 49 50 51 52 53 54 56 57 58 60 61 62 63 64 65 71 74 75 78 79 80 82 83 85 86 91 93 94 98 100 101 102 103 104 105 106 107 109 110 112 113 115 116 117 118 120 121 122 123 124 125 126 127 128 129 130 131 132 134 135 136 137 138 139 141 142 145 146 147 148 150
66 1 2 3 4 7 8 9 10 11 12 13 14 15 16 17 18 19 20 21 22 23 24 25 26 27 28 29 30 31 32 33 34 35 36 37 39 40 41 42 43 44 45 46 47 48 50 52 53 54 55 56 58 59 60 61 62 64 65 66 67 68 69 70 71 72 73 74 75 76 77 78 79 80 81 82 84 85 86 87 89 90 91 92 93 94 95 96 97 98 99 100 101 102 103 104 105 106 107 108 109 110 111 112 113 114 115 116 117 118 119 120 121 122 123 124 125 126 127 128 129 130 131 132 133 134 135 136 137 138 139 140 141 142 143 144 145 146 147 148 149 150
67 128 1 2 130 3 132 4 5 134 6 135 9 137 138 10 11 139 12 13 142 15 17 18 147 19 20 149 150 24 25 27 28 31 35 37 38 40 42 43 44 45 46 49 54 55 58 59 62 63 64 65 66 68 69 70 71 72 75 76 80 82 83 85 86 88 89 92 97 98 99 100 101 102 104 105 107 110 112 114 120 125
68 34 35 4 135 40 106 140 108 45 78 14 24 90 29 127
69 116 55 121 10 74 43
70 129 99 133 69 5 134 103 7 39 136 72 106 142 20 118 87 58 126 31
71 97 130 35 137 41 9 10 79 47 49 150 86 120 25 61 94 95 127
72 1 2 66 132 69 5 70 135 73 74 75 13 14 15 18 149 86 23 88 26 95 32 37 38 102 39 107 44 45 109 113 49 50 115 53 123 60 61 62
73 2 3 4 5 134 7 135 9 139 12 141 13 143 16 17 145 147 148 20 150 24 25 27 28 29 30 31 33 34 37 38 39 41 45 47 48 52 56 57 58 60 62 63 64 65 67 71 73 75 76 77 80 82 85 87 90 91 92 93 94 95 97 98 100 101 102 107 109 112 113 118 119 120 121 122 123 124 126 127
74 128 1 129 2 3 131 4 5 134 6 7 135 138 12 140 141 13 142 14 144 146 19 20 150 22 25 27 28 29 30 31 32 33 36 38 40 41 44 45 49 51 53 54 56 57 58 59 61 62 63 64 65 67 68 69 72 76 77 78 80 83 84 85 87 89 91 93 97 99 103 104 105 106 107 110 112 113 114 115 121 122 124 126 127
75 128 130 2 131 3 4 6 134 7 135 136 10 138 139 12 141 142 15 144 17 146 18 19 147 148 21 149 22 25 30 33 34 35 36 38 39 41 42 46 48 50 55 57 59 63 65 66 67 68 69 70 71 72 73 75 76 78 81 83 84 85 89 90 91 92 94 95 97 99 101 102 103 105 108 110 111 115 117 118 119 120 121 122 123 124 125 126 127
76 1 2 3 4 5 6 8 9 10 11 12 14 15 16 17 19 20 21 22 23 24 25 26 27 28 29 32 33 34 35 36 37 38 39 40 41 42 43 44 45 46 47 48 49 50 51 52 53 54 55 56 57 58 60 61 62 63 64 65 66 68 69 70 71 72 74 75 76 77 78 80 81 82 83 84 85 86 87 88 89 90 91 92 94 95 96 98 100 101 102 103 104 105 106 108 109 112 114 116 117 118 119 120 121 122 123 125 126 127 128 129 130 131 132 133 134 135 136 137 138 140 141 142 143 144 145 147 148 149 150
77 130 4 6 7 9 10 138 139 140 14 15 16 144 145 18 19 148 149 22 25 29 31 34 35 36 43 45 46 49 51 52 54 61 67 69 70 76 77 78 79 82 87 88 90 92 93 94 99 100 101 105 107 108 109 111 112 113 114 117 119 120 123 125 126
78 128 1 3 4 136 137 11 140 12 141 15 143 144 17 148 21 28 30 32 34 36 40 42 43 44 45 47 48 53 56 57 60 65 72 73 77 79 81 83 84 85 88 94 98 100 101 106 107 109 112 114 118 119 120 121 124 125
79 130 4 134 7 136 137 139 12 13 143 15 144 16 145 18 19 148 149 150 24 25 28 29 30 31 32 36 38 39 41 42 43 46 47 49 53 57 58 62 63 68 69 70 71 73 74 77 78 79 81 85 86 89 90 97 102 104 107 111 112 115 116 117 119 120 124 125 126 127
80 131 37 135 39 136 73 137 105 75 108 45 141 47 17 51 116 53 85 86 87 122 124 125 95
81 1 2 4 5 6 7 8 9 10 11 13 14 16 17 18 19 21 24 25 27 29 30 31 34 37 38 39 40 42 43 45 49 50 51 54 55 56 57 58 59 60 61 62 63 64 65 66 67 68 70 71 72 73 74 75 76 77 78 79 80 81 82 83 84 86 88 89 90 91 93 94 95 97 98 100 101 102 105 106 107 108 111 114 118 119 120 121 122 123 124 125 126 129 130 131 132 133 134 135 136 137 139 140 141 142 143 144 145 146 149 150
82 96 1 131 135 104 73 76 45 109 14 49 145 82 20 85 86 54 95 31
83 1 2 3 4 5 6 7 8 9 10 11 12 13 14 15 16 17 18 19 20 21 22 23 24 25 26 27 28 29 30 31 32 33 34 35 36 37 38 39 40 41 42 43 44 45 46 47 48 49 50 51 52 53 54 55 56 57 58 59 60 61 62 63 64 65 66 67 68 69 72 73 74 75 76 77 78 79 80 81 82 83 84 85 86 87 88 89 90 91 92 93 94 95 96 97 98 99 100 101 102 103 104 105 106 107 108 109 110 111 112 113 114 115 116 117 118 119 120 121 122 123 124 125 126 127 128 129 130 131 132 133 134 135 136 137 138 139 140 141 142 143 144 145 146 147 148 149 150
84 1 2 3 4 5 6 7 8 9 10 11 12 13 14 15 16 17 18 19 21 22 23 24 25 26 27 28 29 30 31 32 33 34 35 36 37 39 40 41 42 43 44 45 46 47 48 49 51 52 53 54 56 57 58 59 60 61 62 63 64 65 66 67 68 69 70 71 72 73 74 75 76 77 78 79 80 81 82 83 84 85 86 87 88 89 90 91 92 93 94 95 96 97 98 99 100 101 102 103 105 106 107 108 109 110 111 112 113 114 115 116 117 118 119 120 121 122 123 124 125 126 127 128 129 130 131 132 133 134 135 136 137 138 139 140 141 142 143 144 145 146 147 148 149 150
85 128 1 130 3 132 133 5 6 135 136 138 10 11 140 13 141 14 142 143 18 146 147 149 21 23 25 26 28 29 32 34 35 36 37 40 41 43 45 46 50 54 55 57 58 60 61 62 63 66 71 75 76 77 78 79 80 81 82 84 85 86 87 88 89 90 91 93 94 95 96 97 100 101 103 104 106 108 110 111 112 113 115 116 117 118 121 124 125 126 127
86 1 2 130 3 131 132 5 134 6 8 137 11 140 142 143 18 147 148 149 23 25 28 33 34 35 38 39 40 41 42 44 48 49 51 53 55 58 63 65 67 70 73 76 78 79 83 84 89 92 93 97 99 101 108 109 110 113 115 117 119 120 121 122 126 127
87 128 1 129 2 130 131 132 133 134 135 136 9 10 139 12 13 14 143 144 16 145 146 18 147 19 21 22 24 27 28 29 31 34 44 45 46 47 49 51 52 54 56 63 64 65 71 72 74 76 79 81 85 88 91 93 94 95 96 97 99 105 107 110 111 115 119 124 125 126
88 129 2 3 68 5 133 6 136 9 14 78 79 17 146 147 19 84 20 85 149 150 22 88 90 91 92 29 94 95 96 34 39 104 42 107 45 47 112 48 49 114 51 52 125 126
89 32 33 3 103 8 137 80 113 117 53 119 121 59 123 92
90 128 2 4 132 5 6 135 136 138 139 140 14 15 144 16 17 146 19 21 150 22 23 24 25 28 30 31 33 35 36 37 38 40 42 43 45 46 49 50 52 53 56 58 59 61 64 66 69 70 74 75 78 81 82 84 86 89 90 91 96 98 100 107 108 110 112 113 114 115 118 121 123 125
91 1 2 5 6 7 8 10 11 13 14 15 16 17 19 20 21 22 23 24 25 27 28 30 32 35 37 38 39 40 41 42 44 46 47 48 49 50 51 52 56 57 59 60 62 64 66 67 68 69 70 71 72 73 74 75 76 77 78 79 80 81 82 85 87 88 89 90 91 92 94 95 97 98 99 100 101 102 104 106 107 108 109 110 111 113 116 117 118 120 124 125 126 129 130 132 133 135 136 137 139 140 142 143 144 145 146 147 148 149 150
92 134 7 137 74 140 13 77 142 79 17 145 19 84 20 85 22 150 87 24 90 93 32 33 34 100 101 105 42 107 108 47 111 112 113 52 117 55 121 123 60 124 125
93 1 2 4 5 6 10 11 12 13 14 15 17 18 19 23 24 25 27 28 29 32 34 36 37 38 39 40 41 42 43 44 45 46 47 48 49 50 51 52 54 55 56 57 58 59 60 61 62 64 65 66 67 71 74 75 76 77 78 80 81 82 83 84 86 87 88 89 90 91 94 95 96 97 98 99 100 101 102 103 104 105 109 110 113 115 116 118 120 123 124 125 126 128 131 132 134 135 136 137 140 142 143 144 146 147 148 150
94 131 67 4 68 132 71 136 9 138 11 75 142 14 81 82 148 149 24 25 28 98 99 100 37 103 104 41 42 43 110 111 112 113 50 52 117 118 120 57 122 123 59 61 63
95 2 3 5 6 10 12 14 15 16 17 18 19 20 21 22 23 24 26 27 28 29 31 32 35 36 37 38 40 42 43 45 48 49 51 52 57 58 59 60 61 65 66 67 68 69 70 71 73 74 75 76 77 78 79 80 81 82 83 86 87 88 89 92 93 96 97 98 99 100 102 103 105 107 108 109 111 112 113 114 115 117 120 121 122 123 126 127 129 130 131 133 134 135 138 139 140 141 142 145 146 148 149 150
96 1 2 3 4 5 6 7 8 9 10 11 12 13 14 15 16 17 18 19 20 21 22 23 24 25 26 27 28 29 30 31 32 33 34 35 36 37 38 39 40 41 42 43 44 45 46 47 48 49 50 51 52 53 54 55 56 57 58 59 60 61 62 63 64 65 66 67 68 69 70 71 72 73 74 75 76 77 78 79 80 81 82 83 84 85 87 88 89 90 91 92 93 94 95 96 97 98 99 100 101 102 103 104 105 107 108 109 110 111 112 113 114 115 116 117 118 120 121 122 123 124 125 126 127 128 129 130 131 132 133 134 135 136 137 138 139 140 141 142 143 144 145 146 147 148 149 150
97 66 130 3 131 4 6 134 70 71 136 137 74 140 13 14 78 79 144 80 145 20 21 23 88 91 27 31 33 34 98 35 37 101 103 41 106 109 114 50 118 122 59 124 62
98 130 72 141 77 14 15 81 17 147 84 85 86 87 89 92 94 33 98 101 106 43 45 46 52 117 56 57 122
99 2 3 5 6 7 9 10 11 14 16 17 19 20 21 22 23 24 25 28 30 32 34 36 38 40 41 42 43 44 45 46 48 51 52 53 54 55 56 58 61 62 63 64 65 66 67 68 70 71 72 73 74 77 78 81 82 83 84 85 86 89 90 92 93 94 95 98 99 100 101 102 103 105 106 108 110 111 112 113 114 115 116 117 118 119 120 121 122 123 125 127 128 129 133 134 135 136 137 140 142 143 144 145 147 148 150
COST_INSTALL_SERVER_AND_PROGRAMS :
0 13 4 4 2 3 5 3 2 2 5 2 2 5 1 3 5 2 2 4 2 5 3 2 1 4 1 4 5 5 5 3 5 4 1 3 4 2 2 4 3 5 3 4 2 2 5 1 2 1 3 4 1 3 3 5 2 4 2 5 2 1 4 4 1 1 2 3 5 5 4 2 1 3 2 1 3 3 1 5 2 2 4 4 4 2 2 1 1 2 4 5 1 1 3 1 2 2 2 5 3 2 4 2 3 2 5 4 3 2 5 4 3 3 3 4 4 4 1 1 4 1 5 5 5 5 2 2 5 3 1 3 3 5 4 4 5 4 4 4 4 3 5 3 4 1 4 5 2 1 5 3
1 11 3 1 2 4 3 1 1 1 1 5 5 3 5 4 1 4 5 5 4 3 1 4 1 3 4 2 4 4 3 2 3 4 2 4 4 4 3 5 4 5 2 2 4 3 2 3 1 4 2 3 1 4 2 3 2 2 5 3 2 5 5 4 2 3 1 3 5 1 3 2 1 3 1 2 1 1 1 1 5 4 4 4 2 3 4 4 5 1 1 4 3 2 3 1 2 1 3 3 2 2 4 3 2 2 4 3 1 1 5 1 2 2 5 1 1 5 2 4 4 1 2 5 2 3 1 2 5 4 5 2 5 4 5 1 4 3 5 2 5 1 4 3 3 5 2 4 5 2 1 3
2 14 1 3 4 4 1 3 4 5 1 5 2 2 1 1 2 3 5 5 1 3 4 4 5 1 1 1 1 4 2 4 2 4 3 4 4 4 3 2 2 1 2 3 4 1 5 4 1 2 2 4 5 3 5 4 4 4 5 5 4 4 4 3 1 1 1 5 3 1 2 4 4 1 2 1 3 4 5 3 2 4 2 1 5 4 1 4 1 5 3 2 2 3 1 1 4 4 2 1 4 2 5 3 3 1 1 5 4 2 5 4 1 1 4 4 2 5 3 3 4 5 2 2 2 3 4 4 1 5 5 5 1 5 4 4 4 4 5 4 4 5 5 3 3 2 1 1 5 1 2 4
3 13 1 2 2 4 2 1 4 1 1 3 3 4 5 1 2 3 4 1 4 5 2 4 3 2 2 3 2 4 3 4 5 2 1 2 3 4 4 4 4 3 4 1 5 2 4 4 5 1 1 3 2 5 2 2 1 2 4 2 1 5 4 2 1 1 3 3 3 1 4 3 3 2 5 3 4 5 3 5 5 1 4 5 5 3 1 4 2 5 3 5 1 2 1 1 3 4 5 4 1 1 3 2 1 2 3 1 5 1 5 4 4 4 2 3 4 5 5 4 1 1 1 4 2 2 5 5 4 1 5 5 2 5 2 2 2 2 4 2 1 4 4 1 2 4 2 4 5 1 3 3
4 6 4 4 2 2 2 4 3 4 4 3 3 4 2 5 2 1 3 1 1 2 5 2 3 2 4 5 3 2 1 2 5 4 5 3 5 4 4 2 3 4 1 5 5 5 5 5 1 4 5 2 3 1 1 2 5 2 3 3 5 2 1 1 1 5 5 5 4 3 3 3 5 5 3 3 4 3 2 1 1 5 5 1 2 3 2 2 2 1 3 5 1 4 1 5 2 5 4 5 3 1 4 1 2 4 1 5 2 1 2 4 5 5 5 2 5 3 2 3 2 5 5 3 2 1 3 3 3 2 3 4 1 2 2 2 3 1 1 3 2 2 4 4 5 4 2 2 3 2 4 1
5 9 2 3 4 5 4 2 3 2 4 1 1 4 1 4 3 1 2 1 4 3 5 1 1 3 5 1 2 3 3 3 5 4 5 2 2 3 5 2 1 4 2 3 5 5 1 5 3 3 3 5 2 3 2 5 2 4 1 3 4 4 1 5 4 1 5 3 2 4 3 5 1 1 4 4 4 2 2 2 1 5 4 4 1 4 2 2 1 4 4 1 4 3 1 3 5 3 1 2 5 1 3 3 5 4 5 4 4 4 3 4 5 5 3 2 3 2 5 3 4 4 5 4 5 4 1 4 5 5 3 5 1 4 1 4 3 4 3 4 3 4 1 2 2 2 2 2 5 3 1 5
6 14 1 4 3 1 3 1 5 5 1 2 5 4 2 3 4 2 2 5 3 2 1 4 4 4 1 4 3 3 2 3 4 4 1 1 5 1 4 5 4 4 4 4 2 4 4 2 2 5 1 1 2 1 5 5 4 1 3 4 3 1 4 2 1 3 2 1 3 4 4 1 4 4 5 1 4 5 5 3 5 2 3 5 2 4 1 5 1 1 1 2 1 2 3 1 2 5 1 5 3 4 2 5 3 5 1 2 5 2 3 1 2 1 5 1 5 2 2 5 4 3 1 4 3 1 4 3 4 1 4 2 5 1 2 4 1 3 4 4 1 1 3 5 5 2 3 5 1 1 3 5
7 7 4 4 1 3 2 4 2 3 3 1 4 1 5 3 2 1 1 3 1 4 2 1 1 3 4 4 3 3 5 4 3 2 3 3 4 2 4 3 1 4 4 5 2 1 1 3 2 4 4 1 4 2 4 4 3 1 3 2 3 3 4 4 3 3 5 4 1 3 5 2 5 5 3 4 1 1 5 2 3 3 4 2 2 2 4 2 5 2 2 3 1 1 1 1 4 1 1 3 4 4 3 1 5 1 5 4 5 4 3 3 5 5 1 1 2 1 1 4 2 4 4 1 5 5 1 5 5 1 5 2 5 5 2 5 5 5 1 5 2 2 4 1 4 3 5 3 3 2 4 3
8 10 2 1 1 4 2 3 4 3 2 4 5 1 3 3 5 2 2 3 2 2 4 1 5 3 5 3 2 1 1 1 1 4 1 1 5 4 3 1 1 1 1 4 2 3 3 3 1 1 3 1 1 1 3 4 3 1 4 5 4 1 4 2 4 1 5 2 1 1 3 3 4 3 5 2 3 3 3 3 2 3 1 1 2 2 3 5 1 3 3 1 2 5 1 2 4 2 5 4 1 2 4 1 1 4 3 4 4 3 1 1 4 4 1 4 5 5 3 1 5 2 1 1 4 2 3 5 1 4 2 4 4 3 1 4 1 1 1 1 3 2 5 1 4 2 3 1 3 2 5 5
9 8 5 3 3 2 4 3 5 4 4 2 2 5 5 1 5 5 5 4 3 4 2 4 2 3 4 1 1 3 1 1 4 3 2 3 2 5 1 3 2 3 3 1 5 5 5 1 1 2 1 2 3 5 4 1 3 2 5 5 1 4 1 5 1 2 2 3 2 2 2 5 4 5 3 4 2 1 4 1 4 2 4 2 2 5 4 1 3 4 2 5 5 5 3 3 5 4 2 2 5 4 5 2 3 4 3 3 4 2 5 1 5 2 3 2 4 5 1 5 4 1 3 4 4 5 4 3 3 4 3 2 2 4 2 2 4 5 5 1 2 1 4 3 4 1 1 1 2 2 2 4
10 6 3 1 1 3 3 1 2 5 3 1 1 2 3 2 1 3 4 3 1 3 2 1 5 1 4 5 4 2 1 1 4 4 3 5 2 4 1 3 2 5 3 1 1 1 2 1 1 3 3 1 2 3 2 2 4 3 2 2 3 5 2 1 4 4 1 1 5 3 1 4 4 2 4 4 2 4 3 5 1 1 2 4 3 4 2 2 1 3 2 4 2 2 2 4 4 1 5 1 4 4 4 4 5 4 4 3 4 3 5 4 1 4 3 5 2 2 5 4 4 3 4 4 5 2 4 2 1 4 2 4 4 1 4 5 4 3 2 5 1 4 2 3 5 3 1 3 5 2 5 1
11 6 4 5 4 4 4 1 2 3 5 5 3 2 1 3 4 1 2 2 5 1 1 5 1 4 1 1 4 2 1 1 1 2 3 1 4 2 2 4 5 3 5 3 4 4 5 2 3 3 2 2 5 3 3 5 4 3 5 3 1 2 1 3 4 3 5 5 1 4 5 2 2 3 2 1 5 4 2 1 5 1 1 3 1 1 4 5 2 1 2 2 5 3 2 3 4 1 3 2 2 2 2 5 2 5 2 4 5 4 5 1 2 3 2 2 3 2 1 1 4 2 2 3 3 4 4 5 4 5 5 4 4 2 2 2 4 2 1 4 5 1 2 2 5 5 4 1 1 2 4 2
12 10 1 4 2 4 3 3 3 1 2 5 1 2 5 1 5 5 4 3 3 2 1 1 1 5 4 5 4 4 3 1 4 2 3 1 1 3 3 3 3 2 5 4 5 5 3 4 1 1 3 1 5 1 1 5 1 2 5 2 1 5 5 1 2 2 2 3 2 4 2 5 3 4 4 5 2 5 1 2 4 5 2 1 1 5 3 4 4 3 1 1 2 4 4 2 2 1 2 4 3 1 5 1 1 3 2 5 1 3 3 1 1 5 1 5 5 4 5 3 4 1 3 3 4 3 1 3 5 1 2 4 4 5 3 3 2 2 4 2 1 5 5 3 4 1 1 4 3 1 1 4
13 13 1 2 4 2 1 3 3 3 4 3 2 4 2 4 4 2 1 2 2 3 4 3 1 4 3 1 1 3 1 4 4 4 2 3 4 5 1 3 1 2 1 1 1 3 2 5 5 5 4 5 2 5 5 5 2 5 4 5 4 5 4 4 5 4 5 2 1 5 4 3 3 5 2 3 1 5 2 5 3 2 3 3 1 4 2 3 3 3 3 5 3 5 4 3 5 1 3 5 5 1 2 3 2 4 3 2 2 5 5 2 3 3 5 1 5 4 4 4 2 1 3 4 1 5 4 1 3 3 3 3 4 1 3 3 3 1 4 5 5 5 4 1 2 4 3 2 4 2 1 4
14 6 5 2 1 5 5 2 1 2 5 2 4 4 5 3 5 2 4 2 5 1 3 2 5 2 2 1 4 4 5 1 5 3 4 5 5 4 5 5 4 3 3 3 5 4 1 1 4 4 1 3 4 2 3 3 3 4 5 4 3 1 5 4 4 3 1 3 5 1 1 1 3 5 1 2 1 2 2 5 1 2 4 1 2 3 5 2 4 3 1 2 1 3 5 1 3 2 5 2 1 5 5 2 2 1 1 3 5 2 5 5 1 4 1 3 5 4 1 4 1 1 3 3 2 1 3 2 1 5 4 4 2 4 4 2 5 5 3 3 4 4 2 4 1 2 3 2 1 5 1 1
15 8 1 5 3 1 1 4 3 1 1 4 1 2 4 4 4 2 5 4 3 3 3 5 4 4 2 3 5 1 1 1 1 5 2 3 3 5 5 4 5 1 1 4 4 3 3 3 1 1 4 1 1 5 4 4 5 4 2 1 3 5 2 4 3 3 2 5 3 5 2 2 1 3 5 4 4 4 1 3 2 2 2 4 1 5 4 5 1 1 1 1 2 5 1 3 5 3 2 3 2 4 4 2 5 5 4 4 5 3 2 1 3 4 4 2 2 2 4 3 4 2 1 2 4 1 3 1 3 2 3 1 4 3 1 2 5 1 3 2 1 5 4 2 4 4 3 4 4 1 1 1
16 7 5 4 5 2 4 2 5 4 4 3 5 4 2 1 4 3 1 5 2 4 3 5 1 5 2 5 5 4 2 2 1 2 3 5 3 2 5 5 3 2 5 3 3 5 5 5 5 3 4 4 5 5 1 3 4 4 4 3 4 4 3 1 3 4 2 1 4 1 1 2 1 5 5 1 1 2 1 5 1 5 2 3 2 2 5 3 4 5 3 3 5 1 4 3 3 1 5 2 3 3 4 2 1 4 2 1 2 1 2 3 3 4 3 1 2 1 5 2 3 2 5 3 2 3 4 2 4 3 1 4 5 1 1 4 2 5 4 4 2 3 1 2 3 4 2 5 3 3 2 2
17 9 3 2 4 2 1 4 2 2 4 2 4 4 1 2 2 2 3 3 4 5 2 3 2 4 2 4 3 2 3 1 1 1 4 4 5 4 1 1 1 2 3 4 2 4 3 3 1 2 4 1 1 2 2 3 4 3 2 3 4 2 5 4 4 3 3 1 3 5 4 4 3 2 4 4 3 5 2 3 2 1 5 3 4 3 4 2 2 3 1 5 3 2 2 1 3 4 5 2 5 5 5 5 4 3 4 4 3 3 5 3 3 3 3 4 1 3 2 4 1 2 1 5 3 1 4 1 2 2 5 3 1 4 2 5 5 3 5 3 2 4 5 1 4 1 3 3 3 3 5 3
18 6 1 3 1 4 1 1 2 1 5 1 1 4 4 4 4 2 4 4 4 3 2 5 2 5 5 1 1 1 3 2 3 5 4 3 5 1 5 2 2 2 4 2 5 5 3 2 3 5 2 1 2 1 1 5 3 4 5 1 3 2 5 5 4 4 5 3 1 3 2 4 4 2 5 4 4 5 4 3 3 2 4 1 4 2 2 3 3 3 2 3 3 5 5 4 4 4 5 1 2 5 1 5 1 2 5 5 2 5 5 4 5 2 5 2 1 2 5 4 1 4 1 5 1 4 1 5 2 1 1 4 4 2 5 3 5 2 1 5 5 5 3 5 1 4 2 2 5 5 3 3
19 8 4 1 3 1 3 3 5 1 4 3 4 5 3 5 2 2 2 5 4 1 2 3 5 5 5 5 3 3 4 3 3 2 4 2 5 5 1 1 2 5 4 5 5 3 2 4 1 4 4 4 3 5 2 4 2 2 3 5 1 1 2 2 4 2 2 1 5 4 2 1 4 4 1 5 3 1 3 3 5 1 4 2 1 4 4 2 5 2 1 5 3 1 2 3 3 3 3 1 4 5 4 4 5 1 2 2 3 5 2 2 2 3 1 3 1 2 5 1 2 5 5 2 3 2 2 4 5 3 3 2 1 1 4 5 4 2 1 1 5 4 2 5 1 3 2 3 3 3 3 3
20 10 2 1 2 3 4 5 4 5 5 2 3 2 2 1 2 3 3 4 5 3 1 3 2 3 5 2 4 2 1 2 2 1 1 5 5 4 2 3 1 4 2 5 2 5 1 1 4 4 2 3 4 4 3 4 2 4 1 2 2 2 1 2 2 4 4 3 4 4 4 5 4 5 5 4 5 1 1 3 4 1 1 5 3 3 3 1 3 1 3 5 3 3 2 1 4 1 5 1 3 2 1 1 3 3 5 1 2 3 2 1 3 3 1 3 1 4 2 5 1 1 4 4 2 3 1 5 3 4 1 1 1 1 3 2 3 1 2 4 5 1 4 1 4 1 3 2 5 3 3 1
21 13 2 3 5 2 2 5 4 2 1 5 1 2 5 1 3 3 1 2 5 5 1 4 1 2 1 3 1 2 2 2 1 1 5 5 1 5 4 1 5 4 5 1 4 1 4 4 3 3 4 3 4 5 3 1 5 1 4 2 1 2 3 3 2 4 4 2 2 1 4 4 1 1 2 4 4 2 1 2 2 3 2 4 2 3 3 2 4 4 4 2 5 3 2 2 4 2 2 5 5 4 1 1 5 5 4 4 1 5 5 2 5 3 4 2 5 1 3 3 4 2 1 3 2 3 5 5 4 5 2 2 1 5 2 3 5 3 3 1 3 1 4 3 1 1 3 4 1 5 4 2
22 8 5 2 5 3 4 2 1 2 5 5 2 5 2 3 5 5 4 2 2 3 1 4 4 5 3 4 5 5 2 5 5 3 4 5 5 5 1 4 4 1 5 3 2 4 5 5 1 1 1 1 4 1 4 3 2 1 2 5 4 2 3 4 1 3 5 3 5 5 1 4 5 5 4 3 1 2 3 1 5 3 1 4 4 5 1 1 1 4 5 3 1 1 5 2 4 5 5 4 3 2 5 3 1 5 5 2 1 4 3 5 3 4 3 4 1 1 2 1 5 2 1 4 4 2 4 3 4 3 1 3 1 5 1 5 2 3 2 2 2 2 2 1 3 5 1 4 5 1 2 2
23 10 5 3 3 5 4 3 2 2 5 1 4 1 4 2 5 2 5 3 1 2 5 3 4 1 1 3 3 1 1 4 5 3 3 2 5 2 5 1 4 5 5 3 1 3 3 1 5 1 1 5 4 2 4 3 4 1 5 5 5 3 3 5 1 1 4 3 1 3 4 1 4 2 1 3 2 2 1 3 3 2 3 3 3 3 1 4 2 2 5 2 3 3 3 2 2 2 1 5 4 5 1 4 3 4 3 2 2 1 3 4 2 2 4 3 5 3 5 4 5 4 4 5 4 4 4 5 5 2 4 4 5 1 1 4 4 3 1 5 4 1 1 5 2 2 2 4 3 5 4 1
24 11 5 1 5 1 4 3 1 2 2 4 2 1 2 3 5 5 2 4 2 1 2 5 2 1 5 1 2 5 2 5 4 1 3 5 5 5 3 3 3 4 3 4 4 4 4 5 4 5 4 2 3 5 1 2 5 4 2 3 4 2 2 1 5 2 5 5 3 1 3 4 5 3 2 1 3 2 4 1 5 4 2 1 4 3 4 3 5 1 2 3 5 5 4 3 4 2 2 3 4 4 2 3 5 5 5 3 4 5 4 4 2 3 5 5 4 4 2 3 4 2 4 3 3 5 1 4 5 4 3 3 4 2 4 3 1 4 3 5 5 5 5 5 4 5 5 2 3 3 5 1
25 10 1 1 5 1 3 3 4 4 2 2 1 2 4 2 3 1 4 3 5 4 3 3 1 5 3 2 2 3 2 5 4 2 5 3 1 5 5 1 4 5 3 2 4 1 4 5 4 2 2 4 4 4 2 3 4 5 4 1 2 3 3 4 4 1 5 4 3 3 5 5 5 4 2 1 5 2 4 3 1 5 2 2 2 3 5 1 2 1 2 2 4 4 4 5 2 2 3 3 3 4 3 1 3 1 4 4 4 3 3 3 4 3 3 1 1 3 4 2 5 5 2 5 2 5 3 4 1 3 4 5 4 1 3 5 2 3 3 3 1 1 5 1 4 1 4 4 1 1 4 1
26 7 4 2 3 2 3 2 2 2 1 5 2 1 5 4 4 2 4 3 5 3 1 2 5 1 5 3 5 4 3 5 5 2 1 4 5 3 4 5 2 1 5 2 2 5 3 4 2 4 3 3 3 3 3 3 5 1 4 2 5 2 3 2 2 3 3 2 3 4 1 3 5 2 3 1 3 2 3 5 4 4 1 1 2 4 5 5 1 5 1 3 4 1 5 5 3 4 4 2 1 1 4 3 1 4 3 4 2 2 5 1 5 3 2 4 1 2 1 3 1 5 3 3 5 5 2 5 3 5 2 4 5 2 5 5 4 4 3 1 2 3 5 3 2 5 3 1 5 1 5 2
27 7 4 3 2 3 3 1 5 5 3 3 3 1 3 3 3 4 1 3 5 1 3 1 2 4 3 4 3 4 2 5 5 4 2 4 4 4 4 3 3 4 3 2 5 1 1 3 1 5 4 3 1 5 3 3 3 2 5 4 3 3 3 5 1 2 3 5 4 1 1 5 4 2 4 1 3 1 2 4 3 3 4 3 3 4 3 1 2 4 3 3 5 5 1 5 2 5 5 5 3 3 4 1 1 3 3 5 5 5 5 4 4 1 4 1 4 5 2 5 3 5 3 3 3 5 1 2 1 5 3 3 3 3 4 3 1 4 4 1 4 5 1 5 1 3 3 1 1 2 1 3
28 11 3 2 3 3 1 4 3 3 1 3 4 5 4 1 4 2 1 2 4 5 1 4 3 2 4 4 1 4 1 3 2 1 4 5 5 3 3 5 1 2 5 4 2 4 1 4 4 2 2 1 3 5 5 3 5 4 1 1 3 4 2 4 3 1 3 2 4 3 5 1 1 4 4 5 1 5 4 2 3 3 1 2 5 1 5 2 1 1 2 4 2 1 2 2 5 4 3 2 5 3 4 3 1 4 5 2 5 5 2 1 4 1 2 3 1 5 1 3 4 2 3 2 4 2 1 5 3 3 5 2 4 4 4 4 3 3 2 4 5 1 5 5 4 5 1 2 2 5 3 1
29 9 4 5 2 4 3 3 3 4 5 3 3 2 2 3 3 4 2 3 2 4 5 4 2 1 5 4 4 2 2 3 4 5 3 5 2 2 1 1 4 1 3 1 4 2 1 3 2 3 3 4 2 1 4 4 5 4 4 2 1 1 1 3 1 2 2 2 4 2 5 4 4 2 1 1 5 4 3 3 1 2 3 2 3 3 1 4 5 3 4 5 5 3 5 1 1 2 4 5 3 3 4 3 3 2 1 2 3 3 4 2 3 3 4 2 1 1 4 4 5 2 3 1 1 3 2 1 3 3 1 1 4 5 5 3 3 1 1 3 3 3 1 5 4 3 4 2 3 2 4 3
30 12 2 4 3 5 5 4 1 5 1 4 5 4 5 3 3 3 3 3 1 1 3 5 3 4 4 5 2 5 3 4 1 5 5 3 2 4 5 5 4 5 1 4 2 3 2 2 1 3 4 3 1 2 5 1 5 2 5 3 3 2 3 2 1 2 2 3 2 2 1 5 5 2 5 1 1 3 2 4 5 3 5 1 5 5 2 5 2 2 5 5 4 4 4 5 5 3 5 5 4 2 5 3 1 2 4 2 5 2 3 3 4 4 3 5 4 4 3 5 2 5 2 2 3 2 4 4 2 2 3 2 4 2 2 3 5 5 1 2 5 4 5 5 4 3 4 3 2 2 3 3
31 14 3 2 3 4 3 1 4 1 4 1 5 1 3 2 5 5 1 2 3 2 1 3 3 4 4 4 2 4 3 5 5 4 5 5 5 2 4 3 4 1 2 1 1 3 3 1 4 3 5 5 4 5 2 3 1 2 4 5 2 1 4 3 4 5 4 5 2 1 3 5 2 2 3 4 2 4 3 2 3 5 4 4 1 1 5 5 5 3 5 5 1 3 5 1 1 2 4 5 4 4 3 2 2 5 5 3 3 2 4 3 3 2 5 2 1 2 4 1 2 4 3 2 5 3 1 3 2 1 4 3 3 5 2 1 3 5 3 1 4 2 5 3 4 3 1 4 1 4 1 4
32 6 1 5 3 2 2 1 5 4 2 5 1 4 2 4 5 3 3 4 1 2 1 5 2 5 2 4 3 2 1 4 5 3 5 4 1 5 1 4 4 5 3 3 1 3 3 2 5 5 3 1 2 1 2 3 4 1 5 4 5 2 1 5 4 2 5 1 3 5 5 2 5 5 5 1 2 2 2 3 3 1 4 2 4 3 1 4 4 4 4 2 3 5 1 1 5 4 5 4 2 4 1 5 5 5 1 1 4 1 3 5 2 5 1 4 4 3 2 5 2 5 2 2 5 2 5 2 1 1 3 5 3 5 1 4 5 4 1 4 2 5 3 2 3 4 3 4 5 3 2 5
33 7 4 2 5 4 4 1 5 5 5 3 5 2 2 5 4 1 4 5 2 4 5 5 5 1 3 3 4 5 4 3 1 5 2 4 3 4 1 4 2 5 4 3 1 5 1 5 2 3 3 2 5 4 4 3 3 5 2 3 2 2 5 2 1 3 2 3 2 1 1 1 2 2 3 3 1 5 5 2 4 5 1 2 5 4 3 3 2 5 1 4 2 2 4 1 5 2 1 4 2 3 5 3 1 1 2 4 5 5 5 5 4 5 2 5 2 3 5 2 2 5 5 5 4 3 4 3 1 5 4 2 2 5 4 4 3 5 4 4 4 3 4 2 1 3 4 4 3 3 5 5
34 14 3 2 4 3 5 3 3 2 4 1 2 3 1 3 2 5 3 1 2 5 5 5 1 1 4 2 5 4 4 3 4 5 5 1 2 3 3 4 4 5 2 1 2 3 5 2 5 3 5 1 4 1 5 1 1 2 4 3 1 5 5 2 5 4 4 2 1 2 1 1 4 1 3 3 5 5 5 2 1 1 5 3 2 2 1 2 3 1 4 2 4 5 1 3 4 5 1 3 2 1 4 3 2 4 2 4 4 1 4 4 1 2 2 5 4 5 2 4 1 4 2 2 5 2 5 5 5 2 4 2 2 4 1 5 3 3 1 3 1 3 1 4 3 4 3 2 2 5 4 3
35 8 3 5 4 5 5 2 1 2 5 4 5 5 4 3 4 2 5 4 2 5 5 4 3 2 4 5 5 3 3 2 3 2 3 3 2 4 1 3 2 4 4 2 3 4 2 3 5 5 1 1 5 4 2 4 2 1 1 4 3 1 1 3 1 3 1 1 2 3 4 1 1 3 5 2 5 1 5 3 4 1 2 1 3 5 4 3 5 5 5 3 3 4 5 4 3 4 1 5 5 1 1 1 5 3 4 5 2 5 4 3 5 4 1 1 5 2 4 4 4 2 2 2 2 1 5 3 1 2 5 3 1 4 5 3 4 2 2 4 3 2 2 3 1 4 3 3 2 4 3 3
36 6 5 4 4 5 4 2 2 5 5 2 5 2 5 4 2 3 5 2 5 3 2 5 3 2 2 4 5 3 5 3 3 2 4 2 1 4 2 1 2 3 1 3 4 2 5 5 3 5 5 4 5 2 2 1 2 4 3 2 4 4 1 3 3 1 4 1 1 3 3 1 2 5 1 2 5 1 4 4 4 5 3 2 5 1 2 1 2 5 2 3 1 1 3 5 2 2 5 1 4 3 4 1 5 4 2 3 2 1 2 5 5 5 3 5 1 1 1 2 5 1 1 4 2 5 4 4 5 1 3 3 2 3 5 5 2 2 5 1 5 5 3 4 5 4 1 2 1 5 4 4
37 10 1 3 3 3 5 3 3 2 5 2 3 4 5 2 2 3 1 2 3 1 1 2 4 4 4 5 3 1 1 2 3 1 1 3 4 1 1 3 3 2 3 5 4 1 2 2 5 4 1 2 1 4 1 3 4 3 5 5 3 3 1 1 1 4 3 2 4 2 4 5 5 2 5 5 1 5 2 3 3 2 3 3 2 4 4 4 5 2 4 3 5 4 4 5 1 2 2 5 2 2 3 3 1 1 2 2 4 5 1 2 3 1 4 2 3 3 1 2 1 3 5 1 3 2 1 1 3 3 5 1 2 1 1 1 4 1 5 2 3 4 3 2 3 4 4 2 5 4 1 2
38 12 4 5 5 2 5 2 2 2 3 2 2 5 1 4 3 4 2 1 2 3 2 5 4 4 5 1 2 4 4 3 4 5 4 1 4 3 1 4 5 4 4 5 4 5 4 5 1 1 1 5 5 5 3 3 3 3 4 1 2 1 3 1 5 4 3 1 4 1 4 5 4 4 5 4 3 2 3 4 5 1 1 3 2 4 4 4 4 2 1 3 3 4 2 5 1 1 5 4 4 5 3 2 4 4 5 3 1 1 5 2 3 4 4 5 3 1 1 2 5 5 2 4 5 1 3 2 4 4 5 4 2 5 5 3 3 5 5 5 4 2 1 5 2 1 5 3 2 5 5 1
39 8 1 4 1 3 2 5 5 3 3 5 5 2 1 4 5 4 4 5 1 5 4 2 3 5 3 1 1 2 4 3 2 1 4 2 3 4 5 2 3 5 4 1 1 2 5 4 3 5 4 3 3 3 1 2 1 5 2 1 1 5 1 1 5 1 4 1 2 3 1 4 4 2 4 3 2 3 1 3 2 2 2 4 4 4 5 5 5 1 1 1 2 4 1 4 2 1 3 2 3 3 2 2 3 3 2 5 2 1 2 5 5 3 5 3 3 4 1 4 2 1 2 2 3 5 3 1 3 2 1 5 3 4 5 1 3 5 1 4 2 1 1 1 5 4 1 1 5 5 2 3
40 14 3 2 2 5 2 1 5 2 5 3 5 4 1 4 1 4 3 3 2 5 5 5 5 2 5 2 5 1 5 4 1 1 4 5 3 1 3 3 5 4 2 5 5 4 2 2 2 1 1 4 5 4 2 1 2 1 3 1 5 2 2 3 5 1 1 2 2 5 4 1 1 1 2 1 2 3 5 5 3 2 2 3 1 1 4 2 1 5 4 4 3 2 5 2 3 3 2 5 1 1 3 5 5 4 3 5 2 3 3 1 3 3 4 3 5 2 2 3 4 4 2 3 4 2 4 3 2 5 5 5 1 1 5 5 4 2 3 1 3 5 1 5 4 1 3 1 5 4 1 5
41 10 3 2 2 1 5 1 1 1 3 4 1 3 4 5 5 1 2 5 3 1 4 1 5 2 4 3 4 2 3 2 4 1 3 1 2 4 5 4 4 2 2 5 3 1 4 5 1 5 3 2 2 4 1 2 1 3 2 3 1 4 1 2 4 3 3 2 3 5 5 3 2 2 3 3 2 4 2 2 1 5 5 2 4 5 4 5 3 3 4 1 2 1 4 2 4 5 1 5 4 1 3 1 4 2 5 3 3 3 4 5 4 2 2 2 1 3 1 5 1 1 5 3 2 2 3 4 5 5 2 3 3 4 2 4 1 4 5 2 3 4 5 2 3 2 4 2 3 5 3 3
42 11 4 2 4 3 5 4 3 5 2 1 4 2 2 4 5 1 1 1 5 5 4 2 1 1 2 4 3 1 2 3 2 1 4 4 5 1 5 3 3 2 3 4 2 5 5 2 3 1 4 5 1 5 2 2 1 1 5 5 5 4 1 5 1 1 5 3 2 1 5 3 1 1 5 5 4 4 1 4 3 3 2 3 4 4 4 1 5 4 4 2 1 2 5 5 1 2 2 2 4 3 1 1 2 2 2 4 3 5 2 1 3 5 3 5 2 4 3 4 5 1 2 2 1 1 2 5 4 4 3 4 3 2 1 4 4 4 5 5 5 5 5 5 4 2 1 5 1 1 3 5
43 12 3 3 5 4 3 2 5 3 1 4 2 1 3 2 2 3 2 1 3 1 4 1 4 3 2 5 3 4 2 1 5 5 5 5 3 4 4 5 1 1 4 4 2 1 4 1 2 4 2 5 3 2 1 4 5 5 4 4 4 1 2 1 5 2 2 1 3 2 3 2 3 2 2 3 5 2 2 1 3 4 5 5 2 4 3 2 2 4 4 4 3 4 1 1 4 4 4 5 4 1 3 4 1 1 4 5 5 5 1 1 2 1 4 5 2 3 2 4 3 1 5 5 5 2 4 1 3 2 5 4 3 2 3 4 4 3 5 5 3 3 4 5 5 4 1 2 3 3 2 4
44 14 2 3 1 5 3 3 1 4 3 4 3 5 2 2 4 5 4 1 5 3 4 4 4 3 5 2 3 1 5 3 1 2 3 2 1 3 3 1 3 3 2 3 4 1 5 3 4 4 3 2 2 4 3 3 5 1 5 1 5 3 3 2 2 4 2 3 1 5 1 4 2 1 5 3 5 4 4 4 4 2 5 1 5 5 1 1 2 3 3 3 2 5 1 4 3 3 5 2 3 5 2 1 1 1 2 1 2 5 4 3 3 2 5 5 1 1 3 5 5 2 5 2 2 5 1 4 4 3 4 3 2 5 2 2 4 4 5 2 4 5 2 5 4 3 3 2 2 3 3 2
45 7 3 3 2 5 4 1 5 4 4 4 2 5 2 3 5 2 3 5 4 5 4 4 2 1 1 1 3 5 1 3 1 5 4 3 2 1 4 2 3 4 1 1 2 4 1 1 2 1 5 5 5 3 2 3 5 3 1 1 1 3 2 5 3 2 4 3 1 3 5 3 5 3 1 2 1 3 4 5 4 5 1 4 2 3 3 3 2 3 2 1 3 4 5 5 2 3 4 5 2 2 5 1 1 4 2 4 1 2 5 1 5 1 1 5 4 5 5 3 1 3 3 1 5 4 1 3 2 2 2 4 3 1 4 2 5 5 2 2 3 2 4 3 3 3 5 5 4 1 4 3
46 14 1 5 2 3 3 4 5 3 1 4 4 1 1 3 1 1 1 4 5 4 3 3 4 4 1 3 1 1 1 4 4 3 2 5 1 1 3 2 2 3 2 5 4 2 2 1 3 4 1 1 4 2 2 4 3 5 1 4 5 5 2 5 1 1 4 4 1 2 3 3 1 2 5 3 1 5 4 5 4 3 3 5 2 5 3 2 2 2 3 4 5 1 5 3 3 2 2 4 3 3 5 3 4 3 1 1 4 3 5 3 4 4 1 4 4 1 3 2 3 1 3 5 2 2 1 4 3 1 5 1 3 2 3 1 4 4 2 1 3 1 5 4 2 5 3 5 2 2 3 1
47 9 4 5 1 4 2 1 5 5 1 3 2 5 3 5 2 4 1 4 3 5 5 3 2 1 1 3 4 3 3 1 1 5 2 2 2 1 5 3 3 1 5 5 1 5 5 1 2 5 2 5 1 4 3 3 2 3 2 2 3 5 4 4 2 4 4 1 3 4 1 5 5 5 4 2 1 2 5 1 4 3 3 1 2 4 4 3 1 5 1 4 2 1 5 2 4 2 3 3 2 3 4 4 4 5 4 1 2 4 5 2 5 4 1 3 2 2 5 4 2 1 4 2 5 4 1 5 2 1 1 1 3 1 2 2 4 3 2 4 2 1 2 2 2 4 1 1 5 2 5 1
48 14 5 1 4 2 2 1 1 4 5 4 1 3 4 4 4 1 3 5 1 1 1 3 4 1 2 5 3 5 1 2 3 3 3 4 2 5 5 4 5 2 1 2 4 1 2 1 5 1 4 5 4 4 4 3 4 3 5 5 4 2 2 1 1 1 1 1 4 4 1 5 1 1 5 3 5 5 2 3 2 3 3 5 2 1 3 1 3 3 5 1 2 1 5 5 4 4 1 4 1 4 5 3 5 2 3 2 1 3 3 4 1 4 1 3 4 4 1 4 5 5 4 3 3 1 2 2 2 3 5 5 1 5 1 4 1 2 4 4 3 1 1 3 3 5 4 2 3 1 4 5
49 14 1 4 3 2 3 5 1 3 3 1 1 2 2 4 1 5 3 2 2 1 4 5 3 5 5 3 2 3 2 1 2 1 5 1 2 1 3 4 2 4 4 1 1 1 4 1 2 3 4 4 5 4 5 5 1 2 3 2 5 3 5 3 1 5 3 5 4 5 2 4 3 1 5 2 4 2 4 2 2 1 2 3 3 2 4 3 2 3 4 3 1 2 2 2 5 4 4 4 5 2 3 1 3 5 1 3 2 2 2 2 4 3 4 4 5 4 4 3 3 3 5 5 4 5 1 1 1 1 2 2 5 4 1 2 4 3 5 2 2 4 5 5 1 5 5 3 1 5 3 2
50 12 5 5 1 5 1 4 1 1 5 5 4 2 4 2 5 5 2 1 3 2 2 2 3 3 2 4 2 4 2 3 1 3 2 3 2 4 1 3 4 5 2 2 3 1 4 2 2 3 3 5 3 4 3 2 4 2 1 5 2 1 2 4 4 2 3 3 3 3 3 4 3 2 3 3 2 1 4 4 1 3 1 2 1 2 3 5 2 5 2 4 4 3 3 1 1 2 1 1 4 4 2 3 2 4 3 2 4 3 2 3 4 3 3 4 5 1 3 1 5 2 1 1 3 5 3 3 1 5 2 2 4 1 4 2 5 3 2 5 4 2 3 3 2 1 1 2 3 5 1 5
51 8 4 2 1 4 2 3 3 1 4 4 4 2 1 4 5 2 1 2 4 4 4 2 5 5 1 1 3 4 5 4 2 5 2 1 3 5 1 1 2 2 3 1 5 3 3 5 4 2 2 5 4 1 2 2 1 3 1 1 5 4 3 1 4 4 1 3 5 3 4 2 1 1 4 5 2 4 5 1 4 3 3 1 4 4 1 2 5 5 1 2 2 1 3 5 3 3 2 1 2 3 2 5 5 5 4 4 2 2 3 1 5 2 4 1 4 3 5 4 3 4 5 3 4 2 4 1 5 1 5 2 4 2 4 3 2 5 5 3 4 3 4 3 2 3 2 3 2 3 2 3
52 14 5 1 3 3 2 2 5 2 5 3 3 1 2 4 3 3 5 4 1 5 4 5 4 5 5 4 2 3 3 2 5 1 5 2 4 3 2 3 4 4 4 3 5 2 4 5 2 1 2 1 4 3 5 2 2 4 1 4 3 5 1 4 4 3 2 2 4 3 3 4 5 1 4 5 2 3 5 1 1 4 3 4 4 2 1 2 4 1 1 2 1 5 1 1 3 3 3 3 2 1 3 3 5 4 2 1 3 1 5 1 2 2 5 4 3 1 4 1 5 1 1 3 5 4 4 5 4 5 5 2 4 3 4 5 4 4 2 5 4 5 3 4 1 5 5 5 4 1 5 3
53 8 2 5 2 3 2 2 2 1 2 3 3 1 1 2 3 3 4 3 2 1 2 3 3 2 4 2 1 1 5 4 1 4 5 2 2 2 5 5 3 4 4 2 4 1 5 5 1 1 2 1 3 1 1 5 1 3 5 3 2 3 2 4 1 1 4 4 2 1 1 4 4 1 3 3 2 3 1 2 5 1 3 3 3 2 4 5 4 1 1 1 2 5 4 5 2 2 3 4 5 3 3 1 1 2 1 3 3 5 4 3 2 4 3 2 1 1 1 2 3 5 2 5 3 2 1 3 4 3 1 1 2 3 2 3 5 5 1 1 4 5 3 1 4 1 1 3 5 3 4 4
54 7 4 4 5 1 3 5 3 4 2 5 2 1 3 5 5 5 3 1 4 2 2 4 5 3 1 5 5 3 5 2 2 5 1 3 2 3 1 3 4 4 3 4 1 4 1 1 4 5 5 2 2 4 5 2 4 1 4 2 3 2 3 4 3 4 4 3 2 5 5 4 1 5 1 2 2 3 1 3 2 2 3 1 1 2 3 5 5 4 4 3 1 1 5 5 2 3 5 1 2 4 1 3 4 2 3 2 2 2 3 2 2 1 3 2 1 2 4 1 3 3 2 1 1 2 3 1 5 1 4 1 3 3 4 4 2 1 3 5 3 1 4 2 4 3 4 1 3 2 4 3
55 10 4 1 1 4 2 1 4 5 3 5 1 4 3 2 2 5 3 5 1 3 2 4 5 3 5 2 1 2 5 4 5 5 2 4 5 2 4 2 3 5 1 3 1 5 3 2 2 3 5 5 1 1 4 2 1 2 3 2 1 5 3 5 3 2 1 1 3 2 5 2 4 2 3 2 2 4 1 1 5 5 4 4 3 1 5 5 1 4 5 5 3 2 5 4 5 5 4 5 4 4 3 2 2 5 5 1 3 1 2 4 4 4 1 1 2 1 1 5 1 2 4 1 4 2 1 5 1 2 5 2 5 4 1 2 3 2 1 1 1 5 4 4 5 2 1 3 4 3 3 5
56 15 3 4 2 2 4 2 1 3 5 2 2 5 2 5 1 3 3 2 5 2 1 3 4 2 2 1 5 5 3 1 1 1 5 4 4 3 2 5 3 3 5 5 2 4 4 1 3 3 2 5 4 1 1 4 1 3 4 1 2 1 3 5 3 5 2 5 3 1 2 2 3 5 3 3 2 3 3 3 5 4 1 3 4 5 3 1 5 2 2 5 1 5 3 3 1 5 4 5 1 5 3 2 3 5 4 2 3 3 3 4 5 5 2 4 3 5 2 1 3 1 5 1 3 2 2 2 5 3 4 5 1 1 4 1 5 2 4 2 5 2 5 3 5 5 2 5 3 3 4 2
57 9 1 1 2 2 3 3 5 4 3 1 1 4 1 3 3 4 4 3 1 2 3 2 3 4 2 5 2 5 2 2 1 2 4 1 3 4 5 3 1 3 1 2 3 3 5 4 3 4 1 4 2 5 4 5 2 2 4 3 1 3 1 5 1 3 1 5 2 4 3 4 1 3 5 4 1 5 3 5 4 3 4 4 5 2 2 2 5 3 4 2 4 3 5 1 2 1 4 2 3 4 1 3 3 2 3 3 3 2 1 1 3 3 2 1 2 5 4 2 2 2 5 5 2 5 2 1 5 3 1 4 1 4 3 1 5 1 1 1 2 3 3 5 2 5 2 5 4 3 3 2
58 13 2 5 2 5 5 3 2 5 5 1 3 4 4 3 1 4 2 2 5 1 4 1 2 5 5 3 3 2 2 5 3 1 4 5 4 4 1 1 1 3 3 4 1 3 4 5 3 4 5 3 3 4 3 1 5 5 4 1 1 2 3 1 3 5 3 4 5 1 1 5 3 4 5 2 3 4 3 4 5 3 4 1 2 3 5 2 2 5 5 1 1 1 1 1 4 5 1 5 1 5 2 5 2 2 2 4 5 4 1 5 4 2 3 3 2 3 5 1 2 2 3 3 4 1 5 2 5 4 4 4 1 1 4 1 2 5 5 1 3 4 1 3 5 3 1 3 3 1 3 5
59 13 3 4 5 2 3 5 5 4 5 5 3 2 1 2 3 5 2 2 5 5 3 3 4 5 2 5 4 1 3 3 2 1 2 3 5 5 5 2 1 1 5 1 1 1 2 1 5 1 3 1 3 4 3 2 1 2 5 1 3 3 2 4 2 4 1 3 3 4 2 1 5 2 1 1 1 3 5 3 4 4 2 5 1 2 4 5 1 1 5 5 2 2 5 4 3 1 2 5 3 3 3 1 1 5 4 4 2 2 2 5 4 1 5 5 1 1 1 5 2 2 3 2 4 1 3 5 5 1 3 5 2 2 5 3 3 1 3 2 5 3 2 3 1 2 4 2 2 1 5 4
60 7 1 5 1 1 3 5 4 3 3 2 1 3 1 2 2 4 5 2 2 5 1 3 5 3 1 4 1 5 5 3 4 1 1 1 3 2 3 3 5 1 3 3 3 3 2 5 2 5 3 2 4 1 3 3 4 4 1 5 5 4 3 1 3 3 3 4 5 5 1 2 2 5 1 2 3 2 5 4 1 3 4 5 5 5 4 5 4 5 2 3 1 5 3 1 3 4 4 1 4 2 3 1 2 4 2 3 5 3 3 3 5 4 1 1 1 5 2 4 1 4 1 5 4 5 3 5 5 5 1 2 2 1 5 2 1 4 2 5 4 1 2 4 3 1 3 4 1 2 3 4
61 13 1 4 5 1 1 1 2 1 5 4 2 4 2 5 3 1 4 2 2 4 4 5 1 1 5 5 4 3 2 3 5 2 5 2 3 5 2 1 5 5 5 1 1 5 5 1 2 1 3 2 2 3 3 3 5 3 3 1 5 4 4 1 2 3 2 3 5 3 4 3 3 3 3 4 2 2 3 2 2 3 4 3 3 1 3 3 1 4 5 2 3 5 1 2 3 4 2 2 3 4 4 2 5 2 2 1 4 1 2 3 1 2 1 4 3 4 5 4 4 1 2 1 5 1 1 2 4 4 2 4 1 3 1 3 4 3 2 4 1 2 3 5 1 4 1 2 1 5 1 4
62 13 2 5 3 2 1 2 5 3 3 4 5 1 3 1 2 2 4 2 2 2 4 4 5 3 1 3 1 1 1 4 3 1 1 3 3 5 1 1 2 5 2 4 5 4 3 1 5 4 5 1 5 4 1 5 1 5 5 1 3 4 3 3 1 2 1 4 2 3 4 5 3 2 3 2 4 5 2 5 1 3 5 1 4 1 2 1 3 1 4 4 1 1 1 4 5 1 3 3 5 4 2 1 3 3 4 5 3 4 1 1 4 2 5 2 2 5 2 3 3 5 3 2 3 1 1 3 3 5 5 5 4 2 4 5 3 4 2 5 1 1 3 2 4 1 2 5 5 3 2 1
63 14 1 1 2 3 5 5 3 5 1 5 5 2 1 2 1 5 5 2 4 2 4 5 4 4 1 1 2 3 1 2 2 3 2 5 4 4 5 4 2 2 3 4 3 5 3 5 2 1 4 4 4 2 2 2 1 5 2 3 4 4 2 1 4 4 4 3 1 2 4 5 4 1 1 4 3 2 3 5 1 5 2 1 3 4 1 1 1 4 2 1 2 1 5 3 4 3 3 5 2 2 4 2 3 1 5 5 1 2 1 3 3 2 4 3 1 2 4 3 1 2 4 2 5 4 3 5 4 5 4 5 2 1 3 1 5 3 1 4 3 2 5 5 5 3 1 4 5 1 1 3
64 12 1 5 5 2 2 5 3 5 4 3 1 4 5 5 3 3 3 3 5 5 4 3 4 3 1 5 3 3 1 3 1 4 2 4 1 4 3 1 3 1 1 2 1 1 5 1 5 2 2 3 3 2 2 2 2 1 1 2 5 5 2 5 4 1 2 5 1 3 2 5 1 1 4 2 5 4 2 1 4 5 4 4 1 4 1 2 5 2 1 1 2 1 5 2 4 1 5 3 4 4 4 2 2 4 5 1 1 4 5 5 2 1 5 5 4 5 2 5 5 2 5 5 5 5 3 3 5 3 2 1 4 4 5 1 2 3 2 2 5 1 3 2 1 4 2 1 5 5 4 4
65 9 2 1 4 3 4 5 1 5 4 2 2 5 4 5 3 5 5 3 5 1 1 5 1 4 1 5 3 4 2 1 5 5 2 3 1 1 5 2 4 2 1 5 5 5 1 1 3 5 2 5 1 3 2 1 1 2 5 1 1 4 4 5 5 3 2 3 5 5 3 5 4 5 1 5 4 2 1 3 3 3 4 2 4 5 2 1 4 3 3 2 3 5 5 3 5 2 3 1 2 3 4 2 2 5 3 2 5 1 2 4 4 1 3 2 1 4 4 2 4 3 3 2 5 4 1 5 5 4 1 5 1 2 5 1 4 1 1 2 4 2 4 2 4 3 1 3 5 2 5 2
66 13 2 5 2 4 5 4 1 1 3 3 4 2 1 1 2 1 4 1 4 1 2 4 3 5 4 5 1 4 4 5 5 2 4 4 5 2 4 2 4 3 2 3 4 1 3 3 1 4 3 3 4 1 3 3 4 4 3 2 3 1 2 4 1 3 2 4 3 4 2 5 2 5 2 1 2 3 2 2 3 1 4 3 4 2 5 3 1 3 1 5 5 5 1 1 1 5 1 4 2 1 4 5 2 5 1 1 4 5 3 1 4 2 1 2 4 3 4 5 5 4 5 1 5 4 3 3 4 3 2 2 3 4 1 4 1 4 4 3 4 4 2 5 1 3 3 5 4 4 4 4
67 8 5 2 3 5 1 1 1 5 1 4 3 4 5 4 3 1 1 5 5 3 4 3 4 5 1 3 4 1 4 1 5 3 3 3 1 5 1 1 1 2 4 2 3 4 1 4 2 3 2 2 5 2 4 4 4 2 2 1 2 3 2 3 4 5 1 1 1 4 4 5 4 4 4 3 2 2 4 5 1 5 1 4 3 4 1 4 1 3 5 1 5 3 1 1 2 4 4 3 5 3 3 4 1 1 4 1 2 4 2 4 5 2 1 5 4 2 3 4 2 1 5 5 4 4 1 5 2 5 5 1 4 1 5 1 3 3 5 4 5 3 3 5 3 4 3 1 1 1 5 3
68 14 5 3 5 5 1 1 2 2 5 3 3 2 4 3 1 1 5 4 5 4 1 2 4 2 2 2 4 2 4 4 3 1 2 5 5 4 1 5 4 1 3 5 3 1 5 1 2 1 3 5 3 5 5 1 5 1 5 4 2 4 2 4 5 5 4 4 4 3 3 5 4 5 1 5 1 5 3 1 5 2 1 4 4 4 3 3 2 5 4 1 3 2 2 2 2 5 1 5 5 4 4 1 2 4 2 4 5 5 1 3 3 1 4 5 5 5 2 1 5 2 2 1 1 4 3 3 2 5 2 4 3 3 1 1 1 4 2 1 4 1 3 2 2 4 3 3 1 1 1 2
69 7 1 3 4 2 2 3 5 4 1 4 5 4 1 3 4 3 4 2 3 2 5 1 2 3 3 3 5 2 5 3 3 1 4 4 1 5 2 3 4 3 5 4 5 3 2 5 2 4 3 3 5 1 3 3 4 3 1 2 2 4 3 2 3 5 2 4 5 1 1 4 5 5 1 2 1 2 3 5 4 4 2 5 2 1 1 1 2 1 3 1 3 4 4 3 5 4 2 5 4 3 1 3 4 2 1 2 2 4 4 1 1 4 3 1 5 5 4 5 1 2 3 5 3 2 2 5 4 4 3 5 2 2 2 2 4 3 2 3 5 3 5 2 4 4 1 5 4 5 2 4
70 15 5 4 1 1 5 1 4 5 2 3 3 5 4 3 5 3 3 3 4 4 2 4 4 1 1 5 2 5 5 2 5 4 5 2 5 5 4 3 4 3 5 5 3 3 1 2 2 3 5 5 5 1 3 2 1 1 5 5 1 3 1 3 4 1 4 3 2 2 3 1 1 1 3 4 1 1 2 2 3 1 2 3 5 3 4 4 3 5 1 2 2 2 3 4 2 1 4 1 3 5 4 1 5 4 1 3 2 2 4 3 4 5 3 1 1 4 1 1 4 3 4 2 4 4 4 1 4 4 3 2 4 2 4 3 1 4 3 3 4 1 5 4 5 4 2 1 3 2 5 5
71 6 1 1 5 2 1 3 2 4 3 4 3 3 3 5 2 4 4 2 2 2 2 2 2 5 4 1 5 4 4 4 1 1 2 4 3 2 1 2 3 3 3 3 5 1 2 1 1 3 1 3 4 5 5 1 2 3 4 2 5 3 4 1 5 5 2 4 5 1 2 1 3 1 2 5 3 1 1 4 3 4 5 2 1 2 4 1 5 3 1 1 4 1 5 2 4 3 1 4 4 5 2 1 1 1 3 1 5 2 4 1 4 2 2 5 4 2 4 4 3 2 5 2 1 2 1 4 2 5 5 4 1 5 1 3 4 1 5 3 3 3 5 2 3 1 4 3 2 1 1 2
72 11 4 1 2 5 5 4 3 3 1 5 4 2 3 4 4 3 4 2 1 5 3 1 5 5 4 1 4 1 5 4 1 5 2 3 1 4 5 5 4 1 3 1 5 2 4 2 5 5 2 4 2 1 1 3 3 4 2 1 3 4 3 5 5 1 5 3 1 5 4 1 3 3 3 2 4 4 3 4 3 3 1 3 1 3 2 2 4 4 4 3 4 4 1 3 5 1 4 4 3 2 5 4 4 3 4 5 2 2 1 3 4 2 1 3 5 2 5 2 1 3 3 2 1 5 5 5 1 5 3 5 4 2 2 3 2 5 4 4 2 5 4 1 4 2 4 3 5 3 5 2
73 12 1 3 4 5 5 4 5 1 5 4 5 3 1 3 1 3 4 2 5 1 1 3 1 1 4 5 4 1 4 1 4 1 4 5 2 1 3 4 5 1 5 3 3 4 2 3 1 5 1 1 3 5 3 4 5 1 5 3 2 4 4 4 1 1 1 4 5 5 2 2 3 5 1 1 5 2 2 3 1 3 1 3 1 3 1 2 5 1 1 5 4 2 2 3 2 4 2 1 2 3 1 2 4 5 3 1 3 3 3 3 4 3 1 3 1 5 2 5 5 1 2 4 4 5 2 2 3 5 5 4 4 2 2 5 2 1 2 4 2 4 5 2 3 3 4 1 1 2 1 3
74 6 1 5 4 2 2 3 2 2 2 1 1 1 4 1 4 3 1 4 1 2 3 4 5 4 4 3 1 2 4 5 2 4 4 1 3 3 4 1 3 5 4 3 4 5 1 1 4 5 1 4 5 1 2 2 5 3 1 5 2 2 2 2 4 4 3 3 1 2 4 2 1 4 1 3 3 3 2 4 3 3 4 3 3 1 2 2 2 5 1 2 2 1 5 2 3 3 4 1 3 4 3 3 1 2 3 2 2 1 4 4 3 3 1 5 3 5 4 5 2 1 2 4 2 5 5 2 4 3 4 1 1 4 2 3 1 2 4 3 5 1 4 4 5 5 1 2 3 4 4 4
75 8 2 4 5 5 4 5 2 3 4 2 1 2 2 2 1 2 4 3 3 3 3 3 3 1 2 5 5 2 2 2 1 4 4 5 1 1 3 4 3 4 2 4 4 4 2 2 1 1 1 3 3 3 4 3 1 2 3 3 1 3 2 2 2 3 2 3 2 5 3 1 2 1 4 3 3 4 4 4 4 1 3 3 1 1 1 2 2 5 5 2 1 5 4 4 5 5 1 2 2 2 2 1 2 2 5 5 3 5 3 1 2 3 2 3 2 4 3 4 2 5 5 4 1 2 4 1 1 2 3 4 4 2 2 1 2 5 2 5 3 3 4 2 3 5 5 3 1 5 2 1
76 10 3 3 2 1 1 2 1 5 5 2 1 4 3 3 5 3 5 2 3 3 1 3 3 4 4 4 5 2 3 2 5 4 1 5 4 5 2 2 5 1 1 3 5 4 5 2 5 5 2 5 4 3 5 5 5 5 4 2 4 4 2 2 4 3 4 5 4 2 4 5 2 5 2 2 4 4 2 2 5 2 2 4 2 2 3 3 5 4 1 3 4 2 4 1 3 4 1 4 4 3 3 5 1 5 1 3 3 4 4 4 2 2 2 2 2 4 5 2 4 1 4 5 2 1 5 5 5 2 2 1 3 5 3 3 2 3 3 1 1 1 3 4 2 2 4 2 4 3 3 2
77 8 4 4 4 5 1 3 4 1 4 5 5 5 3 1 5 2 3 4 5 2 1 5 2 1 5 4 3 5 2 2 2 4 2 4 5 4 1 4 5 5 5 2 2 4 2 1 1 1 4 4 3 4 2 4 4 4 1 1 2 3 3 5 1 1 3 4 4 1 3 5 4 2 1 1 4 4 4 1 3 2 2 1 2 1 5 4 1 3 2 5 5 1 1 3 3 4 2 4 5 5 3 1 2 2 2 1 2 2 1 5 2 5 2 2 5 2 1 2 3 5 5 4 3 5 1 2 2 5 2 4 5 1 4 4 2 1 4 2 4 5 3 3 3 2 3 2 5 5 4 1
78 9 2 2 3 3 3 3 2 3 2 4 1 2 1 4 4 5 2 1 3 3 5 3 5 2 2 1 3 1 5 4 4 2 1 1 1 3 1 3 4 4 4 3 2 2 5 5 2 5 2 5 2 1 5 4 4 5 5 4 4 3 1 5 1 2 3 2 1 5 4 5 2 1 1 5 4 2 3 1 2 2 5 3 5 1 1 2 5 2 2 3 2 5 4 3 1 1 4 3 1 3 1 5 1 1 5 2 3 1 3 2 2 2 1 2 5 4 4 5 4 1 5 2 1 1 3 1 5 3 3 4 5 4 1 1 2 1 1 1 3 4 5 3 5 4 4 1 1 2 2 2
79 8 1 5 4 5 2 2 5 4 1 2 5 5 2 4 2 3 5 1 2 2 4 5 2 2 3 3 3 4 2 3 1 3 3 3 5 5 1 2 1 2 4 2 2 4 1 3 5 3 5 5 4 1 1 3 2 4 2 4 2 2 4 1 2 4 2 5 1 4 1 3 3 4 3 1 4 1 3 3 4 4 3 5 1 1 5 4 5 4 1 1 3 1 3 1 2 2 4 2 5 4 1 2 2 3 1 5 1 3 4 5 3 4 4 2 2 5 5 3 1 4 2 5 4 5 1 5 2 2 3 4 5 5 2 5 5 1 5 4 4 2 2 2 3 5 3 1 3 4 5 2
80 11 5 5 5 4 4 5 1 5 2 5 4 3 1 3 4 1 2 2 1 5 3 3 5 2 4 4 5 1 4 5 3 3 5 3 2 5 5 5 3 4 5 3 4 2 4 5 3 2 2 3 3 5 1 4 2 5 1 1 4 3 4 2 4 5 3 4 5 4 2 4 5 4 2 3 3 3 2 5 4 4 2 4 3 2 5 1 3 5 1 4 2 3 1 4 2 5 3 1 4 4 2 2 1 4 1 2 4 5 5 5 5 4 5 5 3 5 2 2 1 4 2 1 1 5 4 2 2 2 2 2 5 1 3 5 4 1 5 3 2 2 2 2 3 5 2 2 3 2 4 5
81 8 4 4 3 3 3 5 4 3 2 4 3 5 3 3 4 4 4 5 2 2 5 3 1 1 5 2 1 1 1 3 1 5 2 2 4 4 4 4 1 2 1 3 5 3 3 5 3 2 5 4 3 5 1 1 1 5 4 5 1 3 3 5 1 5 1 5 2 3 3 1 5 5 4 1 5 4 5 5 3 3 2 5 2 2 5 1 1 5 4 5 1 1 1 1 1 2 4 1 1 3 5 5 5 1 2 3 3 2 4 3 2 1 5 1 4 5 1 2 5 2 1 5 1 2 3 4 3 4 5 1 4 4 1 4 2 2 2 5 3 5 2 3 3 3 1 3 5 3 1 1
82 6 4 4 1 5 1 2 3 1 5 3 4 5 2 5 5 4 5 4 3 3 4 3 5 3 1 5 2 5 1 3 3 3 2 5 2 3 3 3 2 3 3 2 4 2 4 2 1 2 1 2 4 4 5 4 2 5 3 5 4 2 5 5 4 1 3 1 5 1 2 4 5 4 2 4 1 3 1 3 4 5 5 2 3 5 2 2 5 1 5 1 3 5 2 4 3 2 5 5 5 3 5 4 3 1 5 4 4 1 5 1 3 2 5 2 5 2 4 1 4 5 3 1 4 4 1 3 4 3 2 2 3 2 3 4 1 1 4 2 3 2 4 3 5 1 4 2 3 5 2 2
83 12 5 5 1 5 4 1 2 4 4 5 2 3 4 4 2 4 1 2 4 2 2 2 4 1 3 2 2 3 1 4 3 3 4 3 4 1 2 1 2 1 3 1 1 2 5 2 2 5 2 3 1 5 3 4 5 4 4 4 4 2 3 1 4 5 2 1 1 1 4 5 3 2 5 3 5 5 2 1 2 1 1 5 5 4 3 3 3 5 2 1 5 1 3 4 2 3 2 1 4 2 3 1 3 4 3 4 4 3 2 2 4 2 4 2 1 2 1 2 5 1 2 2 5 3 1 1 3 5 4 2 1 1 1 2 2 4 4 2 5 1 4 1 1 2 2 3 3 4 5 2
84 11 3 5 2 3 3 4 5 1 1 4 1 4 5 2 2 1 4 1 5 3 4 1 5 2 1 3 2 5 3 3 1 3 3 4 2 5 5 2 2 5 4 1 2 4 4 2 1 5 1 4 2 4 4 2 2 3 4 1 3 3 4 2 3 5 4 4 2 3 4 3 5 1 5 2 1 3 3 3 5 3 3 3 1 1 2 5 1 4 3 3 4 4 2 3 5 5 4 5 3 3 3 3 5 3 5 4 4 1 2 4 3 2 3 5 4 4 3 5 3 4 1 1 2 4 5 1 1 5 4 3 1 1 1 2 5 1 1 1 1 2 1 4 3 1 1 5 1 4 5 1
85 12 4 4 5 3 1 3 2 2 3 4 5 3 5 2 1 5 4 1 5 4 2 4 5 2 4 1 5 1 2 1 3 1 4 4 3 4 5 3 1 3 1 1 1 4 2 4 2 1 1 3 3 2 5 2 3 3 2 1 5 3 1 3 4 1 3 4 4 5 4 4 3 2 2 4 3 1 3 2 4 4 4 5 2 2 1 5 3 1 2 1 4 4 5 1 2 2 4 3 2 5 4 3 5 5 1 3 2 4 3 4 5 4 2 1 1 1 1 2 1 4 2 2 4 4 5 2 1 2 3 4 5 1 3 5 3 2 4 4 2 3 5 2 3 3 1 1 5 5 4 5
86 6 1 3 4 1 3 3 5 1 3 4 2 1 4 3 3 1 1 1 5 1 4 5 2 4 1 3 4 5 3 2 1 3 3 4 2 5 1 4 4 3 2 1 3 5 5 3 5 2 2 5 2 5 3 4 5 4 3 4 2 4 2 4 3 2 5 3 5 1 4 4 1 5 2 4 4 4 4 5 3 5 1 2 3 3 3 2 2 4 4 1 2 2 3 4 3 5 5 3 3 4 2 4 5 1 5 3 3 4 5 2 3 1 1 2 2 5 4 2 4 2 5 3 2 5 1 1 3 2 2 4 2 1 2 1 3 4 1 2 3 2 5 1 4 1 4 2 4 5 5 3
87 10 1 4 1 1 4 4 2 4 3 2 5 5 2 2 4 1 1 2 2 1 4 5 3 1 2 3 2 3 2 1 4 5 1 1 3 2 2 1 2 1 5 1 3 4 4 4 4 4 1 2 5 1 1 5 4 2 2 5 4 1 5 2 1 4 4 3 4 2 2 1 1 5 3 5 5 3 3 2 2 5 4 3 1 4 5 1 1 3 2 5 3 3 5 5 1 2 5 5 3 2 3 2 3 5 4 2 2 1 1 1 1 5 4 5 2 5 4 2 3 5 2 1 1 1 4 3 4 5 2 5 5 5 1 1 5 5 4 5 1 4 4 3 1 4 4 4 1 4 4 1
88 7 2 2 4 5 5 2 5 4 1 5 5 2 1 1 5 5 5 1 5 1 3 1 2 4 3 2 4 1 5 5 4 5 1 1 1 3 2 3 3 5 5 3 3 3 5 1 1 3 1 5 4 2 5 2 1 3 2 2 3 3 1 3 1 4 1 4 1 2 2 3 1 2 2 2 4 2 4 4 4 4 2 4 3 5 5 2 2 4 2 1 2 1 5 5 1 1 1 4 1 2 2 4 5 5 3 5 3 5 2 4 1 4 1 3 1 2 2 5 5 5 5 3 1 5 2 4 1 4 1 3 3 3 3 1 1 1 3 2 1 5 1 2 1 4 5 2 4 5 5 4
89 9 5 2 4 5 1 1 4 2 4 2 3 2 4 3 3 3 4 5 2 2 2 4 2 2 1 5 3 1 1 5 4 5 4 5 5 1 2 1 1 4 4 4 2 1 2 1 4 2 2 2 5 5 2 4 1 5 2 1 4 3 2 3 1 1 2 3 3 5 2 2 5 1 4 4 2 4 3 2 4 1 5 2 1 2 1 3 2 4 2 1 5 1 1 2 2 5 1 1 1 5 2 4 4 3 3 4 2 1 3 1 2 2 4 5 5 1 5 1 4 2 3 5 1 1 3 5 1 3 2 3 1 1 5 5 5 1 2 1 2 3 1 4 4 3 1 5 3 5 5 5
90 12 2 3 1 4 2 1 3 5 1 4 5 2 1 4 5 2 1 1 4 2 5 3 1 3 3 4 2 1 1 1 3 4 2 4 4 3 4 2 1 3 2 5 3 4 3 2 1 3 2 2 3 1 5 4 3 3 4 1 4 4 5 3 2 1 2 5 4 1 4 5 2 1 2 3 2 2 5 5 2 5 1 5 2 4 3 1 1 2 4 5 5 4 2 2 3 2 5 5 3 5 1 4 4 3 4 5 4 2 2 1 4 3 1 3 4 4 5 3 4 1 5 1 4 5 3 2 4 4 2 5 2 2 2 5 4 3 3 2 1 4 2 3 5 4 5 1 4 4 4 5
91 12 5 1 4 5 2 4 5 3 1 2 1 5 4 2 4 5 3 2 3 2 3 3 1 5 3 4 2 3 2 5 4 4 4 3 3 2 1 1 5 3 4 2 3 5 3 5 5 4 3 5 3 3 5 4 5 1 1 1 2 3 4 5 1 2 4 5 5 5 5 3 1 5 4 5 2 5 3 5 5 5 5 5 3 3 1 2 4 4 1 3 3 5 4 4 3 1 4 3 3 1 5 3 4 3 2 5 2 4 2 4 4 4 4 1 2 1 5 1 4 5 3 4 2 1 2 2 2 5 4 3 1 3 2 2 1 2 1 2 1 4 1 2 2 4 3 4 4 3 2 5
92 12 3 4 2 1 3 4 3 1 4 4 2 4 3 3 1 4 5 2 2 5 2 1 3 3 1 4 1 2 4 2 1 5 1 5 3 2 5 2 4 1 4 2 2 5 5 1 3 3 1 3 1 4 3 1 2 1 1 1 1 4 1 1 4 2 1 5 4 4 4 5 5 2 4 4 5 4 2 2 5 3 3 4 4 1 3 5 1 4 4 3 4 1 2 1 3 2 1 3 4 4 4 1 4 5 2 1 2 1 2 5 1 5 1 5 5 1 3 4 4 3 2 5 1 1 1 1 3 5 2 4 2 3 3 3 1 4 1 5 5 4 5 5 4 4 3 2 5 3 3 1
93 11 3 2 3 2 5 5 5 3 1 2 4 3 3 4 2 4 1 3 2 3 2 4 5 3 5 4 1 4 5 4 4 3 1 4 1 1 5 2 1 4 4 5 2 1 5 1 5 2 4 1 2 4 1 5 1 4 1 2 4 3 2 5 1 2 5 3 4 3 3 2 1 2 5 1 1 4 3 1 1 2 2 4 1 1 3 3 1 4 3 5 2 3 5 1 4 3 4 2 2 2 4 5 3 2 3 4 2 5 1 1 2 2 1 2 2 2 3 1 5 1 3 2 3 1 1 3 2 3 5 3 5 5 5 2 1 5 2 1 4 5 4 3 1 3 2 4 1 1 3 3
94 13 4 3 4 1 2 1 4 3 5 3 1 5 2 4 2 4 3 5 4 1 4 5 3 4 4 4 5 4 4 2 1 3 2 1 4 5 5 5 4 1 5 5 3 4 3 3 3 5 5 2 4 5 5 1 5 3 5 4 3 1 3 4 2 1 1 1 1 2 1 3 3 2 3 1 3 4 3 3 5 5 1 4 5 3 2 4 1 2 1 5 4 1 3 5 2 4 2 3 3 5 4 1 5 1 2 3 1 3 4 5 5 3 1 2 4 2 5 4 4 2 4 3 3 1 5 3 5 1 1 1 2 1 4 3 3 2 2 1 4 5 3 3 3 1 5 1 2 3 3 5
95 15 3 2 5 3 5 5 4 3 5 3 5 4 1 5 5 1 2 3 3 2 2 5 2 3 5 3 1 3 1 2 2 1 2 1 2 3 1 4 4 3 3 2 5 3 4 3 1 5 1 3 5 2 3 3 2 3 3 5 4 2 3 3 4 4 5 2 3 5 5 5 4 3 4 3 3 1 5 5 4 4 4 3 1 1 2 1 2 1 1 4 2 2 4 4 5 2 1 4 4 5 3 4 1 1 3 2 2 5 2 4 4 5 5 5 4 2 2 4 3 4 4 3 3 5 4 5 3 4 4 2 5 5 1 1 1 1 2 3 2 3 5 2 3 4 4 1 5 3 2 5
96 15 5 1 5 5 5 3 2 5 2 5 4 3 1 3 2 5 3 2 3 4 5 3 2 4 4 5 4 4 4 1 4 2 2 2 5 1 1 3 2 5 2 4 5 4 3 5 1 4 2 1 2 5 5 1 1 2 3 2 1 2 5 3 3 1 3 4 1 4 5 3 5 1 2 5 5 3 4 3 4 1 4 4 2 5 5 1 5 3 2 2 3 3 1 5 2 5 4 4 4 1 4 5 1 4 2 5 2 3 2 3 5 1 5 1 5 5 3 4 5 3 1 1 4 4 3 4 5 3 3 3 4 5 5 3 5 2 3 3 2 2 3 1 2 2 4 5 2 2 4 3
97 12 5 2 4 2 4 3 1 5 1 4 2 1 4 2 3 1 1 4 5 2 1 1 1 4 5 2 5 5 4 4 4 3 2 4 4 4 5 1 1 3 3 2 4 1 3 1 2 5 3 1 5 2 3 5 1 3 5 5 1 5 3 2 3 5 3 3 1 3 4 3 1 4 1 5 5 3 4 1 3 3 4 2 4 1 3 3 3 2 1 1 1 3 1 1 3 3 3 1 2 1 5 5 4 5 5 2 5 4 5 1 2 5 4 4 3 3 5 2 2 3 3 4 1 2 1 4 3 1 2 2 4 5 5 5 5 1 3 2 1 4 3 4 3 4 1 4 1 1 1 4
98 10 5 2 1 2 4 4 5 3 2 1 5 1 3 1 1 2 1 1 1 5 2 1 2 1 5 4 1 4 2 1 3 1 3 5 5 5 4 2 2 4 5 1 3 3 5 3 4 1 4 4 1 4 3 4 3 5 1 1 1 4 1 2 3 1 5 2 2 2 2 5 4 5 5 4 2 3 2 4 1 2 5 2 2 1 2 4 3 5 4 2 1 5 4 5 3 5 2 1 2 1 3 4 3 2 4 3 5 3 1 4 1 1 1 4 4 2 3 4 2 1 3 2 4 3 2 4 2 4 5 1 5 4 5 1 3 2 4 3 5 3 5 5 4 2 1 1 2 5 2 1
99 12 2 5 3 4 4 5 2 3 3 3 4 4 5 4 4 3 3 2 2 1 1 5 1 2 1 3 4 4 5 1 3 2 3 5 4 4 2 4 5 1 1 3 5 5 3 2 4 3 5 5 3 5 3 5 4 1 1 2 4 3 4 4 4 5 2 5 2 5 3 4 3 3 4 5 5 3 5 3 3 4 2 1 1 2 1 1 4 2 3 5 1 1 3 4 4 2 5 3 1 1 3 3 2 5 2 3 3 5 4 2 4 3 2 2 3 1 5 3 2 1 4 1 5 3 5 2 1 1 5 4 3 3 3 3 2 2 2 2 5 3 2 2 4 1 5 4 1 1 3 5
