100 100
NETWORK_TREE :
70 0 10
62 70 8
94 62 10
85 94 8
69 62 1
2 70 10
80 69 4
54 0 6
48 69 5
36 85 3
47 36 1
65 36 10
58 65 3
23 65 6
7 70 8
53 65 7
74 47 6
52 53 9
16 47 10
98 62 7
13 7 9
27 69 9
96 23 7
17 58 9
63 80 3
78 80 10
72 98 1
25 17 4
57 25 2
34 62 1
14 80 7
42 14 8
37 0 1
91 14 10
61 96 7
26 27 4
90 96 1
95 53 10
15 25 1
89 85 6
19 65 4
1 0 6
92 78 4
68 42 6
56 16 1
67 47 10
73 36 7
46 61 10
6 26 6
40 2 10
75 68 8
35 6 2
49 58 3
18 54 8
12 25 6
31 98 10
3 90 8
9 0 2
32 23 7
8 27 5
20 62 6
50 69 9
93 34 5
38 16 2
41 38 6
51 92 2
55 93 1
88 3 2
22 26 1
28 80 5
11 93 4
39 6 8
4 90 9
5 9 7
79 16 9
45 17 1
83 12 5
64 17 3
86 54 4
29 96 10
44 35 4
43 62 6
60 43 6
59 42 4
30 19 5
10 4 5
97 28 3
84 6 6
82 97 10
77 96 1
76 10 9
71 7 3
21 42 10
81 20 4
99 26 6
24 42 3
66 65 4
33 48 10
87 51 5
NODE_PROGRAM :
0 1 2 3 4 5 6 7 8 9 10 11 12 13 14 15 16 17 18 19 20 21 22 23 24 25 26 27 28 29 30 31 32 33 34 35 36 37 38 39 40 41 42 43 44 45 46 47 48 49 50 51 52 53 54 55 56 57 58 59 60 61 62 63 64 65 66 67 68 69 70 71 72 73 74 75 76 77 78 79 80 81 82 83 84 85 86 87 88 89 90 91 92 93 94 95 96 97 98 99 100
1 98 18 34 100 36 4 56 60 29
2 1 34 35 4 68 6 71 11 48 82 84 52 55 91 59 60 31
3 1 2 3 4 5 7 8 9 11 12 13 14 15 16 17 18 19 20 21 22 24 25 26 27 28 29 30 31 33 34 35 36 37 39 40 41 42 43 45 46 47 48 50 51 52 53 54 56 58 59 61 62 63 64 66 67 68 69 70 71 72 73 74 75 76 77 78 79 80 81 82 84 85 86 87 88 89 90 91 92 93 94 95 96 97 98 99 100
4 1 2 3 4 5 7 9 11 12 17 18 20 22 24 25 26 27 29 31 33 35 36 37 38 40 42 44 46 48 49 50 51 53 56 57 58 60 62 63 64 67 68 70 74 75 76 77 78 79 80 81 82 84 85 86 87 88 89 93 95 96 100
5 1 2 3 4 6 7 11 12 17 18 21 22 23 24 25 26 27 28 29 30 32 33 35 36 38 39 40 41 42 43 44 46 47 48 49 50 51 52 55 57 58 62 63 64 65 66 67 68 70 71 73 74 75 77 78 82 83 85 87 90 93 94 95 97 99 100
6 18 35 85 21 91
7 64 2 3 4 68 6 76 13 78 14 81 83 84 22 87 25 92 30 95 32 99 41 42 43 50 53 56
8 1 3 4 5 6 7 8 9 10 13 16 17 19 24 27 28 29 35 36 37 39 40 43 44 48 51 61 62 63 64 65 66 67 68 69 70 71 73 74 75 77 82 83 85 86 87 89 90 92 100
9 1 2 4 6 8 9 11 13 18 19 20 21 24 25 26 29 30 31 38 42 43 45 47 48 49 53 54 55 57 58 59 64 65 66 67 73 74 75 79 80 81 83 85 87 88 90 91 94 95 96 98 99
10 64 2 5 70 71 9 75 13 78 18 83 84 85 22 24 25 28 94 95 96 32 33 34 39 44 57 61 63
11 2 4 5 7 8 9 10 11 13 16 17 18 20 21 22 23 24 26 27 29 30 32 34 35 36 38 39 41 42 43 45 46 47 48 49 50 51 54 55 57 58 59 60 62 63 64 65 66 67 68 69 70 73 74 75 76 77 81 82 83 84 85 86 87 89 90 91 93 94 95
12 2 4 5 6 7 8 9 10 11 12 13 14 16 17 18 19 20 22 24 25 26 27 29 31 32 33 34 35 37 38 39 40 41 44 45 46 48 49 50 51 52 53 54 55 57 58 59 60 61 62 63 64 66 67 68 69 70 71 72 73 74 75 76 77 78 79 80 81 82 83 84 85 86 87 88 90 91 92 93 94 95 96 97 98 99
13 1 66 2 5 72 73 9 10 11 77 14 79 80 16 81 17 19 84 87 23 89 26 91 27 30 94 95 32 34 98 35 36 100 38 39 40 42 46 49 54 55 57 59 60 61 62 63
14 2 3 5 6 7 8 9 10 11 14 15 16 17 19 20 21 23 24 25 27 28 29 30 31 33 34 35 36 38 43 44 45 47 49 50 51 53 55 56 57 58 59 60 61 64 65 66 69 70 71 74 75 76 77 78 80 81 82 83 85 87 88 90 91 93 95 96 97 98 99 100
15 1 65 2 67 70 7 72 9 77 80 81 83 85 23 87 88 89 25 90 91 92 31 98 36 43 44 48 49 50 54 55 57 59
16 1 3 5 7 8 9 10 11 13 14 16 18 20 22 23 25 27 28 30 31 33 36 37 39 40 41 42 43 44 45 46 47 49 50 51 52 53 56 57 60 61 64 66 67 69 70 71 72 74 75 77 78 79 80 81 85 86 87 89 90 91 92 93 94 95 96 99 100
17 1 3 4 6 7 8 9 10 11 12 13 14 15 17 19 20 21 22 26 27 28 29 31 32 33 38 39 43 44 48 49 51 52 55 56 57 59 60 62 66 68 69 70 71 72 77 80 81 82 83 84 85 86 87 88 90 91 93 94 97 98 99 100
18 1 3 4 5 6 7 8 11 12 13 14 16 17 19 20 21 23 25 26 27 30 33 34 35 37 38 39 40 41 43 44 46 47 48 49 51 52 53 54 55 56 57 59 61 62 63 64 65 66 67 68 69 70 71 75 76 77 80 82 83 85 87 91 93 95 96 97 99 100
19 64 65 34 4 9 43 13 18 50 53 26 29 31
20 65 1 2 3 69 5 7 9 12 77 13 14 15 82 84 21 25 89 90 27 93 94 31 95 96 33 98 34 35 99 40 41 43 44 54 61 63
21 1 2 3 4 5 6 7 8 9 10 11 12 13 14 15 16 17 18 19 20 21 22 23 24 25 26 27 28 29 30 31 32 33 34 35 36 37 39 40 41 42 43 44 45 46 47 48 49 50 51 52 54 55 56 57 58 59 60 61 62 64 65 66 67 68 69 70 71 72 73 74 75 76 78 79 80 81 82 83 85 86 87 88 89 90 91 92 93 94 95 96 97 98 99 100
22 1 5 6 7 8 9 10 11 12 13 14 15 16 17 18 19 20 22 23 24 25 26 27 28 30 32 34 35 36 37 39 40 41 42 44 48 50 53 54 55 57 58 59 61 62 64 66 67 72 73 74 75 78 79 81 82 83 84 85 86 89 90 92 93 95 96 97 99
23 1 67 4 70 75 11 13 17 18 82 84 24 25 89 26 28 95 33 99 36 37 41 42 50 53 54 56 57 60 63
24 1 2 3 5 6 8 9 10 14 16 17 18 20 21 22 23 27 28 29 31 32 33 35 36 37 38 39 40 41 42 43 46 47 48 49 50 51 52 54 58 59 60 61 63 64 65 66 71 72 73 74 75 76 77 79 82 83 84 86 87 88 89 91 94 95 97 99
25 1 2 3 5 6 7 8 9 13 14 17 20 23 25 28 29 30 31 32 33 36 37 40 41 42 47 50 52 54 55 56 60 63 64 65 66 70 72 73 74 76 77 79 81 82 83 84 85 86 87 88 89 90 91 92 95 96 97 98 99
27 65 4 6 7 71 8 9 73 11 76 78 14 80 82 19 20 84 85 87 24 25 93 29 98 40 46 50 55 57 58
28 1 2 3 4 5 7 9 10 11 13 14 15 16 17 18 20 21 22 23 24 25 26 27 28 29 30 31 33 34 35 36 37 38 39 40 41 42 43 44 45 46 47 48 49 51 52 53 54 55 56 57 58 59 60 61 62 63 64 65 66 67 68 69 70 71 72 73 74 75 76 77 78 80 81 82 83 84 86 87 89 90 91 92 93 94 95 96 97 98 99 100
29 1 3 4 5 7 8 9 10 11 12 13 15 16 17 18 19 20 21 22 24 27 28 29 31 33 34 35 36 38 39 40 43 44 45 46 47 48 50 51 52 53 54 55 57 58 59 61 62 63 64 65 66 67 68 69 71 72 74 76 77 78 79 80 84 85 86 87 88 89 90 91 92 93 94 96 98 99
30 65 2 5 70 73 9 11 12 14 16 17 81 18 82 83 86 22 87 89 92 93 29 96 34 100 39 40 42 44 45 47 48 56 57 59 60 63
31 1 3 4 5 6 7 8 9 10 12 13 14 16 17 18 19 20 21 23 24 25 26 27 29 31 32 33 34 35 36 37 38 40 42 43 45 46 47 51 52 53 54 56 57 58 59 60 61 62 63 64 65 66 67 68 69 70 71 72 73 74 75 76 77 78 79 80 81 82 83 84 85 86 87 88 89 90 91 93 94 95 96 97 98 99 100
32 1 2 3 5 6 7 8 9 12 13 14 15 16 17 18 19 20 21 22 23 24 25 26 27 28 29 30 31 32 33 34 35 37 38 39 40 42 43 44 45 46 47 49 50 51 52 54 55 56 57 58 60 61 62 63 64 65 66 67 68 69 70 72 74 75 76 77 78 79 80 81 82 83 84 85 87 88 89 90 91 92 93 94 95 96 97 98 99 100
33 1 2 3 7 10 12 14 15 16 18 19 20 22 24 25 26 27 29 30 31 32 33 34 35 37 38 39 40 42 43 45 46 47 48 50 51 52 53 54 55 56 57 58 59 60 61 62 63 64 65 66 67 68 69 71 73 74 75 76 77 78 79 81 82 83 84 85 86 87 88 89 91 92 93 95 96 97 99 100
34 64 96 37 69 38 8 75 12 45 13 16 24 89 26 27 60 93 94 30 95
35 1 2 5 6 9 10 12 13 16 20 23 26 27 29 31 35 36 40 43 46 48 49 50 52 53 54 55 57 59 60 61 62 63 65 66 68 69 71 72 73 75 76 78 79 83 84 85 86 87 89 91 92 95 96 97 99
36 2 67 68 5 7 8 75 12 79 16 80 17 81 82 83 20 22 87 23 89 91 92 34 37 39 43 44 49 50 51 55 56 57 59 63
37 2 3 5 6 8 10 11 16 17 19 20 21 22 23 24 25 27 30 31 32 33 34 35 38 39 40 41 42 43 44 45 46 47 48 53 55 56 57 59 60 61 62 65 66 69 70 71 72 75 77 78 79 81 82 83 84 87 88 91 92 93 95
38 1 65 34 67 36 69 5 40 9 73 74 75 45 14 49 17 81 85 86 22 59 29
39 1 2 3 5 7 8 10 11 14 15 18 19 20 23 24 25 26 27 28 29 30 31 32 33 34 35 41 42 44 45 46 48 49 51 54 55 56 57 58 59 60 63 64 65 66 67 69 72 74 75 76 77 79 80 81 82 84 85 86 87 90 94 96 97 100
40 1 2 3 4 5 6 8 9 10 11 12 13 14 15 16 17 18 19 20 21 22 23 25 26 28 29 30 31 32 33 34 37 40 41 42 43 44 45 46 47 48 49 50 51 53 54 55 56 57 58 59 60 61 62 63 64 65 66 67 68 70 71 72 73 74 75 77 78 79 80 81 82 83 84 85 86 87 88 89 91 92 93 95 96 97 98 99 100
41 1 2 3 4 5 6 7 8 9 10 11 12 15 17 18 20 21 22 23 24 25 26 27 28 29 31 32 33 35 36 38 39 40 41 43 45 46 47 48 49 50 51 52 53 54 55 56 57 60 61 62 63 64 65 66 67 69 70 71 72 73 74 75 78 79 80 81 82 83 84 85 86 88 89 90 91 93 95 96 97 100
42 1 2 3 6 7 8 10 11 12 13 15 17 18 19 22 23 26 30 31 32 33 36 37 38 42 44 45 47 51 52 54 56 57 58 59 60 62 64 65 67 70 72 73 75 76 78 79 83 84 85 87 88 91 93 94 97 99
43 1 2 3 4 5 7 9 11 14 15 16 17 19 20 21 22 25 26 28 29 31 33 35 37 38 41 42 43 45 46 49 51 52 53 54 57 58 59 60 61 62 63 64 68 69 73 74 75 76 78 80 81 83 84 85 87 89 90 92 93 96 97 100
44 1 2 3 4 5 6 7 8 9 10 11 12 13 14 16 17 18 19 20 21 22 23 24 25 26 27 28 29 30 31 32 33 34 36 37 38 39 40 41 42 43 44 45 46 47 48 49 50 51 52 53 54 55 56 57 58 59 60 61 62 63 65 66 67 68 69 70 71 72 73 74 75 76 77 78 79 80 81 82 83 84 85 86 87 88 89 90 91 92 93 94 95 96 97 98 99 100
45 1 3 4 5 11 12 13 14 15 17 20 21 23 26 31 35 36 41 44 47 48 49 50 53 57 58 62 65 66 67 69 70 71 72 73 74 75 77 78 79 81 82 83 86 87 90 91 93 97
46 1 2 3 4 5 6 7 8 9 10 11 12 13 14 15 17 18 19 20 21 22 23 24 25 28 29 30 31 32 33 34 35 36 37 38 39 40 41 43 44 45 46 47 48 49 50 51 52 53 54 55 56 57 59 60 61 62 63 64 65 66 67 68 69 70 71 72 73 74 75 76 77 78 79 81 82 83 84 86 88 89 90 91 92 93 94 96 98 99 100
47 64 1 2 67 68 5 6 7 72 9 73 10 74 77 78 79 80 81 83 84 21 87 25 90 91 29 95 96 32 98 36 100 41 43 47 50 52 63
48 3 69 6 71 73 75 13 14 16 18 19 23 24 92 93 94 98 99 100 39 40 48 58 61 62
49 1 2 3 4 8 10 11 12 13 14 17 19 20 21 22 27 29 30 31 32 33 35 36 37 39 40 41 42 43 44 45 47 48 49 51 52 53 55 56 58 59 63 64 65 71 73 75 78 79 84 87 89 91 92 96 97 99 100
50 2 66 72 8 73 74 11 12 76 18 82 83 20 84 23 87 24 25 26 91 28 29 30 95 96 97 34 35 99 44 46 55 56 58 63
51 1 2 3 5 7 8 10 11 12 14 16 17 18 19 20 21 24 25 26 27 29 31 34 35 36 39 40 42 43 44 46 49 50 51 52 54 55 56 57 58 59 61 62 63 64 65 66 69 70 71 72 73 74 75 76 77 78 79 80 82 84 85 87 89 90 93 94 95 97 98 99
52 27 60 62 47
53 1 2 3 4 6 7 10 11 12 15 16 17 18 19 20 21 22 23 24 25 26 28 29 31 34 35 36 37 38 41 42 43 44 45 46 47 48 49 51 52 53 56 57 59 60 62 64 65 67 68 69 71 72 73 74 75 76 77 79 80 81 83 84 85 87 88 90 91 93 94 96 97 98 99 100
54 64 65 66 4 69 70 6 7 73 12 13 14 79 80 81 19 20 86 89 26 27 91 29 93 94 32 96 98 34 99 35 36 100 37 39 40 42 44 45 47 50 51 52 57 59 62
55 96 33 2 3 67 68 38 8 72 40 73 41 74 43 11 44 78 16 81 19 20 21 90
56 4 5 9 12 17 18 20 21 23 26 27 29 30 32 35 37 38 39 41 42 45 46 48 51 52 53 54 55 57 58 60 65 70 72 73 74 76 77 79 80 83 84 85 86 87 88 89 91 92 93 96 98
57 1 2 5 8 9 11 12 13 14 17 18 23 24 27 33 35 39 40 41 42 44 46 47 48 58 59 61 62 63 64 67 71 72 74 75 76 78 79 82 85 87 91 92 93 95 96 98 99 100
58 1 2 3 4 6 7 8 9 10 11 12 13 15 16 17 19 20 21 22 23 24 25 26 27 28 29 30 31 32 33 34 35 36 37 38 39 40 41 42 43 45 47 48 49 50 51 52 53 54 55 56 57 58 59 60 61 62 63 64 65 66 67 68 69 70 71 72 73 74 77 78 79 81 82 83 84 85 86 87 88 89 90 91 92 93 95 96 97 98 99 100
59 1 2 3 4 6 7 8 9 13 14 15 16 18 19 20 21 23 24 25 26 30 32 33 35 37 38 39 44 45 46 48 49 50 55 59 60 61 65 66 68 69 71 72 73 74 75 76 77 78 79 82 83 87 89 90 92 94 97 98
60 1 2 3 4 6 7 9 10 11 14 15 17 19 20 21 23 25 29 30 31 33 34 35 36 37 38 40 44 48 49 52 53 54 55 56 57 58 60 63 64 66 67 68 69 70 72 74 75 76 78 79 82 84 85 87 89 95 97 98
61 5 6 7 8 9 10 11 13 19 22 29 30 32 33 34 35 38 41 42 44 45 49 52 53 56 57 58 59 60 62 63 64 66 69 70 72 73 74 75 76 79 85 87 89 92 93 94 96 97
62 16 20 4 57 10 74 12 78 94
63 64 1 2 3 4 5 69 70 8 9 10 74 11 13 15 81 20 21 86 22 87 23 88 24 26 28 92 29 30 95 32 96 33 100 37 38 40 41 43 44 49 51 53 59 60 62
64 67 68 5 71 9 74 75 12 78 17 81 18 83 84 20 21 85 24 88 89 25 26 91 93 30 95 32 96 33 97 98 37 44 46 48 50 51 52 54 57 59 62 63
65 1 2 3 4 5 6 7 8 9 10 11 12 14 16 17 18 19 20 21 22 26 27 28 29 31 33 34 35 36 38 40 41 42 43 44 45 47 49 50 51 52 53 54 55 56 58 59 60 61 62 63 64 65 66 67 68 69 70 71 72 73 74 75 76 78 79 80 81 82 83 84 85 86 87 89 90 91 92 93 94 95 97 99 100
66 65 35 7 71 8 11 43 13 14 48 49 82 19 84 22 87 88 58 91 60 92 29
67 32 35 3 5 6 7 40 44 46 81 18 83 86 88 56 57 58 91 59 27 61 95
68 1 2 3 4 5 6 7 8 9 11 12 13 14 15 16 17 18 20 23 24 27 28 30 31 32 33 36 39 40 41 44 45 46 47 48 49 50 52 53 54 55 56 57 58 59 62 63 64 66 67 68 71 73 74 75 76 77 79 81 82 83 84 85 86 88 89 90 91 92 93 96 97 99 100
69 2 67 4 8 10 79 17 84 25 26 27 92 93 31 35 99 37 38 40 41 42 49 52 56 58
70 1 2 3 4 5 6 7 8 9 10 11 12 13 14 15 16 17 18 19 20 21 22 23 24 25 26 28 29 30 31 32 33 34 35 38 39 40 41 42 43 44 45 46 47 48 49 50 51 52 53 54 55 56 57 58 59 60 61 62 63 64 65 66 67 68 69 70 71 72 73 74 75 76 77 78 79 80 81 82 83 84 85 86 87 88 90 91 92 93 94 95 96 97 98 99 100
71 37 7 39 57 75 94
72 1 2 3 4 5 6 8 13 14 17 19 21 22 24 29 32 34 35 36 38 39 41 42 44 45 47 48 49 51 53 54 55 56 57 58 59 60 61 62 65 66 68 69 70 72 73 75 76 78 82 84 86 87 88 90 91 92 94 95 96 97 98 100
73 1 4 5 9 10 11 15 16 18 19 20 23 24 26 27 30 31 33 34 35 36 38 40 41 44 45 47 48 49 51 52 54 56 58 60 61 62 65 69 70 71 78 79 80 81 82 84 85 86 87 89 91 93 94 96 98 100
74 2 34 67 70 12 95
75 1 5 6 7 9 73 74 11 79 80 82 19 20 22 88 89 90 27 92 28 94 30 32 34 100 39 40 41 42 45 47 48 50 51 55 60 61 63
76 1 2 3 4 5 7 8 9 10 11 13 14 15 16 17 18 19 20 21 22 23 24 25 26 27 28 29 31 33 34 35 37 38 39 40 41 42 43 44 45 46 47 48 49 50 51 52 53 54 55 56 58 59 60 62 63 64 65 67 69 70 71 72 73 74 75 76 77 78 79 80 81 82 83 85 86 89 91 92 93 94 95 96 97 98 99 100
77 1 2 4 5 6 7 8 9 10 11 12 13 14 15 19 20 21 22 23 24 25 26 27 28 29 30 31 32 33 34 35 36 37 38 39 40 41 42 43 44 45 46 47 48 49 50 51 52 53 54 55 56 57 59 60 61 62 63 64 65 66 67 68 69 70 71 72 73 74 75 76 77 78 79 80 81 82 83 84 85 86 87 88 89 90 91 92 93 94 95 96 97 98 99 100
78 64 65 68 70 71 7 8 74 76 16 85 21 22 24 88 89 26 28 29 93 95 31 34 40 44 46 47 48 55 60
79 96 48 66
80 1 2 3 5 7 9 10 11 12 14 15 16 18 19 20 21 23 24 25 27 28 29 30 31 33 34 36 37 41 42 43 45 46 49 50 51 53 54 55 57 58 59 60 61 62 63 64 65 66 68 69 71 72 74 78 79 80 81 82 84 85 86 87 88 89 90 91 92 94 95 96 97 99 100
81 1 2 3 5 6 9 10 11 12 14 15 17 18 19 20 21 22 23 24 26 27 28 29 31 32 34 35 36 37 39 41 42 44 45 47 49 50 52 53 54 56 57 59 60 64 65 66 69 70 71 72 73 74 75 76 77 79 81 82 83 84 85 86 87 88 90 92 93 94 95 96 97 98 99 100
82 64 1 65 70 71 7 76 44 15 16 80 49 50 87 28 29
83 1 2 4 5 6 8 9 10 11 14 15 16 17 18 19 20 21 22 24 25 26 27 28 29 30 32 33 34 35 36 37 39 42 44 46 47 49 51 52 54 55 57 58 59 61 63 64 65 67 69 70 71 72 73 76 77 78 79 80 81 82 83 84 85 86 87 89 90 91 92 93 94 95 96 97 98 99 100
84 3 4 5 6 7 10 11 13 14 15 17 18 20 22 23 24 26 27 30 31 34 35 36 37 39 41 42 43 45 46 48 49 50 52 53 54 56 57 58 59 60 61 62 63 64 66 67 68 69 70 71 74 78 79 80 81 83 84 85 86 87 88 89 90 92 94 97 98 99 100
85 64 1 66 69 5 6 70 9 75 12 78 18 82 19 83 23 24 90 28 92 29 34 99 100 38 39 40 45 47 50 57 58 60 63
86 64 65 1 66 3 4 5 71 14 79 80 19 83 85 21 87 88 89 90 27 91 28 95 32 98 35 37 42 44 47 48 52 56 57 59 63
87 33 1 35 37 5 39 72 73 76 77 13 78 17 81 82 83 56 26 92 61
88 64 4 68 6 8 73 10 12 13 78 15 83 21 22 23 88 25 90 27 30 33 36 37 41 45 47 48 53 57 62 63
89 64 66 68 4 5 69 70 71 8 74 13 15 16 81 18 19 23 26 29 93 95 96 32 97 38 41 44 49 51 53 54 60 62
90 1 2 3 4 5 8 9 10 11 12 13 14 15 16 17 19 20 21 22 23 24 26 28 29 30 31 32 33 34 35 36 37 38 39 40 41 42 43 44 45 46 47 48 49 50 51 53 54 56 58 59 60 61 62 63 64 65 66 67 68 69 70 71 72 73 74 75 76 77 78 79 80 81 82 84 85 86 87 89 90 91 92 93 94 95 96 97 99 100
91 1 2 4 5 6 8 9 10 11 12 13 14 15 16 17 18 19 20 21 22 24 25 27 28 29 30 31 35 36 38 39 40 41 42 43 45 46 48 49 50 51 54 55 56 57 58 59 60 61 62 64 65 66 68 70 72 73 74 75 76 77 78 79 82 83 84 85 86 87 88 89 90 91 94 95 96 97 98 99 100
92 64 66 3 4 5 70 71 12 77 13 78 80 16 20 88 89 91 27 92 93 31 95 97 34 98 36 37 39 41 43 44 45 48 49 55 57 58 60 62
93 1 2 3 4 5 6 7 8 9 10 11 12 13 14 16 17 18 19 20 21 22 24 25 26 27 28 29 31 32 33 34 35 36 37 38 40 41 43 44 45 46 47 48 49 50 51 53 54 56 58 59 60 61 64 65 66 67 68 69 73 74 75 76 77 78 81 82 84 86 87 88 89 90 91 92 93 94 95 97 99 100
94 19 68 87 7 57 26 27 91 44 61 14 47
95 1 2 3 4 5 7 8 9 11 12 13 14 15 16 17 18 19 20 21 23 24 25 27 28 30 31 32 33 34 35 36 37 38 39 40 41 43 44 45 46 47 48 49 50 51 52 54 56 57 58 59 60 61 62 63 64 65 66 67 68 69 70 71 72 73 74 75 76 77 78 79 80 81 83 84 85 86 87 88 89 90 91 92 94 95 96 97 98 99 100
96 1 2 3 4 5 6 7 8 10 11 12 13 14 15 16 17 18 19 20 21 22 23 24 25 26 27 28 30 31 32 33 34 35 36 37 38 39 41 42 43 44 45 46 47 48 49 50 51 53 54 55 56 57 58 59 60 61 62 63 64 65 66 67 68 69 70 71 72 73 74 75 76 77 78 79 81 82 83 84 85 86 87 88 90 91 93 94 95 96 97 98 99 100
97 51 55 14
98 33 68 36 37 70 73 76 81 49 17 19 87 56 58 26 91 28
99 99 68 4 71 7 73 42 10 74 43 79 48 49 18 51 86 55 59
COST_INSTALL_SERVER_AND_PROGRAMS :
0 13 1 5 5 2 5 4 3 4 3 1 5 4 4 4 4 3 4 2 5 3 5 5 4 2 4 1 5 1 2 2 4 1 2 3 5 1 2 2 4 4 2 1 2 4 2 3 2 4 3 4 1 1 3 3 5 4 5 2 4 5 3 4 2 1 4 2 1 2 3 5 2 4 1 3 3 5 3 1 4 2 3 4 1 5 2 5 3 3 1 1 1 4 2 1 3 3 2 5 4 2
1 13 3 2 5 3 4 2 4 1 2 5 4 4 1 3 4 1 1 3 4 1 3 2 1 3 5 5 3 4 1 2 1 3 1 5 3 2 5 3 2 3 2 2 2 2 2 3 5 4 2 5 1 4 1 3 4 1 2 3 4 1 3 2 5 3 1 1 2 1 3 2 2 5 5 3 3 5 3 3 3 5 3 3 3 3 5 5 2 3 2 2 4 3 5 1 5 2 5 2 3 4
2 10 2 3 5 5 5 3 2 2 4 2 2 4 4 2 5 1 5 5 3 4 3 5 2 4 4 5 3 2 4 1 4 4 3 4 1 3 5 5 5 3 1 5 5 4 4 3 2 5 4 4 3 5 2 4 3 3 3 4 1 1 1 2 3 3 3 5 3 5 1 4 5 2 5 4 1 5 4 2 4 5 1 5 2 1 1 3 5 3 2 3 1 2 2 4 1 2 4 3 1 2
3 9 4 1 1 4 5 5 4 4 4 3 3 3 1 3 5 2 3 1 1 4 1 5 2 4 2 3 5 1 2 5 5 1 5 5 3 5 1 1 2 3 1 2 4 1 3 2 2 5 5 3 1 3 2 5 4 4 3 3 4 5 2 2 4 1 5 3 4 4 3 1 3 4 1 2 3 1 2 2 2 1 4 3 1 3 3 1 3 1 2 4 3 1 3 2 4 1 5 1 1 2
4 9 2 1 4 4 4 5 3 2 2 4 3 5 3 1 5 1 5 2 3 4 5 5 4 1 3 5 1 4 3 2 5 4 3 2 1 5 1 1 4 4 5 1 5 4 5 1 1 5 5 4 4 4 5 4 5 1 1 2 4 4 5 5 5 5 2 5 1 4 2 1 4 4 4 3 2 3 2 3 3 5 3 4 3 2 3 4 2 3 4 5 2 1 4 2 2 4 5 2 4 1
5 13 4 2 1 3 4 2 5 2 4 4 5 2 5 3 4 4 2 5 2 1 4 4 1 2 3 1 1 4 4 4 4 4 5 1 4 3 1 2 2 4 4 4 2 2 1 5 4 1 5 1 2 3 4 1 2 5 2 1 4 3 5 4 4 4 3 4 5 5 2 2 4 3 3 3 4 2 4 3 3 5 2 4 3 1 2 2 5 4 4 2 2 4 5 3 3 3 3 1 1 3
6 15 4 5 5 5 1 3 3 4 1 5 3 5 4 5 2 3 5 1 3 5 2 5 4 4 1 2 4 3 4 5 2 2 2 4 4 2 5 3 1 1 5 4 2 1 2 5 3 3 4 4 5 5 4 2 2 4 5 1 2 2 1 3 4 5 4 2 1 2 1 4 5 3 3 5 5 4 4 3 1 2 1 4 1 4 3 3 5 5 2 5 4 1 4 3 4 5 4 4 5 4
7 14 2 5 2 2 4 2 5 2 2 1 1 1 4 1 1 3 1 1 2 2 4 4 5 1 4 1 3 1 1 1 3 1 1 2 1 3 3 3 5 1 2 5 3 1 3 2 4 4 4 4 2 1 2 2 5 2 2 5 1 2 1 2 4 3 2 2 4 3 3 2 5 4 2 2 1 4 5 3 2 4 5 1 1 2 2 3 4 4 5 1 2 3 5 5 2 1 4 5 1 2
8 15 1 4 5 3 1 2 5 3 1 3 3 3 5 2 3 3 5 1 2 5 1 5 2 3 1 2 2 1 1 5 5 1 3 2 5 3 1 3 4 3 4 4 3 5 5 1 2 4 2 2 5 5 2 5 1 4 1 1 3 4 4 4 3 1 1 5 1 4 4 5 1 5 3 1 5 1 4 4 4 4 4 4 4 3 2 4 4 2 3 4 4 5 5 2 2 5 1 4 2 2
9 13 1 3 4 3 5 1 5 2 4 5 1 4 4 5 5 4 5 4 1 2 3 3 5 5 3 1 4 4 3 1 4 4 2 1 1 5 1 4 5 4 2 1 5 1 5 5 2 1 4 5 2 1 2 5 3 2 3 1 4 1 2 4 1 5 5 4 2 3 2 2 2 2 3 1 2 1 2 3 3 1 1 4 4 2 2 4 2 4 3 4 5 5 5 4 5 1 2 1 2 5
10 10 1 3 2 4 2 3 1 5 1 1 5 2 2 3 3 5 2 1 1 2 4 4 4 1 2 2 4 5 2 2 2 3 1 2 5 3 4 5 4 3 3 2 2 1 4 5 5 2 2 3 4 3 4 2 3 5 4 5 1 4 5 3 2 5 5 4 3 3 5 2 5 1 1 1 1 2 5 1 4 2 1 2 1 4 3 2 4 5 2 5 2 2 5 3 5 5 3 1 1 2
11 6 2 3 4 5 2 4 3 3 1 2 4 4 2 5 1 3 3 1 5 4 1 2 5 2 1 1 5 2 1 4 4 4 4 3 4 2 3 5 5 1 4 4 1 1 2 4 1 4 3 3 5 3 3 5 2 4 5 3 4 2 4 1 2 1 4 4 4 1 4 4 3 3 4 2 5 5 3 2 5 2 1 5 2 3 2 1 2 4 2 5 1 1 3 4 1 4 4 2 5 4
12 8 3 3 2 2 1 1 2 4 4 1 3 2 3 3 5 5 1 2 3 3 2 4 1 1 3 3 4 3 2 4 1 4 2 3 3 3 2 3 4 4 3 4 1 1 4 4 2 5 3 4 2 2 5 2 4 2 3 3 1 1 1 3 3 2 1 3 2 2 1 5 2 5 3 1 3 4 5 3 3 3 2 5 3 5 5 3 2 5 1 3 2 5 2 2 1 4 1 4 3 5
13 11 4 2 3 5 5 2 4 5 1 2 4 5 5 4 5 4 2 1 5 4 2 4 1 1 2 4 1 3 3 5 5 4 3 1 1 5 3 2 1 1 1 3 4 5 4 4 4 1 1 1 3 3 4 4 5 5 4 3 3 4 4 1 2 2 2 4 3 1 5 2 2 3 3 2 4 1 5 4 3 1 2 1 2 5 2 3 3 5 1 5 2 5 5 2 2 5 5 2 5 1
14 8 4 2 4 5 5 4 1 3 4 4 3 3 5 5 2 1 3 1 5 2 3 4 3 5 1 4 5 4 2 3 2 1 1 3 3 5 4 2 3 1 1 3 3 2 4 4 5 5 5 5 5 4 2 5 3 4 3 4 1 3 2 1 3 4 3 3 4 4 5 2 1 1 3 3 4 3 4 4 2 4 2 3 4 1 1 4 5 4 1 4 3 1 5 4 2 3 4 4 1 4
15 14 5 4 1 2 3 2 5 4 5 5 4 1 4 5 2 3 2 4 4 5 5 2 2 4 4 1 3 2 2 3 3 4 1 3 1 3 3 4 3 3 4 2 5 5 3 1 5 4 3 3 1 5 5 4 1 1 4 1 5 5 5 3 3 3 5 4 2 1 4 3 5 5 1 4 1 3 3 4 1 3 1 2 2 4 2 5 2 5 2 5 4 4 1 3 2 1 5 4 3 1
16 14 4 5 4 5 4 4 2 2 3 5 1 3 1 3 4 4 4 1 2 3 2 2 3 5 2 2 4 1 3 2 4 3 2 4 1 5 5 5 4 2 1 2 3 3 1 5 4 5 4 1 5 3 4 1 2 3 3 1 2 5 5 2 1 1 2 1 2 3 2 5 4 2 3 3 5 3 3 2 2 4 5 1 4 5 3 4 5 5 5 4 3 2 2 2 3 3 1 2 3 4
17 14 1 4 2 3 5 1 3 5 4 4 3 1 1 1 4 1 3 2 1 5 1 2 3 1 1 1 3 3 4 5 4 1 2 3 3 5 4 5 1 3 4 1 4 4 3 3 5 3 3 2 4 3 4 1 3 5 4 3 1 2 4 1 1 1 4 3 4 3 5 1 1 5 3 5 2 2 5 5 1 5 2 5 1 1 4 2 1 4 3 1 4 3 5 1 2 1 1 4 1 4
18 12 5 2 5 4 5 1 2 3 2 2 4 2 5 5 3 1 2 5 4 1 2 4 4 3 2 5 1 1 3 2 2 5 1 1 2 2 1 1 3 3 5 4 1 1 1 4 3 1 4 4 1 5 4 5 3 1 5 1 3 3 3 3 5 2 2 3 5 2 4 5 1 3 1 4 5 2 3 4 5 1 4 2 4 2 1 3 3 1 5 3 3 2 2 2 4 1 3 5 2 2
19 12 1 1 4 4 1 5 2 3 3 1 1 2 4 1 3 4 3 4 1 3 3 2 5 3 1 4 2 2 1 5 3 4 3 4 5 5 4 4 1 2 2 1 1 1 4 1 5 1 2 1 1 1 2 1 4 5 3 4 4 1 4 1 5 2 4 4 4 5 5 5 2 3 2 2 4 2 1 2 5 1 1 4 2 5 2 5 5 1 3 2 1 2 4 4 3 4 4 3 5 3
20 11 1 1 4 5 5 2 3 5 1 2 2 3 2 3 1 3 1 1 2 5 1 2 4 1 5 5 1 3 1 2 3 1 4 4 2 2 4 4 3 5 3 1 5 2 4 2 3 2 2 5 4 2 5 1 1 1 4 2 1 5 5 5 5 3 5 2 1 4 3 5 4 4 5 4 5 1 2 1 2 5 5 5 2 4 4 1 1 4 5 2 2 4 4 3 2 5 4 1 5 5
21 12 4 3 3 1 4 5 1 1 4 2 3 2 2 3 4 4 5 5 3 2 1 2 1 5 5 4 3 4 3 3 4 2 5 5 4 3 1 3 1 4 4 3 1 4 4 5 1 1 3 5 1 4 4 5 1 3 1 2 3 5 5 1 1 2 2 1 4 2 2 3 4 1 2 3 4 3 3 3 5 2 5 1 3 4 4 4 1 2 4 2 2 4 2 4 4 3 2 2 5 5
22 10 5 1 3 3 1 4 4 2 5 3 4 3 2 1 4 2 2 4 5 5 3 3 4 2 4 5 1 1 5 2 5 5 1 5 4 5 5 1 3 1 1 3 5 3 5 2 1 2 2 4 1 2 2 5 2 5 4 4 5 5 2 1 4 3 5 3 1 4 2 1 2 5 4 1 5 1 2 5 1 4 1 4 3 5 4 4 3 4 2 5 5 3 4 3 2 5 1 5 5 1
23 10 2 3 2 3 4 1 5 3 3 1 2 2 1 2 1 4 5 5 4 4 5 5 1 2 5 1 2 1 2 5 4 1 3 4 2 2 1 5 1 3 2 5 4 2 3 3 4 3 5 2 1 4 1 3 2 4 1 5 5 5 4 3 4 2 2 5 5 2 5 4 1 5 2 1 5 5 2 5 2 5 4 1 2 5 1 2 1 2 1 5 5 2 4 4 5 1 3 2 1 1
24 10 5 4 2 2 5 2 1 4 4 1 5 4 4 1 4 4 3 4 5 2 4 3 1 5 1 2 1 2 2 1 2 5 4 2 4 3 5 5 1 1 1 5 4 2 4 1 3 5 5 4 3 1 3 1 4 1 1 5 1 3 3 1 1 4 1 3 4 2 1 5 5 4 4 3 4 1 2 1 2 4 2 4 3 5 4 2 5 4 5 5 3 5 5 1 3 4 3 5 5 2
25 13 5 1 2 5 2 2 1 4 5 5 2 2 3 2 5 1 3 5 2 1 2 3 3 3 3 2 2 5 1 4 4 4 1 4 2 4 3 5 1 3 4 3 4 5 4 3 1 3 4 1 5 4 1 3 4 5 3 3 4 5 3 1 2 1 4 3 3 1 1 1 4 5 1 3 5 1 5 1 3 1 3 4 3 2 1 1 5 4 4 4 2 1 5 3 1 4 5 3 3 4
26 13 4 2 2 4 4 2 2 4 2 1 4 3 2 5 2 5 5 3 1 2 5 3 1 2 2 4 5 4 5 4 5 5 2 5 2 2 1 4 5 2 1 2 5 2 3 4 4 1 5 1 2 2 5 5 2 5 4 2 5 2 2 2 4 2 4 4 5 3 2 1 1 2 3 1 1 1 5 4 4 5 4 5 2 4 5 4 5 2 4 2 4 2 2 5 3 3 1 1 5 1
27 14 5 1 3 2 3 4 4 4 4 3 5 5 4 4 1 3 1 2 1 1 2 5 1 3 1 1 1 4 1 2 3 2 2 1 2 4 3 4 1 4 3 3 1 5 5 2 2 1 1 5 2 5 2 3 5 1 2 2 4 1 5 1 2 1 4 4 4 1 4 4 1 5 1 1 4 2 5 1 4 3 5 1 1 2 2 3 5 3 1 4 4 2 1 4 2 2 3 3 3 3
28 14 2 1 3 4 5 3 4 4 5 3 4 2 4 2 4 1 4 5 3 5 2 2 4 3 5 1 4 4 3 5 1 3 5 5 1 1 4 5 1 3 2 2 2 4 4 3 3 5 1 2 5 1 2 5 1 4 1 3 1 4 5 2 4 1 5 2 4 2 1 1 3 5 3 4 5 5 2 4 1 2 4 4 2 5 1 2 3 5 2 1 5 1 5 3 2 1 3 4 4 3
29 12 3 1 1 1 5 2 4 1 2 4 1 5 3 3 5 5 4 2 4 3 1 3 1 2 3 4 3 1 3 1 1 3 5 5 2 3 3 1 1 3 5 2 5 1 1 1 1 1 1 1 2 2 1 1 1 5 2 2 1 2 2 4 3 2 3 3 3 5 4 3 2 4 3 2 3 3 1 1 4 5 1 5 5 3 2 1 3 4 3 1 5 2 3 3 3 5 1 4 3 3
30 14 2 5 1 5 4 2 5 3 2 3 1 3 5 4 4 3 2 5 1 1 3 4 4 1 1 5 3 1 3 2 5 5 3 2 3 1 2 1 2 4 2 1 1 3 5 4 2 3 3 2 2 1 3 1 1 3 2 4 4 3 2 5 5 1 2 1 4 1 3 3 1 1 5 5 1 1 2 3 2 2 5 1 5 2 2 2 2 3 1 3 4 1 1 1 5 1 1 5 3 4
31 13 3 4 1 2 3 1 1 1 1 5 1 2 3 1 2 2 4 1 4 2 3 4 2 3 3 5 4 3 1 5 1 4 1 2 2 1 4 5 1 2 3 4 2 5 1 5 5 5 5 5 5 4 4 5 5 3 4 1 5 2 3 1 5 3 2 4 4 2 1 4 4 2 1 3 1 5 1 4 1 3 4 2 3 4 3 1 5 2 2 3 1 5 5 5 2 3 3 5 2 4
32 11 2 1 3 1 3 4 5 4 5 3 5 2 5 1 3 2 1 3 4 1 4 3 4 4 2 3 4 2 2 1 1 5 1 5 5 1 5 2 1 2 4 5 4 3 2 2 5 5 1 1 5 5 1 4 5 3 4 5 5 3 2 3 1 1 5 5 1 5 3 5 4 1 2 2 5 4 3 4 1 2 2 5 3 5 1 4 2 3 5 3 5 5 1 1 2 3 3 4 4 4
33 12 1 1 2 2 2 3 2 3 1 4 4 5 5 2 5 3 2 1 2 3 5 4 3 3 3 2 3 1 2 1 5 4 5 2 3 3 1 1 4 1 4 4 2 1 4 3 1 1 3 3 3 1 4 3 2 1 2 2 2 3 4 2 3 2 3 4 3 4 2 2 4 1 2 5 3 2 3 4 2 2 1 5 5 2 3 2 3 3 1 1 2 5 1 2 3 2 4 4 4 4
34 13 2 5 1 5 2 5 2 5 2 5 3 1 4 2 5 4 4 5 4 4 5 4 3 1 1 4 3 5 4 3 4 1 3 4 1 2 5 4 3 4 1 4 3 3 5 4 2 3 1 5 1 3 1 5 2 3 1 1 5 2 5 2 5 4 5 3 1 4 2 2 4 2 2 5 1 5 4 3 3 3 5 3 5 5 4 4 3 1 1 5 1 5 1 4 3 5 1 3 4 2
35 8 3 3 3 4 3 5 4 5 3 2 3 4 2 1 1 3 2 1 4 2 5 2 4 3 1 1 1 5 1 1 4 2 4 3 4 4 4 5 1 3 5 1 1 4 5 3 2 5 1 3 2 5 1 1 1 5 4 5 3 5 3 5 4 2 3 3 4 2 1 2 5 4 4 4 4 2 3 4 5 4 4 5 5 1 2 2 2 1 5 4 1 4 5 1 2 1 4 4 5 5
36 10 2 4 5 1 5 5 2 4 5 1 3 5 4 3 5 2 1 2 4 1 3 2 2 5 2 3 4 3 4 1 3 4 3 4 5 3 2 5 2 5 4 2 1 2 3 5 1 2 2 5 2 1 1 3 2 3 2 2 2 4 4 3 2 5 1 1 2 1 3 2 5 5 1 1 3 4 3 3 3 2 3 5 5 2 4 2 1 4 3 1 5 4 4 5 4 1 4 3 5 3
37 7 1 5 2 4 4 5 3 4 2 5 3 5 2 4 5 5 2 5 1 3 4 2 4 3 1 1 4 1 3 3 3 2 3 4 1 2 3 3 5 1 4 1 3 2 4 3 2 3 1 2 3 2 4 2 1 3 4 2 1 1 1 2 1 1 4 5 4 2 3 2 1 3 3 5 4 4 3 5 1 3 5 4 3 1 4 4 4 4 5 4 5 2 2 1 4 5 1 1 3 3
38 8 5 2 3 2 3 4 2 4 1 2 4 4 4 2 3 4 2 2 4 2 1 3 2 1 5 1 3 3 4 1 4 3 4 4 4 2 1 2 5 3 5 4 4 1 5 4 3 2 4 4 3 3 4 2 1 5 3 2 1 5 3 2 4 4 1 2 5 1 5 5 5 1 4 5 1 1 1 5 2 3 1 1 2 2 4 2 5 1 1 2 4 3 2 4 1 5 5 3 1 4
39 14 5 4 1 2 5 5 2 4 5 1 4 2 1 2 1 4 5 4 5 4 5 5 4 1 4 1 1 4 4 2 5 4 2 5 5 2 4 3 1 4 3 3 4 2 3 2 3 3 5 2 4 3 5 5 1 1 4 5 1 2 5 4 3 4 4 5 1 5 3 4 3 1 1 5 4 5 3 4 2 5 1 4 1 5 5 5 5 3 5 2 2 3 1 3 3 4 2 2 5 5
40 9 5 1 1 4 2 5 3 1 3 5 4 3 2 2 4 5 1 1 4 4 4 1 1 2 2 4 1 2 3 4 1 2 2 2 3 1 5 4 3 2 4 3 1 1 2 5 2 1 4 4 2 2 3 2 4 4 5 4 5 3 4 1 3 2 1 1 2 4 5 3 4 3 1 2 2 4 3 4 5 2 4 2 1 1 2 1 3 2 4 3 1 3 4 2 4 4 2 1 2 2
41 9 1 2 2 5 2 3 3 5 3 1 1 4 1 2 4 2 4 1 5 1 1 4 3 1 5 5 2 5 3 5 3 5 1 4 5 3 1 5 1 5 5 1 4 2 2 2 1 5 2 4 2 2 5 5 1 4 1 2 2 2 4 1 2 2 1 2 2 1 3 1 3 3 1 4 1 1 2 5 3 1 2 2 1 4 4 5 2 3 2 4 5 3 3 1 3 3 3 5 4 2
42 13 2 1 3 2 4 3 1 2 2 2 3 4 2 2 4 2 1 3 4 4 4 5 3 3 2 5 4 2 3 1 4 4 1 2 2 1 3 4 3 5 3 3 5 4 2 1 5 1 1 3 5 5 4 1 5 3 3 1 1 5 1 2 3 5 3 5 4 4 2 3 5 3 5 1 5 5 5 4 1 3 3 4 1 4 1 2 4 3 4 5 2 4 3 1 2 5 1 1 4 2
43 10 1 2 2 1 1 5 1 1 1 4 5 4 4 5 1 4 5 2 1 4 2 3 4 3 3 5 4 4 2 1 3 5 2 2 4 2 1 2 4 1 4 4 4 2 3 3 1 3 4 4 4 3 3 5 1 1 4 4 1 4 2 5 1 2 4 3 5 2 1 4 5 4 5 4 4 5 5 5 1 1 1 5 3 1 2 2 5 3 5 3 1 3 5 4 2 1 3 1 3 3
44 13 1 3 5 5 2 1 5 2 5 5 1 2 2 5 4 4 4 4 2 3 4 4 1 4 5 4 3 1 4 1 1 4 3 4 3 2 2 2 4 1 5 3 3 1 1 1 2 5 1 5 1 4 3 4 1 2 5 3 1 5 1 3 2 4 4 1 2 5 4 2 4 5 3 2 2 4 2 3 3 1 3 3 3 5 4 4 1 4 1 1 3 5 4 4 5 1 5 3 5 1
45 6 3 1 1 5 1 3 2 5 4 1 3 4 4 1 3 2 2 5 3 4 3 2 5 2 3 4 3 5 1 5 1 3 4 3 4 4 1 3 4 1 5 5 5 4 2 3 2 1 2 4 5 1 5 2 4 5 1 4 2 4 1 4 4 1 5 3 4 5 3 2 1 1 3 3 2 4 1 5 4 2 2 1 2 4 5 4 1 2 2 2 2 5 3 1 4 3 3 4 1 4
46 8 4 2 3 2 4 2 4 3 3 4 1 1 3 4 3 1 2 2 1 4 4 2 2 2 2 1 3 4 3 2 1 3 3 5 2 2 5 5 2 3 1 5 4 4 5 2 5 1 1 5 3 1 5 2 2 2 3 1 1 4 1 4 4 4 3 4 2 3 3 1 3 4 1 2 4 4 3 3 3 2 5 1 1 5 4 5 1 2 3 1 2 2 2 3 3 2 5 5 2 1
47 6 5 1 5 4 3 2 2 2 2 1 5 3 1 1 1 3 2 3 5 3 3 2 3 4 1 4 1 5 2 4 2 1 3 5 2 1 3 4 4 2 1 2 4 3 1 1 4 3 4 3 2 5 1 2 4 3 5 4 1 2 1 4 1 3 1 1 5 5 4 2 2 5 2 5 2 2 5 1 2 5 3 3 2 3 1 2 1 3 2 3 3 4 2 4 5 3 2 1 1 2
48 10 4 3 5 2 5 4 2 3 4 5 2 3 5 2 5 5 4 3 3 4 4 2 2 5 1 4 1 5 3 2 1 3 3 2 4 3 5 4 1 5 2 4 1 1 1 2 2 2 4 4 2 4 2 5 2 2 2 4 3 1 2 2 2 5 4 1 5 5 1 4 3 2 4 1 4 4 2 1 5 2 1 2 5 1 4 3 2 5 5 3 1 3 1 5 2 2 5 3 1 1
49 8 3 4 2 5 1 1 3 1 2 2 4 4 3 4 1 1 2 2 3 5 5 4 4 5 1 4 3 2 4 5 4 3 1 5 1 3 5 2 5 1 2 2 5 1 5 2 1 3 1 3 5 3 2 5 2 5 3 5 3 5 2 5 3 3 1 4 3 4 3 1 2 3 2 3 3 2 3 3 3 3 5 2 5 3 4 3 2 3 4 4 2 2 2 1 1 2 5 3 1 3
50 7 1 3 2 3 1 3 2 1 3 4 2 3 2 4 4 4 3 1 5 4 5 3 3 4 4 5 5 1 2 5 5 1 2 3 4 5 3 4 2 4 1 2 2 5 4 1 2 4 2 1 4 4 3 1 3 4 5 3 1 4 1 1 4 2 1 3 4 1 5 3 4 1 3 3 3 2 1 2 4 3 1 2 3 3 3 1 2 5 3 1 1 4 2 2 5 3 3 3 4 4
51 7 5 3 3 3 1 2 4 4 3 4 2 2 4 1 4 3 2 3 4 1 5 4 5 5 1 3 2 4 4 3 4 5 1 2 4 1 3 4 2 3 5 3 4 2 2 4 5 2 2 4 4 1 1 5 5 2 2 5 3 1 4 4 4 1 2 2 2 2 1 4 5 4 4 3 1 1 1 1 4 5 1 2 5 4 4 5 3 5 5 2 5 3 1 3 5 4 5 5 5 2
52 14 3 4 2 4 3 4 4 4 5 4 3 5 4 1 3 4 1 4 3 1 3 4 4 4 3 5 4 1 3 2 4 3 2 4 1 3 3 3 4 1 5 2 4 1 5 1 3 3 3 4 4 3 5 1 4 4 3 3 3 3 1 2 2 5 3 3 1 1 3 5 4 5 1 3 5 3 1 2 2 4 1 5 3 1 1 3 4 2 2 2 3 4 2 4 1 5 3 3 4 4
53 6 4 5 4 3 1 1 3 5 1 2 2 1 5 5 4 1 3 3 5 1 5 4 1 4 5 4 5 2 1 1 4 3 4 5 2 3 4 2 5 2 3 2 5 3 4 1 5 3 2 2 1 5 2 2 4 3 5 3 5 1 5 3 1 1 1 4 4 3 3 4 2 5 4 1 1 3 5 3 1 1 5 1 5 5 1 1 3 5 1 4 5 1 2 3 3 4 4 2 3 5
54 9 2 4 2 2 3 2 3 5 3 3 4 3 2 1 1 1 1 4 4 3 4 3 4 4 2 4 5 1 2 1 3 2 2 1 1 1 5 4 2 2 5 3 4 4 2 3 5 5 1 1 3 5 4 4 5 4 2 1 1 5 5 4 2 4 5 1 4 3 2 2 3 2 4 5 4 5 2 5 1 5 3 5 4 2 4 1 3 4 5 2 1 4 1 2 5 2 1 2 1 5
55 10 1 1 3 2 1 2 1 5 3 3 1 2 4 5 4 5 1 2 5 3 5 4 4 4 4 2 3 4 5 2 4 4 5 5 1 2 5 2 1 5 1 4 2 1 3 3 1 3 5 3 1 4 5 1 5 2 5 5 4 1 3 2 1 2 1 4 4 1 5 2 4 1 2 1 5 5 1 1 2 4 1 1 1 5 3 1 4 2 3 5 1 3 3 5 3 2 3 5 4 5
56 14 4 4 5 1 4 3 2 1 4 2 3 2 1 5 3 2 1 4 5 5 3 3 2 5 5 1 2 3 3 3 5 3 5 4 5 4 4 1 4 2 1 1 4 2 5 3 3 4 4 2 5 1 4 3 5 2 3 5 4 3 2 2 4 3 3 3 1 3 2 5 4 4 1 1 5 3 4 5 2 4 2 1 1 3 2 4 2 4 5 4 4 3 5 3 4 2 1 4 5 3
57 14 1 1 1 4 1 2 3 2 3 4 1 5 3 5 2 3 3 4 5 5 4 5 1 2 3 4 5 1 5 4 2 2 2 4 2 2 4 3 2 3 5 3 2 3 2 4 3 1 5 5 5 5 4 2 4 4 3 3 3 1 1 1 5 3 5 4 4 5 5 1 3 5 5 4 2 2 3 2 5 3 2 4 5 1 4 2 3 1 4 2 5 3 2 2 2 1 2 3 2 2
58 12 5 1 3 1 4 4 4 2 3 5 2 1 3 1 1 2 5 1 4 5 4 5 1 1 5 4 3 5 2 3 5 2 2 4 5 5 3 5 5 3 5 1 2 2 2 4 3 4 5 1 2 4 2 5 4 4 4 2 3 5 1 5 3 3 5 5 3 4 1 1 3 3 4 4 3 5 1 5 3 3 4 3 1 4 4 1 2 4 1 5 2 4 4 2 3 3 3 3 2 1
59 9 2 2 4 4 1 4 1 2 5 2 1 5 3 2 2 2 4 3 1 2 4 3 5 2 5 3 5 5 3 1 3 3 4 3 1 2 4 1 4 1 4 5 2 4 3 1 5 5 4 2 5 3 4 3 4 1 4 2 5 3 1 1 3 2 3 5 5 4 5 3 2 4 1 1 2 4 5 3 5 4 1 5 5 2 5 1 1 3 2 4 2 3 1 5 1 5 2 3 2 3
60 15 3 1 5 3 2 3 2 4 5 2 4 2 2 3 1 3 2 1 4 4 3 2 4 4 3 5 3 3 4 3 1 4 1 5 3 4 1 5 1 4 4 1 2 2 4 4 4 4 5 4 3 1 4 5 4 3 2 3 5 1 3 1 2 2 1 2 1 4 2 4 4 2 4 1 3 5 5 1 2 2 3 2 5 1 5 4 4 4 4 4 1 1 4 3 1 5 1 3 2 5
61 6 1 5 1 2 3 4 4 2 1 4 5 5 2 3 4 3 5 4 5 3 3 4 5 2 4 2 3 3 3 2 2 3 5 1 1 1 5 2 1 2 4 3 1 5 2 3 4 3 5 5 4 5 5 5 2 3 4 3 2 5 3 3 1 3 4 5 1 2 1 4 1 1 4 5 1 3 1 3 5 3 4 1 4 1 5 4 2 1 1 3 1 1 4 4 2 1 1 5 5 5
62 11 2 2 4 2 2 5 3 2 3 3 1 3 2 2 4 2 5 1 4 2 5 5 3 5 5 1 2 3 1 3 1 2 5 5 3 3 1 5 1 2 1 5 2 1 4 2 3 2 1 2 3 4 2 3 3 3 1 4 1 3 3 4 1 4 1 1 1 2 4 2 1 2 3 3 5 1 2 4 1 4 5 1 1 5 1 2 5 5 1 5 3 5 5 3 5 4 1 4 3 1
63 13 4 5 1 3 5 4 3 4 1 1 1 5 1 2 5 4 4 4 3 5 5 4 4 5 3 2 4 3 3 4 1 1 5 2 5 5 3 2 2 3 1 4 1 5 3 5 1 4 4 2 1 5 1 5 5 5 1 3 2 1 5 1 3 3 2 4 3 4 1 1 5 2 5 1 5 2 3 1 5 1 4 3 3 4 5 5 5 5 3 4 2 1 5 2 5 1 5 2 1 4
64 15 3 1 1 4 3 1 2 1 1 1 4 4 2 3 4 3 3 2 2 2 2 4 4 3 4 4 4 5 2 1 5 3 2 5 2 1 1 3 1 5 4 1 3 3 4 5 3 5 4 3 5 4 2 5 3 2 5 5 1 1 2 1 3 2 1 3 2 5 1 4 1 4 5 4 1 2 2 4 1 5 5 4 1 1 1 2 4 4 1 3 2 1 1 2 2 2 1 3 3 1
65 8 3 4 5 5 2 3 1 5 4 3 1 3 5 2 4 5 3 1 1 2 5 3 5 1 5 4 5 5 1 3 5 4 1 3 4 2 5 1 1 2 3 4 5 3 3 2 3 5 3 1 4 4 3 3 3 2 1 5 1 5 3 5 4 2 3 3 2 4 3 4 5 4 1 4 4 4 3 1 1 5 3 4 4 4 3 2 3 5 1 4 4 5 3 3 2 4 1 3 3 4
66 15 4 5 2 5 5 3 4 2 2 2 3 3 1 3 4 3 3 4 5 4 4 2 5 5 2 1 3 1 2 3 3 5 3 3 3 3 1 2 2 3 4 2 3 5 2 4 2 4 3 4 1 2 3 2 2 2 4 5 4 1 3 3 1 5 4 3 1 2 4 2 5 4 3 2 4 1 2 4 5 4 5 2 5 2 4 2 2 3 2 1 3 2 4 1 2 4 4 4 1 4
67 9 3 2 1 3 4 1 3 1 1 3 1 5 5 4 5 1 3 3 2 2 5 2 4 5 5 2 3 2 4 5 2 3 5 4 2 4 4 4 4 3 4 3 5 4 1 3 4 4 4 1 1 1 5 2 5 1 1 1 3 4 4 2 3 5 1 4 3 3 1 5 5 3 4 1 1 1 1 2 1 4 4 4 3 5 1 3 5 5 5 4 4 4 2 4 3 5 1 3 1 5
68 11 5 4 3 4 2 2 4 4 2 3 3 4 3 4 2 5 2 5 4 2 5 3 4 3 5 2 5 4 3 5 3 5 1 3 2 3 5 2 3 4 5 3 3 1 4 2 5 2 2 2 3 3 2 3 3 2 5 2 5 5 5 3 2 4 1 4 3 1 1 4 3 4 3 1 3 2 3 2 3 4 2 4 1 1 5 4 4 2 3 4 1 3 4 2 5 5 4 2 2 2
69 15 4 5 2 3 3 1 1 3 1 4 3 2 1 1 2 2 5 5 4 3 3 3 3 2 2 2 3 3 1 5 5 5 5 4 5 4 1 2 3 1 2 5 2 5 3 2 1 3 4 2 2 3 2 4 4 4 5 3 2 5 3 4 5 4 3 2 5 1 2 5 4 3 4 2 1 4 4 4 5 4 1 1 1 2 2 2 4 5 3 2 4 4 4 4 2 4 2 1 4 3
70 9 1 3 2 3 2 1 5 5 5 4 4 2 4 4 3 2 1 5 5 4 2 5 1 3 3 4 5 1 5 5 2 3 2 4 4 1 3 3 5 3 3 1 2 5 3 4 2 3 3 5 5 2 4 3 3 2 5 2 3 4 2 3 1 2 5 5 4 2 1 5 2 5 3 1 2 3 1 5 3 5 5 5 4 3 1 1 4 1 5 1 5 3 1 1 3 4 2 4 1 3
71 7 3 3 3 5 1 1 2 5 5 4 4 2 1 3 4 4 5 4 5 3 4 3 2 4 2 1 3 3 1 5 5 3 5 5 5 2 1 1 1 5 3 4 2 5 3 1 1 3 5 4 4 5 5 3 4 5 4 1 5 3 2 2 2 2 2 2 4 3 1 3 3 3 3 1 3 4 2 1 5 3 2 2 1 3 5 4 3 4 3 1 2 1 1 3 5 3 1 5 5 3
72 8 4 2 5 5 1 3 3 4 3 2 1 5 3 4 3 1 5 1 4 5 5 2 4 4 2 5 5 2 5 3 2 5 5 1 3 5 4 2 5 5 3 3 1 4 4 1 3 3 1 5 5 2 2 3 3 2 2 5 1 5 4 2 5 4 1 1 2 5 5 5 5 5 2 5 1 2 1 3 3 1 1 1 3 3 3 3 5 1 4 1 4 2 3 5 5 1 5 1 5 3
73 7 4 2 5 3 4 2 5 5 4 1 4 5 5 5 5 3 4 5 5 2 4 1 1 4 3 1 4 2 5 1 1 3 3 1 3 3 2 1 4 5 1 5 5 2 5 3 5 3 4 5 2 5 2 3 4 2 2 4 1 1 5 5 5 1 3 2 4 1 5 2 2 3 2 4 4 3 3 4 1 3 2 4 5 5 4 1 2 1 1 1 4 2 3 5 3 2 2 5 1 3
74 6 2 4 4 1 5 4 2 1 1 3 2 4 3 2 4 1 2 2 4 4 5 2 1 3 2 4 2 2 5 5 5 5 1 4 5 1 5 5 5 4 2 4 3 1 4 4 2 1 4 4 3 4 2 4 1 1 2 2 2 4 2 2 3 5 4 5 1 1 5 2 3 3 2 5 5 3 4 2 2 1 5 2 5 4 4 2 3 2 3 2 3 1 1 5 3 3 1 2 1 4
75 13 5 4 3 3 4 1 3 3 1 4 3 3 3 1 3 1 2 2 5 5 5 1 3 2 1 5 2 5 3 2 2 2 4 2 4 5 5 5 5 2 1 4 3 1 5 4 4 3 2 3 2 5 5 2 4 3 2 4 1 3 3 2 1 1 5 2 2 2 1 1 2 5 3 5 1 5 5 2 4 3 4 3 5 5 5 3 2 4 3 5 1 1 4 3 4 4 1 1 1 1
76 7 1 2 4 4 1 2 1 2 4 5 1 5 2 5 5 5 4 5 3 3 2 5 5 2 1 3 3 2 4 5 3 5 3 5 3 2 3 3 1 5 5 2 1 5 4 1 2 5 5 3 3 1 4 3 2 3 5 1 5 2 4 1 5 4 4 4 1 1 2 1 5 1 3 3 2 5 4 1 2 1 2 1 2 5 1 4 4 2 1 4 4 3 4 3 1 5 1 5 4 5
77 8 1 2 1 3 4 4 3 1 5 5 1 3 3 5 5 1 2 4 2 4 4 2 4 2 5 5 3 5 3 4 3 3 3 3 3 5 1 1 2 2 5 1 5 5 4 4 4 4 3 2 4 2 2 1 2 4 3 5 4 4 2 2 2 3 1 2 2 1 3 2 3 4 5 4 1 1 3 5 5 3 5 2 3 1 5 4 3 2 1 5 3 2 2 2 2 1 1 1 3 1
78 10 3 1 5 5 4 3 5 5 5 5 4 2 2 1 2 2 4 1 4 2 1 5 3 2 5 2 4 1 5 5 5 4 1 2 5 5 3 5 2 2 5 4 2 5 2 2 2 2 3 2 3 4 3 4 5 1 3 4 5 3 2 1 1 5 5 2 2 3 3 2 1 5 4 5 3 3 2 4 4 5 3 2 5 2 5 3 4 4 5 3 1 3 2 2 3 4 3 3 2 4
79 12 2 4 2 3 1 3 1 3 3 3 2 3 3 3 4 3 3 1 3 1 3 3 4 4 4 1 4 5 4 3 3 5 1 5 4 1 4 1 3 4 3 3 3 4 4 2 5 5 3 1 5 2 5 5 4 3 1 3 2 4 5 3 2 2 4 1 5 4 1 3 5 4 5 2 5 4 5 1 4 2 2 1 2 2 1 4 1 1 3 4 3 4 5 3 3 5 4 1 3 3
80 12 2 2 2 4 3 3 5 1 1 4 1 1 3 1 1 2 1 1 2 2 4 4 2 4 1 4 4 1 4 1 3 4 2 3 2 4 2 2 2 4 2 2 4 4 5 5 5 4 4 1 5 3 2 1 4 3 5 5 1 5 1 1 5 2 3 1 2 4 4 1 5 3 1 2 1 1 3 4 5 5 3 5 1 3 5 4 4 3 5 1 5 2 2 3 4 4 3 1 5 1
81 9 4 3 1 1 3 4 5 2 5 3 1 5 2 2 1 3 3 3 2 1 3 5 3 1 3 5 4 1 1 3 4 2 3 2 1 5 4 4 3 3 5 4 4 4 3 2 2 3 3 3 3 5 5 3 3 3 5 4 4 2 3 2 4 3 2 3 3 5 1 4 5 2 5 4 3 1 1 4 5 5 1 4 2 5 4 1 1 5 2 1 2 3 4 4 2 1 4 3 1 5
82 13 3 4 5 5 5 5 2 2 3 5 2 5 4 5 4 2 4 3 2 4 4 2 3 4 2 4 4 1 1 5 1 3 4 4 3 3 2 1 1 1 3 5 5 2 4 4 4 3 3 2 1 5 3 5 1 1 3 5 2 1 4 2 3 5 4 3 2 5 2 3 3 5 1 4 2 4 4 4 4 1 3 1 2 3 4 5 5 3 1 4 2 5 4 3 4 4 4 2 4 1
83 12 2 4 2 5 2 4 1 1 1 4 3 1 3 4 2 5 1 4 3 2 1 2 1 3 1 1 4 4 3 4 5 2 5 2 1 2 2 2 1 5 3 3 1 3 4 2 2 1 3 2 4 3 1 2 4 5 2 3 2 2 3 5 3 1 3 2 5 2 5 5 2 2 5 1 5 2 5 5 2 5 5 5 3 5 2 5 5 4 5 5 2 3 3 2 5 1 2 2 3 4
84 8 2 2 1 3 3 1 1 4 3 2 5 2 2 3 4 2 4 4 1 1 4 2 5 3 3 4 4 2 5 5 4 2 4 5 1 2 2 3 2 4 1 5 5 4 5 5 5 1 2 1 1 1 2 2 4 2 3 1 5 3 2 1 3 2 4 4 3 2 5 2 1 5 5 2 2 1 5 5 2 1 4 5 4 1 1 5 1 1 3 3 1 4 4 1 1 4 1 4 1 4
85 6 1 3 2 4 1 2 3 5 5 5 3 3 2 2 3 5 1 3 1 5 2 2 1 3 1 5 1 1 3 4 5 5 2 2 4 4 1 5 5 1 2 1 5 5 5 5 1 4 1 5 2 5 5 4 2 3 1 3 4 2 4 4 1 5 4 1 5 4 4 2 2 5 5 1 1 3 2 4 4 1 2 1 5 5 2 2 4 2 2 4 4 4 5 5 5 4 1 4 5 4
86 9 3 5 2 2 4 1 3 5 3 2 4 5 3 4 4 2 2 4 1 3 5 5 2 3 1 2 2 1 1 1 3 5 4 2 1 5 1 5 4 3 4 2 3 2 3 2 1 3 3 3 1 3 2 2 3 4 3 1 4 1 5 5 2 3 5 4 5 5 2 4 5 3 5 5 2 4 5 2 5 1 1 4 5 5 5 2 2 2 2 4 1 5 1 5 4 4 5 5 5 2
87 12 4 5 5 1 1 2 5 2 5 2 3 2 3 5 5 4 3 1 5 4 3 4 3 1 5 4 1 2 3 4 5 2 1 4 2 5 5 3 2 2 3 5 4 1 1 3 3 5 2 1 1 4 3 3 1 3 1 4 5 1 4 4 1 5 2 4 2 1 5 3 1 5 4 1 3 1 4 2 1 1 1 5 5 2 2 5 4 1 2 3 3 5 1 3 1 1 2 3 3 3
88 8 1 2 1 1 4 4 2 5 2 4 2 1 1 3 1 3 4 1 2 4 2 4 4 5 1 3 1 4 3 4 3 3 5 4 4 5 5 1 2 3 4 3 2 4 1 1 1 1 5 1 4 4 3 2 4 2 4 5 1 2 1 5 4 4 1 2 2 2 2 3 5 1 4 5 2 5 3 1 5 5 5 2 2 2 3 4 5 1 4 2 4 3 5 5 2 1 1 1 2 5
89 6 1 1 4 5 3 2 4 3 3 2 4 1 1 5 2 3 1 5 4 3 2 1 5 5 2 5 4 2 3 4 3 4 3 1 2 2 2 3 2 5 2 4 4 5 1 5 5 5 5 3 2 4 4 2 3 2 4 2 2 1 5 1 1 3 4 2 1 1 2 3 1 5 3 4 3 4 3 4 4 2 1 1 3 3 1 2 1 4 3 2 2 2 5 4 1 4 5 4 3 5
90 6 3 2 5 4 3 2 2 5 1 5 3 3 1 3 5 3 3 3 2 2 3 2 4 5 2 1 2 4 4 3 2 2 4 1 5 1 1 3 3 1 1 1 2 2 2 5 1 5 3 1 4 5 5 1 5 4 3 3 1 5 2 1 2 5 2 5 2 2 1 1 2 3 4 3 2 3 2 3 4 5 5 4 3 5 1 2 2 1 5 1 5 2 4 5 1 4 5 1 4 1
91 10 2 5 4 5 1 4 1 5 4 3 1 1 5 4 4 4 1 1 2 1 4 5 4 5 4 4 3 1 1 1 1 2 2 4 2 5 2 1 4 2 4 2 5 1 5 1 3 3 5 5 3 3 1 4 1 2 5 4 4 1 4 1 5 1 1 5 2 1 3 5 5 3 5 1 3 4 2 5 1 5 4 4 3 2 1 1 2 2 4 2 3 3 3 1 4 2 4 4 1 4
92 14 4 1 3 5 1 4 5 1 4 5 2 5 5 4 2 4 1 1 1 1 2 3 2 4 1 2 4 3 3 4 3 2 3 3 5 2 5 1 3 1 3 1 5 4 2 1 5 2 4 2 4 4 1 2 3 3 4 3 4 4 4 5 1 5 2 4 2 5 4 5 4 2 3 3 2 3 2 4 4 4 5 4 3 2 4 1 4 1 4 4 5 1 5 3 5 3 5 2 5 4
93 10 1 4 2 2 4 1 5 1 2 5 1 4 5 3 5 4 3 4 1 4 1 3 2 3 2 4 2 4 4 2 1 3 4 3 4 2 3 3 3 5 3 5 1 3 2 2 3 3 4 3 1 4 4 4 2 3 2 4 3 2 1 1 3 1 4 3 1 2 4 5 1 2 2 1 1 1 4 3 1 4 3 5 3 3 1 1 2 5 5 3 3 3 5 1 5 2 2 4 1 2
94 11 5 4 3 1 3 4 3 5 3 1 4 1 5 4 4 5 1 1 3 3 2 5 2 3 1 2 1 4 1 1 4 2 5 2 1 3 3 3 4 5 2 1 4 1 5 5 4 3 5 1 4 2 4 2 1 5 5 2 2 5 1 3 2 5 5 2 5 1 5 3 1 1 3 3 4 3 4 3 2 1 5 5 1 3 1 4 2 3 3 3 1 5 3 4 2 4 2 2 2 1
95 14 3 4 1 4 2 5 3 1 3 1 1 5 4 5 3 2 3 1 1 3 4 5 4 4 2 4 4 3 4 2 1 1 5 1 4 2 5 3 3 3 3 3 3 3 3 3 2 4 1 1 1 5 4 5 4 4 1 3 3 2 5 4 2 4 4 1 5 5 5 3 5 5 3 2 2 2 5 2 2 2 3 2 3 3 2 1 1 5 2 3 3 4 5 1 3 3 4 3 4 3
96 9 2 5 3 4 1 5 3 5 5 2 2 3 4 5 2 1 4 3 4 1 4 1 3 1 1 3 3 3 2 4 5 4 1 4 2 4 1 5 1 3 5 1 3 1 5 3 4 3 3 1 3 2 5 3 2 5 4 5 4 1 2 2 2 5 1 3 4 1 1 4 1 4 3 5 3 3 4 5 1 5 5 4 1 3 3 4 5 1 2 5 2 5 5 3 4 5 1 2 2 5
97 14 4 5 4 4 4 4 1 1 5 1 3 1 5 5 1 3 4 5 3 4 3 1 1 4 5 3 1 3 2 2 2 1 5 2 5 5 4 4 3 5 1 3 4 1 4 5 1 1 5 1 2 1 2 1 4 1 3 2 2 3 5 4 3 1 3 3 4 2 1 4 2 1 1 4 3 4 3 4 1 5 4 3 5 5 5 4 4 2 5 4 1 5 4 3 5 5 4 3 2 1
98 11 4 4 2 2 5 4 1 2 5 1 4 3 3 5 5 2 3 3 4 1 5 5 2 2 4 5 3 5 2 4 2 4 2 5 3 2 2 1 1 4 5 2 1 5 2 2 2 4 3 4 5 3 5 3 3 3 5 2 3 2 2 4 4 1 2 1 3 4 4 4 5 1 3 1 4 4 5 1 5 1 1 5 3 2 4 3 1 2 3 3 2 5 3 2 1 1 2 5 4 1
99 10 5 1 2 3 2 3 1 4 2 5 2 5 5 5 2 1 3 4 4 3 1 2 5 4 5 4 1 1 4 2 5 3 3 3 2 2 4 5 2 3 3 1 2 3 3 3 3 3 3 3 5 1 4 1 2 4 1 5 4 5 1 4 4 5 4 4 4 4 5 2 1 2 4 4 1 3 4 2 2 3 2 2 2 5 5 3 2 2 2 3 3 4 4 2 1 5 1 1 1 2
