100 10
NETWORK_TREE :
57 0 7
72 0 6
56 57 7
11 72 6
93 57 10
63 72 6
29 56 8
38 29 3
81 93 4
19 38 7
70 0 9
25 38 2
73 93 8
52 72 7
12 81 8
77 0 2
18 63 10
32 52 1
8 52 9
64 73 7
76 29 9
65 81 2
41 18 7
7 19 2
60 64 7
59 56 4
16 63 9
79 59 7
39 79 4
21 93 6
80 38 8
61 38 4
28 25 7
87 25 3
74 65 6
92 81 6
89 77 7
4 18 1
30 39 7
96 30 3
2 92 5
83 38 1
13 61 5
69 52 7
3 16 1
58 96 2
82 7 8
17 39 9
5 93 1
50 93 5
90 72 10
23 90 3
86 74 8
6 80 4
44 28 8
15 17 4
14 80 5
78 18 9
37 50 6
36 29 4
68 89 10
55 82 3
20 18 7
51 3 5
9 74 5
85 39 3
99 89 7
26 15 4
66 76 7
22 6 1
54 30 8
98 87 2
84 64 3
47 36 10
24 58 9
94 58 6
31 24 9
27 59 10
97 76 10
48 86 8
46 96 2
1 54 7
62 61 3
49 6 6
42 44 4
67 38 2
45 87 10
40 94 7
91 85 4
75 92 10
10 25 9
88 26 5
53 10 2
43 44 9
35 39 7
34 89 9
71 83 6
95 17 5
33 79 6
NODE_PROGRAM :
0 1 2 3 4 5 6 7 8 9 10
1 1 6
2 1 2 3 4 5 6 7 8 10
3 1 2 3 6 8
4 2 3 4 6 7 8 9 10
5 9
6 2 3 7 8 9
7 2 4 7 10
8 4 8 9 10
9 1 4 7 8 9
10 6 9
12 2 3 4 5 7 8 10
13 1 2 3 4 6 7 9 10
14 1 2 5 6 7 8
15 3 5 6 7 9 10
16 1 5 6 7 8 9 10
17 1 3 4 5 6 7
18 2 7 9 10
21 1 2 3 4 8
22 1 2 3 4 5 6 7 8 9
23 1 2 3 5 6 7 8 9 10
24 6 8 10
25 1 2 4 5 6 7 8 10
26 6 10
28 7 8
29 2 4 7 8 9 10
30 1 3 5 6 7 8 10
31 2 5 9 10
32 1 2 3 4 5 8 9 10
33 2 3 6 7 8
34 1 2 3 4 6 8 9 10
35 3
36 1 2 4 5 6 7 8 10
37 1 3 5 7 8 9 10
38 5 9
39 4 6
40 2 3 4 5 8 10
41 4 6 8 9 10
42 3 5 7 10
43 4 6 7
44 1 2 5 6 7 9 10
45 1 2 4 8 10
46 1 3 4 7 8 9 10
48 6
49 2 3 4 5 6 7 8 9 10
53 1 2 5 6 7 8 9 10
55 1 6
56 3 5 6 7 9
57 5 6 7
58 1 3 6 8
59 2 3 4 5 6 8 10
60 4 6 8 9 10
61 1 2 4 5 6 7 8 10
62 1 7
63 3 5 9 10
64 1 2 3 6 9
65 7
66 1 5 6 10
67 1 2 3 4 8 9 10
68 1 3 5 10
69 2 3 4 5 7 8
70 1 9
71 4 6
72 1 4 7 8 9 10
73 1 2 4 5 6 7 8 9 10
74 1 2 3 4 5 6 9
75 1 2 3 4 5 6 7 9 10
76 6
78 1 2 3 5 6 7 8 9 10
79 1 2
80 2 3 6 7 9
81 1 3 5 7 8 9
82 3 4 8 10
83 2 5
84 3 4 5 6 7
85 1 2 3 4 5 7 9 10
86 7
87 3
88 10
89 4 5
90 1 2 5 6 10
91 3 4 5 6 7
92 1 2 3 4 5 6 7 8
93 5
94 3 4 10
95 2 3 8
96 1 2 4 5 6 7 8 10
97 6 7 9
98 1 2 3 4 5 10
99 1 2 4 5 7 9
COST_INSTALL_SERVER_AND_PROGRAMS :
0 6 4 1 1 2 5 2 3 2 4 2
1 12 4 1 2 2 4 4 5 1 1 1
2 8 1 2 1 3 5 1 3 1 1 5
3 13 3 2 2 3 5 5 5 1 3 2
4 13 1 5 2 2 2 4 4 4 4 5
5 7 3 3 5 2 4 1 1 3 1 1
6 11 1 3 1 2 5 5 3 2 3 2
7 13 4 3 3 2 2 1 3 1 2 4
8 7 2 5 3 3 2 3 1 2 2 1
9 7 3 4 1 3 5 1 5 1 2 1
10 9 5 2 3 5 2 2 3 1 5 1
11 14 1 3 3 5 3 5 5 2 2 1
12 6 3 5 2 4 2 1 1 2 2 1
13 6 1 5 1 2 5 5 3 3 1 4
14 7 2 2 2 3 4 4 5 2 2 1
15 9 3 2 3 3 1 1 1 2 1 2
16 11 5 4 3 1 1 1 2 5 5 3
17 12 4 3 2 2 5 4 4 1 5 1
18 15 4 4 5 4 4 1 5 5 1 1
19 8 3 3 3 3 4 3 4 2 5 1
20 10 1 4 3 2 2 4 5 4 5 1
21 6 3 3 5 4 3 4 1 5 1 1
22 7 4 4 5 5 4 5 3 4 1 1
23 14 2 5 3 4 5 4 3 3 3 3
24 13 2 3 2 4 4 1 2 1 4 3
25 10 1 1 2 5 5 4 4 5 3 1
26 10 3 2 2 2 2 5 1 1 4 5
27 15 3 3 1 5 3 3 1 4 3 1
28 13 3 1 2 5 2 3 3 3 4 5
29 14 3 5 1 5 5 1 1 5 2 4
30 13 2 2 3 4 3 4 4 5 3 4
31 8 3 2 5 2 5 1 3 5 2 5
32 7 4 3 3 1 4 2 5 4 3 5
33 12 3 5 5 2 1 4 5 1 5 3
34 13 2 1 4 3 5 2 3 5 3 1
35 14 4 5 1 5 3 4 1 1 1 3
36 13 3 4 3 3 1 3 5 4 4 3
37 8 3 2 5 5 4 4 3 4 2 4
38 12 2 5 5 3 4 3 3 1 3 3
39 9 3 5 3 5 2 2 2 5 3 1
40 13 3 1 3 3 4 4 2 2 5 2
41 6 4 2 5 1 1 4 2 5 3 3
42 15 2 1 3 2 1 2 3 2 5 4
43 14 3 2 1 3 2 1 4 1 4 2
44 12 3 3 5 4 4 4 5 1 3 3
45 6 3 2 5 2 4 1 4 1 3 1
46 9 1 2 3 3 3 5 2 2 2 2
47 11 3 1 4 2 2 2 2 3 4 4
48 11 4 3 4 3 1 4 3 5 1 2
49 11 5 1 1 5 4 4 5 2 3 1
50 11 5 3 5 1 5 5 5 2 1 4
51 8 3 3 3 2 2 2 5 5 3 1
52 13 3 5 4 5 1 2 2 2 1 4
53 9 4 2 5 2 1 3 2 5 4 2
54 13 4 5 2 3 4 3 1 3 3 3
55 15 2 1 1 2 3 4 1 5 4 2
56 8 2 2 1 3 4 1 5 4 2 2
57 6 5 5 5 5 4 4 5 1 4 5
58 12 2 2 5 3 1 2 2 3 5 1
59 6 4 5 4 2 1 5 3 3 3 5
60 13 2 1 2 5 3 2 2 1 5 2
61 7 5 5 2 5 5 1 5 4 4 4
62 7 2 2 4 4 2 1 5 5 3 3
63 9 5 1 1 4 4 5 2 5 5 2
64 9 4 3 4 5 4 2 3 3 2 3
65 12 4 5 3 1 2 2 5 1 3 1
66 11 2 1 3 1 1 2 4 2 1 5
67 9 1 1 1 3 3 1 2 5 5 1
68 15 1 2 3 1 1 1 4 3 1 1
69 6 1 5 4 4 1 5 4 1 2 2
70 15 3 1 2 5 1 2 5 4 1 4
71 11 5 1 1 1 1 5 1 1 5 2
72 13 2 1 3 5 3 2 2 4 5 2
73 9 3 1 2 2 5 1 4 1 5 4
74 6 1 4 2 2 2 3 4 1 5 2
75 12 2 4 2 2 4 5 5 5 3 2
76 9 5 1 4 1 2 5 2 5 5 3
77 8 1 5 1 2 5 3 2 4 3 1
78 10 2 4 1 5 1 1 5 2 4 2
79 15 1 4 2 5 1 4 5 1 2 4
80 15 2 4 5 5 5 5 5 2 5 2
81 12 2 1 2 2 5 1 3 4 1 1
82 11 5 2 4 5 1 2 5 1 2 1
83 6 1 1 5 4 1 3 2 2 1 4
84 9 5 1 3 5 1 4 1 5 3 3
85 7 3 5 1 3 5 2 4 5 1 1
86 11 5 3 1 3 5 4 4 4 4 3
87 15 3 5 2 2 2 5 1 2 2 5
88 12 5 5 3 1 4 4 3 1 3 2
89 12 4 4 3 4 3 2 2 5 4 5
90 14 5 3 4 3 4 2 2 2 2 1
91 14 5 3 4 4 4 5 4 1 1 5
92 12 1 1 5 5 5 1 4 1 3 4
93 7 5 5 4 2 1 4 5 3 5 1
94 10 3 1 1 3 3 1 1 1 3 1
95 6 1 1 5 3 1 1 3 5 4 3
96 8 1 4 4 2 2 2 5 4 4 4
97 13 4 3 2 5 5 2 2 2 4 1
98 14 2 3 1 3 3 1 3 4 1 4
99 12 2 5 1 1 5 5 1 1 1 4
