100 25
NETWORK_TREE :
61 0 9
41 61 6
15 0 1
71 15 5
49 71 2
97 41 5
53 41 6
8 41 8
18 8 5
4 97 6
22 71 1
62 8 1
20 61 7
11 62 2
19 18 5
32 61 10
83 15 4
25 49 7
87 0 7
16 61 1
40 53 5
34 19 4
44 19 4
39 49 7
78 8 1
50 34 7
27 78 8
98 87 10
91 8 9
93 41 2
14 16 6
66 50 6
7 41 4
70 98 9
23 87 7
12 70 10
54 78 4
30 14 4
42 91 5
95 97 8
65 7 3
48 54 9
96 97 1
84 23 7
26 42 2
88 41 8
38 70 4
69 50 10
56 44 7
28 93 6
3 49 9
63 91 7
10 63 9
13 14 8
17 10 7
47 32 6
67 95 3
92 7 3
79 83 5
5 32 9
75 96 7
55 95 8
81 71 3
33 47 6
1 71 5
73 96 4
21 70 5
94 78 6
46 62 6
58 97 3
80 4 7
59 69 6
85 10 3
89 63 3
36 78 2
45 87 6
6 85 3
76 33 9
43 91 4
29 26 6
64 54 2
31 1 1
52 67 1
51 50 2
72 78 2
37 63 9
35 0 5
99 63 4
68 0 8
24 65 6
2 67 6
86 96 4
60 61 8
9 28 10
77 30 4
90 36 5
57 66 3
74 72 3
82 10 9
NODE_PROGRAM :
0 1 2 3 4 5 6 7 8 9 10 11 12 13 14 15 16 17 18 19 20 21 22 23 24 25
1 1 18 2 4 6 9 11 12 15
2 3 5 22 9 11
3 1 2 3 4 5 6 9 10 11 12 13 14 15 16 18 21 22 24 25
4 1 24 10 14 15
5 2 21
6 1 17 19 4 21 23 15
7 1 2 3 4 7 8 11 12 13 14 15 17 18 19 20 21 22
8 20 9 12
9 17 19 4 20 22 23
10 5 22
11 1 2 3 4 5 6 7 8 9 10 11 12 13 14 15 16 17 18 19 20 21 23 24 25
12 1 3 5 6 7 8 12 14 15 16 17 18 19 20 21 23 24 25
13 2 3 4 5 6 7 9 12 13 14 16 20 21 23 24 25
15 1 2 3 5 7 8 10 11 12 16 17 19 20 23 25
16 18 4 20 21 25 12
17 2 5 7 8 11 12 13 14 15 16 17 18 19 20 23 24 25
18 1 2 18 8 12 15
19 21
20 1 2 3 4 5 6 8 9 11 12 13 14 15 17 18 19 20 23 24
21 16 17 1 2 22 23 8 15
22 16 17 2 19 4 8 14
23 1 2 3 5 6 7 8 9 10 11 12 13 14 15 17 18 25
24 1 3 5 6 7 9 11 16 17 18 19 20 21 22 23 24 25
25 1 2 4 5 6 7 8 9 10 12 14 15 16 17 18 20 21 22 23 24 25
26 19 3 20 5 6 22 8 25 10 11 14 15
27 3 5 6 7 8 9 10 12 14 15 17 19 20 22 23
28 2 19 3 5 6 22 8 9 25 13 14 15
29 1 3 4 5 6 8 11 12 13 14 15 16 18 19 21 22 23 24 25
30 3 4 5 6 7 8 9 10 11 13 14 17 18 23 24
31 18 2 3 22 8 24 9 11 12 14
32 4 7 9 10
33 18 4 6 24 10 12 15
34 2 3 5 6 9 10 11 13 15 16 18 19 20 23
35 4 6 7 8 10 11 14 15 16 17 21 23 25
36 16 1 24 8 13
37 1 3 4 5 7 8 9 10 11 12 13 14 15 17 18 19 20 21 22 23 24 25
38 9
39 16 2 20 14
40 2 3 4 5 7 8 9 10 12 13 14 15 16 17 18 19 20 21 22 23 24 25
41 3 4 7 8 9 10 11 12 15 16 19 21 23 24 25
42 17 18 19 23 11 12 13 15
43 1 2 3 4 7 8 9 10 11 13 14 15 16 18 19 20 21 22 23 24 25
44 1 3 4 6 7 8 10 12 14 15 16 18 21 22 23 24 25
45 1 2 3 4 5 8 10 11 12 13 14 15 16 17 18 19 22 24 25
46 1 5 6 23 7 9 12 15
47 3 4 5 7 8 10 11 13 15 17 18 21 22 23 24 25
48 5 15
49 1 2 3 4 5 6 7 8 9 10 11 12 13 14 15 16 17 18 19 20 22 23 24 25
50 18 2 3 6 23 8 25 13 14
51 4 6 7 23 8 9 13 14
52 18 14
53 1 2 4 5 7 8 9 10 11 13 14 15 16 19 20 21 24 25
54 19 5 9 10
55 5 9 12 14 15 17 18 19 20 21 22 24 25
56 1 2 3 4 5 6 7 8 9 11 12 14 15 16 17 18 19 20 21 23 24 25
57 4 5 7 8 10 13 15 16 17 21 23 24 25
58 17 19 4 6 22 8 10 11 12 13 14
59 1 2 3 6 8 9 12 14 16 17 18 19 20 22 25
60 1 2 3 4 5 7 9 10 11 12 13 14 15 16 17 18 19 20 21 22 24 25
61 2 8 9 10 12 15 16 17 18 20 21 23 25
62 1 3 4 5 6 8 9 10 11 12 13 14 15 16 17 18 19 20 21 22 23 24 25
63 2 14
64 2 3 4 6 7 8 9 11 12 16 18 19 20 22 25
65 17 5 25 10
66 16 3 6 7 8 10 13
67 1 2 3 4 5 6 7 8 9 10 11 12 13 14 15 16 17 18 19 20 21 23 24 25
68 1 2 4 5 6 7 8 9 11 12 14 15 16 17 19 20 21 22 23 24 25
69 17 2 19 4 21 22 24 25 10 13 14
71 2 19 20 22 24 8 14
72 4 7 24 12
73 2 3 4 5 6 7 8 9 11 13 14 15 16 17 18 19 20 21 22 25
74 2 20 5 23 9
75 1 2 6 7 9 10 12 13 14 15 18 20 21 22 23 24
76 1 2 3 4 5 7 8 10 11 12 13 14 15 16 17 18 19 20 21 22 23 24 25
77 1 2 3 4 6 7 10 11 12 13 15 17 18 19 20 21 22 23 24 25
78 1 2 4 5 6 10 11 12 13 15 16 17 21 22 24
79 4 6 11 13
80 1 2 3 4 20 5 8 24 9 10 11
81 1 2 3 4 5 7 8 9 10 12 14 15 16 17 18 19 20 21 22 25
82 4 20 21 6 10 11 12 14 15
83 1 2 21 22 23 7 25 13 15
84 1 17 2 4 6 23 7 14
85 2 3 4 6 8 10 11 12 13 15 16 17 19 21 22 24 25
86 16 17 1 18 5 24 15
87 1 4 5 7 8 10 11 13 14 15 16 17 18 19 20 21 22 23 24 25
88 1 2 3 4 5 6 7 8 10 11 12 13 14 15 16 17 18 19 20 22 24 25
89 1 2 4 6 8 10 11 12 13 15 16 18 19 20 21 22 23
90 16 3 20 24 9
91 18 2 19 6 11
92 24 9
93 16 17 1 2 20 5 7 25 9 11 13 15
94 1 2 3 4 6 9 10 11 12 14 15 16 17 18 19 20 22 23 25
95 1 2 3 4 5 6 7 8 9 11 13 14 15 16 17 18 21 22 23 24 25
96 20 7 25 15
97 1 2 3 5 6 7 8 9 10 11 13 14 16 17 18 19 20 23 24 25
98 1 3 4 5 6 7 8 9 10 11 12 13 14 15 16 17 18 19 20 21 22 23 24 25
99 5 7 9 10 11 12 13 14 16 17 18 21 22 24
COST_INSTALL_SERVER_AND_PROGRAMS :
0 8 3 4 4 3 5 5 2 3 4 2 4 4 2 4 5 2 1 2 3 3 2 4 4 2 5
1 14 1 1 5 3 3 3 3 4 3 3 5 1 4 1 2 1 5 4 5 1 5 4 5 2 2
2 6 3 4 3 3 4 4 4 1 5 3 5 4 2 1 5 3 4 4 5 4 1 1 5 3 4
3 6 1 2 2 5 5 5 1 2 3 5 1 4 2 3 1 5 3 1 5 4 4 4 2 3 5
4 9 2 2 3 2 5 2 5 2 1 1 3 3 2 3 3 5 3 3 2 1 2 5 4 3 3
5 13 2 5 4 2 5 2 2 1 1 4 4 1 5 5 2 3 5 5 5 3 2 5 3 1 4
6 13 3 5 3 4 5 3 5 2 1 5 3 2 2 2 2 5 3 1 1 1 5 5 5 3 3
7 15 5 2 4 5 1 3 1 5 5 2 5 4 3 2 5 5 4 2 2 3 2 4 1 4 2
8 8 1 3 3 5 4 3 2 4 1 4 2 2 3 3 4 5 1 3 1 3 1 2 4 5 5
9 7 4 2 5 3 5 2 1 1 5 3 1 5 4 5 2 4 4 3 2 3 3 2 3 2 2
10 11 2 5 5 5 2 5 3 3 5 5 5 5 4 3 1 5 2 4 1 3 2 3 5 2 2
11 12 4 5 3 3 3 2 4 2 1 1 5 2 1 2 4 5 1 4 5 1 4 4 2 4 5
12 8 3 1 3 2 2 3 1 1 1 2 1 1 2 1 4 2 2 4 3 5 2 2 2 5 4
13 11 5 5 4 3 1 5 1 2 1 4 2 2 2 4 5 5 2 2 2 4 5 2 5 4 3
14 8 3 5 3 2 5 4 5 2 3 3 5 4 2 2 2 1 1 3 2 2 2 3 1 1 4
15 7 1 1 2 5 2 3 2 4 3 5 4 3 4 2 5 2 1 1 2 1 5 1 2 5 4
16 7 4 2 3 1 1 3 5 2 1 5 4 2 3 3 1 3 3 5 4 3 5 4 4 3 3
17 7 5 3 1 3 4 3 2 3 5 4 1 2 2 1 4 3 5 3 2 1 2 3 2 4 1
18 13 5 1 4 5 4 5 1 5 4 5 5 1 4 3 5 2 4 5 2 2 2 3 5 5 1
19 6 5 1 4 3 4 1 4 1 3 5 5 5 5 5 3 3 3 4 2 3 2 3 2 3 3
20 6 4 1 3 2 3 3 1 4 1 2 3 5 3 1 2 5 2 5 1 4 1 4 3 2 3
21 15 3 2 4 1 5 2 1 1 3 4 5 3 3 4 5 2 2 4 3 2 4 3 4 3 5
22 14 2 3 5 2 2 2 1 4 4 2 3 3 1 1 1 3 4 5 5 2 4 2 2 5 3
23 8 1 3 1 1 5 5 5 4 3 2 5 4 3 2 2 3 5 1 2 5 2 3 2 4 3
24 11 3 2 5 2 2 2 3 4 5 1 2 2 2 4 3 3 5 3 3 3 1 5 5 4 3
25 11 4 4 5 2 4 4 2 2 4 5 1 1 1 3 1 4 2 5 5 2 5 1 4 4 5
26 7 3 5 3 1 5 4 4 1 5 5 4 2 1 4 1 2 2 5 2 5 2 3 2 4 5
27 9 5 4 1 4 4 3 3 3 5 1 4 2 1 5 3 5 4 3 1 2 2 1 4 2 3
28 6 1 5 1 2 5 1 1 5 4 5 1 5 5 1 1 5 5 1 2 3 5 4 4 1 4
29 7 1 3 1 1 4 2 4 1 2 2 2 1 2 4 2 1 4 4 2 3 3 1 1 4 4
30 7 3 3 2 4 4 5 1 4 4 5 3 1 4 1 4 4 3 5 2 2 3 5 4 4 1
31 15 4 5 1 4 4 1 2 1 2 4 4 5 5 4 2 2 4 1 3 3 2 5 5 5 4
32 13 1 4 1 1 5 1 5 5 5 2 1 2 1 5 2 3 2 3 2 4 2 1 5 1 2
33 8 5 2 2 2 4 5 4 5 4 2 1 2 1 2 3 2 2 2 3 2 3 3 5 4 4
34 12 5 4 5 1 3 4 5 5 3 2 3 4 2 2 5 1 1 2 4 2 3 3 3 5 5
35 8 5 2 3 5 1 5 3 2 4 3 1 1 3 1 4 3 1 4 4 1 3 3 4 1 3
36 9 5 2 3 4 3 2 3 3 2 4 2 1 2 3 2 1 4 1 4 1 2 2 2 5 4
37 9 5 3 2 3 5 4 5 5 5 1 3 3 2 3 1 3 3 1 2 3 2 3 3 5 2
38 15 3 2 4 3 5 4 2 2 5 2 3 2 4 1 4 2 2 3 3 4 5 4 5 2 5
39 12 1 4 1 5 4 1 1 4 1 5 1 5 3 5 5 3 2 4 3 1 1 3 3 3 2
40 8 3 5 5 4 4 2 2 4 1 1 4 2 4 5 2 2 2 2 1 4 2 2 1 4 5
41 9 3 2 5 1 4 5 5 1 2 1 4 1 2 3 4 3 4 5 5 5 2 1 5 4 1
42 6 3 4 1 5 5 4 1 4 4 2 2 5 1 4 2 2 5 2 4 5 4 5 2 4 4
43 9 3 5 4 3 4 4 2 2 1 5 2 3 3 3 5 5 3 2 4 3 1 4 2 4 3
44 6 5 1 2 3 1 5 5 4 5 5 1 5 3 2 4 4 1 2 2 5 5 4 1 3 5
45 9 5 4 1 1 2 3 4 3 4 1 4 4 3 3 3 2 3 4 2 4 3 2 3 1 4
46 15 4 2 3 1 5 2 4 2 5 1 5 1 1 2 3 5 2 1 4 5 2 5 2 5 3
47 13 4 4 2 5 3 4 1 1 2 1 2 3 4 5 5 4 5 4 2 1 2 2 2 4 4
48 10 2 4 2 4 5 1 3 1 3 2 4 3 1 1 2 3 2 4 3 2 2 2 4 5 3
49 14 3 1 2 1 4 2 2 2 4 5 5 4 1 3 5 2 3 2 4 3 3 4 3 5 1
50 13 4 2 3 5 5 3 5 3 5 4 5 1 2 2 5 1 3 1 1 5 3 2 3 5 1
51 8 5 3 4 5 5 1 5 1 5 3 5 5 1 5 4 4 1 2 3 1 2 4 3 1 5
52 11 3 4 1 3 5 4 2 2 2 3 2 5 2 5 2 3 1 5 4 1 5 4 3 2 5
53 10 4 5 3 5 2 2 2 4 5 1 1 1 1 3 5 1 4 2 5 5 5 3 2 3 1
54 8 2 3 1 5 2 1 5 1 5 4 4 2 2 5 1 4 5 2 5 3 1 2 3 1 2
55 12 2 1 4 1 5 5 3 5 4 2 2 2 4 3 2 5 5 2 5 4 4 1 4 2 2
56 10 1 3 4 4 3 2 5 5 4 3 1 2 5 2 2 1 3 5 5 4 3 2 5 5 4
57 13 2 5 3 1 1 4 2 1 3 4 3 5 1 4 1 3 3 3 1 4 1 1 5 4 4
58 13 4 5 3 4 4 5 1 1 5 3 3 5 2 3 1 5 2 4 2 3 1 5 5 1 2
59 10 4 5 5 2 4 4 1 2 5 1 3 3 1 1 2 3 1 5 2 3 2 2 4 3 5
60 14 5 3 5 3 5 3 3 4 1 5 2 2 4 4 4 1 3 4 2 3 2 3 4 4 2
61 9 3 3 2 1 2 4 2 4 2 5 2 3 5 2 1 5 2 4 5 1 3 1 1 4 5
62 14 3 5 2 1 2 3 1 4 5 5 5 3 5 1 3 2 5 4 3 4 3 5 3 2 4
63 14 2 1 1 1 1 1 2 2 1 1 3 2 4 1 5 1 5 1 5 3 3 4 1 3 5
64 8 5 5 2 2 5 4 5 5 2 2 4 2 3 2 2 4 3 4 1 1 5 2 2 3 3
65 8 5 1 4 4 5 5 4 4 5 1 2 3 4 3 1 3 5 3 5 2 3 3 5 1 5
66 10 1 1 5 2 2 1 2 2 3 2 3 5 3 1 1 2 1 2 5 2 5 4 1 5 4
67 9 5 3 2 1 2 2 2 2 5 5 5 5 2 4 2 5 2 2 4 2 3 2 4 4 1
68 15 3 4 3 2 4 2 4 4 2 4 4 5 5 4 1 1 5 3 2 3 5 5 4 1 1
69 7 5 3 5 2 4 3 1 4 2 1 4 1 2 4 5 3 5 5 3 5 5 1 1 1 1
70 13 1 2 3 1 5 1 5 1 4 5 3 4 4 2 1 3 3 2 5 4 4 5 5 2 5
71 14 4 3 2 4 1 2 3 1 3 4 1 5 4 3 2 1 4 3 1 3 3 5 2 3 5
72 8 4 4 3 4 4 3 3 3 1 2 5 4 3 1 3 2 1 3 5 1 5 4 2 3 5
73 10 5 3 3 1 1 4 2 5 4 5 5 5 5 5 3 2 4 1 5 1 2 3 5 4 5
74 9 1 1 2 4 1 1 1 5 5 1 3 5 3 3 2 2 1 2 2 5 4 3 2 2 2
75 6 1 1 4 3 1 4 3 5 4 2 3 5 3 1 1 3 1 1 2 3 3 1 3 4 1
76 9 1 4 2 1 2 1 4 1 2 4 2 4 3 1 5 5 1 5 3 5 5 1 4 2 1
77 8 5 4 4 2 4 5 5 3 4 1 4 1 1 2 4 1 4 1 5 5 2 5 3 3 5
78 10 3 5 3 5 1 2 1 3 3 5 1 3 2 3 3 4 3 2 4 4 1 3 1 3 5
79 6 5 3 1 5 3 1 3 2 5 4 4 4 1 1 1 1 4 5 2 2 5 2 5 1 4
80 9 2 1 3 3 4 3 5 1 2 3 4 3 1 3 5 4 4 1 1 4 2 3 4 1 5
81 9 2 4 2 2 5 2 1 4 1 4 4 3 5 4 2 4 1 5 3 4 2 5 1 5 3
82 13 2 4 4 1 2 4 5 5 4 2 1 4 1 1 1 4 5 4 3 1 5 3 5 1 1
83 15 4 5 3 3 1 3 4 4 5 5 5 5 4 2 2 4 1 5 1 3 3 1 4 5 2
84 14 4 5 3 1 5 2 1 5 5 4 4 2 1 1 5 4 1 5 2 2 1 2 2 2 4
85 11 1 4 5 4 3 4 3 5 2 1 4 3 3 4 2 5 2 5 5 3 1 4 3 3 1
86 7 1 5 2 4 4 2 3 4 2 3 2 5 2 5 5 5 2 1 4 4 2 1 3 2 3
87 8 3 3 1 5 1 1 2 3 3 1 3 3 1 3 1 2 4 2 1 2 3 4 5 3 1
88 6 2 2 2 2 2 3 5 2 3 5 4 3 4 3 3 1 2 5 1 1 5 5 5 5 3
89 7 3 5 2 3 3 5 2 2 1 1 2 5 3 3 3 3 5 5 3 1 4 5 3 3 5
90 15 4 1 3 5 5 3 4 5 1 1 1 1 3 2 2 3 4 2 5 5 5 5 4 5 3
91 6 1 3 5 1 1 1 1 5 1 3 1 4 1 5 3 1 4 2 5 2 1 5 5 3 5
92 13 4 5 2 3 2 4 2 5 4 2 4 3 4 5 4 5 3 3 2 3 4 1 3 3 3
93 8 2 1 3 1 3 5 5 5 2 3 4 1 2 5 1 2 3 3 5 5 4 3 1 1 2
94 12 4 1 5 4 1 4 5 4 5 2 2 5 4 4 3 1 5 1 1 3 1 4 2 4 3
95 11 5 3 4 1 5 4 1 5 1 5 3 5 4 3 4 4 3 3 2 3 1 5 5 4 5
96 14 5 5 1 2 4 2 3 4 4 4 1 4 3 2 1 2 2 1 2 1 1 3 1 3 2
97 13 4 5 5 2 4 5 4 3 1 1 1 5 4 4 1 2 5 5 3 5 2 5 4 5 4
98 14 2 5 5 4 3 4 1 5 3 2 4 1 5 5 2 4 1 5 4 2 4 2 4 4 3
99 6 5 4 4 4 4 5 5 4 1 2 3 5 3 3 1 3 2 1 1 2 1 5 2 1 2
