100 200
NETWORK_TREE :
69 0 5
11 0 4
63 0 2
85 0 7
66 11 3
36 11 4
95 0 5
68 66 6
13 66 1
59 11 8
33 63 6
38 68 10
40 66 3
17 59 3
21 33 3
23 0 5
42 85 1
29 66 1
80 59 10
65 0 7
44 66 9
22 21 1
19 66 9
2 59 4
55 21 1
24 55 2
12 95 1
96 33 2
78 22 1
79 22 5
67 78 1
34 36 3
39 55 5
93 63 8
49 80 9
81 17 7
18 39 3
70 11 1
64 19 8
28 12 5
58 38 5
20 44 5
45 11 5
71 63 3
41 23 10
75 67 10
72 19 1
82 79 2
53 69 8
6 2 5
60 0 9
31 53 1
4 28 4
57 11 1
1 96 8
73 69 7
77 57 8
3 0 3
90 81 5
76 33 6
9 82 7
91 57 3
8 69 3
51 65 3
56 65 9
83 44 3
89 64 1
16 75 4
7 55 6
99 17 10
54 73 10
30 13 2
94 29 8
48 67 8
87 75 1
98 73 4
97 75 3
61 64 2
88 49 2
92 58 4
14 48 1
15 65 4
74 63 8
32 11 10
35 54 2
25 77 5
46 70 2
43 11 8
10 56 2
86 23 4
84 1 3
27 81 4
52 17 5
47 43 2
50 83 2
37 91 10
5 28 4
26 75 10
62 57 10
NODE_PROGRAM :
0 1 2 3 4 5 6 7 8 9 10 11 12 13 14 15 16 17 18 19 20 21 22 23 24 25 26 27 28 29 30 31 32 33 34 35 36 37 38 39 40 41 42 43 44 45 46 47 48 49 50 51 52 53 54 55 56 57 58 59 60 61 62 63 64 65 66 67 68 69 70 71 72 73 74 75 76 77 78 79 80 81 82 83 84 85 86 87 88 89 90 91 92 93 94 95 96 97 98 99 100 101 102 103 104 105 106 107 108 109 110 111 112 113 114 115 116 117 118 119 120 121 122 123 124 125 126 127 128 129 130 131 132 133 134 135 136 137 138 139 140 141 142 143 144 145 146 147 148 149 150 151 152 153 154 155 156 157 158 159 160 161 162 163 164 165 166 167 168 169 170 171 172 173 174 175 176 177 178 179 180 181 182 183 184 185 186 187 188 189 190 191 192 193 194 195 196 197 198 199 200
1 128 130 131 4 6 134 10 138 139 13 14 15 18 147 19 20 148 21 149 24 28 156 30 33 163 36 37 165 166 41 44 173 174 177 50 53 183 56 185 59 188 61 192 68 197 70 199 79 83 88 89 94 95 96 97 98 99 101 105 106 108 113 114 119 124 125 127
2 1 2 3 4 5 6 7 8 9 10 11 12 13 14 15 16 17 18 19 20 21 22 23 24 25 26 27 28 29 30 31 32 33 34 35 36 37 38 39 40 41 42 43 44 45 46 47 48 49 50 51 52 53 54 56 57 58 59 61 62 63 64 65 66 67 68 69 70 71 72 73 74 75 76 77 78 79 80 81 82 83 84 85 86 87 88 89 90 91 92 93 94 95 96 97 98 99 100 101 102 104 105 106 107 108 109 110 111 112 113 114 115 116 117 118 119 120 121 122 123 124 125 127 128 129 130 131 132 133 134 135 136 137 138 139 140 141 142 143 144 145 146 147 148 149 150 151 152 153 154 155 156 157 158 159 160 161 162 163 164 165 166 167 168 169 170 171 172 173 174 175 176 177 178 179 180 181 182 183 184 185 186 187 188 189 190 192 193 194 195 196 197 198 199 200
3 65 66 197 165 38 167 9 107 173 174 79 15 80 83 115 180 88 185 27 187 123 60 61
4 1 3 4 5 6 7 8 10 11 12 13 14 16 17 19 20 22 23 24 25 26 29 30 31 32 33 34 35 36 38 40 41 42 43 44 45 46 47 48 49 50 51 54 55 56 57 58 59 61 63 64 65 68 69 70 71 72 73 74 76 77 78 79 80 81 82 83 84 85 86 87 88 89 91 92 95 96 97 98 99 100 101 102 103 104 105 106 107 109 110 112 114 115 116 117 118 119 120 121 122 123 125 126 128 129 130 131 132 133 134 135 136 137 138 139 140 141 142 143 144 145 146 147 149 150 151 152 155 156 157 158 159 160 161 162 163 164 165 167 170 171 172 175 176 177 178 179 181 182 183 184 185 186 187 188 189 190 191 192 194 195 197 198 200
5 1 130 135 136 137 10 141 14 15 144 145 146 148 21 150 151 152 26 29 158 160 164 165 168 169 170 50 178 51 183 57 60 61 191 196 71 72 73 74 77 78 99 100 104 105 106 114 115 124 126
6 128 194 67 195 134 200 72 136 78 80 20 150 24 152 88 25 90 92 157 93 29 158 97 99 100 164 37 103 40 104 41 171 108 46 48 52 118 54 183 121 190 127
7 1 2 3 4 5 6 7 8 9 10 11 12 13 14 15 16 17 18 19 20 21 22 23 24 25 26 27 28 29 30 31 32 33 34 35 36 37 38 39 40 41 42 43 44 45 46 47 48 49 50 51 52 53 54 55 56 58 59 60 61 62 63 64 65 66 67 68 69 70 71 72 73 74 76 77 78 79 80 81 83 84 85 86 87 88 89 90 91 92 93 94 95 96 97 98 99 101 102 103 104 105 106 107 108 109 110 111 112 113 114 115 116 117 118 119 120 121 122 123 124 125 126 127 128 129 130 131 132 133 134 135 136 137 138 139 140 141 142 143 144 145 146 147 148 149 150 151 152 153 154 155 156 157 158 159 160 161 162 163 165 167 168 169 170 171 172 173 174 175 176 177 178 179 180 181 182 183 184 185 186 187 188 189 190 191 192 193 194 195 196 197 198 199 200
8 1 3 4 9 10 11 12 13 15 16 17 18 19 20 22 23 31 32 33 35 36 37 38 39 41 43 45 46 48 49 50 52 53 54 56 57 58 60 61 63 64 65 66 67 69 71 74 77 78 80 81 82 83 84 85 86 87 88 90 91 92 94 96 97 99 100 101 102 103 104 105 106 108 109 110 115 117 118 119 120 121 123 124 125 126 127 129 130 132 134 136 138 140 141 143 144 146 151 152 153 154 159 160 161 163 165 166 167 168 169 170 171 172 176 177 180 181 182 184 185 186 188 190 191 195 196 197 199 200
9 192 65 132 133 69 134 200 137 75 140 76 143 144 145 82 19 20 85 152 92 28 29 163 164 166 39 103 105 106 173 109 110 174 175 114 116 54 57 186 124 189 63
10 1 2 3 5 6 7 8 9 10 11 12 14 15 17 18 20 23 24 25 26 27 28 29 30 31 32 33 34 36 37 39 42 43 44 45 47 48 49 50 51 52 53 55 56 58 59 60 61 62 63 65 67 68 69 71 72 73 74 75 76 77 79 80 81 82 83 84 85 86 87 88 89 91 92 93 94 96 98 99 101 102 103 104 105 108 109 110 112 113 114 117 118 119 120 121 123 124 126 127 129 130 131 132 133 135 136 137 138 139 140 143 144 145 146 147 148 149 151 152 154 158 159 160 162 163 164 165 166 167 168 171 173 175 176 178 179 180 182 183 185 186 187 189 190 191 192 193 194 195 197 198 199 200
11 65 67 103 135 8 104 10 77 46 142 177 81 17 146 20 181 151 152 90 154 126
12 67 19 71 41 170 30 62
13 129 66 35 133 103 40 41 74 139 107 140 77 142 18 115 52 54 151 184 123 155 92 126
14 130 3 138 10 12 13 14 142 19 20 21 23 154 156 157 32 33 37 38 167 168 46 174 48 49 178 50 51 180 182 54 183 185 59 60 61 191 63 192 194 69 198 70 71 199 76 82 89 91 92 94 99 100 102 112 115 121 124 125
15 128 2 195 196 6 135 200 76 13 143 79 144 145 20 149 23 90 156 93 95 96 34 102 104 170 109 45 46 179 182 183 184 185 187 62
16 1 2 3 6 7 8 12 13 14 15 18 19 21 25 37 38 40 42 43 44 47 48 53 55 57 58 59 62 64 65 67 68 69 71 72 73 74 75 76 78 79 82 84 85 86 88 89 91 93 97 98 100 102 103 104 106 107 110 112 114 116 117 120 125 127 128 131 136 138 139 141 142 143 146 147 148 149 150 151 152 153 155 157 158 160 161 162 163 165 166 168 169 170 173 174 175 176 177 178 179 181 182 183 186 187 189 192 193 194 195 196 197 198 200
17 65 196 69 134 39 75 142 14 178 50 115 179 21 154 91 60 93 125 157 31
18 1 4 5 6 7 8 10 12 16 19 21 23 25 26 28 29 30 34 35 36 38 41 42 43 46 47 49 51 52 53 54 57 61 62 63 64 65 67 69 71 72 73 74 75 77 80 84 89 92 93 94 96 99 100 103 105 106 107 108 112 114 118 120 121 122 126 128 129 130 131 133 137 138 142 145 146 147 148 151 152 154 157 158 159 161 162 163 165 167 169 170 171 172 173 175 178 179 180 182 186 187 190 191 193 194 195 196 198
19 67 179 84 137 155 190
20 1 2 3 4 5 6 7 8 9 11 12 13 14 15 16 19 20 21 23 24 25 26 28 29 30 31 32 33 34 35 36 39 41 42 43 44 45 46 47 48 49 50 51 52 53 54 55 56 57 58 59 61 63 64 65 66 67 68 69 70 71 72 73 74 75 76 77 78 79 80 81 82 83 85 86 89 90 92 93 94 95 96 97 98 99 100 101 102 103 104 105 106 107 108 109 110 111 112 113 114 115 116 118 119 120 121 122 123 124 125 126 128 129 130 131 132 133 134 135 136 138 139 140 141 142 143 144 145 146 147 148 149 150 151 152 153 154 155 156 157 158 159 160 161 163 164 165 166 167 168 170 171 174 175 176 177 178 179 180 181 182 183 184 185 186 187 188 189 190 191 192 193 194 195 196 197 198 199 200
21 96 17 1 179 132 117 198 55 87 57 110 94
22 2 3 5 12 13 14 15 16 17 18 19 20 22 24 25 26 28 30 31 32 33 34 35 37 38 41 42 43 44 45 46 47 48 49 50 51 52 56 57 58 59 60 63 65 66 68 70 71 72 73 78 79 82 83 85 87 89 90 91 93 97 98 100 101 102 103 107 108 110 111 112 116 118 120 121 122 127 132 137 139 142 144 145 146 147 148 149 150 151 155 158 159 160 161 162 164 165 166 167 168 169 171 173 174 175 176 178 179 180 181 182 184 185 186 188 189 191 193 194 196 199
23 128 1 129 66 195 131 132 69 133 134 198 72 10 13 77 143 15 84 85 149 154 29 157 30 160 33 98 162 99 40 41 105 170 171 43 49 50 183 184 187 124 188 62 191
24 129 4 132 137 14 16 146 19 21 150 151 24 154 158 30 159 31 160 32 33 34 166 38 39 167 169 43 44 47 49 177 179 185 187 59 189 190 62 63 192 195 68 70 199 73 74 81 82 86 88 90 93 99 100 102 103 105 107 109 112 120
25 65 1 66 196 197 133 134 71 7 8 15 81 18 84 20 24 89 156 93 160 40 106 174 184 58 59 60 125
26 2 132 5 138 139 13 17 20 21 22 151 23 154 155 156 29 157 159 163 165 169 42 171 44 172 173 45 174 48 176 50 179 54 56 186 187 190 62 191 193 66 195 196 198 72 200 76 77 85 87 90 94 97 103 108 109 113 114 123 127
27 192 194 195 196 5 135 8 10 11 140 146 147 88 153 154 26 32 33 98 168 104 105 170 106 173 111 176 49 114 181 118 185 188 60 124 190
28 5 11 13 16 19 22 24 26 33 34 35 36 37 41 46 47 51 54 56 57 59 61 63 68 70 72 74 75 76 80 81 82 83 90 91 93 94 95 96 97 101 102 103 106 108 109 112 115 116 120 122 124 125 127 128 130 131 134 135 136 137 139 141 142 143 144 145 149 151 152 154 156 159 160 161 162 164 165 166 167 168 169 171 176 177 179 180 183 184 187 188 190 191 192 193 196 197 198 200
29 1 2 6 8 10 12 13 15 17 19 23 24 27 28 30 32 33 34 35 36 38 39 40 42 43 47 50 52 54 58 61 64 65 66 71 72 73 74 75 78 80 82 84 88 90 91 97 98 99 101 102 103 106 107 109 110 112 115 117 125 127 128 129 130 131 132 134 136 137 138 139 143 148 154 156 157 158 160 161 165 166 167 168 169 171 172 174 175 176 177 180 183 185 186 187 189 192 195 196 197 198
30 129 2 67 3 195 131 5 6 200 9 73 83 150 151 24 91 92 157 161 162 34 101 103 39 168 169 107 45 174 110 176 112 51 116 181 117 182 184 121 57 187 124 60 61 63
31 128 1 129 130 3 132 6 7 136 137 140 141 13 142 15 16 145 17 146 19 148 149 21 151 24 152 25 27 30 31 32 36 40 168 43 174 176 48 51 52 55 185 187 59 189 190 62 191 192 65 195 69 198 199 82 83 89 92 93 95 96 97 98 100 102 110 111 112 114 116 117 118 120 122 123 125
32 1 2 3 6 7 8 9 10 11 13 14 17 18 19 20 21 23 25 28 30 31 32 33 34 35 36 38 39 40 41 42 45 47 48 49 50 51 52 53 54 55 59 60 61 62 63 64 65 66 69 70 71 72 73 75 76 78 79 80 82 83 84 87 88 89 90 91 92 93 96 97 99 102 104 105 106 107 109 110 112 113 115 116 119 121 123 124 127 128 131 132 135 136 137 139 140 141 142 144 149 150 153 154 155 157 158 160 161 162 163 165 166 170 171 172 173 175 176 178 179 182 183 185 187 190 191 192 193 194 196 197 198 199
33 1 2 3 5 6 7 8 9 10 11 12 13 14 15 16 17 18 19 20 21 22 23 25 26 27 28 29 31 32 34 35 36 37 39 40 41 42 43 44 46 47 48 49 50 51 52 53 54 55 56 57 58 59 60 61 62 63 64 65 66 67 68 69 70 71 72 75 76 77 78 80 81 82 84 85 86 87 88 89 90 91 93 94 95 96 97 98 99 100 101 102 104 105 107 108 109 110 111 112 113 115 116 117 118 119 120 121 122 124 125 126 127 128 130 131 132 133 134 135 136 137 139 140 141 142 143 144 145 147 148 150 154 155 158 159 160 161 162 163 164 165 167 168 169 170 171 172 174 176 178 179 182 184 185 186 187 188 189 190 191 192 193 195 198 200
34 1 130 131 4 133 8 136 137 11 12 140 14 16 19 148 150 23 25 30 163 164 168 41 170 172 177 178 51 52 183 186 189 62 64 66 68 71 75 79 80 86 87 90 92 101 104 106 107 110 114 117 118 124
35 1 2 3 4 5 6 7 8 10 11 13 14 15 16 17 18 19 20 21 22 24 25 27 28 29 32 33 34 35 36 37 38 39 40 43 44 45 46 48 49 50 51 52 53 55 57 58 60 61 62 63 64 65 66 67 68 69 70 71 72 73 74 75 76 77 78 79 80 81 82 83 84 85 86 87 88 89 91 92 93 94 95 96 97 98 99 100 101 102 103 104 105 106 107 108 109 110 111 112 113 114 115 116 117 118 120 121 122 123 124 125 126 127 128 129 130 131 132 133 134 135 136 138 139 140 141 142 143 144 145 146 148 149 150 151 152 153 154 155 156 157 159 160 161 162 163 164 165 166 167 168 169 170 172 173 174 175 177 178 179 180 181 182 183 184 185 186 187 188 189 190 191 192 193 194 195 196 197 200
36 1 2 3 5 7 8 9 10 13 14 15 16 17 19 20 21 23 26 27 29 30 31 32 34 35 37 39 40 41 43 44 46 47 52 55 56 57 58 59 60 61 62 63 66 67 69 70 71 73 75 76 77 78 80 83 84 86 87 88 89 90 92 94 95 96 97 98 99 100 101 102 103 104 105 106 108 110 111 113 114 115 117 118 119 120 121 122 123 126 127 129 130 131 132 134 136 137 138 140 142 143 144 147 149 151 152 153 154 155 156 158 160 161 162 163 164 166 169 170 171 172 173 177 178 179 180 181 182 183 184 185 186 187 188 189 190 191 193 194 195 196 199
37 2 194 131 132 5 200 137 10 75 13 142 78 17 21 24 89 27 91 92 94 95 98 100 39 103 40 106 170 43 45 110 47 177 49 52 54 183 120 121 122 187 188
38 32 1 97 131 133 6 41 170 75 110 174 14 79 176 146 115 86 120 26 27 187 60 61 190
39 129 3 132 133 6 7 142 144 18 147 21 149 153 154 27 155 156 28 159 161 33 34 164 37 165 38 167 169 41 173 46 47 179 53 55 184 61 190 63 64 65 69 71 72 73 76 85 92 100 104 108 109 111 113 120 125
40 192 33 199 103 71 9 105 10 45 79 47 143 50 83 51 150 183 152 121 123 91 29
41 129 130 2 133 5 6 135 8 137 11 12 13 142 14 144 17 146 148 20 21 22 26 154 159 160 161 36 164 37 165 166 38 41 42 175 47 177 49 52 53 184 185 58 186 60 62 63 191 193 65 67 199 73 75 76 78 80 86 88 100 102 105 106 107 109 110 111 112 115 116 117 119 120 123
42 130 7 8 138 151 24 27 156 29 157 30 33 163 38 167 39 168 169 43 171 174 47 177 53 54 184 185 188 190 62 63 193 66 69 70 200 75 76 79 81 83 88 98 105 109 113 118 120 126
43 64 1 194 66 196 4 5 198 135 8 78 144 147 83 150 23 88 28 92 29 157 95 33 164 100 40 105 170 107 175 176 50 178 180 116 117 118 185 122 187 60 125 189 190 126
44 128 129 2 5 133 135 136 138 141 142 143 144 16 18 19 148 149 21 150 151 153 25 26 154 27 28 157 158 160 33 164 165 38 170 46 47 49 178 51 179 180 52 181 55 183 186 191 192 64 65 66 194 73 74 75 81 88 89 90 92 96 97 98 99 100 102 106 111 117 123 124
45 1 2 3 5 7 8 11 13 16 19 21 22 26 27 32 34 35 36 37 39 42 43 44 45 46 49 51 53 54 56 57 58 59 61 63 64 65 66 68 70 71 74 76 78 79 80 81 82 83 84 88 91 92 94 95 98 100 104 105 108 110 111 113 115 118 119 120 121 123 125 128 129 131 132 135 143 144 146 147 150 151 152 153 155 158 159 161 163 164 166 169 172 176 179 180 181 182 183 184 186 187 188 189 191 192 193 194 195 197 200
46 1 3 5 6 7 8 10 11 12 13 14 15 16 17 19 20 21 22 23 24 27 28 29 30 31 32 33 34 35 36 38 39 41 43 46 47 48 49 50 51 52 53 54 55 56 57 58 59 60 61 62 63 64 65 66 67 68 70 72 74 75 77 78 79 81 82 83 84 85 86 87 88 89 90 92 93 94 95 96 97 100 101 103 104 105 106 107 108 109 110 111 112 113 114 115 116 117 118 119 120 121 122 123 124 126 128 130 131 133 134 135 136 137 138 139 140 141 142 143 144 145 147 150 151 152 153 154 155 156 157 158 160 161 162 163 166 167 168 169 170 171 172 174 175 176 177 178 179 180 181 182 183 184 185 188 189 191 192 193 194 196 197 199 200
47 144 97 83 197 186 59
48 64 128 131 195 9 10 142 82 147 149 24 88 90 154 91 95 96 163 100 166 103 168 108 172 44 48 50 52 55 184 185 57 122 60 191
49 130 131 132 5 6 7 138 10 11 142 14 20 23 154 26 155 156 157 35 164 166 167 39 41 42 170 172 173 51 179 54 55 185 186 187 59 63 192 67 196 68 69 71 72 200 74 75 76 77 79 81 82 84 93 94 99 100 102 103 106 107 108 109 110 114 116 117 118 121 122
50 1 2 3 4 9 10 11 12 13 14 16 17 18 19 20 21 22 23 24 25 26 27 28 29 30 32 36 39 40 43 44 45 47 50 51 56 57 58 59 60 61 63 64 65 66 67 69 73 74 75 76 77 78 79 80 81 82 83 88 89 90 91 94 95 97 98 99 102 104 106 107 108 109 110 111 113 116 122 125 127 128 129 130 131 132 133 134 135 136 137 138 139 140 142 145 146 147 148 151 153 154 155 157 158 159 160 161 162 164 165 166 167 168 170 171 173 175 178 179 180 181 183 184 186 187 189 190 191 193 194 198 199 200
51 1 3 5 6 8 9 10 11 13 14 16 17 18 20 21 24 25 26 27 29 34 36 37 38 41 42 43 45 46 47 53 55 56 59 61 62 63 64 65 66 68 71 73 76 77 78 79 81 83 85 86 87 89 90 91 92 93 94 96 97 98 99 100 101 103 105 107 110 111 112 113 114 115 116 119 120 121 123 124 125 126 127 129 133 134 135 136 138 139 146 147 148 149 150 153 156 157 158 161 162 163 165 166 167 168 175 177 178 179 181 182 186 188 190 191 192 193 194 195 197 198 199 200
52 128 66 2 131 67 6 74 75 139 77 78 14 82 19 151 87 25 153 90 155 93 158 162 103 107 173 47 114 118 55 119 186 188 126 63
53 1 2 3 7 8 11 12 13 15 16 17 18 21 22 23 24 25 26 32 34 36 38 39 42 45 46 49 51 52 53 55 57 58 62 63 69 70 72 74 76 77 81 82 83 89 90 91 95 97 98 100 101 105 106 107 108 109 112 115 116 117 119 122 126 127 128 133 134 138 140 143 145 146 147 149 150 152 153 155 156 157 159 161 162 163 165 166 168 169 170 172 173 181 183 189 190 193 194 196 199
54 1 2 3 4 5 6 7 8 9 10 11 12 13 14 15 16 17 18 19 20 21 22 23 24 26 27 28 29 30 32 34 35 36 37 38 39 40 41 42 43 44 45 46 47 48 49 50 51 52 53 54 55 57 59 60 61 62 63 64 65 66 67 69 70 71 72 73 74 75 76 77 79 80 81 82 83 84 85 86 87 88 89 90 91 92 93 94 95 96 97 98 99 100 101 102 103 104 105 106 107 108 109 110 111 112 113 114 116 117 118 119 120 121 122 123 124 125 126 127 128 129 130 132 133 134 135 136 137 138 139 140 141 142 143 145 146 147 149 150 151 152 153 154 156 157 158 159 160 162 163 164 165 167 168 169 170 171 173 174 175 176 177 178 180 181 182 183 184 185 186 187 188 189 190 191 192 193 194 195 196 197 198 199 200
55 130 3 132 133 197 76 14 17 18 83 19 84 151 89 29 157 30 158 159 160 98 99 100 166 38 102 42 170 44 45 110 114 182 55 57 189
56 1 2 3 4 5 6 7 8 9 10 11 12 13 14 16 17 18 19 20 21 22 23 24 25 26 27 28 29 30 31 32 33 34 35 36 37 38 39 40 41 42 43 45 46 47 48 49 50 51 52 53 54 56 57 58 59 60 61 63 64 65 66 69 70 71 72 73 74 75 76 77 78 79 80 82 83 84 85 86 87 89 90 91 92 93 94 95 96 97 98 99 100 101 102 103 104 105 106 107 108 111 113 114 115 116 117 118 119 120 121 123 124 125 126 128 129 130 131 132 133 134 138 139 140 141 142 143 144 145 146 147 148 149 150 151 152 153 154 155 156 157 158 159 160 161 162 163 164 165 167 168 169 170 171 172 173 174 175 176 178 179 180 181 182 183 184 185 186 187 188 191 192 193 194 195 196 197 198 199 200
57 49 170 28
58 1 3 4 5 6 7 8 9 10 11 12 13 14 15 16 17 18 19 20 21 22 23 25 26 27 28 29 30 31 32 33 35 36 38 39 40 41 42 43 44 45 46 47 48 49 51 52 53 54 55 57 58 59 60 61 62 64 65 67 68 69 70 71 72 73 75 76 77 78 79 81 83 84 85 87 88 89 90 92 93 95 96 98 99 100 101 102 103 104 106 107 109 110 111 114 115 116 117 119 120 121 122 123 124 125 127 128 129 130 131 132 133 134 135 136 137 138 139 140 141 143 144 145 146 147 148 149 151 152 153 154 155 156 158 159 160 162 163 164 165 166 167 168 169 170 171 174 175 176 177 178 179 180 181 182 183 184 185 186 188 189 190 191 192 193 195 196 197 199 200
59 133 37 198 169 110 95 47
60 1 130 5 134 135 8 9 138 139 140 13 15 143 144 145 18 20 22 150 23 154 155 156 29 158 159 32 33 162 164 36 165 38 45 46 47 48 177 51 180 184 56 185 187 61 190 65 66 195 71 75 80 81 83 88 92 95 97 101 104 105 114 118 121 124
61 2 4 5 6 7 8 9 12 14 15 16 17 19 20 23 24 25 26 28 29 30 31 32 34 35 36 39 40 41 42 43 44 45 46 47 49 50 51 53 54 56 57 58 59 60 61 62 63 64 65 66 67 68 69 71 72 73 74 75 76 77 78 79 80 81 82 83 84 85 89 90 91 93 95 96 97 100 102 103 104 105 106 107 108 109 110 111 112 113 114 117 118 119 120 121 123 124 126 129 132 135 136 137 138 139 140 141 143 145 147 149 151 153 156 157 158 159 160 161 162 163 164 165 166 167 169 171 172 174 175 176 177 181 182 183 184 185 186 187 188 189 190 191 192 193 194 195 196 197 198 199
62 1 2 3 4 5 6 7 8 9 10 11 13 14 15 16 17 18 19 20 21 22 23 24 25 26 27 28 29 30 31 32 33 34 35 36 37 38 39 40 41 42 43 44 45 46 47 48 49 50 51 52 53 54 55 56 57 58 59 60 61 62 63 64 65 66 67 68 69 70 71 72 73 74 75 76 77 78 79 80 81 82 83 84 85 86 87 89 90 91 92 93 94 95 96 97 98 99 100 101 102 103 104 105 106 107 108 109 110 111 112 113 114 115 116 117 119 120 121 122 124 125 126 127 128 129 130 131 132 133 135 136 137 138 139 140 141 142 143 144 145 146 147 148 149 150 151 152 154 155 156 157 158 159 160 161 162 163 164 165 166 167 168 169 170 171 172 173 174 175 176 177 178 179 180 181 182 183 184 185 187 188 189 190 191 192 193 194 195 196 197 198 200
63 1 2 3 7 8 12 14 15 16 17 20 22 23 24 25 27 30 31 35 36 39 42 43 46 49 50 51 53 54 56 57 58 60 61 62 64 67 68 70 73 74 75 77 78 79 82 83 84 85 86 87 91 92 94 98 99 101 105 111 115 116 117 118 119 122 123 124 126 127 132 133 135 137 138 140 141 142 143 144 145 149 150 151 152 153 156 157 158 159 160 162 163 164 165 166 167 169 170 171 173 174 177 178 181 183 184 186 187 188 190 191 192 193 199 200
64 1 3 4 5 6 7 9 11 13 15 16 20 21 23 24 27 28 29 31 34 36 37 38 40 41 42 43 44 45 46 47 48 49 50 51 52 53 54 55 57 58 62 63 65 71 72 73 74 75 77 78 79 80 82 83 84 85 86 87 88 89 90 91 93 94 95 96 97 102 103 104 105 110 111 112 113 114 115 116 117 118 119 120 121 122 123 124 125 129 130 132 135 136 137 138 139 141 142 143 145 146 148 149 151 154 157 159 160 162 167 170 171 172 173 174 175 179 184 185 187 188 189 191 193 194 196 197 198 200
65 129 1 130 3 5 7 10 138 11 12 140 14 144 18 19 147 148 149 21 152 25 155 29 31 32 160 163 166 39 170 171 173 45 46 48 176 49 178 51 52 53 56 186 58 59 189 61 190 62 192 65 193 194 67 195 196 199 72 73 77 78 79 82 83 84 85 91 94 99 100 104 108 109 113 117 119 120 125 126
66 128 193 68 196 6 198 199 7 71 136 9 146 18 83 149 150 86 87 152 24 89 158 94 159 95 32 162 98 163 101 167 104 43 44 173 109 47 112 50 178 118 124 188 125 189 61 62
67 128 64 193 66 196 132 133 6 139 142 146 149 150 23 87 152 153 27 156 94 97 99 163 36 164 101 39 170 106 44 45 110 177 51 116 118 55 183 57 186 61 190 127
68 129 2 131 3 132 4 5 133 6 135 136 137 10 11 12 13 15 143 146 19 148 21 23 151 153 26 27 28 29 157 160 32 33 34 35 164 168 169 42 43 44 172 173 174 46 48 177 178 50 179 53 55 188 61 63 192 65 193 66 67 196 68 199 76 78 80 82 86 87 90 91 92 94 95 99 100 101 102 103 107 108 110 111 116 118 119 121 123 124 125 126
69 1 2 4 5 6 7 8 9 10 11 12 13 14 15 17 18 19 20 21 22 23 24 25 26 27 28 29 30 32 33 34 35 36 37 38 39 40 41 44 45 46 47 48 50 51 52 53 54 55 56 57 58 59 60 61 62 63 64 65 66 67 68 69 70 71 72 73 74 75 76 77 78 79 80 81 82 83 84 85 86 87 88 89 90 91 92 94 95 96 97 98 99 100 101 103 104 105 106 107 108 109 110 111 112 113 114 115 116 117 118 119 120 121 122 123 125 126 127 128 129 130 131 132 133 134 135 137 138 139 140 141 142 144 145 146 147 150 151 152 153 154 155 156 157 158 159 160 161 162 163 164 165 166 167 168 169 170 171 172 173 174 175 177 178 179 180 181 183 184 185 186 187 188 189 190 191 192 193 194 195 196 197 198 199 200
70 128 65 129 1 130 67 3 198 135 136 10 11 75 140 79 17 19 149 21 87 24 28 93 157 29 159 95 101 167 103 168 104 105 41 169 171 107 45 112 113 178 114 118 59
71 192 193 1 194 2 3 131 4 197 6 199 136 139 76 77 14 78 79 145 82 83 150 23 153 93 29 94 99 163 165 168 41 106 172 173 111 175 176 179 51 116 53 118 120 185 59 188 127
72 4 6 11 18 19 21 22 26 27 28 30 32 36 38 39 40 44 46 47 49 51 53 56 60 61 62 64 67 68 69 70 71 73 75 78 79 80 82 83 84 86 88 90 91 92 98 100 103 110 112 113 115 116 120 121 124 125 126 130 135 136 137 138 142 143 144 146 147 149 150 154 155 156 158 159 163 164 167 168 169 170 171 172 173 174 177 178 179 180 181 182 183 187 188 190 191 194 198
73 129 36 71 75 107 44 80 49 81 180 84 118 182 120 88 57 187 188 124 190 62 159
74 1 3 134 135 136 8 9 137 138 11 140 13 14 143 15 144 17 18 19 147 148 21 151 153 157 31 159 161 164 36 165 37 167 39 168 169 41 42 43 171 174 176 49 50 180 181 54 55 184 56 57 58 60 188 62 190 191 64 192 65 194 197 69 199 71 77 79 81 82 84 85 87 88 91 92 93 96 98 99 100 102 103 105 109 111 114 118 124 125 127
75 128 129 3 6 134 7 136 12 13 16 18 146 147 22 157 32 35 164 37 167 43 171 172 175 48 50 51 180 53 63 65 193 68 197 73 75 80 85 86 91 100 103 108 111 112 113 114 121 122 127
76 1 2 4 5 6 7 8 9 11 12 13 14 15 18 20 22 23 25 29 30 31 33 36 37 38 41 43 45 46 47 51 52 53 54 55 57 58 59 61 63 64 67 68 69 70 72 73 74 75 76 77 78 79 82 83 84 85 86 87 88 89 90 91 94 95 98 101 102 103 106 107 108 109 111 113 114 115 116 117 119 121 123 125 126 127 129 130 133 135 137 138 139 144 145 146 149 150 152 153 154 155 156 157 159 160 161 162 164 165 167 168 171 176 180 181 185 186 187 189 191 196 197 199
77 2 3 4 6 7 8 9 10 11 12 13 14 15 16 18 20 21 22 23 24 25 26 29 30 32 33 34 35 36 39 40 43 45 46 47 48 49 51 52 53 54 55 56 57 58 59 61 62 63 64 65 66 67 69 70 71 72 74 75 76 77 78 79 80 81 82 83 84 85 87 89 90 92 93 94 95 96 97 99 100 101 103 104 105 107 108 109 110 111 112 113 115 117 118 119 120 122 123 124 125 126 127 128 129 130 131 132 133 135 137 138 139 140 141 142 143 144 145 147 148 150 154 155 156 157 158 159 160 161 162 163 164 166 167 169 170 173 175 176 177 178 179 180 181 182 183 184 185 186 187 188 189 192 193 194 195 196 197 198 199 200
78 49 164 23 138 75 141 46
79 130 3 131 132 136 11 139 13 141 14 15 16 17 146 18 19 147 20 148 149 22 151 152 153 25 158 160 33 163 36 166 167 40 41 42 170 171 173 45 174 48 49 177 52 183 58 186 187 59 188 189 192 64 194 67 196 197 71 200 81 82 83 86 87 88 90 93 95 98 99 100 102 107 108 109 111 112 117 120 121 126 127
80 128 5 134 7 8 137 12 14 145 146 18 147 21 23 24 152 25 28 29 30 32 161 35 164 165 167 169 41 174 176 51 181 186 58 60 61 192 65 66 68 197 69 75 79 80 81 82 85 88 91 96 99 100 106 112 114 116 118 120 127
81 1 2 3 4 8 10 11 13 14 15 16 17 18 19 20 23 24 25 27 28 29 30 31 34 35 36 37 38 39 40 42 44 46 49 52 53 54 55 56 57 58 59 60 61 62 63 64 66 67 69 70 72 73 74 75 76 79 80 81 82 83 84 89 90 91 93 94 95 96 97 98 99 101 102 103 104 106 107 108 109 112 114 115 116 117 118 119 120 121 122 123 124 125 126 127 128 129 130 132 133 134 135 136 137 138 139 140 141 142 143 144 146 147 148 149 150 151 152 153 154 157 161 162 163 164 165 166 168 169 170 171 172 173 174 175 176 177 178 179 180 181 182 183 184 185 186 187 189 190 191 192 194 195 196 197 198 199 200
82 128 130 3 132 5 6 134 137 10 12 141 142 144 16 146 147 19 148 151 152 153 28 29 30 159 32 33 34 35 163 37 166 39 41 42 43 45 46 47 177 51 180 53 181 54 182 183 56 185 58 187 60 190 62 191 63 194 195 68 196 197 71 199 73 84 87 89 92 93 94 95 96 99 100 101 103 104 106 108 109 111 116 119 120 121 123 125 126 127
83 1 2 3 4 5 6 7 8 9 10 11 12 13 14 15 16 17 18 19 20 21 22 23 26 27 28 29 30 31 32 33 34 35 36 37 39 40 41 42 43 44 46 47 48 49 50 51 52 54 55 57 58 59 60 61 62 63 64 65 66 67 68 69 70 71 72 73 74 75 76 77 78 79 80 81 82 83 84 85 86 87 88 89 90 91 92 93 94 95 96 98 99 100 101 102 103 104 105 106 107 108 109 110 111 112 113 114 115 116 117 118 119 120 121 122 123 124 125 126 127 128 129 130 131 132 134 136 137 138 140 141 142 143 145 146 147 148 149 150 151 152 153 154 155 156 158 159 160 161 162 163 164 165 166 167 168 170 171 172 173 174 175 176 177 178 182 183 184 185 186 187 189 190 191 192 193 194 195 196 197 198 199 200
84 129 2 131 7 8 9 12 141 13 18 151 152 153 154 27 28 30 159 31 32 33 35 163 165 170 43 44 45 174 47 48 179 51 181 54 185 188 60 61 190 63 191 64 192 193 194 66 195 68 198 71 72 73 77 88 95 98 99 101 105 106 108 109 110 111 114 119 122 123 124 125
85 128 33 65 130 179 197 39 200 154 91 78 94
86 130 131 132 4 134 10 11 141 15 144 146 18 19 148 21 23 24 152 25 154 29 30 158 159 31 161 163 37 167 39 40 168 42 43 171 172 45 174 47 176 50 178 51 180 52 53 56 59 62 63 192 64 193 65 194 68 196 71 200 72 73 75 76 77 84 88 92 96 104 105 107 108 112 115 119 121 122 123 125 126 127
87 130 195 68 133 69 199 8 72 137 139 13 17 146 84 150 23 151 153 27 92 96 33 162 164 101 41 107 43 172 108 113 178 180 53 183 189
88 1 2 130 3 131 132 5 6 8 138 14 142 17 18 146 20 21 150 151 23 152 25 153 154 26 28 29 158 160 36 164 37 38 166 167 170 44 45 174 46 175 48 50 179 51 53 181 54 55 57 187 188 60 63 191 192 64 66 67 196 69 197 198 70 71 199 72 76 78 81 82 84 85 86 89 91 92 93 97 104 105 107 111 112 113 115 117 120 121 123 126 127
89 128 1 2 130 131 3 4 132 8 10 139 142 14 143 16 144 145 17 146 19 147 22 23 152 24 26 155 156 158 159 31 32 161 34 162 35 164 36 165 167 169 170 44 45 48 178 51 52 180 181 54 182 57 60 189 63 192 65 193 194 195 68 196 69 199 200 74 77 80 82 89 91 92 95 99 102 103 104 109 111 113 114 115 120 121 124
90 2 4 132 6 7 137 139 140 12 142 14 16 144 17 145 146 147 19 20 149 23 153 26 27 155 28 156 30 31 160 32 35 163 37 167 41 170 171 44 174 175 48 49 178 179 51 53 54 55 57 58 59 60 62 191 192 193 65 67 68 69 197 71 199 200 73 74 75 76 78 79 80 81 83 85 88 89 90 91 92 93 99 102 104 105 106 107 108 110 113 114 116 118 122 124
91 1 2 4 8 9 11 12 14 16 17 18 21 22 24 26 27 30 33 40 43 44 47 48 49 50 51 53 58 59 60 62 63 65 67 68 71 73 75 76 77 78 82 83 85 86 88 91 92 93 94 95 98 100 101 104 106 108 109 111 113 114 115 117 119 121 122 123 125 127 128 129 132 133 136 142 145 146 149 151 153 154 157 160 161 166 168 169 170 171 173 174 177 179 182 184 186 187 188 189 192 193 195 196 197 198 199 200
92 99 164 101 37 103 199 136 169 9 77 15 176 151 120 153 185 94 191
93 82 115 197 7 171 13 127
94 1 2 3 4 7 8 9 10 11 12 13 14 16 18 19 21 22 23 24 25 27 28 29 30 31 32 33 34 35 36 37 38 39 40 41 42 43 44 46 47 48 49 51 52 53 55 56 57 59 60 61 62 63 64 65 66 67 68 69 70 71 72 73 74 75 76 77 78 79 81 83 84 85 86 87 88 89 91 93 94 95 96 97 98 99 100 101 102 103 104 105 106 107 108 110 111 113 114 115 116 117 118 119 120 121 122 123 124 128 129 130 131 133 134 135 136 137 138 139 140 141 142 143 144 145 146 147 148 150 151 153 154 155 156 157 158 159 160 161 162 163 164 165 166 167 168 169 170 171 172 173 174 175 177 178 179 180 181 183 184 186 187 188 190 191 192 194 195 196 197 199 200
95 1 2 3 6 10 12 13 15 19 20 22 23 25 27 28 29 30 31 32 33 34 37 38 39 41 45 46 47 48 52 54 55 63 64 65 69 70 72 76 79 80 81 84 87 89 90 91 93 94 95 98 99 102 103 104 106 108 109 114 115 116 117 119 120 123 124 129 133 141 142 143 145 146 147 152 155 157 158 159 162 165 167 168 170 171 173 174 175 177 178 179 184 185 186 187 188 189 191 192 193 194 198
96 2 3 10 13 141 142 14 15 144 16 17 18 19 24 158 31 161 34 35 38 39 40 42 43 174 49 178 179 56 57 58 186 189 61 62 190 63 64 192 65 73 74 75 76 78 85 88 89 90 95 96 97 100 104 110 123 127
97 1 4 5 7 9 13 15 17 18 19 21 23 25 26 28 30 31 32 35 37 38 39 40 42 43 45 46 47 48 49 50 52 54 55 56 57 60 61 62 63 64 65 66 67 70 72 73 74 75 77 78 79 82 83 85 86 87 90 91 93 94 95 96 98 99 101 103 104 105 106 107 108 110 111 114 115 116 118 120 121 122 123 124 125 126 127 132 135 137 139 145 146 147 148 151 152 154 155 156 157 158 160 162 164 166 169 173 174 176 177 178 182 183 184 185 187 188 191 192 194 195 197 198 200
98 1 2 3 4 5 6 7 8 9 10 11 12 13 14 15 16 17 18 19 20 21 22 23 24 25 26 27 28 29 30 31 32 33 34 35 36 37 38 39 40 41 42 43 44 45 46 47 48 49 50 51 52 53 54 55 56 57 58 59 60 61 62 63 64 65 66 67 68 69 70 71 72 73 74 76 77 78 79 80 81 82 83 84 85 87 88 89 90 91 92 93 94 95 96 97 98 99 100 101 102 103 104 105 106 107 108 109 110 111 112 113 114 115 116 117 118 119 120 121 122 124 125 126 127 128 129 130 131 132 133 134 135 136 137 138 139 140 141 142 143 144 145 146 147 148 149 150 151 152 153 154 155 156 157 158 159 160 161 162 163 164 165 166 167 168 169 170 171 172 173 174 175 176 177 178 179 180 181 183 184 185 187 188 189 190 191 192 193 194 195 196 197 198 199 200
99 98 3 99 67 6 182 23 122
COST_INSTALL_SERVER_AND_PROGRAMS :
0 6 2 5 5 5 2 5 1 1 2 1 3 4 2 5 3 2 1 4 1 3 4 2 4 5 4 2 4 4 1 4 4 4 1 1 4 5 2 1 3 1 2 4 5 4 3 1 3 2 4 2 2 5 1 4 4 2 2 5 2 5 3 1 2 2 1 1 1 2 2 2 4 1 4 2 4 4 1 4 5 1 1 2 5 4 4 1 2 1 4 3 4 1 1 1 2 2 5 1 5 3 2 2 3 1 4 1 4 1 5 2 2 1 2 2 1 5 2 1 1 4 1 2 1 3 2 1 2 3 4 5 1 3 5 5 2 5 3 4 2 3 4 5 1 4 3 2 3 2 2 2 2 4 4 4 5 5 4 4 5 1 3 2 1 3 4 4 4 2 1 4 5 1 3 3 3 1 1 2 1 3 3 5 3 3 1 5 5 5 2 1 5 2 3 1 2 2 4 5 1 1
1 9 1 5 3 4 1 2 3 3 4 3 2 2 4 1 5 1 2 5 2 3 2 3 5 5 5 4 2 3 2 3 5 2 5 4 2 2 1 3 3 2 1 3 5 3 1 3 1 3 3 5 2 4 4 3 3 4 4 5 3 1 3 5 4 1 5 5 3 2 1 2 3 4 5 3 2 4 1 3 4 4 3 1 3 5 2 3 4 5 5 2 4 1 3 1 4 1 2 3 5 5 1 2 1 4 5 5 4 1 3 3 3 1 3 5 3 3 3 4 4 5 3 4 4 2 1 1 3 2 5 4 3 1 2 3 4 4 5 1 1 1 5 2 1 2 2 1 2 4 4 1 2 1 2 1 3 2 3 1 1 2 2 5 5 3 3 5 5 4 1 1 2 3 5 4 3 2 5 2 5 5 3 1 4 1 2 1 1 1 5 4 3 3 5 5 3 4 4 3 3 4
2 13 2 5 2 3 2 2 2 5 4 1 3 5 5 2 5 4 1 4 4 2 2 1 2 5 3 3 3 3 4 4 3 1 4 3 5 5 4 2 5 1 1 5 1 1 5 2 3 2 4 1 2 1 4 3 4 2 1 3 3 2 5 5 3 2 5 5 3 5 5 3 4 4 2 2 1 1 2 1 1 2 5 4 5 2 2 5 2 3 5 4 1 5 3 5 5 1 2 2 1 1 3 5 4 1 4 1 3 2 4 5 4 3 2 3 3 1 4 1 5 2 4 2 3 1 1 5 2 5 3 3 5 4 5 3 4 5 5 3 4 5 5 4 1 5 5 3 4 4 3 2 1 5 3 4 2 5 2 1 5 4 1 2 3 1 4 2 5 5 3 5 3 2 1 3 5 5 5 5 2 5 5 5 1 1 3 5 1 4 1 3 2 3 5 5 1 3 2 5 5 1
3 12 4 2 1 3 5 4 1 5 1 3 1 3 2 4 2 1 3 3 2 5 4 3 1 3 3 5 5 2 3 1 2 5 1 1 1 3 4 5 1 4 4 4 1 4 4 5 3 4 2 3 4 4 4 1 3 3 3 4 3 2 2 3 2 2 3 3 2 1 3 5 3 1 4 4 3 2 4 4 3 1 5 3 5 5 1 5 3 3 2 2 1 3 4 4 2 4 1 5 5 2 5 5 5 1 1 1 2 4 2 4 1 3 4 1 2 1 3 1 4 4 1 2 1 2 5 4 4 3 5 2 5 4 1 1 5 2 3 1 5 2 4 3 5 4 3 5 5 1 1 3 2 1 3 2 3 1 5 4 1 1 4 4 3 3 5 4 1 1 1 2 4 1 3 5 4 3 1 5 5 1 4 4 5 2 5 3 1 3 3 5 2 1 5 2 3 4 1 2 1 4
4 15 5 1 5 4 2 1 4 1 2 2 4 1 5 2 1 4 3 1 2 4 5 3 3 3 1 2 3 3 3 4 2 2 2 4 5 4 2 5 1 5 3 2 4 3 3 3 3 3 3 4 3 1 1 1 3 5 3 4 5 5 3 5 3 4 1 1 2 5 4 1 5 1 3 4 2 4 4 5 2 4 2 1 4 1 5 2 4 4 1 1 5 4 5 1 2 3 3 5 1 2 1 1 4 5 2 2 2 2 2 4 5 5 5 3 4 3 2 3 5 2 3 4 4 5 1 2 5 5 5 1 3 5 3 3 1 2 4 2 5 3 2 5 2 3 1 2 1 4 1 1 2 1 1 3 5 5 2 1 2 2 3 2 4 2 3 1 3 5 1 1 2 5 2 1 5 2 3 5 4 4 2 1 4 1 3 1 4 4 4 5 5 1 2 3 2 4 1 3 5 5
5 12 1 3 2 1 5 3 1 2 1 1 3 2 2 5 1 4 4 1 2 2 1 4 4 4 3 5 1 2 1 5 3 2 4 2 1 1 4 3 3 2 3 5 5 3 3 1 4 4 2 4 4 2 2 3 4 5 1 3 3 2 2 1 4 1 2 3 5 4 5 2 5 4 1 1 1 1 1 3 1 4 3 4 2 3 3 1 2 1 1 1 5 5 3 3 2 1 5 5 3 3 2 5 3 3 5 4 3 5 4 1 2 2 1 4 4 2 4 4 2 4 2 2 4 5 1 5 1 3 4 1 5 4 5 3 3 5 2 3 4 1 1 1 1 1 5 1 2 5 4 2 1 1 3 4 4 2 2 4 4 2 4 3 1 1 2 3 2 2 5 1 2 3 1 5 1 4 4 3 1 2 2 4 3 5 5 1 3 2 1 2 5 2 1 5 3 1 5 4 5 2
6 12 2 1 1 2 2 1 5 5 3 3 4 3 1 3 5 3 3 4 4 4 4 1 3 3 4 3 3 3 4 2 5 5 4 3 5 3 3 3 5 5 5 5 3 5 1 5 5 4 2 1 2 3 4 2 3 3 4 2 3 4 4 1 3 3 1 5 5 2 2 3 5 5 3 3 1 3 2 3 2 1 5 3 5 3 2 3 3 3 5 4 3 3 1 2 3 3 3 5 4 1 4 1 1 1 1 1 2 4 3 2 3 4 2 3 1 4 5 5 1 1 1 2 2 4 5 3 4 2 4 1 2 2 5 5 5 1 3 2 3 4 4 3 3 2 5 3 4 4 5 5 2 1 1 4 5 4 3 4 5 1 4 2 5 3 1 1 2 2 2 4 1 2 4 4 5 1 5 5 1 1 1 1 2 1 1 5 4 2 4 3 5 2 3 5 4 4 2 5 5 5
7 8 2 2 2 3 5 1 2 2 5 3 5 4 3 1 4 4 2 3 5 4 1 2 2 2 4 5 1 5 1 1 2 2 1 2 4 2 4 1 2 1 3 5 1 3 3 2 1 3 5 1 2 3 4 1 3 5 1 1 3 1 5 1 2 3 5 2 4 4 1 2 4 1 5 5 1 1 3 1 5 1 5 4 1 5 4 3 3 2 3 5 5 1 4 2 1 4 4 1 3 4 5 5 2 5 4 4 3 1 2 3 3 5 2 4 2 4 1 4 4 3 3 2 1 1 2 3 4 2 3 3 3 1 5 4 2 5 1 5 3 4 2 2 3 5 1 2 5 4 2 2 1 4 1 3 2 1 4 5 3 1 5 3 3 1 4 5 3 5 2 1 2 1 2 1 1 4 1 1 2 4 3 1 2 4 3 5 2 5 1 4 4 4 2 5 3 4 2 3 3 1
8 9 1 3 4 3 2 3 4 2 5 2 4 1 2 4 5 3 4 1 1 5 5 4 3 4 3 1 2 5 1 4 4 5 4 2 1 2 5 3 5 4 5 3 2 5 2 1 1 5 5 5 1 2 2 3 3 5 5 2 1 2 4 2 2 5 1 4 5 4 4 4 5 2 5 5 4 1 1 5 5 4 1 4 2 3 2 4 2 3 2 3 5 5 3 2 1 4 4 2 4 2 4 2 3 1 1 2 5 3 5 3 5 1 5 2 4 2 1 3 3 1 2 3 2 4 2 2 4 2 5 4 5 1 2 5 4 4 2 5 2 1 4 2 3 5 4 4 2 2 1 4 4 1 3 3 3 4 4 4 2 1 5 5 4 1 4 4 5 1 4 1 3 5 4 2 4 1 3 3 1 1 5 5 2 5 3 3 3 4 5 2 1 3 1 1 3 1 1 2 5 4
9 10 1 4 4 4 3 3 2 2 1 1 1 2 4 5 4 3 2 1 3 2 1 5 5 4 3 4 1 5 5 1 3 3 3 1 1 5 2 4 4 5 3 4 4 1 1 1 1 2 5 4 3 2 4 1 3 1 3 4 3 3 2 4 4 1 5 4 4 5 4 4 1 2 4 4 5 4 1 5 2 2 4 5 4 1 3 1 2 4 4 3 3 5 3 4 3 5 2 1 2 4 3 5 3 4 5 4 5 3 5 2 5 1 1 4 3 2 1 4 5 5 5 5 5 4 5 1 1 2 5 3 4 5 4 3 3 5 5 1 1 2 5 5 4 3 1 5 4 4 5 5 4 5 3 1 3 2 3 4 2 5 3 2 4 1 1 4 1 4 4 4 2 4 1 4 5 5 5 4 3 1 2 3 1 4 3 5 2 1 4 3 4 1 3 4 2 2 1 2 1 5
10 14 3 3 1 4 5 5 1 2 1 1 5 5 5 3 1 1 2 1 1 2 2 5 4 1 5 2 5 1 5 5 5 2 2 4 3 3 1 5 4 1 2 1 5 4 5 1 4 5 5 1 3 3 3 4 3 3 5 5 3 5 2 1 3 5 1 1 2 3 1 2 5 5 3 1 4 4 3 2 1 2 4 1 2 1 5 1 4 5 5 5 4 5 5 3 3 2 2 4 4 4 2 4 2 3 1 4 2 1 2 5 4 1 5 4 4 3 4 5 1 3 3 5 5 2 5 2 4 1 5 4 3 1 2 2 4 5 1 1 2 3 1 5 3 5 1 2 4 2 1 1 4 3 3 5 2 2 3 3 3 3 4 2 2 4 3 3 1 4 3 5 5 4 1 4 4 2 5 1 5 3 4 3 3 2 3 4 1 2 3 1 3 4 3 4 3 4 4 3 4 3
11 6 2 5 4 4 3 5 5 5 5 4 5 3 3 4 4 2 4 3 2 5 4 2 3 3 1 5 5 3 3 5 4 5 3 2 4 4 4 4 3 3 5 2 2 4 4 5 5 2 3 4 5 2 4 2 2 5 1 5 3 3 2 5 5 5 3 2 4 4 5 5 5 4 2 1 1 3 1 3 2 3 2 1 4 3 1 3 4 2 3 2 3 1 5 1 5 4 2 3 3 5 3 1 2 3 5 4 4 2 2 3 5 5 5 3 5 2 5 3 3 1 4 3 5 4 2 1 5 4 5 4 3 1 5 2 3 1 5 3 5 3 2 2 4 3 3 4 4 1 2 2 1 2 2 1 5 4 3 2 5 3 4 5 1 5 3 4 4 4 1 5 2 5 5 3 5 3 3 5 3 1 1 2 3 5 2 2 1 4 4 2 1 5 5 5 4 1 2 5 3 4
12 11 2 4 5 3 1 2 1 4 1 3 3 4 2 5 4 2 1 5 4 2 1 5 5 5 2 5 1 4 4 2 5 1 4 4 5 5 4 5 1 2 4 3 5 5 4 2 5 1 3 3 2 4 3 5 3 5 1 5 1 2 3 2 3 4 2 1 5 2 5 4 3 3 4 3 1 3 2 4 5 5 1 1 2 4 4 4 2 4 4 3 1 4 3 5 1 5 1 5 4 3 5 4 3 4 1 4 3 1 2 4 5 4 5 4 3 1 1 4 1 4 1 3 4 3 5 4 1 5 4 4 1 1 5 5 4 5 3 4 5 4 3 3 2 4 3 5 2 2 3 1 4 2 1 2 4 2 3 2 4 1 5 1 2 3 2 3 1 3 5 2 5 4 1 2 4 1 1 5 4 2 2 1 2 3 5 2 5 4 4 5 1 2 3 1 1 3 5 1 1 2
13 9 1 1 4 1 1 1 5 1 4 4 4 2 4 5 2 4 2 5 1 2 4 1 1 5 3 3 2 1 5 3 4 1 3 3 4 4 2 2 2 3 2 4 3 5 1 3 2 3 3 1 1 2 2 4 5 2 4 2 4 1 1 3 4 2 4 3 1 1 5 5 1 5 5 2 5 5 5 3 1 1 5 4 3 3 1 1 1 1 5 3 3 5 1 5 4 2 4 4 5 3 4 2 4 2 1 5 3 4 3 3 3 3 4 1 1 1 4 5 4 2 4 3 5 3 2 1 1 4 2 1 3 3 3 1 1 1 1 5 1 2 2 3 1 4 2 4 4 5 4 1 5 5 4 2 5 5 2 3 2 2 1 2 1 1 1 4 1 1 4 2 4 3 4 5 1 4 3 4 2 4 2 5 3 3 1 4 1 1 5 3 4 1 5 1 3 2 1 4 4 5
14 14 3 2 1 5 4 3 1 2 1 3 2 2 2 2 1 2 2 1 5 2 2 3 3 5 4 5 4 4 1 2 5 2 4 1 1 2 3 3 4 4 4 3 2 1 5 1 2 2 4 5 4 4 2 3 4 4 2 1 3 5 1 2 4 3 4 4 4 4 1 3 5 2 2 1 2 4 3 2 5 4 3 4 1 4 5 5 2 4 2 2 5 2 1 4 1 3 2 3 3 1 4 2 2 2 1 5 4 3 3 4 3 1 1 5 5 5 3 3 5 2 1 2 3 1 1 4 1 5 2 3 2 2 1 2 1 3 3 1 2 5 4 1 2 4 1 2 1 5 2 5 2 4 1 2 1 3 4 3 5 3 5 1 5 3 4 3 1 2 2 1 5 5 5 4 2 2 5 1 1 1 3 3 4 3 1 4 2 1 1 5 2 3 5 2 4 5 3 4 2 1
15 10 3 4 5 1 4 5 5 3 2 3 2 4 5 5 4 3 4 1 5 3 5 5 2 5 5 3 3 5 4 3 4 4 2 3 2 3 4 2 4 1 2 1 4 3 1 2 1 5 5 4 5 3 3 4 5 1 3 4 5 5 2 5 5 5 3 2 3 1 1 4 3 4 5 2 1 5 1 1 3 3 4 2 3 1 1 3 4 5 2 3 5 1 1 1 1 4 1 2 5 2 3 4 3 1 4 3 2 2 3 2 1 2 1 3 2 4 4 4 2 3 5 3 5 1 1 4 4 1 5 2 3 2 3 2 3 2 5 1 4 3 5 3 4 5 5 3 2 2 4 2 1 1 1 5 4 1 2 3 4 1 2 4 4 4 4 4 4 2 3 2 1 2 2 5 4 2 1 3 4 2 5 3 1 3 2 5 1 1 3 5 3 1 4 1 1 2 2 1 5 4
16 11 5 2 1 1 3 4 1 2 3 3 5 3 3 4 1 5 1 5 5 5 5 2 4 1 3 5 4 3 4 2 1 1 5 3 3 5 2 1 2 2 2 4 5 1 4 4 1 5 4 2 3 3 1 1 4 4 3 1 1 1 3 4 1 3 4 5 4 5 2 3 3 4 2 5 1 3 2 2 2 4 2 1 2 5 1 2 4 5 2 1 4 3 5 4 3 2 1 3 4 1 3 4 3 1 2 3 4 3 5 5 1 1 2 2 5 3 5 5 1 4 5 4 1 1 5 4 3 4 1 2 1 2 1 2 1 2 3 3 5 2 3 1 1 5 4 3 3 3 1 3 5 5 4 4 4 4 2 2 2 2 5 1 4 2 5 1 3 1 1 4 4 5 5 3 5 3 1 3 5 5 2 2 5 1 5 5 3 4 4 2 1 2 5 3 4 2 2 5 1 3
17 6 5 5 5 2 3 1 2 2 3 2 1 1 5 5 5 1 5 1 1 1 5 4 5 1 2 1 3 3 1 5 5 5 1 1 1 4 2 3 1 3 3 5 2 1 4 5 3 2 3 1 5 3 2 4 5 4 1 4 2 2 4 4 5 4 1 1 5 1 4 4 2 3 5 2 2 2 3 4 3 4 3 4 4 1 3 4 2 2 4 5 1 5 1 4 4 4 2 5 4 3 2 2 3 4 4 4 3 3 3 2 5 3 1 1 1 3 4 4 5 5 3 5 5 4 1 2 5 4 5 1 4 1 4 4 2 1 2 5 2 1 1 3 1 4 4 1 3 3 4 5 3 3 1 1 1 1 2 4 4 3 5 5 3 1 4 4 4 2 4 5 2 2 1 2 2 5 5 1 4 1 2 2 5 4 4 3 2 4 3 3 4 4 4 5 3 3 1 2 5 3
18 12 4 4 5 1 4 2 2 4 3 1 2 5 1 2 3 5 5 2 1 4 1 1 3 4 2 1 5 2 2 4 1 5 4 2 4 2 4 3 5 2 2 3 4 3 4 4 3 1 5 2 5 4 3 3 4 5 2 1 1 4 1 5 5 1 4 1 3 2 2 3 5 4 2 1 5 4 1 5 5 1 4 3 3 4 2 4 2 4 4 2 3 4 4 5 2 5 2 3 3 3 5 4 2 4 5 4 4 4 3 3 2 4 5 1 3 5 5 5 4 3 2 5 4 1 1 1 4 3 5 4 2 3 5 3 1 1 1 3 4 3 5 4 2 3 3 3 1 4 4 5 4 1 4 5 2 2 5 2 2 2 5 4 5 2 2 4 1 4 3 5 4 2 3 3 4 2 3 1 1 5 3 1 4 5 5 1 1 3 5 1 2 2 5 5 1 3 2 5 3 4
19 6 3 5 4 2 2 1 3 1 4 4 5 5 4 5 3 4 2 3 2 4 1 4 1 5 1 4 1 2 3 2 5 1 2 3 5 3 5 5 3 1 3 5 3 4 3 1 2 3 1 3 4 5 1 3 3 1 2 5 3 3 2 5 3 3 3 3 5 4 4 3 2 5 1 4 1 4 2 3 3 1 4 5 5 4 1 4 3 1 1 3 2 5 2 5 3 5 3 3 3 4 1 2 1 5 5 3 1 1 5 1 2 1 1 4 1 5 5 1 2 2 4 5 2 5 1 3 1 4 5 4 2 2 4 2 2 3 5 1 1 5 2 3 4 5 2 1 5 5 2 5 2 1 1 5 1 5 1 1 1 4 2 3 4 4 2 5 4 5 4 1 3 1 4 3 3 1 2 5 5 4 5 1 1 3 4 1 2 2 2 3 2 5 2 4 5 3 4 1 5 2
20 10 1 1 5 1 3 3 4 2 3 5 3 1 3 1 2 5 1 5 5 1 3 5 5 3 3 2 4 2 1 1 2 5 2 4 4 5 2 2 3 2 4 5 1 1 4 2 2 4 3 4 5 4 2 5 4 1 5 1 5 1 4 1 3 5 5 3 3 4 3 2 5 3 3 5 5 3 4 4 4 4 3 4 3 1 5 1 4 4 5 3 3 2 2 2 4 2 3 2 3 3 4 2 1 4 1 2 2 4 5 5 2 4 3 5 5 3 1 3 5 1 4 2 4 3 2 1 3 2 2 4 1 4 4 4 5 3 2 2 1 1 1 5 2 5 5 3 4 3 3 2 1 3 4 5 3 1 2 1 2 2 5 3 4 5 3 4 2 1 4 5 5 5 3 4 5 3 2 4 4 4 2 4 2 3 1 4 5 3 4 5 4 1 3 2 4 5 2 5 4 1
21 10 2 5 1 5 2 2 1 2 5 1 1 2 3 3 1 3 2 4 5 1 2 3 2 3 3 5 5 5 5 1 4 1 1 1 5 1 5 4 2 2 3 1 2 4 3 3 1 4 3 1 4 4 3 3 4 1 5 2 2 1 2 1 3 1 3 5 5 5 4 3 4 1 3 3 2 5 3 4 3 4 2 1 1 3 3 4 3 2 3 5 1 2 1 1 1 2 3 3 1 1 3 3 4 1 3 1 4 4 3 3 4 2 2 1 4 2 1 3 4 3 3 4 4 3 2 3 3 2 2 2 3 3 1 1 5 3 4 4 2 1 3 3 1 2 1 4 5 1 2 5 1 1 2 4 1 2 2 4 1 5 4 1 2 1 5 4 4 2 2 2 3 2 1 5 5 2 1 4 3 4 5 4 1 4 1 1 4 2 3 1 5 4 5 5 5 5 4 4 4 3
22 9 3 1 4 5 3 5 5 1 5 2 2 4 1 4 2 1 1 4 4 1 4 3 3 1 1 2 5 5 4 5 3 4 4 4 5 2 1 1 3 1 4 5 1 5 3 1 3 1 4 3 1 5 3 5 1 1 2 3 2 4 1 2 4 5 3 5 1 3 2 2 5 1 3 3 1 5 1 4 3 3 3 2 1 2 4 3 1 2 4 1 4 1 2 2 1 4 3 5 4 4 4 1 5 5 2 3 2 1 1 3 4 5 1 1 5 1 3 3 4 1 4 5 2 3 5 2 3 4 3 5 5 3 4 3 1 2 2 1 3 3 4 3 5 4 4 5 2 4 2 5 4 3 2 1 1 2 1 1 3 1 1 5 3 1 4 4 4 1 1 1 3 2 4 3 4 1 2 5 1 4 2 2 1 4 1 2 2 5 4 3 4 5 4 2 5 2 4 3 5 1
23 13 2 1 4 5 2 5 3 5 1 1 4 1 2 3 2 3 2 2 3 5 4 1 1 1 5 1 3 1 3 3 2 3 2 5 2 5 1 5 4 3 5 1 3 3 5 3 3 3 4 4 1 3 4 3 4 3 2 5 1 1 5 5 1 2 2 3 1 2 5 4 5 1 4 4 1 2 4 1 1 3 5 2 1 4 3 4 1 1 4 4 1 5 4 1 5 2 2 2 4 5 3 4 5 4 4 4 4 4 1 5 1 1 3 5 5 1 3 3 5 1 2 4 3 4 4 1 1 5 2 3 3 3 5 5 3 5 2 5 1 1 1 5 3 2 5 1 4 1 2 4 2 2 2 4 2 1 1 2 3 5 1 2 3 5 5 2 2 3 5 3 2 5 5 3 1 2 3 4 3 3 2 1 2 2 1 3 2 5 2 4 4 5 3 4 1 2 5 4 2 1
24 6 2 3 4 4 4 2 3 3 4 1 1 4 3 1 5 2 2 1 2 5 3 5 2 1 3 1 2 4 3 1 5 4 3 3 3 5 2 2 4 5 5 5 3 2 1 4 2 5 2 2 4 2 5 2 3 1 1 5 2 5 1 3 1 3 2 5 5 1 4 5 1 4 4 2 4 4 1 3 5 2 2 1 3 2 4 4 5 4 1 5 1 5 4 2 2 3 1 5 3 1 5 1 2 1 1 3 1 3 3 2 3 4 3 4 5 4 2 5 5 3 4 1 2 5 4 1 4 4 3 2 5 2 5 4 1 5 5 2 4 3 3 4 5 5 5 1 2 5 3 1 2 2 3 4 3 5 3 4 1 3 1 2 3 2 1 5 3 4 3 2 4 2 1 5 5 1 1 5 1 3 3 3 2 5 1 2 1 3 5 4 3 2 4 3 2 4 2 1 1 5
25 10 4 5 3 4 5 3 1 4 4 3 5 4 1 1 1 5 2 5 5 1 3 4 4 5 4 2 1 3 5 1 2 1 5 2 5 2 2 3 4 3 5 4 5 4 3 1 4 3 4 4 4 5 2 4 4 4 1 2 1 3 3 5 2 3 4 5 3 1 1 1 5 2 3 3 1 5 4 5 5 3 5 1 3 5 3 3 1 5 3 4 5 5 5 3 5 5 2 4 2 5 1 2 2 1 3 1 1 3 3 5 5 2 5 4 3 5 5 1 1 1 4 1 2 4 1 1 4 3 2 1 2 2 5 5 4 3 3 2 4 4 1 2 3 4 5 2 4 5 4 5 4 1 2 4 5 5 2 3 5 5 5 4 3 1 1 1 3 2 1 2 1 5 4 1 2 5 5 3 1 1 5 5 2 4 3 2 4 5 3 1 3 4 4 1 1 4 4 3 3 3
26 11 4 1 2 1 4 4 2 4 3 1 1 5 1 4 4 3 5 1 4 1 2 4 2 3 2 1 2 2 4 5 2 2 4 4 2 1 1 5 2 1 5 1 1 5 3 1 5 5 2 5 3 3 5 5 5 2 4 4 1 4 2 3 3 3 3 5 1 3 3 3 3 4 5 1 3 4 4 5 1 2 4 3 3 5 5 3 5 4 4 4 4 5 1 2 5 3 5 1 1 4 5 5 5 2 1 4 5 2 1 4 3 5 3 3 3 2 2 5 1 4 1 3 1 1 1 4 2 4 2 2 5 4 3 3 5 2 1 2 3 5 5 1 2 5 2 1 5 5 1 2 3 1 1 5 2 5 1 2 2 5 4 5 2 4 4 4 4 5 2 2 4 1 4 2 2 2 4 2 5 2 2 3 4 5 5 1 3 4 5 1 5 5 2 1 5 1 2 4 2 1
27 10 3 5 3 1 4 3 1 1 1 3 3 2 4 3 2 4 5 5 3 5 3 2 4 3 3 4 2 5 1 2 5 4 4 1 1 2 2 3 4 1 3 2 4 3 4 5 2 5 4 3 1 4 1 1 1 1 2 5 2 3 2 4 3 1 3 5 5 2 2 1 5 2 1 4 3 3 3 2 3 1 5 2 2 2 4 2 1 1 5 1 4 4 4 4 3 5 2 5 1 2 1 2 4 4 2 2 2 2 3 2 3 2 3 2 3 2 5 5 1 1 1 1 3 5 2 1 3 3 1 3 2 2 1 1 5 1 2 5 2 2 2 3 2 4 2 1 1 5 2 5 4 5 4 4 4 4 4 4 4 3 3 5 3 5 3 5 3 5 3 1 3 4 2 4 5 2 5 1 4 4 3 3 1 5 3 4 1 1 5 4 4 4 3 2 1 4 1 5 3 3
28 6 3 1 2 3 1 3 4 1 2 1 1 1 5 4 5 4 1 2 5 4 4 2 5 2 4 5 5 3 3 3 5 3 3 3 1 2 3 2 4 3 1 1 1 2 4 1 3 4 4 5 2 3 2 5 5 2 4 2 2 3 4 1 1 2 3 2 3 5 2 2 5 4 2 3 3 3 5 1 1 3 3 3 1 2 3 4 4 2 2 3 5 1 1 2 2 2 4 4 2 3 2 4 5 4 3 1 5 3 5 1 2 4 2 5 4 2 3 3 1 1 1 1 5 1 5 1 3 5 1 4 5 4 1 4 3 5 2 2 3 1 2 2 4 5 1 4 4 2 5 3 4 2 4 4 2 5 3 5 1 3 1 4 2 1 4 5 2 2 3 2 5 5 3 4 1 3 2 5 3 3 4 1 5 1 5 1 3 3 1 1 5 2 2 5 4 1 1 1 4 1
29 15 4 5 5 5 1 1 2 3 1 1 1 1 5 2 5 1 4 3 4 4 4 3 5 2 2 5 5 5 5 2 2 2 5 2 5 3 3 3 2 1 2 4 3 4 1 4 4 1 3 2 3 4 3 1 4 3 1 2 1 3 2 5 3 4 2 5 4 4 3 1 1 4 3 5 2 3 3 3 2 4 2 5 2 3 1 3 4 2 4 3 4 4 3 2 4 4 2 1 4 3 3 2 1 4 4 1 3 1 3 5 4 4 5 2 5 1 2 1 4 5 3 5 4 3 2 1 2 3 2 4 4 3 4 2 4 5 1 1 1 2 5 5 3 4 1 1 1 3 5 1 5 2 2 5 4 2 3 2 5 5 5 2 2 5 4 2 1 2 1 2 3 5 5 3 2 2 2 1 4 4 4 2 3 4 1 3 3 3 1 5 3 1 1 1 3 1 4 2 4 1
30 10 2 3 4 1 2 2 5 5 1 3 2 1 5 2 5 2 1 5 1 1 1 3 4 4 3 1 1 5 5 3 1 2 3 1 5 2 5 4 1 2 5 1 5 1 5 2 3 2 4 3 5 1 3 1 1 1 5 4 5 2 1 4 2 2 2 3 5 1 3 2 5 5 4 4 3 5 3 4 5 1 2 3 1 1 1 5 5 4 3 3 2 1 1 2 3 1 5 2 2 4 1 4 2 2 3 2 1 2 1 4 5 4 3 5 1 3 5 5 1 3 3 4 5 1 2 5 5 3 2 3 3 4 4 4 3 5 5 4 4 3 1 4 3 1 2 5 3 4 3 1 4 4 2 2 3 2 2 3 1 3 2 2 2 3 2 5 1 2 2 4 5 2 4 1 3 4 5 4 3 3 4 5 1 3 5 5 2 1 2 2 2 4 4 1 2 1 1 2 4 4
31 11 3 4 4 3 5 3 2 2 3 4 3 5 4 1 3 5 5 3 4 2 4 5 1 5 2 4 2 4 5 4 2 2 3 1 5 3 2 2 3 5 4 2 2 1 2 5 5 3 2 4 1 3 4 1 1 5 2 3 1 4 1 3 4 3 1 5 1 5 1 4 1 3 1 2 1 4 1 5 1 3 5 4 5 3 1 5 2 1 2 2 1 5 3 3 3 3 4 1 5 1 1 2 4 5 4 4 5 3 2 5 1 5 3 2 4 5 5 3 1 2 5 2 1 2 5 4 1 4 5 1 3 1 4 4 5 4 2 2 4 3 1 4 5 3 5 2 2 2 5 1 5 2 3 2 1 3 1 5 1 1 5 4 4 5 1 4 2 2 1 1 4 2 4 2 2 4 2 5 3 4 4 2 3 5 3 1 2 5 5 3 4 5 4 5 2 1 2 3 3 3
32 15 3 4 2 1 1 4 3 2 1 1 2 2 5 5 1 2 3 5 4 1 5 5 4 1 5 1 5 2 1 4 3 3 5 3 5 2 5 2 2 3 3 2 2 2 2 3 2 3 4 5 4 2 5 3 2 2 2 2 3 4 5 2 4 5 5 1 4 5 3 3 4 1 2 1 2 5 3 1 1 5 4 5 4 1 2 4 5 4 3 3 4 3 3 5 5 2 4 5 1 4 3 3 3 5 2 3 5 4 3 4 4 5 3 1 3 4 4 3 4 2 3 3 1 1 3 1 3 3 3 3 5 2 4 4 5 1 5 5 1 3 3 1 1 5 1 3 2 1 2 3 1 1 5 1 4 1 1 2 3 2 1 4 4 4 2 2 2 1 1 3 1 2 5 1 2 3 1 5 1 3 4 4 5 4 1 2 5 2 2 4 3 5 4 2 1 3 3 1 4 4
33 6 4 2 1 2 2 4 4 1 5 1 3 3 3 3 2 5 5 4 3 5 5 1 5 5 4 1 4 1 2 4 4 2 2 2 3 1 2 2 2 2 3 1 1 1 3 5 4 4 5 3 1 3 5 4 4 2 5 1 5 2 4 4 3 5 3 2 1 1 4 4 2 2 1 3 2 3 4 5 5 1 1 2 1 4 4 1 1 3 5 2 3 5 5 2 1 5 1 2 4 1 5 1 4 1 4 4 4 4 2 2 1 3 3 3 3 3 4 4 4 3 1 4 2 1 5 4 4 1 2 4 5 1 4 3 2 2 3 4 5 2 4 5 2 5 2 1 4 3 5 4 2 2 4 3 5 4 5 2 5 2 1 1 1 3 3 4 3 3 1 4 4 5 1 1 4 5 1 3 2 2 3 3 3 5 1 4 4 3 2 4 5 5 4 2 3 2 4 5 2 3
34 9 4 1 5 1 5 5 4 2 3 2 2 3 4 5 4 2 4 3 1 2 1 4 5 3 3 3 1 3 3 4 5 5 3 3 1 1 1 2 4 4 1 1 2 1 2 5 1 1 2 2 5 1 4 4 5 3 1 5 5 3 4 5 4 4 4 1 2 4 1 4 3 2 2 1 5 5 3 1 4 4 1 3 3 3 5 4 1 5 5 4 3 1 4 4 2 2 4 1 4 3 1 1 4 3 3 4 1 5 5 1 4 2 5 4 1 2 2 2 4 2 2 5 5 4 1 1 4 5 3 4 3 3 2 4 1 3 2 4 2 4 5 3 1 4 1 3 4 2 1 5 4 1 2 4 3 5 1 3 5 5 1 2 3 4 3 4 5 1 5 4 3 5 3 5 4 1 4 4 5 2 1 4 1 5 4 2 4 1 5 1 2 5 3 1 1 5 1 4 5 1
35 7 3 4 4 1 5 2 2 5 1 3 3 3 1 4 2 1 2 3 2 1 5 4 3 2 4 5 3 4 3 2 3 4 5 2 3 1 2 4 3 2 5 3 4 4 5 4 5 5 4 1 5 3 3 5 1 3 3 1 5 1 3 1 4 2 4 5 5 2 4 4 1 3 5 1 1 1 5 5 4 3 5 5 1 1 3 4 3 2 5 2 3 4 1 5 4 3 3 3 4 2 3 4 5 1 3 5 5 5 1 3 5 4 1 3 1 2 4 4 4 1 5 2 4 2 5 5 5 1 5 2 2 1 1 2 2 5 1 1 4 1 2 3 3 5 2 5 4 3 5 2 4 3 5 5 3 4 5 1 2 4 5 2 5 1 4 4 3 1 1 5 3 5 4 3 4 2 1 1 5 3 4 3 5 3 3 2 2 3 2 5 2 2 1 1 1 5 1 5 2 5
36 12 2 2 1 5 1 2 3 3 2 3 5 3 3 1 3 3 5 4 3 2 3 2 2 3 3 2 4 1 3 1 2 2 4 4 1 1 3 2 1 5 4 1 4 5 3 4 5 5 2 5 2 5 3 1 5 2 3 2 1 4 2 3 1 5 1 4 1 2 1 2 2 4 2 2 5 2 4 3 5 2 4 2 2 4 1 3 5 3 4 5 5 2 4 3 4 4 5 4 4 2 1 3 5 1 1 5 2 3 2 4 4 2 2 1 2 1 2 2 1 3 4 5 1 3 5 1 4 1 5 1 4 5 5 4 1 1 5 1 4 3 5 3 4 1 2 5 5 1 2 5 2 3 2 2 4 2 2 5 5 4 2 1 4 4 3 5 2 2 2 1 1 3 3 1 5 1 5 5 5 2 1 5 1 1 3 3 5 5 3 1 1 1 1 3 4 4 1 3 2 1
37 15 5 4 1 2 4 1 4 3 4 1 2 3 1 1 5 3 3 5 5 1 5 5 5 3 4 3 2 2 3 4 3 5 2 5 3 1 4 2 1 4 4 1 5 4 3 1 4 2 4 2 4 3 1 2 3 2 3 1 3 5 3 4 3 1 4 5 3 2 5 4 1 4 1 5 1 2 3 2 4 2 1 3 1 5 3 5 3 4 2 2 2 5 2 5 2 5 4 4 2 1 5 4 2 4 3 1 1 3 1 2 3 2 5 1 4 5 3 3 4 3 5 2 1 3 1 3 1 5 5 4 4 2 4 4 4 4 1 5 5 3 4 1 5 5 1 1 2 4 2 5 3 2 3 2 3 3 5 2 5 1 5 3 2 5 3 5 1 1 4 4 3 3 3 3 3 2 2 5 1 1 1 2 2 4 4 5 4 4 4 3 1 2 3 2 2 3 3 3 1 4
38 8 2 4 3 5 3 5 2 3 2 3 4 5 4 2 1 1 2 3 5 4 1 1 1 3 4 3 4 4 3 4 5 5 4 2 3 1 5 2 5 4 5 1 4 1 3 1 2 5 5 4 5 4 1 1 1 5 4 5 4 5 3 1 3 3 3 1 3 2 3 5 5 2 3 4 1 3 2 1 3 1 3 2 2 1 2 1 1 1 4 3 5 3 3 1 3 1 4 1 5 2 5 1 2 3 2 1 2 3 2 5 3 3 4 4 3 2 3 5 1 4 2 5 2 1 3 2 3 4 4 5 1 3 3 3 3 2 1 2 5 2 5 3 2 3 2 5 1 3 1 3 4 4 2 3 2 3 4 4 2 3 5 2 1 2 4 4 4 4 3 3 4 2 1 1 5 4 1 1 2 2 3 3 3 2 4 4 1 2 3 2 3 4 1 2 5 2 2 3 3 5
39 14 1 5 2 5 5 1 1 5 2 2 4 4 5 2 5 2 4 5 5 3 1 5 2 3 4 2 2 3 2 3 5 4 1 1 3 2 1 5 5 1 4 3 4 3 4 2 2 5 1 4 4 3 3 1 1 3 3 4 2 4 4 5 2 2 1 3 3 2 5 2 4 5 3 3 3 3 3 5 3 1 4 1 4 4 3 1 5 5 3 4 1 2 2 4 2 4 2 2 4 5 1 3 1 1 2 1 3 1 1 1 5 4 5 5 1 5 2 1 2 4 2 5 2 3 2 3 4 1 3 1 5 3 5 4 5 5 5 1 2 1 1 5 4 3 5 2 4 1 5 1 3 3 5 2 4 1 2 4 4 1 2 2 4 3 2 3 4 5 2 1 1 4 4 2 3 3 1 2 4 2 4 5 1 5 2 5 4 3 3 2 1 2 3 4 5 5 1 2 2 1
40 7 2 4 4 4 4 5 2 1 5 4 2 5 2 2 1 2 2 3 4 4 3 3 2 1 2 5 3 3 3 1 4 4 5 3 1 1 4 4 2 4 4 5 5 1 3 5 5 5 5 5 3 3 1 5 2 4 1 3 5 3 5 1 3 5 2 4 3 3 2 4 3 1 2 2 1 3 5 2 1 5 1 3 3 1 4 2 3 1 1 5 1 2 4 1 3 3 5 3 1 3 1 5 5 4 5 4 1 1 2 5 1 2 3 5 4 3 1 3 1 2 5 2 5 4 1 1 5 4 4 5 4 1 3 1 4 5 1 4 5 3 4 4 1 2 4 2 4 1 1 2 1 1 2 5 2 1 4 1 3 5 2 1 5 5 1 1 5 4 5 3 1 5 1 5 5 4 3 1 3 5 3 3 4 1 2 3 1 1 2 1 2 5 2 2 4 2 1 2 2 2
41 6 1 5 1 2 2 5 2 1 2 2 2 3 3 1 4 1 4 3 5 2 2 2 1 5 1 1 4 4 1 2 1 4 1 5 5 2 5 1 5 2 3 1 4 5 2 3 5 3 4 5 1 4 4 1 2 3 3 5 5 4 1 5 2 3 5 4 5 1 1 5 2 4 4 2 2 5 2 2 4 5 1 2 4 1 4 1 1 2 1 2 4 2 4 3 5 3 5 4 2 3 4 5 5 5 5 4 5 4 3 3 2 1 4 3 4 3 2 1 4 2 5 2 3 5 4 3 3 1 4 2 1 5 4 2 4 2 5 5 4 2 4 1 2 5 1 2 1 1 3 2 2 4 5 2 2 2 5 5 3 1 3 4 2 4 3 4 3 2 2 1 4 2 2 2 1 1 1 3 3 2 1 1 5 2 5 5 3 2 1 4 5 2 4 4 5 2 2 2 5 4
42 15 3 5 1 1 5 5 3 1 4 1 2 3 2 1 4 3 5 4 1 3 4 4 2 2 1 5 2 2 4 5 1 5 2 3 1 3 3 1 5 2 2 2 2 3 2 1 1 3 5 3 4 1 3 5 3 2 3 4 2 2 4 2 5 3 5 3 3 4 3 1 5 2 1 1 2 2 5 5 3 3 2 5 2 2 4 1 2 2 1 4 1 5 2 5 4 5 2 2 4 3 5 4 2 3 5 1 2 5 1 2 1 1 5 1 4 5 4 4 3 1 1 4 5 4 1 2 3 2 3 1 3 5 3 3 2 4 5 4 4 2 4 4 1 5 4 1 1 5 3 5 4 5 4 3 3 5 2 5 2 4 3 1 2 1 2 3 2 2 5 1 5 3 4 2 2 3 3 3 4 5 1 1 3 5 1 4 5 5 4 1 3 1 2 5 2 3 2 2 2 4
43 13 3 1 2 4 1 1 3 2 1 2 2 3 1 1 4 4 1 3 3 5 2 4 4 4 1 5 2 4 4 5 3 5 5 4 3 4 4 1 4 2 5 5 2 4 3 1 1 5 1 2 3 1 1 1 2 5 2 4 5 1 1 2 3 5 3 4 2 2 4 3 1 3 4 3 1 1 5 3 4 1 4 4 2 4 3 2 2 4 3 3 4 5 3 3 3 2 4 5 3 4 4 3 5 5 1 2 5 2 2 1 1 3 4 1 2 2 2 2 3 1 5 4 5 5 1 3 2 3 5 4 4 5 4 2 2 2 4 2 5 2 1 5 2 2 4 4 3 4 1 2 2 4 2 4 4 2 2 1 5 3 2 3 3 2 2 2 3 2 2 2 5 5 1 3 2 4 3 5 5 2 2 1 2 5 2 1 2 3 1 5 2 4 2 2 1 5 3 1 1 3
44 11 1 1 5 2 2 5 5 4 3 4 2 4 3 3 2 3 1 4 3 5 5 2 2 4 2 3 5 5 4 2 3 5 1 4 1 4 5 1 3 5 5 3 1 3 2 5 3 5 3 2 1 4 1 2 1 2 5 3 2 1 1 4 5 3 2 1 5 3 3 4 1 5 1 3 5 5 1 3 1 4 4 1 3 2 4 1 5 5 1 2 4 3 4 5 5 3 4 1 2 4 1 3 2 1 4 1 3 2 1 1 1 5 3 4 2 3 1 2 3 4 2 2 5 4 2 2 4 5 2 4 2 4 2 1 4 2 5 5 1 2 4 1 3 1 1 5 3 5 4 3 5 1 5 2 2 4 2 2 1 5 5 5 4 1 1 1 5 5 1 1 4 1 1 2 3 2 1 4 4 3 1 2 1 5 2 1 1 4 3 3 1 1 5 1 2 5 4 1 2 1
45 10 5 1 4 4 2 2 4 4 3 4 2 3 1 4 3 5 3 5 4 2 2 4 3 2 1 3 1 1 2 5 4 2 1 4 3 2 2 4 5 1 5 2 2 3 1 4 5 3 4 5 2 5 3 4 1 5 5 1 4 2 5 1 1 2 2 4 3 5 3 3 4 1 5 2 2 4 3 5 5 5 2 5 3 2 3 5 3 2 5 3 1 5 5 2 1 4 1 5 4 5 4 1 1 5 4 2 5 5 1 2 1 2 4 2 3 2 5 3 5 5 3 5 4 2 2 1 1 3 5 4 4 1 3 5 2 2 1 1 3 2 4 1 2 4 2 1 2 1 2 5 4 2 2 3 5 5 1 5 4 5 3 2 2 2 3 3 2 2 3 1 1 4 1 3 5 1 1 3 5 2 3 3 5 5 3 3 3 5 3 4 3 1 2 2 2 2 5 3 1 2
46 9 5 4 3 3 1 3 5 5 3 3 4 4 3 4 5 4 5 5 5 2 3 4 4 4 3 4 2 3 3 3 3 4 2 2 5 2 5 4 2 2 2 3 4 2 5 2 1 4 5 5 2 1 4 1 1 4 2 4 3 3 4 2 5 1 4 5 3 5 3 4 3 5 3 5 2 5 3 5 2 4 4 5 4 2 2 2 1 4 2 2 5 5 5 3 1 3 5 5 4 1 5 2 2 1 2 2 3 1 4 5 4 4 4 2 5 2 3 5 3 4 5 5 1 5 2 4 1 5 4 4 4 4 2 4 4 1 4 5 3 5 5 3 2 3 1 3 3 3 2 1 5 4 5 1 4 1 1 5 3 3 3 5 4 5 3 5 4 1 2 5 4 5 4 5 3 5 2 5 5 3 3 2 4 3 3 2 4 3 4 5 1 4 4 3 2 3 5 1 5 5
47 13 1 2 3 1 5 2 5 5 5 1 4 1 5 1 5 3 4 3 3 3 2 1 2 1 1 3 2 4 5 4 3 3 4 2 1 4 4 5 5 3 5 4 1 2 4 5 5 3 2 5 3 2 2 1 5 3 4 1 2 1 5 1 3 1 2 1 5 3 3 1 2 2 2 1 1 5 2 4 3 2 5 2 3 3 2 5 3 2 3 1 3 4 2 5 4 1 2 5 3 2 4 3 5 4 3 5 2 2 4 1 4 4 5 4 5 1 1 4 1 5 3 2 5 1 5 3 2 4 1 4 5 2 1 1 1 3 2 2 5 2 3 1 3 4 5 3 2 4 3 3 1 2 2 1 2 3 4 3 2 1 3 3 3 5 1 5 4 5 3 2 2 1 5 2 1 1 3 1 4 2 2 5 4 1 3 4 3 3 5 4 1 5 3 4 5 1 2 5 5 2
48 14 4 4 2 1 3 3 3 4 1 3 5 5 2 3 3 5 5 2 5 3 2 4 3 4 1 2 1 1 4 1 4 5 5 1 4 4 3 3 5 5 3 5 1 1 5 1 5 3 4 1 3 3 3 3 1 3 4 1 2 5 2 1 1 4 3 2 1 4 2 4 1 5 5 5 2 1 5 2 5 1 5 3 1 4 3 5 5 3 1 2 2 1 1 4 1 5 4 3 5 2 3 1 5 2 3 1 2 4 5 3 5 5 1 5 3 3 4 5 4 4 2 1 2 5 3 4 5 1 4 1 2 4 4 5 2 1 2 4 4 2 3 2 5 1 5 2 3 3 1 1 3 1 4 5 3 1 3 4 3 5 4 3 2 5 3 5 2 4 1 1 1 5 4 5 1 1 4 3 2 3 5 1 4 1 4 4 1 2 2 1 4 3 1 4 3 2 2 1 1 2
49 11 4 3 3 5 2 4 5 4 4 5 5 2 1 2 4 5 4 2 2 5 1 1 4 5 4 2 2 5 1 3 4 3 4 2 3 1 1 5 4 4 5 1 3 5 4 4 1 5 2 3 1 5 3 2 2 2 2 5 1 4 4 3 4 5 4 5 3 1 5 3 2 5 4 1 5 3 3 4 3 3 3 5 1 2 1 4 5 4 4 4 4 4 2 1 4 1 1 2 1 4 5 3 3 2 2 4 1 4 3 4 4 5 3 1 1 5 1 4 4 1 4 2 2 1 4 1 1 1 1 1 5 5 1 3 5 3 3 2 5 3 4 2 2 4 2 5 4 2 4 5 5 4 3 2 4 5 4 1 3 5 2 1 3 4 5 1 2 4 3 4 1 4 4 2 1 5 2 2 3 3 1 4 5 4 1 5 3 3 5 4 3 2 4 5 2 4 5 1 5 4
50 13 4 3 3 4 4 3 5 3 1 2 3 2 3 3 4 4 3 5 1 5 4 5 1 1 5 3 4 4 5 3 3 1 2 4 1 4 5 5 2 4 2 4 2 2 2 4 1 2 5 2 1 2 4 1 5 2 2 1 4 1 4 1 5 2 4 1 5 2 2 3 4 3 1 2 5 2 5 1 5 5 1 1 3 2 2 5 1 4 3 4 2 3 3 2 3 4 2 3 4 1 4 3 5 4 3 2 1 5 3 1 1 4 4 3 2 4 4 1 2 3 3 4 2 1 1 1 4 5 1 1 3 1 5 5 2 2 1 3 4 1 1 3 4 5 4 2 5 3 1 3 5 1 5 2 3 1 5 1 5 4 2 1 2 3 4 2 1 1 3 3 2 4 5 5 4 5 2 5 5 4 1 2 3 4 4 4 2 1 3 3 5 4 5 4 5 4 4 1 1 1
51 10 4 1 2 1 5 5 1 5 4 2 3 1 3 4 2 1 2 4 3 2 4 5 3 4 2 2 1 1 5 2 2 4 2 1 5 1 2 3 2 2 4 4 1 5 3 2 5 2 3 4 5 2 4 3 4 1 1 3 1 1 2 5 4 2 2 4 2 5 4 2 2 1 2 5 3 5 4 1 3 1 2 2 5 1 2 4 1 1 5 3 3 5 4 2 1 3 3 4 3 4 2 5 4 5 5 3 5 3 2 3 1 1 5 3 3 1 3 3 4 1 2 5 3 5 4 1 5 5 1 2 1 2 2 4 1 5 3 5 5 5 5 2 4 2 5 1 2 1 4 4 5 4 1 3 5 4 5 4 1 4 1 4 4 1 5 1 1 5 2 4 4 3 3 3 2 4 5 5 3 1 5 2 3 3 1 5 4 5 1 5 1 5 1 1 2 1 5 1 5 5
52 15 5 3 4 4 1 2 2 4 5 2 3 5 1 3 2 3 2 4 5 4 4 5 2 1 4 1 2 4 3 1 4 3 1 5 1 5 3 2 1 3 5 4 1 2 2 3 2 4 4 5 4 2 5 5 2 4 2 2 3 4 1 3 1 3 3 4 1 2 1 5 4 3 5 3 3 1 5 1 4 1 1 5 4 2 1 3 1 5 2 2 5 4 3 2 4 5 3 3 4 4 5 4 5 4 4 4 1 2 1 3 4 5 5 3 2 1 2 1 1 3 3 1 1 2 1 3 4 5 4 1 1 3 5 1 4 2 4 5 5 3 1 1 2 3 5 1 2 1 4 2 2 4 3 5 2 3 2 5 4 2 1 3 1 5 4 4 4 2 2 3 1 1 1 5 4 3 5 4 5 1 4 4 5 2 2 3 2 2 2 5 4 3 3 2 5 5 2 3 3 5
53 9 5 4 5 4 3 4 4 4 4 5 1 1 1 4 1 1 2 3 2 3 1 2 5 5 1 3 5 1 1 5 3 5 3 5 3 1 3 5 2 3 3 2 3 2 2 2 2 1 3 2 2 4 3 5 3 5 2 5 1 2 5 1 4 2 3 5 4 1 4 3 2 1 1 4 1 3 4 3 1 2 1 2 1 5 2 5 3 4 4 4 3 4 2 5 2 4 1 5 2 2 3 3 1 1 1 5 1 5 1 2 1 1 3 5 3 3 2 3 1 1 3 4 1 3 2 1 5 4 4 2 4 3 5 2 2 1 1 5 3 1 3 1 2 5 3 4 4 3 2 3 2 3 4 1 2 4 2 1 5 1 4 5 3 3 1 1 2 3 1 2 1 4 1 3 4 2 5 4 3 4 3 2 2 5 5 4 3 3 3 5 5 1 1 4 5 5 5 2 4 3
54 8 1 1 2 5 1 4 5 4 2 1 2 4 4 1 3 5 5 3 3 2 5 5 3 1 4 5 2 1 5 4 1 1 4 4 3 5 4 2 5 4 4 3 3 3 5 3 5 2 1 3 1 5 1 1 5 5 3 5 2 3 1 3 3 5 4 5 2 2 3 5 1 2 1 5 1 4 3 2 3 3 1 1 1 4 4 3 1 3 1 1 1 1 4 2 4 3 5 3 4 5 2 3 1 1 3 2 3 3 5 5 4 2 3 5 2 2 4 4 4 5 4 4 2 4 5 5 5 4 3 4 4 5 1 1 5 5 4 3 5 3 2 5 1 4 5 3 4 4 4 1 4 1 1 3 5 3 1 5 1 4 3 4 2 4 5 1 3 5 1 4 1 3 1 5 5 4 4 3 2 2 1 2 4 2 5 1 2 5 5 1 4 5 1 1 5 4 5 1 4 3
55 7 3 3 2 2 4 3 2 1 5 4 4 5 5 5 3 3 2 1 2 2 5 2 3 4 1 1 2 3 1 2 1 2 4 5 2 5 4 4 2 1 4 4 5 5 4 1 1 5 2 3 1 2 1 5 5 1 4 4 2 2 5 5 3 5 5 1 5 3 4 5 4 4 5 2 1 1 3 3 1 3 3 4 3 4 1 2 3 1 3 4 2 3 4 5 5 2 3 5 4 4 2 3 2 1 4 5 5 1 3 2 4 5 2 2 5 2 1 2 2 1 4 1 3 2 3 5 2 3 5 4 1 4 1 3 5 3 4 5 3 2 2 4 4 4 4 3 4 5 4 5 1 2 3 3 4 4 5 5 1 5 4 1 3 2 2 1 2 5 5 5 1 1 2 3 1 2 4 5 1 1 1 3 4 1 4 4 1 5 2 4 5 4 1 4 3 4 5 5 2 1
56 9 4 5 5 3 1 5 3 5 3 4 5 2 5 1 3 5 3 4 1 5 3 2 5 3 2 2 3 4 4 4 5 4 4 2 3 4 5 4 4 3 4 3 2 3 5 3 2 4 2 4 1 1 4 3 1 4 1 5 3 4 5 3 2 2 5 4 5 5 1 1 2 3 4 1 1 5 5 1 3 5 1 2 5 1 5 1 2 4 4 3 3 5 5 3 3 4 2 1 5 1 1 1 1 3 1 5 3 1 3 1 3 5 4 3 1 3 1 1 4 4 4 2 2 2 2 2 3 1 1 3 5 4 4 1 2 1 4 4 5 5 1 2 2 3 3 1 1 5 2 5 1 2 1 2 3 3 3 3 1 1 3 1 5 4 5 1 2 1 4 5 3 3 4 2 2 4 4 4 1 2 2 1 1 5 4 5 3 5 5 5 4 4 2 5 2 5 3 5 4 2
57 15 4 3 2 2 4 2 5 4 3 1 5 2 5 2 1 2 5 3 4 3 1 1 1 1 4 5 3 1 1 3 4 1 4 2 1 2 3 4 4 1 1 4 5 4 1 5 4 2 5 2 2 3 2 4 3 2 2 3 2 5 2 3 4 5 1 4 1 2 1 3 1 4 2 1 4 1 3 1 5 3 5 2 3 5 4 4 2 4 5 2 5 5 2 2 1 2 4 4 2 3 2 5 4 4 4 3 1 1 3 3 1 2 5 5 3 5 5 5 4 1 4 4 5 1 2 2 3 3 5 1 5 2 1 2 1 3 5 5 1 2 4 2 2 1 5 2 4 4 3 2 4 2 2 3 1 5 2 1 3 4 2 1 4 3 5 3 4 1 2 3 3 5 3 2 2 2 3 5 4 4 3 3 1 3 5 3 3 5 3 1 3 1 1 5 2 5 1 5 3 3
58 10 5 2 4 1 1 4 2 2 2 4 4 1 5 2 3 1 2 1 3 5 1 4 2 3 5 4 3 2 2 2 5 2 2 1 3 2 3 5 5 1 4 3 3 2 2 5 4 5 5 2 3 4 4 5 5 3 5 4 4 1 3 4 2 1 4 1 1 4 3 5 2 1 1 5 4 4 5 3 1 2 2 5 5 1 1 5 4 4 3 3 3 5 3 5 5 3 4 5 4 2 3 5 3 3 3 5 4 4 3 1 2 2 3 4 2 3 4 5 2 2 5 1 5 3 1 4 5 3 5 5 5 5 1 1 3 3 2 4 4 4 4 2 1 2 2 2 3 1 2 1 5 4 4 1 3 3 5 3 5 5 1 5 5 2 1 2 5 4 1 4 1 2 3 3 4 3 4 2 4 2 3 3 3 3 4 2 1 2 1 5 5 5 4 4 2 5 3 1 3 3
59 12 1 4 4 2 1 4 1 3 1 5 4 2 5 3 3 4 5 4 1 4 5 4 5 5 3 2 2 3 1 5 2 5 4 1 5 5 1 5 4 4 1 4 4 4 4 1 2 3 2 2 2 3 5 2 2 1 5 3 5 1 3 3 4 1 3 3 5 1 5 4 5 1 4 5 2 2 5 4 1 2 5 2 5 2 2 5 1 1 4 3 4 4 1 5 4 5 3 5 3 2 2 1 1 1 4 1 5 3 2 4 5 1 3 1 3 5 2 3 4 4 2 1 4 2 1 4 2 1 5 3 4 4 5 4 3 1 4 1 1 3 3 2 3 2 5 5 2 5 4 5 3 2 5 1 4 3 2 2 4 4 4 4 5 4 4 2 2 3 4 2 5 3 4 2 1 1 3 5 2 2 3 5 2 2 2 3 3 1 4 2 3 1 3 5 1 3 1 4 1 4
60 8 5 2 4 1 5 4 3 2 4 5 3 1 4 3 5 1 3 5 3 2 5 3 1 5 3 3 3 2 2 2 2 4 5 4 5 5 5 5 1 5 4 5 1 5 4 5 5 1 3 5 5 4 4 1 3 1 4 3 3 1 2 1 3 3 4 1 1 1 1 2 5 4 4 2 4 3 2 4 1 5 2 5 5 1 4 2 5 4 1 2 5 4 2 2 3 5 3 3 1 4 2 1 4 4 2 4 1 1 4 1 5 2 4 2 2 4 4 3 4 3 2 1 1 5 5 4 5 5 4 4 1 4 5 3 5 5 4 1 1 4 5 1 2 5 3 4 4 5 1 5 5 5 2 3 4 1 2 3 5 4 2 3 3 5 5 3 3 4 3 5 5 5 5 2 3 5 4 1 5 1 4 3 5 1 5 3 1 4 4 5 3 1 1 5 2 1 1 5 3 4
61 8 2 4 5 3 4 1 3 5 1 3 5 3 1 4 2 1 4 3 1 5 4 5 5 3 3 3 2 3 5 2 3 1 1 4 2 1 1 2 5 4 3 1 1 3 5 4 2 4 4 4 1 2 5 5 2 3 4 1 3 4 5 4 3 2 4 3 1 3 5 4 5 1 4 3 2 2 4 1 1 5 4 1 2 1 5 5 3 3 3 4 3 4 4 5 1 4 5 2 5 2 5 3 5 5 3 3 3 1 1 5 4 3 1 1 4 5 4 3 5 4 5 2 2 4 4 5 2 3 5 1 4 1 5 2 2 1 2 5 2 4 1 3 2 2 1 3 1 2 2 5 5 1 4 2 3 5 3 4 3 1 1 5 4 4 3 3 1 4 1 3 2 1 5 3 5 5 2 1 2 4 3 5 5 1 5 2 1 3 3 4 5 4 2 3 5 5 1 4 4 2
62 7 5 4 2 2 2 2 1 2 5 4 4 1 4 3 3 3 5 5 2 4 2 4 4 4 1 5 4 3 3 4 1 2 5 3 5 1 1 5 5 4 4 3 5 4 5 4 4 3 4 5 5 2 3 3 5 2 5 3 5 5 3 1 4 3 5 4 3 5 3 2 3 1 4 4 2 3 4 5 4 2 5 3 4 5 2 3 2 2 3 5 5 2 4 4 4 3 4 2 3 3 3 4 1 3 4 3 1 2 4 5 3 3 3 5 1 1 4 1 3 2 2 5 3 2 5 2 3 3 2 1 2 3 2 1 2 4 5 1 3 2 5 2 3 4 1 5 1 4 5 5 3 2 4 1 4 4 1 4 2 4 3 1 4 1 2 4 2 1 3 3 5 5 2 1 3 3 2 4 3 3 4 5 1 5 3 5 2 1 2 3 5 4 3 3 5 2 4 4 2 5
63 15 2 5 2 1 5 5 3 2 2 1 4 2 2 3 5 5 4 1 4 1 5 5 2 4 1 5 3 4 4 3 1 1 4 4 2 1 2 4 3 4 2 4 4 4 1 1 1 5 1 5 4 3 1 4 5 2 1 3 1 1 4 5 2 3 1 2 3 2 5 2 2 3 2 3 2 4 2 4 1 4 5 5 3 5 3 4 3 3 3 1 1 5 5 2 1 3 5 3 2 3 3 4 3 4 5 4 5 4 3 5 1 1 2 1 2 4 2 2 3 5 3 5 1 3 5 3 2 1 3 5 2 5 2 1 1 1 4 2 2 3 3 4 4 3 5 2 3 4 2 5 2 2 1 3 1 4 5 3 5 4 5 4 3 3 2 2 1 5 4 3 5 3 4 4 1 1 5 3 4 4 4 2 3 3 5 2 1 1 2 2 3 5 3 2 1 2 4 2 2 1
64 7 3 3 2 2 1 2 3 3 4 1 4 5 4 1 5 1 2 5 3 1 1 1 1 2 4 5 1 5 2 1 4 5 1 3 5 1 5 1 2 5 1 3 3 5 2 1 1 2 5 3 1 3 5 2 3 4 4 3 2 1 4 1 1 1 5 5 1 5 3 4 2 3 3 2 3 5 1 4 3 3 3 4 5 4 3 3 3 2 4 4 2 2 2 4 5 4 4 5 3 3 3 5 2 5 2 5 2 4 4 5 5 3 3 2 4 1 2 2 1 5 5 2 4 3 1 2 2 3 3 1 2 1 5 3 5 1 1 3 3 1 2 4 1 2 5 3 4 1 3 2 5 5 3 1 2 1 2 2 5 5 1 1 3 5 4 5 3 2 5 4 5 1 1 3 1 1 5 4 3 1 4 2 5 1 4 3 1 3 2 3 3 4 1 4 5 2 1 3 4 3
65 8 3 2 3 5 2 3 1 5 1 3 5 4 4 2 5 1 1 3 3 5 2 5 5 5 3 4 5 2 1 3 4 1 3 4 3 2 2 5 4 1 1 2 3 4 2 4 2 4 3 5 1 2 1 4 1 2 1 4 3 2 5 1 2 4 4 1 3 5 5 2 1 5 4 1 1 4 4 4 4 1 2 3 4 5 1 4 2 4 4 3 3 4 2 1 4 5 2 2 5 4 4 1 2 5 1 3 4 5 2 1 3 5 1 1 1 1 3 1 1 1 3 2 4 5 3 1 2 4 5 4 4 1 3 1 1 3 3 4 1 5 5 5 3 2 4 3 1 3 5 2 5 1 3 5 3 4 3 4 2 5 5 3 3 4 5 1 4 4 3 4 3 3 1 3 1 1 5 1 3 3 2 5 2 1 2 3 2 1 3 5 1 3 3 2 4 5 4 3 4 2
66 7 1 4 2 3 2 5 2 2 5 2 4 4 2 1 2 3 5 4 4 1 4 3 2 3 1 1 2 4 3 2 3 2 2 4 1 3 3 4 4 3 1 2 3 1 2 5 1 1 2 5 3 2 2 4 1 3 5 2 1 5 2 5 5 5 4 1 5 1 2 4 2 1 1 5 5 4 4 3 1 5 4 1 4 4 4 1 4 4 3 3 4 3 3 5 1 3 4 2 1 1 3 3 2 4 3 4 4 5 5 4 4 3 4 4 2 4 1 1 2 2 5 5 2 4 3 1 5 1 5 4 3 5 4 2 1 3 1 4 5 2 1 2 1 5 4 5 1 3 5 5 5 2 1 5 5 4 1 4 1 2 1 4 2 2 2 1 2 2 2 5 4 5 5 1 4 4 2 5 4 3 5 2 3 4 3 5 1 2 1 2 3 1 5 2 1 5 5 2 2 3
67 7 1 1 5 5 5 5 4 5 5 5 4 1 5 3 3 2 5 4 2 5 2 5 5 1 2 1 3 5 1 3 4 3 1 2 3 3 4 4 1 1 5 3 2 2 4 5 3 5 2 1 3 5 1 4 5 5 3 5 1 1 3 1 3 1 4 1 1 3 3 3 5 5 4 2 2 3 2 1 4 2 3 2 3 5 1 4 3 4 5 3 4 2 2 3 4 2 2 2 5 5 3 3 4 4 1 4 2 1 4 1 5 2 4 5 4 4 2 1 4 5 2 3 2 2 5 3 2 2 1 2 1 1 1 4 1 1 2 4 4 3 4 3 2 2 3 4 5 5 2 5 3 2 1 2 2 3 3 2 4 5 3 1 1 1 4 4 2 3 1 4 2 1 3 3 1 2 3 5 1 1 2 1 1 5 3 3 3 5 2 4 1 1 4 4 4 5 5 4 4 2
68 14 5 5 1 1 4 2 4 1 4 5 1 4 4 1 2 5 3 1 4 3 1 1 5 1 1 2 1 2 2 1 2 5 4 1 5 5 1 5 1 4 1 2 2 4 2 4 5 4 2 3 1 2 4 5 4 5 1 2 2 5 1 5 4 2 4 4 5 4 3 2 2 4 5 5 4 2 1 1 2 2 2 1 1 2 3 3 2 2 1 2 1 3 3 1 3 2 2 4 5 3 1 2 5 5 3 4 3 2 1 5 5 2 3 2 2 4 5 5 1 4 2 3 4 5 3 1 2 1 1 1 1 5 2 1 5 5 1 4 1 2 1 5 1 4 1 3 4 4 1 4 5 4 4 4 3 1 1 4 1 2 1 1 1 5 5 2 1 3 3 2 2 3 3 2 4 4 1 5 3 1 5 3 1 4 4 4 4 5 3 4 3 2 1 5 1 1 4 4 3 1
69 7 4 2 5 5 4 4 2 4 3 5 1 2 5 3 4 4 2 4 5 2 1 1 1 5 3 1 3 2 1 2 4 1 3 3 1 1 1 1 4 5 1 2 5 1 1 3 5 4 5 3 1 4 5 3 4 1 2 3 4 4 2 1 2 2 3 3 3 4 5 5 1 3 3 1 2 1 1 2 1 3 2 5 2 3 1 3 2 5 3 4 2 5 2 1 1 4 5 2 5 4 1 2 1 1 2 2 5 2 1 5 3 1 1 4 4 4 1 2 5 1 5 2 5 5 4 4 2 3 1 3 4 1 3 1 5 1 4 5 4 5 1 3 3 4 3 5 1 2 4 4 1 3 2 4 3 4 3 4 4 2 3 2 1 3 3 5 1 3 5 3 1 5 3 3 1 2 2 1 1 5 5 3 3 1 4 1 4 3 2 2 3 3 2 5 2 5 5 4 3 5
70 11 2 4 2 1 2 5 4 1 2 2 5 2 3 2 5 2 1 2 3 3 1 1 3 5 2 4 4 3 4 4 5 5 5 2 1 1 1 3 5 1 5 1 3 5 3 5 4 2 1 3 2 4 3 3 3 5 3 1 3 3 5 2 3 1 3 3 3 2 4 3 4 3 4 2 3 3 1 3 1 2 4 5 4 3 1 3 5 2 5 3 2 5 4 4 1 5 4 1 4 5 2 2 5 4 3 1 2 1 5 4 4 5 1 3 2 2 5 4 2 2 3 2 4 1 2 3 1 1 2 1 1 3 1 3 3 5 5 1 1 5 5 5 5 2 4 4 4 4 2 5 4 3 3 3 5 4 4 5 1 2 4 4 2 4 1 4 5 2 1 5 1 1 4 2 4 2 3 3 2 5 4 5 4 3 5 5 4 1 2 5 1 2 4 1 5 2 2 2 2 2
71 15 4 2 1 4 2 5 2 4 4 3 2 5 5 3 5 2 5 5 4 4 3 2 4 4 4 5 3 3 1 4 2 2 5 2 3 2 2 4 5 2 5 1 2 3 3 5 3 2 3 3 1 3 3 2 3 3 2 1 4 3 5 1 1 3 2 1 1 5 4 5 3 2 2 3 5 4 3 5 3 4 3 3 1 1 3 3 5 3 3 2 5 1 5 5 4 3 3 2 5 2 2 1 3 2 1 1 4 5 3 3 1 2 3 1 4 4 3 3 4 2 5 2 4 3 3 5 3 1 2 2 3 1 2 4 2 5 3 2 1 1 3 1 3 4 4 3 1 4 5 1 2 3 3 5 4 4 1 5 2 4 2 1 2 3 5 1 1 1 3 3 1 1 5 5 3 4 5 4 3 3 5 1 5 2 4 4 1 4 2 1 5 1 1 2 5 2 2 1 1 1
72 13 4 2 1 5 5 1 4 5 5 1 1 3 3 5 5 1 4 5 2 4 4 2 5 2 3 2 1 4 1 5 1 3 1 5 3 1 5 3 2 3 3 3 4 1 2 2 3 3 1 1 1 3 4 5 1 1 5 5 1 4 5 3 3 5 5 1 2 3 3 4 1 3 4 1 4 4 4 1 2 2 3 1 1 2 2 4 3 3 2 1 5 3 3 3 4 3 4 4 1 1 5 4 3 5 2 3 2 2 5 4 3 4 5 5 4 3 4 3 2 4 5 1 2 4 4 5 2 4 2 5 5 2 1 2 5 3 5 1 1 1 3 3 4 5 2 1 5 3 4 1 2 1 4 4 3 4 1 5 4 2 5 3 4 2 5 3 4 2 5 2 1 1 5 5 5 3 4 5 1 3 3 1 5 3 5 5 3 3 4 1 5 5 4 5 2 5 2 3 1 2
73 11 5 3 4 2 4 3 5 4 1 1 3 2 2 2 5 1 4 3 4 3 2 5 4 3 5 5 5 4 2 3 5 3 3 2 2 1 5 1 2 4 3 3 3 1 1 2 2 5 2 5 5 1 3 3 5 5 5 3 2 2 2 1 2 2 1 5 2 5 2 3 2 1 5 4 4 3 5 3 1 2 3 5 3 3 4 4 5 2 2 3 4 2 5 4 1 3 3 2 1 3 3 2 1 4 2 4 1 4 1 5 1 1 2 4 3 5 2 2 1 1 3 3 5 1 5 2 3 5 1 1 2 3 5 5 5 2 3 5 1 3 3 1 3 1 5 1 2 1 2 3 2 3 3 1 2 5 5 5 2 3 3 3 3 1 5 1 3 3 4 3 2 1 5 5 4 2 4 5 5 1 3 2 2 3 4 2 4 3 5 5 3 4 3 3 5 1 1 4 3 1
74 12 3 1 1 4 3 2 1 1 1 2 4 5 1 5 1 4 5 3 1 2 2 5 3 4 5 1 5 2 2 5 5 3 2 3 1 2 2 2 1 2 5 2 3 5 1 2 5 4 1 2 2 4 3 1 5 1 3 4 2 3 4 1 4 2 5 2 1 3 2 3 3 1 3 1 4 5 4 2 5 5 4 1 3 2 2 4 1 4 3 4 1 5 5 4 1 1 5 2 3 2 2 5 3 4 2 3 2 5 1 2 1 4 5 1 2 4 5 3 5 1 4 3 1 5 4 2 3 1 1 1 1 5 3 1 3 4 4 5 4 2 2 1 5 3 5 2 1 5 1 2 1 2 5 5 2 1 2 3 4 4 5 5 1 2 1 1 1 4 1 1 5 4 4 3 1 5 2 5 2 5 1 2 1 2 5 1 1 1 4 3 4 2 3 2 5 2 1 2 4 1
75 14 2 4 5 5 2 2 3 4 3 4 1 1 2 1 4 4 3 2 3 1 4 1 5 1 5 3 3 3 5 5 4 1 5 1 4 3 1 1 2 3 3 4 2 2 2 4 1 3 5 3 4 2 5 2 3 4 5 4 2 1 2 5 1 2 1 4 1 3 2 3 2 3 1 3 3 4 4 3 4 1 1 1 3 1 4 5 2 2 3 4 4 5 4 1 2 2 4 2 2 2 4 1 1 1 1 2 5 4 4 5 2 4 1 4 2 5 4 2 5 3 3 2 4 1 1 3 5 5 1 5 3 5 3 2 2 1 2 5 4 1 5 2 5 2 1 4 4 3 4 5 5 1 3 4 4 5 2 5 3 4 4 3 5 4 3 1 4 5 2 1 2 1 2 1 3 1 3 4 5 5 1 2 3 2 1 4 5 4 5 3 1 4 4 4 5 3 3 2 5 5
76 8 1 5 5 5 3 1 3 3 1 3 3 1 5 4 2 5 5 1 1 4 4 3 3 2 5 1 1 5 1 5 2 4 5 3 1 3 2 2 2 4 4 4 3 4 5 2 2 1 3 2 4 3 3 3 5 5 3 1 2 3 3 4 4 5 1 1 3 4 1 4 1 4 2 1 5 5 4 2 1 4 2 5 1 2 3 3 5 4 3 3 5 1 4 1 4 1 5 5 3 3 1 4 3 1 3 1 2 2 3 2 4 5 2 1 4 1 4 1 1 4 5 2 4 4 5 4 2 2 3 4 1 3 3 4 3 5 3 4 2 4 4 4 1 2 3 4 5 2 1 2 4 3 2 2 4 4 5 5 3 2 3 3 4 1 4 2 3 3 1 1 1 3 4 2 1 4 2 5 4 3 2 5 2 3 4 2 2 3 1 3 4 3 1 4 5 3 5 5 2 3
77 13 3 3 3 5 4 5 1 2 2 5 5 2 5 3 3 4 4 1 4 2 4 2 4 4 2 4 1 3 4 4 2 1 1 4 2 5 2 5 3 3 4 2 1 5 1 5 2 4 1 5 5 3 4 2 2 4 1 3 4 4 1 4 1 1 4 5 3 1 4 4 1 3 4 4 4 5 5 3 3 2 2 3 2 5 2 1 4 2 5 1 2 2 4 4 4 2 3 2 3 3 2 5 3 5 2 1 4 2 4 4 2 1 4 5 4 4 3 5 5 3 4 4 1 4 4 2 2 1 4 5 5 1 2 3 4 5 4 3 4 5 1 1 2 4 1 2 1 2 4 1 4 5 1 2 4 5 1 5 1 4 1 1 4 4 1 5 5 2 1 4 5 3 4 2 1 3 3 1 3 5 5 5 1 3 4 2 5 5 1 2 2 2 1 2 5 1 2 1 2 1
78 7 1 1 4 2 5 1 2 1 2 5 1 4 4 1 1 3 4 5 5 4 1 4 5 1 1 2 2 2 3 4 1 2 2 4 2 2 3 5 5 2 3 3 4 2 2 5 5 3 2 3 5 4 1 1 3 2 5 5 3 1 3 4 1 1 5 2 2 1 4 1 5 4 3 5 4 3 2 3 3 4 5 4 2 3 1 4 3 3 1 5 3 4 5 2 3 1 3 3 1 4 2 3 4 1 2 5 5 3 3 4 2 2 2 2 2 3 4 3 3 3 5 2 4 3 5 1 3 2 1 1 1 5 5 2 3 3 4 4 4 5 2 2 3 3 5 5 4 5 4 5 2 5 3 2 3 3 2 1 1 3 2 4 4 4 4 5 2 5 4 1 1 4 3 5 1 1 3 5 1 3 2 3 3 5 5 4 5 3 2 4 4 2 1 1 3 2 2 5 3 2
79 11 1 4 3 4 4 3 1 5 3 3 4 1 5 5 4 3 1 5 1 1 2 5 5 3 5 4 1 5 3 2 2 1 5 1 5 1 4 4 2 5 3 1 2 2 1 3 3 4 5 5 1 1 3 2 2 5 4 2 1 3 4 1 1 5 5 4 5 3 5 3 4 4 5 2 5 1 5 5 1 2 2 2 5 5 2 1 3 1 5 3 5 4 1 4 2 4 5 1 1 5 4 1 4 2 1 3 5 1 2 4 2 4 5 3 1 4 2 4 5 3 3 4 2 3 4 5 4 5 2 4 4 2 1 5 1 3 2 5 5 1 1 4 4 5 2 3 5 5 3 2 5 2 5 3 4 4 2 2 3 2 3 4 5 2 2 2 4 3 2 1 1 3 1 2 5 2 1 5 2 1 3 5 3 1 3 5 5 1 5 3 1 2 2 4 2 2 4 5 2 3
80 10 2 2 2 3 1 3 2 3 1 5 3 1 4 2 4 4 1 2 3 1 2 2 3 4 5 1 1 4 4 3 1 4 1 2 1 1 2 5 5 1 1 5 3 1 2 5 3 1 3 1 2 2 2 5 3 5 2 2 5 2 5 2 3 2 1 1 2 4 5 3 4 2 2 2 3 2 4 1 1 4 3 3 5 3 3 4 3 5 5 5 3 2 3 5 4 1 1 3 1 4 3 1 3 3 4 5 5 4 2 1 3 5 3 1 2 5 4 4 5 2 3 3 1 4 5 5 4 2 3 5 4 2 2 4 5 4 1 2 5 5 3 1 3 4 5 1 1 4 4 1 3 4 2 5 4 2 5 1 3 4 1 3 1 4 3 3 3 2 1 3 2 3 2 2 5 5 1 1 1 1 2 1 4 3 1 3 5 1 5 5 5 3 5 1 5 3 2 2 4 2
81 6 1 1 1 3 3 5 2 2 3 4 4 2 2 2 1 4 4 4 4 1 2 1 1 2 3 5 2 1 4 4 5 4 1 2 1 5 4 5 5 5 1 2 4 4 3 1 5 4 2 1 3 3 2 4 1 2 1 2 3 2 2 5 2 1 5 5 1 1 3 2 4 3 3 1 1 3 2 3 5 4 3 2 3 4 2 2 2 4 1 5 3 1 5 3 3 1 2 3 4 1 4 1 1 1 4 2 5 4 4 5 5 5 4 1 3 4 3 4 2 3 4 1 1 1 4 1 2 4 2 2 5 5 3 3 3 2 4 5 3 2 3 5 4 2 2 5 1 3 3 5 1 4 2 1 1 4 2 5 3 2 1 2 2 5 5 5 2 3 2 2 1 1 5 3 3 3 4 5 4 5 1 2 5 4 1 4 3 1 2 1 5 5 2 2 4 3 3 5 5 5
82 12 5 1 1 1 4 1 3 4 5 5 3 1 5 5 2 1 2 5 1 5 1 5 4 5 1 3 5 2 3 1 1 3 2 1 5 3 3 4 3 1 1 3 2 4 1 1 5 3 5 3 1 3 5 1 1 1 4 4 3 5 4 2 1 2 1 3 2 1 4 3 2 1 1 5 1 2 3 3 2 2 3 1 4 4 2 2 1 1 4 2 1 1 1 5 1 2 3 1 4 4 2 2 3 2 2 3 1 2 2 1 2 5 1 2 5 1 5 5 2 4 3 5 4 3 5 5 2 1 1 1 5 2 1 2 3 2 1 2 2 2 3 3 2 1 3 4 3 4 3 2 2 4 5 5 3 4 5 4 4 3 4 2 5 2 4 3 2 3 4 5 1 1 4 1 3 2 2 4 2 3 4 1 1 5 1 3 2 5 5 3 4 5 2 5 1 3 3 3 2 2
83 15 3 2 1 1 4 1 2 2 5 3 2 3 1 3 5 5 4 2 5 1 5 1 2 2 5 4 4 1 5 1 3 3 4 4 1 1 2 5 1 1 1 1 3 5 1 4 1 4 3 4 5 1 1 3 3 3 4 2 2 5 2 1 5 1 3 5 2 4 5 3 3 3 4 4 3 5 1 5 3 1 1 3 4 3 3 3 1 5 2 4 5 5 4 2 4 1 5 4 1 5 3 4 5 3 5 1 4 4 3 4 1 5 5 4 5 1 5 3 3 4 2 4 2 2 3 5 5 5 2 2 4 2 4 5 3 5 1 5 4 3 1 1 4 4 3 5 1 5 4 2 4 2 5 2 3 1 1 3 5 2 4 2 3 5 3 4 2 2 5 5 2 4 4 5 3 4 4 2 3 5 2 2 1 3 5 4 3 1 1 3 3 4 1 1 2 5 4 1 2 1
84 11 1 1 5 3 1 3 3 3 1 3 3 2 1 5 4 2 4 5 2 4 2 3 1 1 4 4 2 2 4 3 5 2 3 1 4 5 1 2 4 5 4 2 4 3 4 4 2 4 4 5 2 2 1 2 3 2 4 5 1 3 2 5 4 5 5 4 2 4 1 2 4 1 3 1 3 2 5 4 1 5 2 5 1 4 5 3 1 2 2 3 3 5 5 4 5 5 5 2 1 5 5 3 3 5 5 3 4 1 3 3 1 4 3 2 3 1 4 2 1 5 2 4 4 4 4 3 1 2 5 5 4 4 4 1 4 3 3 3 5 5 4 1 1 5 1 1 2 3 3 3 2 3 4 1 4 2 1 4 2 3 2 2 2 2 5 1 2 4 4 5 3 2 5 5 2 3 2 1 3 5 5 5 4 1 1 2 3 5 5 2 5 3 2 3 1 2 3 3 2 4
85 14 5 3 5 3 4 4 4 5 3 1 2 5 3 5 3 5 1 2 3 1 2 2 5 1 5 5 2 4 2 5 3 3 1 1 3 2 5 5 4 4 3 3 2 3 2 4 4 5 2 4 3 1 3 2 2 2 5 2 3 2 2 4 2 4 2 2 3 5 3 2 5 1 4 5 2 5 1 5 4 4 1 1 1 2 4 5 2 5 1 2 1 4 5 2 4 4 1 2 1 3 1 3 3 5 3 1 3 1 5 2 2 3 4 1 5 4 1 4 5 1 4 3 3 4 4 3 1 1 3 4 1 1 5 1 5 3 5 1 5 3 2 2 4 2 1 1 1 5 1 1 5 5 1 2 5 4 2 1 4 3 5 2 2 4 5 2 1 4 3 2 1 1 5 2 2 4 4 4 1 3 1 5 1 1 1 4 2 5 4 5 5 4 2 2 4 5 4 5 2 2
86 11 1 4 3 4 2 1 1 1 1 3 2 3 5 4 3 4 4 4 3 1 3 3 2 2 5 5 1 1 2 5 5 3 4 2 5 4 2 1 2 1 4 3 1 1 3 4 3 3 1 3 4 4 1 1 5 1 4 4 4 1 4 3 5 1 1 4 4 2 5 4 1 4 1 2 4 2 5 3 1 2 2 3 2 5 2 1 2 4 2 3 3 1 4 2 3 4 5 1 3 3 5 4 1 4 4 2 3 3 1 1 5 4 4 3 4 3 4 5 4 5 1 3 1 5 2 2 2 1 3 3 3 5 2 1 2 2 2 5 2 4 4 2 4 5 5 3 5 4 3 2 3 5 4 3 5 3 1 2 5 3 1 5 4 1 2 3 5 2 5 2 5 5 5 2 2 2 1 1 4 4 4 3 2 4 3 5 2 2 2 1 5 3 3 1 1 1 1 2 4 1
87 9 5 5 1 3 2 2 1 2 2 2 5 2 2 4 1 4 1 5 1 2 4 1 4 3 4 4 5 3 1 3 5 2 5 2 3 2 2 3 1 5 4 4 3 1 2 1 4 3 5 5 4 1 5 1 2 3 1 2 4 4 2 5 2 4 3 4 2 2 4 5 5 5 3 5 3 5 2 1 3 4 2 4 2 4 5 2 4 2 5 5 4 3 5 4 1 5 5 5 4 1 5 5 3 3 1 2 4 3 2 1 3 2 3 1 1 2 2 5 3 1 5 1 4 1 4 4 1 3 2 5 4 3 5 3 5 3 2 4 3 1 5 2 5 4 4 1 3 1 1 4 5 4 5 1 3 3 3 3 2 2 5 4 1 3 5 4 1 1 3 3 3 3 2 4 4 2 3 2 3 5 1 1 3 5 1 4 3 4 5 5 1 4 2 5 5 5 5 3 1 1
88 6 3 5 4 2 5 3 3 3 5 4 5 5 3 5 5 4 4 1 2 1 3 5 5 3 3 5 2 4 3 3 3 3 5 4 3 2 5 2 2 3 2 2 1 2 5 3 2 5 1 1 4 4 3 2 4 5 4 3 1 3 5 4 1 1 1 1 4 5 2 1 3 5 1 2 5 1 3 3 2 5 5 3 5 3 3 5 5 1 3 1 5 2 5 4 4 3 5 4 5 3 4 4 4 2 1 2 3 4 2 3 4 2 2 1 3 5 4 4 5 2 4 2 4 1 1 4 3 2 3 4 5 2 5 1 2 3 4 2 5 4 5 5 5 3 5 3 1 2 3 4 2 2 3 3 2 1 3 1 5 5 3 3 4 5 5 4 1 4 5 5 1 3 5 4 3 3 4 1 3 2 4 3 5 2 4 2 5 5 3 1 3 2 4 5 2 3 1 2 5 3
89 8 1 4 2 2 5 2 3 5 1 1 4 2 1 2 2 2 3 5 4 5 3 5 5 1 4 5 3 5 3 4 3 2 5 2 3 2 5 4 1 2 2 2 1 5 4 5 3 5 2 1 1 2 5 3 5 1 4 1 4 4 2 3 1 5 3 4 1 2 3 2 2 3 3 5 5 2 2 1 4 3 4 5 1 3 2 2 3 1 4 4 5 1 4 5 3 4 1 5 3 3 2 4 4 5 1 1 5 2 4 5 4 5 4 1 1 1 2 5 3 4 3 3 3 5 1 3 4 4 3 5 4 1 1 5 5 2 4 1 3 4 2 2 4 5 4 1 1 4 4 3 3 1 1 3 5 1 5 5 2 3 1 3 4 4 4 3 4 1 4 1 2 5 2 2 3 2 1 1 4 5 1 5 5 2 2 5 5 2 1 3 2 3 1 2 5 1 4 5 4 4
90 10 4 4 3 5 1 5 5 4 5 4 3 1 5 4 1 1 3 1 5 5 4 2 1 3 2 3 1 3 5 5 4 4 4 3 1 5 3 1 3 3 4 1 5 5 2 1 3 2 3 5 1 1 3 4 3 5 2 2 1 2 4 2 5 3 1 5 5 5 3 1 3 3 3 5 5 3 5 2 5 3 3 5 2 5 1 5 4 4 2 4 3 3 2 2 2 1 4 2 3 2 5 3 1 5 2 1 1 4 5 1 5 2 5 1 4 1 1 1 2 3 2 2 5 5 5 1 2 2 5 1 3 3 2 4 2 4 2 5 5 4 1 5 4 4 5 1 2 3 4 5 1 5 3 4 3 2 3 5 5 1 3 2 1 4 3 3 1 5 3 3 4 5 3 3 1 5 2 1 2 4 3 4 1 3 1 1 4 2 5 1 2 3 3 3 4 2 3 5 5 3
91 7 2 5 4 2 3 5 2 2 2 1 3 5 4 3 5 4 4 4 5 4 2 1 5 2 1 1 2 5 3 2 3 4 4 3 4 5 3 5 5 3 5 4 2 5 5 2 5 1 4 2 2 2 4 5 5 3 3 4 1 2 2 3 3 3 4 4 3 2 5 2 3 2 5 2 4 3 2 1 3 3 2 3 4 1 2 4 3 5 5 5 1 5 5 2 3 2 2 4 2 2 5 4 1 3 2 3 5 3 4 2 4 2 5 3 1 5 5 3 3 5 5 3 5 1 5 5 2 4 1 2 4 5 1 2 4 1 1 3 1 1 2 3 5 4 4 4 3 3 3 2 3 5 5 5 4 3 4 4 1 2 4 4 2 2 1 5 3 4 3 3 1 4 4 5 2 1 3 2 2 1 1 3 2 3 5 5 4 3 4 5 4 3 1 2 5 3 4 4 2 5
92 10 4 1 2 1 5 3 4 2 5 1 1 3 5 3 1 3 3 2 3 1 1 3 2 2 1 2 3 3 3 2 2 1 1 1 4 1 5 1 2 2 5 1 2 4 5 4 5 5 5 2 3 2 4 1 4 3 3 4 5 1 3 3 4 2 5 5 3 5 5 3 2 5 4 5 1 1 1 4 2 4 3 4 2 3 5 1 1 3 2 2 1 2 3 4 5 2 1 2 1 5 5 3 4 2 5 4 3 2 2 5 4 1 5 3 3 2 1 5 1 2 3 5 4 4 5 4 3 2 5 2 3 3 5 5 3 2 3 4 1 4 4 1 4 5 1 3 4 1 2 4 1 5 3 2 1 1 4 4 5 4 3 3 3 4 5 2 1 5 5 5 1 3 1 1 1 5 1 5 3 5 1 1 2 1 4 5 3 3 3 4 5 2 2 2 5 5 3 2 1 1
93 11 3 5 4 4 1 4 4 3 3 5 4 1 2 2 5 3 1 1 1 5 5 5 4 3 3 4 3 4 4 3 1 2 4 4 5 4 4 3 1 2 2 3 2 5 5 1 1 2 2 5 5 5 2 4 1 2 5 2 1 2 4 3 1 2 5 2 5 4 3 3 3 1 5 2 5 4 4 4 2 4 4 1 3 3 5 4 5 3 4 1 5 4 5 3 5 3 4 3 3 3 2 2 2 4 4 4 2 1 2 4 1 1 2 3 1 3 4 4 4 2 1 1 2 2 1 2 3 3 2 3 3 1 2 2 3 1 1 1 2 3 2 1 4 5 4 4 4 5 2 4 2 5 4 3 3 5 1 4 2 2 1 1 3 4 4 3 5 3 2 2 4 4 1 1 1 3 5 1 2 3 4 2 3 2 4 5 5 4 3 2 4 1 5 4 1 1 3 2 2 2
94 9 3 4 2 5 5 3 4 1 1 2 1 3 5 5 2 2 2 2 4 5 5 3 4 1 5 2 4 5 1 1 2 1 1 1 1 4 4 4 1 4 3 2 4 2 5 2 5 2 1 3 2 3 4 2 4 1 4 3 3 3 3 2 1 3 5 2 4 3 1 5 2 5 1 1 2 5 4 1 4 5 5 5 4 1 1 4 1 1 3 1 2 4 1 2 4 3 4 2 4 4 1 5 1 4 3 3 2 4 1 4 1 4 5 2 4 4 2 1 2 4 2 3 4 2 3 2 5 4 1 2 4 3 2 2 3 2 3 4 4 4 4 1 1 2 2 4 2 4 2 4 2 5 1 4 1 1 1 3 2 1 3 5 3 3 5 4 4 2 3 1 2 5 1 4 4 1 3 2 2 5 5 3 1 4 1 4 1 2 5 2 4 1 3 5 2 5 1 5 2 3
95 10 2 2 3 3 4 1 2 5 5 2 4 2 1 2 3 3 3 2 1 1 3 5 4 4 5 1 2 2 1 4 5 2 3 5 5 5 4 2 1 5 1 5 2 4 1 2 5 1 2 5 3 4 5 2 4 2 4 4 5 3 5 3 2 4 2 5 5 5 1 3 5 1 4 3 5 3 5 1 2 5 1 1 2 2 5 4 3 2 5 2 4 4 1 4 1 5 1 1 3 4 2 1 5 1 1 2 4 1 1 1 3 2 2 5 4 2 1 1 5 4 4 2 3 1 1 5 4 1 5 1 3 1 1 4 4 2 4 5 3 2 4 2 1 3 3 3 1 3 5 4 3 2 4 5 1 4 4 5 4 4 3 3 1 2 5 3 2 4 4 3 3 4 4 1 1 3 5 4 2 2 5 3 5 3 2 3 3 2 4 5 1 5 1 1 1 2 5 5 4 3
96 10 1 3 3 3 5 3 4 1 5 4 4 5 4 3 4 5 3 2 5 1 1 3 3 4 3 4 4 2 2 5 3 5 3 2 4 1 5 4 1 3 2 4 3 3 1 2 3 5 5 4 3 1 1 3 4 5 1 2 3 2 5 2 3 5 2 4 5 5 3 5 1 5 4 3 1 4 2 2 5 2 4 3 4 5 1 4 2 4 4 3 1 2 4 3 3 3 4 5 3 4 2 2 4 5 5 2 3 4 5 5 2 2 5 5 3 1 5 1 3 5 1 5 2 1 5 5 1 4 1 2 2 2 1 2 4 4 1 3 4 3 4 4 2 4 1 1 4 1 3 1 2 4 2 2 3 3 1 1 4 3 5 2 1 2 3 5 4 1 5 1 5 4 2 3 1 3 3 4 3 1 2 2 4 2 3 4 1 3 1 1 4 4 4 2 1 2 2 1 2 2
97 12 5 4 4 2 5 3 1 3 4 5 5 2 3 3 4 2 5 5 3 4 3 4 4 4 2 5 4 3 5 4 3 5 2 3 2 1 4 5 1 3 1 1 1 5 2 3 3 4 1 5 1 4 2 1 3 2 5 4 5 3 3 5 1 4 1 2 1 2 2 1 1 3 4 2 4 5 1 1 3 3 1 2 5 4 3 3 2 4 5 1 5 5 4 1 3 5 3 2 3 4 4 2 5 3 1 5 1 3 3 1 2 5 5 1 5 4 4 3 4 5 2 1 3 4 2 3 2 3 2 5 3 3 2 3 5 4 2 4 3 1 5 4 2 1 2 4 4 2 1 4 3 4 1 1 2 4 1 4 3 5 4 3 5 1 2 2 1 3 4 5 1 5 2 5 5 3 3 5 3 3 1 4 3 4 5 3 5 4 2 4 5 3 2 4 5 2 4 5 3 1
98 14 1 4 1 5 1 2 5 1 3 4 4 2 2 2 5 5 2 2 3 5 2 5 3 1 3 5 1 5 4 2 4 5 3 1 3 4 4 4 2 2 5 5 5 4 2 4 2 5 4 2 1 4 4 1 2 3 2 5 1 4 2 4 4 4 2 5 4 5 2 5 2 4 1 3 3 5 3 3 2 3 5 5 4 5 2 3 5 2 1 4 1 4 4 2 1 5 1 1 2 5 5 1 1 1 2 3 2 4 2 4 2 4 5 3 1 3 1 1 3 5 5 5 2 3 4 4 1 2 1 4 3 2 2 4 4 5 4 1 5 3 5 2 1 5 1 2 3 3 3 4 2 4 5 3 2 3 3 2 4 3 1 4 3 3 5 1 1 5 2 1 2 3 1 5 3 2 4 3 1 1 1 3 3 4 4 3 5 5 5 4 4 1 1 5 1 4 1 3 5 3
99 8 3 5 4 5 2 1 3 5 2 2 5 5 3 4 1 3 4 4 3 3 5 2 3 2 4 4 2 3 5 4 2 2 1 5 1 3 5 5 1 2 4 5 3 4 4 5 1 1 1 2 1 3 1 2 1 4 2 1 2 2 5 2 5 4 2 5 4 3 2 3 2 3 4 5 5 1 2 2 1 5 1 4 1 1 3 1 1 1 1 3 3 1 1 2 2 3 2 5 1 2 2 2 1 4 4 5 4 4 5 3 5 5 4 4 2 4 5 2 3 5 5 1 1 2 3 5 1 2 4 5 4 1 3 1 1 3 4 4 4 3 3 3 1 1 2 2 2 2 1 4 4 2 4 1 3 5 1 5 5 4 4 1 5 3 1 4 3 1 1 3 4 3 3 1 5 4 1 5 5 1 5 5 4 4 2 4 5 2 4 1 4 2 2 2 1 4 3 1 5 3
