100 50
NETWORK_TREE :
88 0 3
81 88 2
54 88 5
44 88 3
15 81 4
40 54 2
30 81 2
4 88 4
24 54 4
84 30 7
75 15 9
27 0 6
7 40 5
52 88 9
83 81 3
67 75 6
25 44 7
21 4 7
8 88 10
64 44 8
91 67 4
32 25 4
97 8 7
14 8 5
78 40 9
46 67 1
60 0 4
85 44 7
74 54 2
45 67 8
47 25 7
80 44 1
62 64 1
99 52 2
68 54 6
2 25 1
10 4 4
94 85 7
3 2 5
58 68 8
17 2 9
28 74 1
29 68 2
95 28 2
65 94 1
72 60 9
92 21 10
59 54 1
89 59 8
63 40 6
33 54 2
38 63 2
22 46 3
96 47 2
12 22 4
9 81 8
66 30 7
70 84 9
13 4 4
19 67 9
82 95 3
11 22 4
49 9 7
51 78 8
77 14 7
87 85 1
18 14 4
5 24 1
69 33 8
35 5 6
37 84 1
23 15 2
76 49 10
56 14 6
48 46 7
73 11 2
31 82 8
98 46 4
53 30 6
79 74 8
43 44 8
55 2 1
39 15 6
61 14 9
93 83 1
71 81 9
42 85 4
86 87 2
36 85 5
20 72 8
6 2 4
16 97 5
90 74 2
1 8 4
50 59 10
34 60 1
41 96 3
26 86 2
57 26 8
NODE_PROGRAM :
0 1 2 3 4 5 6 7 8 9 10 11 12 13 14 15 16 17 18 19 20 21 22 23 24 25 26 27 28 29 30 31 32 33 34 35 36 37 38 39 40 41 42 43 44 45 46 47 48 49 50
1 1 2 3 4 5 6 7 8 9 12 13 14 15 16 17 18 19 20 24 25 26 28 30 31 33 34 36 37 38 39 40 41 42 43 44 45 46 47 48 49 50
2 33 2 35 4 5 37 6 39 10 43 11 13 16 48 17 18 20 25 29
3 1 2 3 5 8 11 12 15 16 17 18 19 20 21 22 24 25 26 27 29 31 32 33 34 35 36 37 38 39 40 41 42 44 45 46 47 48 49 50
4 1 2 3 4 5 37 38 39 8 9 41 42 43 45 47 50 18 21 22 24 25 27 28
5 1 2 3 4 6 7 8 9 10 11 12 13 14 15 16 17 18 19 20 21 22 24 26 27 28 29 30 31 32 33 34 35 37 38 39 40 41 42 43 44 45 46 47 48 49 50
6 1 2 3 5 6 7 8 9 11 13 14 15 16 17 18 19 20 21 22 23 24 26 29 30 31 32 33 34 35 36 37 38 39 40 41 42 43 44 45 46 47 48 49 50
7 2 3 4 5 7 8 10 11 12 13 14 15 16 17 18 19 20 21 22 23 25 26 27 28 29 30 31 32 33 34 35 36 37 38 39 41 43 44 45 46 47 48 49 50
8 50 34 35 19 3 20 23 40 25 27 15
9 1 2 3 5 6 8 10 11 12 13 14 15 16 18 19 20 21 22 23 24 25 26 27 28 29 30 31 32 33 35 36 37 38 39 40 41 42 43 44 45 46 47 48 49 50
10 16 48 32 49 50 18 37 22 7 25 44 12
11 5 6 7 8 9 11 12 13 14 15 16 18 19 20 21 22 23 24 25 27 28 31 32 33 34 35 36 39 42 45 46 48 49
12 1 2 3 4 5 6 7 8 10 11 12 13 14 15 16 17 18 19 20 21 22 23 24 25 26 27 28 29 30 31 32 33 34 35 36 37 38 39 40 41 42 43 44 45 46 47 48 49
13 32 33 2 36 6 40 8 42 44 12 15 16 48 49 18 50 19 20 23 27 28 29
14 1 2 35 3 36 5 37 7 9 42 10 12 45 13 46 47 50 21 22 24 26 28 29 30
15 16 2 20 37 21 40 13 47
16 1 2 3 4 5 6 7 8 9 10 11 12 13 14 15 16 18 19 20 21 22 23 24 25 26 27 28 29 30 31 32 33 34 35 36 37 38 39 40 41 42 43 44 45 46 47 48 49 50
17 1 2 3 4 5 6 7 8 9 10 11 12 14 15 16 18 19 20 21 22 23 25 26 27 28 30 31 32 33 34 35 38 39 41 42 43 44 46 47 48 49 50
18 34 35 36 37 38 7 40 9 45 13 47 16 18 20 21 23 24 25 26 27 29 30
19 1 3 4 5 6 7 8 9 10 11 12 13 17 18 19 20 21 22 23 25 26 27 28 29 31 32 33 34 35 36 37 38 39 40 41 42 43 44 45 46 47 48 49 50
20 3 4 21 5 8 41 42 26 44 29 13 30
21 43 15
22 4 36 37 8 11 44 30
23 1 2 3 4 5 7 10 12 13 14 15 16 18 19 20 21 22 24 26 27 29 31 32 33 34 35 36 38 39 40 41 42 43 45 46 47 49 50
24 1 2 3 5 6 7 8 9 10 11 12 13 14 15 16 18 20 21 22 23 24 25 26 28 30 31 32 34 35 36 37 38 39 40 41 42 43 44 45 46 47 48 49 50
25 2 3 36 38 11 44 45 13 46 15 47 16 48 49 21 26 27 28 31
26 1 34 35 3 36 5 37 6 38 7 9 11 43 12 44 13 46 15 17 20 22 25 28 30
27 16 19
28 32 33 23 39 43 13 14
29 33 35 3 36 23 39 41 42 45 47
30 1 2 3 4 5 6 7 10 11 12 13 14 15 16 17 18 19 20 21 22 23 24 25 26 28 29 30 31 32 33 35 36 37 38 39 40 41 42 44 45 46 47 48 49
31 1 33 2 35 36 4 5 6 8 41 10 12 48 18 20 21 24 25 27 30
32 1 2 3 4 5 6 7 8 9 10 11 12 13 14 15 16 17 18 19 20 22 23 24 25 26 27 28 29 30 31 32 33 34 35 36 37 38 39 40 41 42 43 44 45 46 47 48 49 50
33 34 3 23
34 18 5 21 40 10 46 14 30
35 32 1 2 4 8 41 44 45 13 16 17 49 50 19 20 23 27 28
36 1 2 3 4 5 6 7 9 10 12 13 15 16 17 19 20 21 22 23 24 25 26 27 28 29 30 31 32 33 34 35 36 37 38 39 40 41 42 43 44 45 47 48 50
37 1 2 3 5 6 7 8 12 13 14 15 16 17 18 19 20 21 22 23 24 25 26 27 28 29 30 31 32 33 34 35 36 37 38 39 40 42 44 45 46 47 48 49 50
38 48 50 37 7 26 43 29 15
39 32 1 3 5 37 38 7 39 8 43 13 45 49 17 18 50 21 22 25 26 27 29 31
40 1 2 3 4 6 7 9 10 11 12 13 14 16 17 18 19 20 22 23 24 25 27 28 29 30 31 32 33 34 35 36 40 42 43 44 45 46 47 48 49 50
41 3 35 36 37 5 6 38 40 9 42 43 11 44 45 15 16 48 50 22 26 27 31
42 1 37 39 24 46 30
43 32 33 1 34 2 35 5 7 9 41 42 11 12 46 15 48 18 19 20 22 23 27 28 29
44 16 33 9 42 44 30
45 2 34 3 4 40 41 10 42 11 14 47 15 22 26 27 28 29
46 48 34 41 11 28 12
47 1 2 3 4 5 6 7 8 9 10 11 12 13 14 15 16 17 18 19 20 21 22 23 24 25 26 27 28 29 30 31 32 33 34 35 37 38 39 40 41 42 43 44 45 46 47 48 49 50
48 49 33 1 34 2 40 11 45 30 14 46 15
49 1 3 4 5 9 10 12 13 14 15 16 17 18 22 23 24 25 26 29 30 31 32 33 37 41 42 43 44 46 47
50 33 2 19 37 39 7 9 26 11 28 44 15
51 19
52 1 2 3 4 5 6 8 9 10 11 12 14 15 16 17 19 20 22 23 24 25 26 27 28 29 30 31 32 33 34 35 36 38 39 40 41 42 43 45 47 49 50
53 1 4 5 6 7 9 14 15 17 18 20 21 24 25 27 28 29 30 31 32 34 36 37 38 39 40 41 42 43 46 47
54 1 2 3 4 5 6 7 8 9 10 11 12 13 15 16 17 18 19 20 21 22 25 26 27 28 29 30 31 32 35 36 38 39 40 41 42 43 44 45 46 49 50
55 32 1 33 35 36 4 6 38 40 8 9 10 42 45 46 15 49 17 21 22 27 29 30 31
56 1 2 3 4 5 6 7 8 9 10 11 12 13 16 17 18 19 20 21 22 23 24 25 26 27 29 31 32 33 34 35 36 37 38 39 40 41 42 43 44 45 46 47 48 49 50
57 1 3 5 6 7 8 9 10 11 12 14 15 16 18 19 20 21 22 23 24 25 28 29 30 33 35 36 38 39 43 44 45 47 48 49
58 1 5 6 7 9 10 11 14 15 16 17 18 19 20 22 23 24 25 29 30 32 37 38 39 40 41 47 48 49 50
59 33 35 7 39 40 41 10 43 44 46 14 47 15 48 50 20 21 23 24 26 27 28 31
60 1 2 3 4 5 6 7 8 9 10 11 13 15 18 19 20 21 22 23 24 25 26 27 28 29 30 31 32 34 35 36 37 38 39 40 41 42 43 44 45 47 48 49 50
61 2 4 5 6 8 9 10 11 14 15 16 18 19 20 21 26 27 29 30 33 37 38 40 42 43 44 45 50
62 17 1 35 4 37 29
63 3 4 5 6 9 10 11 12 13 14 16 18 20 22 24 26 27 28 30 32 33 35 36 38 39 40 41 42 45 46 47
64 2 3 4 5 6 7 8 9 10 11 12 14 15 16 17 18 19 20 21 22 24 25 26 27 28 29 30 32 33 34 35 36 38 39 40 41 42 43 45 46 47 48 49
65 33 50 3 21 41 9 14 31 47
66 1 2 3 4 5 6 7 8 9 10 11 12 13 14 15 16 18 19 20 21 22 23 24 25 26 27 28 29 30 31 32 33 34 35 36 37 39 40 41 42 43 44 45 46 47 48 49
67 2 5 7 8 10 12 13 16 17 18 19 20 23 24 25 27 28 29 30 33 35 36 38 41 43 44 46 47 48 49 50
68 1 2 4 6 9 10 11 12 13 14 18 21 22 23 26 27 30 32 33 34 35 36 37 40 41 42 43 44 45 49
69 19 5
70 1 2 3 4 6 7 8 9 11 14 15 17 18 22 25 26 27 28 29 32 33 34 36 39 40 42 43 44 45 47 49
71 4 30 31
72 33 35 3 4 6 38 39 13 15 47 48 16 19 20 23 29 30 31
73 25 29
74 1 4 7 9 10 11 12 13 14 15 17 18 19 20 21 23 24 27 29 31 32 35 36 37 39 41 42 44 45 47 49 50
75 1 2 3 4 5 6 7 8 9 10 11 12 14 15 16 17 18 19 20 22 23 24 25 26 27 28 29 30 31 32 33 35 36 37 41 42 43 44 45 46 47 48 49 50
76 33 3 35 4 36 5 8 40 10 43 11 44 12 15 49 18 50 19 21 25 28 30 31
77 1 2 3 5 6 7 14 16 17 18 24 25 26 27 28 31 34 37 39 40 41 42 43 44 47
78 1 33 3 36 37 6 11 43 12 13 15 18 23 24 25 28 30 31
79 16 36 7 39 40 8 13 29 14
80 1 3 4 6 7 8 9 11 12 13 15 16 21 24 25 27 33 35 36 37 38 39 43 44 45 48 49
81 3 35 36 5 38 8 10 43 11 44 14 48 16 49 19 21 22 24 25 26 27 29 31
82 3 25
83 2 34 26 10 11
84 4 7 8 9 10 11 12 13 14 17 20 21 22 23 26 28 30 31 32 33 36 37 40 41 42 43 44 46 47 48 49 50
85 2 4 5 6 8 9 10 12 13 14 15 18 19 20 21 22 25 32 34 35 36 37 38 42 43 44 46 47 49 50
86 1 2 4 5 6 7 9 10 12 14 15 17 18 19 21 22 24 25 26 30 33 34 37 38 40 41 42 44 45 49 50
87 1 5 6 7 8 9 10 15 16 18 19 20 21 22 23 24 25 26 27 30 32 35 37 38 39 40 41 42 44 45 46 48 50
89 34 36 38 7 39 43 11 13 46 15 48 17 18 50 23 24 27 29 30
90 1 2 3 4 5 6 7 8 9 10 11 12 13 14 15 16 17 19 20 21 22 23 24 25 26 27 28 29 30 31 32 34 35 36 37 38 39 40 41 42 43 44 45 47 48 49 50
91 14
92 1 6 7 41 42 11 44 45 46 48 17 19 21 26
93 34 5 6 39 10 44 15 48 50 20 24 26 27 28 31
94 48 50 23 26
95 1 2 3 4 5 7 8 10 11 12 14 15 16 17 18 19 20 21 22 23 24 25 26 27 28 29 30 31 32 33 34 35 36 37 39 40 41 42 43 45 46 47 48 49
96 33 3 4 6 39 40 42 10 12 45 13 15 47 49 18 50 19 20 21 23 25 26 29
97 1 2 3 4 5 6 7 10 16 18 20 21 22 28 29 31 32 33 34 35 36 37 38 39 40 41 43 46 49 50
98 34 3 5 39 9 11 44 12 14 48 19 26 28
99 2 35 4 36 5 37 38 8 41 42 43 44 45 47 49 50 18 19 21 22 28 29
COST_INSTALL_SERVER_AND_PROGRAMS :
0 7 1 2 3 1 1 3 1 1 3 5 2 4 1 5 1 1 4 1 4 3 1 3 2 4 1 4 4 2 3 1 3 3 2 2 5 2 3 4 1 3 4 1 3 1 1 1 2 2 1 4
1 15 5 3 3 1 5 3 3 3 4 3 1 3 5 4 5 4 1 4 2 2 2 4 4 1 5 2 2 2 1 1 1 4 4 4 2 3 5 5 3 2 3 5 4 3 3 3 4 5 2 4
2 7 3 2 5 2 4 3 2 4 5 1 1 4 4 4 1 5 4 4 2 4 1 4 5 4 2 2 4 1 4 1 2 2 1 3 4 4 1 5 5 3 2 3 2 2 2 4 2 2 2 1
3 14 1 5 5 4 1 3 1 1 3 3 1 1 2 3 3 1 2 2 5 3 2 1 3 1 3 3 2 3 2 1 5 4 3 1 1 4 3 2 3 2 1 3 1 2 2 5 1 1 1 2
4 11 1 5 3 1 2 1 1 1 5 3 2 5 4 1 2 4 3 4 3 4 1 5 3 1 4 3 1 2 5 4 4 2 4 2 4 3 5 3 5 5 1 4 3 3 5 3 5 1 1 1
5 9 4 2 3 1 2 3 2 1 4 1 5 5 5 4 3 3 5 1 2 3 3 3 1 1 1 4 5 5 2 3 5 5 1 1 2 4 3 2 3 2 1 4 5 1 3 3 3 1 1 4
6 11 4 4 5 3 3 4 3 4 3 1 4 4 4 4 5 2 2 2 4 5 5 5 4 1 4 5 1 4 1 1 4 3 5 4 1 2 1 4 2 3 2 2 4 4 2 1 3 1 5 3
7 10 1 3 2 4 4 3 2 2 2 2 1 2 1 1 5 5 2 1 5 2 3 2 3 4 3 2 3 5 5 5 1 3 1 1 3 5 5 5 3 3 4 4 2 1 1 4 2 3 3 3
8 10 5 2 3 3 2 4 4 3 5 2 3 1 5 3 5 3 1 1 4 2 4 3 3 4 5 3 1 4 2 3 5 5 5 1 5 5 2 3 1 4 4 1 2 4 5 4 5 3 4 1
9 13 3 5 3 2 1 1 5 5 5 3 2 1 1 1 4 3 2 1 5 1 1 5 4 2 5 5 3 3 3 4 5 1 1 3 4 2 3 2 2 1 1 1 1 1 5 4 3 4 2 5
10 7 3 3 1 2 5 4 3 3 2 2 1 4 5 5 1 4 5 2 2 5 2 3 1 3 3 2 3 4 5 3 3 3 5 3 3 3 2 3 4 1 3 2 3 3 3 2 1 1 2 2
11 12 2 5 2 5 2 1 2 5 5 3 1 2 1 4 4 3 5 3 3 1 5 3 3 3 4 3 2 1 3 1 2 2 4 1 5 1 2 1 3 5 4 5 2 1 3 2 5 5 5 1
12 13 2 1 2 2 2 3 1 2 2 5 1 5 5 3 5 2 2 5 2 5 3 3 5 2 4 2 2 2 1 1 5 1 1 5 2 1 3 2 5 4 4 4 3 5 5 5 3 1 4 4
13 9 2 1 2 4 1 1 4 1 2 5 3 1 4 5 1 2 3 5 3 4 2 3 4 5 3 4 4 2 4 4 4 5 1 2 5 2 4 3 5 1 2 5 4 1 4 1 3 1 3 3
14 7 3 1 2 2 1 4 1 3 1 1 4 1 3 5 4 5 4 2 5 5 5 1 1 3 4 4 2 5 5 3 1 4 5 4 5 3 2 2 1 2 4 2 4 4 5 4 1 1 1 4
15 6 5 1 5 4 4 4 1 1 2 3 5 2 3 3 4 4 4 1 5 4 3 1 1 4 2 4 5 5 3 5 4 4 4 4 4 2 4 5 1 2 1 5 4 1 3 4 4 5 2 4
16 11 2 2 5 3 5 1 1 4 4 1 4 5 2 3 3 5 1 3 1 4 2 1 5 1 1 4 3 2 1 1 3 5 4 2 3 1 5 4 1 5 2 3 2 3 2 3 3 5 4 1
17 9 5 1 1 4 4 3 5 2 4 3 1 3 5 1 5 4 4 4 2 5 1 3 1 5 2 2 5 2 2 2 1 2 4 4 4 5 1 4 5 5 4 5 5 5 2 3 1 1 2 2
18 13 3 4 3 1 5 2 5 3 1 4 5 3 2 2 5 3 3 5 4 2 4 5 1 4 3 1 1 4 5 5 2 1 5 4 2 1 5 4 4 3 1 4 1 5 5 1 5 4 4 1
19 15 1 4 4 1 3 3 1 4 3 5 2 2 1 2 2 5 2 3 4 4 4 3 1 2 4 4 1 4 2 4 4 5 4 4 2 1 4 2 5 3 4 2 3 1 1 5 5 2 3 4
20 8 4 5 3 5 3 4 3 4 5 5 3 2 3 4 3 4 2 3 5 5 3 3 5 4 3 4 3 1 4 4 1 5 5 3 1 2 1 3 1 5 2 1 1 3 4 2 4 3 4 4
21 10 3 5 3 4 5 5 5 2 1 3 3 5 5 5 2 5 3 5 5 4 2 5 5 2 4 1 4 2 1 3 5 1 3 5 2 3 3 3 1 1 4 1 5 3 4 4 5 2 1 2
22 11 5 1 2 2 5 5 1 3 5 1 1 5 4 4 4 3 2 3 4 1 2 3 4 4 5 2 4 2 5 5 4 3 4 5 3 1 2 3 2 5 1 2 4 3 3 1 2 1 4 1
23 7 2 2 4 3 2 4 5 2 2 1 2 1 1 2 3 4 4 1 4 1 4 3 4 5 4 4 1 3 3 2 1 2 1 4 5 1 4 1 3 5 2 2 3 4 4 2 2 4 3 1
24 14 4 5 4 3 1 5 4 3 1 5 3 5 3 4 4 3 2 3 3 3 1 3 4 5 5 3 1 5 4 3 3 1 1 2 4 2 5 2 1 2 5 4 1 3 5 4 3 4 3 4
25 15 3 4 5 3 3 2 2 1 1 3 3 1 4 3 5 4 4 2 2 5 4 3 4 5 4 1 3 4 5 3 4 2 5 3 4 2 3 5 5 2 4 3 3 1 5 1 1 2 4 5
26 8 2 2 5 5 4 3 5 5 2 2 4 3 5 5 1 5 4 1 1 5 5 5 2 3 5 1 4 5 5 3 4 1 2 3 2 2 2 3 5 1 4 1 1 4 2 5 3 4 2 1
27 8 1 2 1 4 5 4 5 4 4 1 3 5 5 5 4 5 5 5 5 4 2 3 5 5 4 1 3 2 5 5 2 1 1 4 4 3 1 5 2 1 4 3 3 1 2 3 4 2 1 2
28 12 1 5 1 4 3 1 4 3 5 5 1 1 2 1 5 5 2 4 5 5 2 3 5 2 2 3 2 4 4 5 1 3 3 3 3 1 1 5 1 5 4 3 5 4 2 5 5 1 4 2
29 14 3 2 2 1 1 1 5 3 1 2 4 4 2 2 3 5 1 2 4 3 2 1 1 2 4 2 1 2 1 3 5 5 5 5 2 2 5 1 1 4 3 2 5 1 1 1 2 4 3 5
30 7 5 2 1 1 3 3 3 2 4 5 3 1 1 5 1 5 5 5 1 3 5 1 1 4 4 1 2 2 5 4 5 3 2 4 3 3 3 5 4 1 2 5 3 3 5 2 5 1 1 5
31 10 2 5 1 2 2 4 5 4 4 1 1 4 3 3 4 5 1 5 5 5 4 4 3 3 2 2 4 2 4 3 4 4 4 2 1 3 2 4 2 1 2 4 1 3 2 1 5 3 1 1
32 13 1 5 1 1 4 4 2 4 1 2 3 3 5 3 1 1 5 2 3 1 3 2 1 2 5 4 1 5 5 1 1 3 1 2 4 3 5 3 4 5 3 5 4 4 1 5 2 5 1 3
33 10 3 5 5 5 4 1 5 5 1 4 4 5 5 1 2 1 2 2 5 2 2 4 4 3 3 4 3 2 5 5 1 1 4 2 3 5 1 1 1 4 2 5 5 5 1 2 2 3 5 3
34 13 5 5 4 1 3 1 2 2 5 3 5 4 1 2 1 2 3 1 5 2 1 2 2 2 2 1 3 2 4 4 4 4 4 3 3 5 4 2 3 2 3 4 3 1 2 4 5 5 1 2
35 11 1 1 5 2 5 2 2 3 3 2 2 2 1 5 3 4 2 2 2 1 4 5 5 4 1 1 3 3 4 4 1 1 3 4 4 5 3 4 2 4 3 5 5 1 4 1 4 4 1 2
36 8 3 1 1 2 1 2 1 2 1 4 3 1 1 1 3 1 2 4 4 4 1 5 2 5 2 2 1 5 4 5 1 3 4 3 2 5 3 3 2 5 1 3 1 1 4 4 1 3 5 2
37 7 2 2 3 3 1 3 4 5 3 1 5 2 1 1 3 1 2 3 3 2 3 2 4 4 5 3 1 2 5 3 3 1 4 3 2 1 1 5 2 3 4 2 4 2 2 3 4 4 2 2
38 6 5 2 4 1 2 1 4 4 4 3 3 4 4 3 5 2 1 3 5 2 5 1 1 4 3 2 3 2 3 5 4 4 5 1 3 2 2 1 5 3 2 1 5 1 4 3 4 5 1 3
39 14 4 3 3 2 4 2 4 2 2 1 2 3 1 3 4 3 4 2 2 1 1 3 4 1 5 5 3 2 1 1 2 4 1 1 4 3 2 3 4 2 5 3 2 5 1 2 1 5 4 5
40 15 3 4 1 2 2 5 3 5 2 3 1 4 3 1 4 3 5 3 1 3 5 1 5 5 1 2 1 1 5 4 4 2 5 4 4 2 5 4 1 3 3 1 4 5 2 3 2 3 1 1
41 8 3 4 1 1 5 1 3 4 1 4 1 4 2 4 4 5 4 1 3 1 5 2 1 5 2 4 1 2 2 4 4 3 2 3 4 1 4 3 1 4 3 4 1 2 4 5 4 4 3 2
42 13 4 1 2 5 4 3 4 2 1 4 4 3 4 5 3 5 1 4 5 5 1 5 5 5 1 2 1 2 5 1 3 3 4 1 1 4 5 2 5 2 4 2 4 2 4 2 5 1 4 2
43 15 5 4 2 2 4 5 5 2 3 1 4 5 4 5 2 5 5 1 2 2 5 1 1 2 1 1 3 2 1 3 2 2 1 4 1 5 5 1 2 2 4 4 1 2 4 3 2 5 1 1
44 8 4 1 5 3 1 4 1 3 5 1 4 4 2 4 2 1 2 4 1 2 5 5 1 5 3 3 4 3 3 2 3 4 2 2 3 5 5 5 2 2 5 1 5 3 3 5 3 3 1 4
45 9 5 2 2 2 2 3 2 1 4 2 4 3 3 3 1 4 5 1 5 3 1 1 5 3 4 2 3 2 5 4 1 5 4 1 2 2 3 1 1 4 4 2 5 5 1 2 4 1 3 5
46 7 3 2 3 4 5 5 5 2 3 2 3 4 1 4 3 5 2 5 3 5 1 5 2 1 2 2 2 5 4 2 5 5 3 3 2 1 2 2 5 1 3 1 4 4 4 5 4 1 4 1
47 7 4 3 1 3 5 1 1 1 1 2 5 5 3 2 1 2 3 2 4 3 2 3 2 5 3 1 3 2 5 5 1 2 4 1 3 3 2 5 1 3 1 5 3 2 2 3 3 3 5 3
48 7 1 3 1 1 2 5 2 3 4 2 5 3 5 5 1 4 4 2 1 1 3 5 2 5 1 4 1 2 5 3 4 5 3 4 4 2 5 3 2 3 4 5 1 3 1 1 3 3 4 2
49 8 1 5 5 3 2 4 2 1 3 2 3 1 1 3 4 1 1 3 3 4 4 1 5 2 5 2 3 3 1 1 5 2 5 5 2 4 1 2 2 2 1 4 5 1 4 3 4 2 3 4
50 9 2 5 1 2 2 4 1 3 2 5 5 5 1 2 3 3 4 1 4 5 1 5 1 2 1 2 4 5 4 2 1 2 2 2 1 2 1 4 5 3 2 5 2 3 2 3 4 4 4 5
51 6 5 2 5 5 3 1 5 1 1 5 5 5 2 4 2 3 1 5 1 5 3 3 4 5 5 5 5 3 2 4 5 2 2 1 4 2 2 2 2 3 3 2 2 2 1 3 5 4 1 4
52 8 3 2 1 5 5 5 2 2 2 2 3 3 5 3 3 5 5 5 4 3 2 3 2 4 4 3 5 2 5 1 3 3 2 5 2 5 2 3 1 5 4 1 3 1 3 1 2 3 3 4
53 6 1 4 4 5 1 4 4 5 3 3 2 4 2 1 3 3 3 4 1 4 5 1 1 4 1 5 3 1 4 2 5 3 3 4 3 5 5 2 1 1 4 1 4 4 5 4 1 2 5 5
54 8 3 2 5 4 4 2 4 5 2 4 2 5 4 4 5 4 3 1 4 5 4 4 4 3 4 1 5 3 5 2 5 2 4 4 1 1 5 2 5 2 2 3 1 3 1 5 5 4 1 2
55 11 1 5 2 3 5 2 5 4 2 3 3 2 3 4 4 3 5 1 1 2 4 5 4 1 3 2 4 3 2 3 5 1 1 5 5 2 1 4 2 4 4 4 4 3 5 5 5 1 2 1
56 13 5 3 5 3 4 2 4 3 5 5 3 5 4 5 1 5 3 3 3 4 3 3 5 1 2 5 1 3 4 4 2 4 1 3 1 4 5 4 1 3 1 4 1 4 5 5 3 1 3 2
57 10 3 5 1 1 3 5 4 2 4 1 1 3 5 1 2 2 3 5 3 1 5 5 4 1 1 3 4 5 4 4 1 2 3 1 1 1 3 4 4 2 4 1 5 1 4 3 1 1 1 3
58 8 3 4 2 3 4 2 1 5 4 3 5 5 2 1 5 1 5 5 1 5 3 1 3 5 5 1 5 5 1 4 5 3 1 2 5 5 5 1 2 1 5 2 5 3 2 2 2 4 1 1
59 10 1 5 4 3 3 3 1 1 5 1 5 3 4 3 3 1 5 5 5 5 4 1 1 4 3 3 1 4 4 3 3 4 5 3 5 4 2 1 3 5 4 1 2 2 3 5 5 2 2 4
60 10 4 3 5 1 5 2 3 2 4 3 4 5 4 5 3 1 1 1 2 5 5 4 4 5 3 3 1 5 1 2 1 2 4 2 4 4 4 1 3 5 3 4 5 2 2 5 2 2 2 3
61 7 5 2 5 3 5 3 2 1 2 2 1 4 4 1 2 1 5 2 3 5 2 2 1 1 2 5 4 1 3 4 1 2 2 1 2 2 4 2 2 2 1 3 5 2 1 5 3 5 4 5
62 6 3 4 3 3 4 4 5 2 2 1 1 3 4 3 2 1 4 3 5 4 1 1 2 3 5 2 2 5 1 4 2 2 1 3 1 1 1 4 3 5 1 5 3 5 2 2 3 4 4 1
63 10 2 4 2 4 2 5 1 1 5 3 1 2 2 1 1 3 1 2 4 4 3 1 2 3 3 1 3 4 1 2 5 1 5 5 3 2 5 1 4 3 4 2 1 5 4 1 1 4 4 5
64 14 1 4 3 3 5 2 1 3 4 2 2 3 3 3 5 2 2 1 3 5 5 1 1 3 4 3 2 1 5 1 5 1 5 5 2 3 4 4 5 3 2 1 5 2 5 2 1 5 5 5
65 11 4 2 3 4 1 3 3 3 1 1 5 1 3 1 1 4 1 2 1 5 4 5 1 2 5 4 3 3 2 1 2 1 1 3 1 2 2 5 1 3 1 2 2 3 2 1 4 4 1 4
66 8 3 5 3 3 4 4 5 1 1 5 4 2 1 3 4 4 3 1 4 3 2 1 5 2 4 2 3 3 5 5 1 5 5 2 3 3 5 3 5 1 1 4 2 5 4 3 1 5 5 2
67 8 4 2 5 4 3 4 1 5 5 3 2 1 2 1 5 2 2 1 1 2 2 2 2 5 4 5 2 3 5 5 2 3 1 4 5 4 2 3 4 2 5 4 2 5 3 2 3 3 4 1
68 11 1 4 4 4 1 2 1 5 4 2 1 5 4 1 2 5 3 5 3 4 2 1 5 3 5 5 5 3 3 5 5 3 4 3 5 4 1 4 1 4 3 5 4 4 5 3 2 5 3 5
69 13 1 4 4 5 2 1 5 4 4 5 2 2 3 1 1 1 3 3 2 1 5 1 2 1 4 4 3 2 2 2 5 3 2 4 5 5 2 1 1 3 2 2 1 4 4 2 1 5 3 1
70 12 2 5 2 3 1 3 5 4 3 3 1 1 1 1 1 5 1 3 4 4 1 3 2 2 2 3 4 5 3 2 4 4 2 2 5 5 4 5 2 4 3 5 2 4 4 3 5 4 4 3
71 13 3 2 2 3 1 1 2 5 5 4 1 4 2 5 4 3 4 2 2 1 2 1 4 5 2 1 3 2 3 5 3 4 2 3 3 1 1 4 2 1 5 3 1 4 5 3 3 2 2 4
72 8 1 4 2 1 3 4 3 5 4 4 3 1 5 4 3 4 3 1 4 2 3 4 4 4 3 3 2 5 2 5 2 4 2 2 1 3 5 2 5 4 5 3 3 1 3 5 2 5 3 5
73 12 2 1 1 4 3 2 3 5 4 2 1 4 5 4 3 1 4 4 2 1 5 2 5 2 3 3 2 3 5 2 2 3 5 1 3 1 4 3 1 4 2 1 1 4 3 2 3 3 4 3
74 6 3 4 2 4 5 3 1 4 4 2 3 4 4 4 4 1 4 2 1 3 3 3 3 3 5 4 5 1 5 1 3 1 5 1 4 5 2 1 3 2 3 1 5 2 4 4 1 1 3 5
75 14 5 5 3 4 4 4 4 5 2 1 2 4 3 3 1 3 5 2 2 2 3 2 3 1 5 4 1 4 5 5 4 3 4 4 3 4 3 5 2 3 2 3 5 4 3 1 5 2 5 1
76 8 5 3 1 2 3 2 2 1 4 3 5 1 4 1 2 3 1 3 1 3 1 2 1 3 3 2 4 4 5 1 5 4 3 3 4 5 2 5 1 4 1 5 2 1 5 1 5 2 5 3
77 11 5 2 2 2 3 1 1 1 5 2 2 4 4 2 5 4 4 3 5 2 4 2 1 1 3 2 3 2 3 2 5 5 5 5 2 1 5 1 1 1 2 4 2 3 3 5 4 3 5 1
78 6 4 4 4 1 1 1 1 3 3 4 3 2 2 2 2 5 5 2 2 5 4 3 2 3 5 2 4 4 4 1 2 5 2 2 1 2 1 4 2 4 2 3 3 3 1 3 2 3 4 2
79 7 2 2 4 4 3 2 2 4 5 2 2 4 1 3 1 1 5 4 2 1 3 4 4 2 4 4 4 4 5 5 5 2 2 1 5 3 2 3 1 2 5 2 3 1 3 4 4 3 4 4
80 15 3 5 1 4 1 5 3 2 5 4 2 1 2 3 3 2 5 5 2 4 2 2 4 1 5 4 1 1 5 5 2 1 4 1 5 3 2 5 2 2 3 5 5 2 5 2 5 1 2 4
81 11 5 1 5 4 2 5 3 5 3 1 3 3 4 1 1 4 2 2 2 1 1 3 5 1 4 5 1 4 2 2 5 2 2 3 4 3 5 5 4 5 5 1 2 2 4 4 5 1 5 3
82 15 5 4 2 2 3 4 1 3 4 2 3 2 4 3 4 2 3 3 2 2 4 5 1 4 2 5 2 5 3 2 4 1 2 1 5 1 2 1 4 3 2 1 3 5 2 4 2 1 2 4
83 7 5 2 2 4 5 1 4 4 5 4 4 4 4 2 5 3 1 2 3 3 1 2 1 1 3 2 5 3 4 5 5 4 1 1 4 4 5 2 4 2 5 4 3 5 1 5 3 4 5 5
84 7 2 4 3 1 2 4 3 3 1 1 1 2 4 5 3 2 1 5 1 5 4 4 2 3 1 1 3 5 3 2 1 1 4 3 5 2 4 1 4 2 5 1 5 3 3 1 2 2 2 2
85 12 3 1 3 2 1 1 3 4 1 4 2 2 5 4 1 3 2 2 4 3 5 2 2 3 3 4 3 2 1 2 2 3 2 1 4 2 5 2 1 5 3 5 4 1 2 4 2 5 4 4
86 6 2 2 4 3 2 5 2 5 1 2 3 3 5 5 5 4 4 5 5 2 2 1 2 3 4 2 4 2 1 3 4 2 2 2 3 5 4 4 2 5 5 1 4 3 1 4 1 2 3 3
87 6 2 2 5 2 5 3 2 3 1 4 2 5 5 5 5 2 4 4 3 5 4 5 1 4 1 3 2 2 2 4 2 2 1 4 2 4 3 5 5 2 5 5 4 1 1 3 1 2 5 3
88 12 1 3 2 3 5 5 4 5 1 1 5 3 2 1 4 1 3 3 4 4 3 3 5 5 5 5 4 5 1 1 5 4 3 3 4 4 2 3 2 2 5 5 1 2 2 4 5 2 2 3
89 13 4 3 5 5 4 1 5 4 2 5 2 4 2 2 3 5 4 1 5 3 2 3 1 3 4 4 4 4 1 4 2 1 5 2 1 1 3 1 1 5 2 2 3 2 3 2 5 2 5 5
90 14 5 3 2 2 2 1 2 5 4 5 2 5 1 5 1 2 2 3 3 1 1 5 5 3 4 1 3 1 3 3 4 4 4 1 2 5 4 2 5 3 3 2 1 2 3 4 4 1 4 3
91 11 4 2 3 4 2 1 1 2 5 2 4 4 2 4 3 4 5 5 3 1 2 1 5 5 3 1 3 4 5 2 3 4 3 4 5 2 3 5 4 3 2 1 1 1 1 2 1 2 4 3
92 8 4 2 2 5 2 5 4 5 2 3 2 1 2 4 4 5 2 1 5 1 3 2 3 2 5 3 4 5 2 4 4 4 3 5 5 3 1 5 2 4 3 4 2 2 5 3 1 1 4 1
93 14 1 2 5 3 3 3 2 2 5 3 3 5 4 4 2 4 4 5 2 3 3 4 4 1 2 2 2 3 2 4 5 1 3 2 2 2 1 3 4 5 2 5 1 2 4 4 4 5 1 5
94 9 5 2 3 1 1 3 4 3 4 3 2 4 3 2 3 1 4 2 1 2 1 3 1 3 1 2 5 3 3 1 1 5 4 4 4 4 5 1 3 1 1 2 1 2 5 4 3 3 1 5
95 13 5 2 2 2 5 3 5 5 2 2 1 4 1 4 3 1 3 2 2 4 5 3 2 1 3 3 4 5 2 5 2 4 5 1 1 1 2 1 5 5 4 1 2 4 1 4 2 2 1 3
96 15 1 1 5 5 4 5 2 4 4 1 3 5 1 5 1 4 4 3 5 1 4 1 3 4 3 4 4 2 4 2 1 4 3 2 5 1 2 3 4 3 1 4 1 1 5 1 4 4 5 4
97 6 5 4 4 4 4 2 2 4 3 3 3 2 3 4 1 4 2 5 5 1 1 3 2 1 2 4 4 2 2 4 4 4 1 4 2 3 4 1 3 2 1 4 2 1 1 2 5 5 5 3
98 11 5 4 1 1 1 5 3 1 2 1 3 4 4 2 5 1 1 2 5 3 5 1 3 3 5 5 1 1 5 4 1 1 5 5 1 3 3 2 5 4 1 1 5 3 5 2 4 1 1 2
99 11 4 5 5 3 5 1 3 4 4 3 3 5 1 2 5 3 1 5 4 3 3 5 5 3 5 1 1 2 1 5 4 1 2 5 1 5 3 4 3 5 3 2 3 3 1 1 5 3 4 1
