100 5
NETWORK_TREE :
71 0 1
79 0 6
7 71 3
1 0 6
37 1 7
14 79 8
96 37 7
10 1 5
3 0 9
15 79 4
13 0 2
75 0 10
48 13 7
74 48 1
5 48 10
39 5 1
32 3 8
30 32 7
24 75 1
23 32 7
52 71 5
26 24 5
85 96 8
12 26 9
17 75 3
54 85 6
16 79 3
49 79 9
47 54 5
84 37 5
76 48 10
57 84 6
58 48 5
80 75 9
20 71 6
9 3 4
69 48 8
31 32 7
25 1 1
29 9 3
27 10 2
44 58 2
77 20 5
73 49 6
51 37 7
93 39 2
97 24 2
36 37 9
43 97 8
56 12 2
34 37 7
98 96 1
67 71 4
90 49 9
40 13 2
18 69 8
11 71 4
4 20 3
92 30 2
8 32 3
35 92 9
38 35 2
91 37 7
42 77 5
46 29 7
83 27 1
87 31 6
19 98 7
70 57 6
21 26 10
64 21 6
89 37 7
65 90 1
95 24 4
55 30 6
78 35 2
41 14 2
99 35 2
60 55 2
88 74 3
22 0 5
28 15 8
63 10 7
72 83 7
62 24 10
33 11 7
45 27 8
94 54 7
86 5 5
68 46 6
59 65 5
81 89 6
53 28 6
61 92 9
2 39 9
50 15 10
82 24 3
66 26 7
6 8 2
NODE_PROGRAM :
0 1 2 3 4 5
1 2 4 5
3 1 2 3 4
4 2 3
5 1 2 3
6 1
7 1 3 4 5
8 1 2 5
9 1 5
12 1 4 5
13 5
14 1 2 4
15 1 3 4 5
16 5
17 1 3 4 5
18 1 3 4 5
20 2 3 4
21 1 3 4
22 4 5
25 2 3 5
26 4
27 4
28 1 3 4 5
29 3 4
30 3
32 3
33 1 2 3 5
35 3
36 1 2 3 4
37 2 3 4 5
38 3 5
40 1
42 1 3
43 1 2 5
44 3
45 1 2 3 5
46 2
47 1 3 4 5
48 1 2 4
49 1 3
50 2 3
51 1 2 3 5
53 1 2 4 5
54 3 4 5
55 1 3 4 5
57 1 2 3
59 3 4
60 1 2 3 5
61 1 4
62 1 3 4 5
63 1 3 4 5
64 2
65 3 4
66 1 2 4
68 1 2 3 5
69 4
70 1 2 4 5
71 1 3
73 3 4
74 4
75 1 2 4 5
76 1
77 1 2 3 4
78 1 3 4 5
79 2 4
80 3
81 1 4 5
83 1 2
84 2 4 5
85 2 3 5
86 1 2 4 5
89 2 3
90 3 4
91 1
92 2 3 4 5
93 5
95 1
96 1
97 2
98 1 2 3 5
COST_INSTALL_SERVER_AND_PROGRAMS :
0 14 5 1 5 4 1
1 9 4 1 4 5 4
2 9 5 1 2 1 4
3 13 5 5 3 4 1
4 13 1 1 1 2 2
5 10 5 4 3 2 4
6 6 5 3 2 3 3
7 11 2 5 5 4 1
8 15 5 3 1 3 2
9 8 3 4 4 1 2
10 15 3 3 2 2 5
11 10 5 2 5 3 4
12 10 3 3 1 1 3
13 9 4 5 3 3 4
14 14 1 2 4 4 5
15 13 4 2 2 2 3
16 9 3 1 2 5 5
17 11 5 1 2 3 4
18 15 3 4 5 4 1
19 8 5 2 1 3 3
20 9 4 5 4 4 4
21 9 2 5 3 3 1
22 8 3 1 3 4 3
23 7 4 2 4 2 5
24 7 5 5 4 5 3
25 7 2 5 3 1 5
26 8 4 2 5 5 4
27 7 5 2 4 2 5
28 10 2 3 4 4 3
29 11 2 2 2 2 2
30 6 2 5 1 4 1
31 10 5 4 2 2 1
32 10 2 1 1 1 4
33 13 2 4 3 2 3
34 6 1 1 5 3 3
35 6 4 5 2 5 1
36 13 4 5 3 3 2
37 13 1 4 4 1 2
38 12 3 5 4 1 4
39 13 3 4 5 1 1
40 7 1 1 3 3 2
41 7 2 3 5 5 4
42 9 1 1 1 5 4
43 6 4 2 4 3 5
44 7 3 4 2 2 3
45 11 5 4 4 5 5
46 10 3 1 3 2 3
47 11 3 3 2 4 3
48 14 1 4 5 2 2
49 14 3 1 5 2 4
50 13 3 1 5 4 4
51 13 1 1 5 1 3
52 15 2 1 2 1 1
53 13 3 4 2 2 3
54 10 2 3 1 1 2
55 13 5 1 1 1 4
56 13 5 4 1 4 5
57 12 4 5 4 1 4
58 7 5 4 2 5 5
59 7 5 4 2 5 5
60 6 2 1 5 5 5
61 15 5 2 1 5 4
62 14 5 1 2 1 5
63 11 4 5 3 2 3
64 14 5 3 2 2 1
65 14 4 4 3 2 1
66 12 2 2 2 1 1
67 6 5 1 2 1 2
68 13 4 5 3 2 4
69 15 1 1 1 1 4
70 8 4 1 2 5 1
71 15 2 3 5 4 2
72 14 5 2 5 1 1
73 13 1 2 1 3 5
74 15 3 5 1 1 2
75 11 2 3 3 4 2
76 8 4 5 2 5 5
77 6 2 3 4 2 2
78 13 2 2 1 1 5
79 15 2 4 2 1 4
80 10 4 5 5 5 4
81 10 5 1 1 1 1
82 9 2 5 4 1 5
83 9 4 1 4 1 1
84 6 1 4 3 4 5
85 14 1 4 1 1 2
86 9 4 2 3 1 5
87 14 5 1 2 3 2
88 13 1 2 5 2 4
89 15 2 1 1 3 4
90 13 3 5 4 3 2
91 14 4 3 1 1 2
92 10 3 5 2 2 1
93 12 3 3 4 4 1
94 15 2 5 2 2 1
95 14 2 2 4 1 3
96 13 4 1 2 2 2
97 6 3 5 1 2 1
98 9 1 5 2 3 3
99 14 3 4 1 1 5
