20 10
NETWORK_TREE :
1 0 7.0 
8 0 5.0 
2 1 6.0 
9 8 9.0 
10 8 9.0 
4 1 4.0 
3 2 9.0 
11 10 7.0 
14 10 8.0 
5 4 7.0 
6 1 1.0 
15 14 4.0 
17 8 10.0 
18 17 2.0 
12 11 3.0 
7 1 5.0 
16 10 2.0 
19 18 6.0 
13 11 10.0 
NODE_PROGRAM :
0 1 2 3 4 5 6 7 8 9 10  
3 2 3  
14  
8 1 2 4 6 8  
2 2 4 7 8 9  
5 4 8 9  
13 1 2 3 5 6 8  
7 8  
9 4  
19 1 2 5 6 7 8 9  
1 1 2 3 4 5 6 7 9 10  
11 2 3 4 5 7 9 10  
16  
4 1 3 4 8 9 10  
10 1 2 3 6 9  
17 4 9 10  
15 10  
6 1 2 3 4 5 6 7  
12 1 2 3 5 6 7 8 9 10  
18 2 4  
COST_INSTALL_SERVER_AND_PROGRAMS :
0 13.0 5.0 1.0 2.0 3.0 5.0 2.0 3.0 1.0 1.0 4.0  
3 11.0 2.0 4.0 5.0 1.0 3.0 5.0 2.0 4.0 4.0 3.0  
14 14.0 3.0 1.0 5.0 5.0 1.0 2.0 5.0 1.0 4.0 5.0  
8 14.0 3.0 2.0 1.0 3.0 3.0 1.0 2.0 3.0 1.0 1.0  
2 8.0 1.0 5.0 5.0 1.0 3.0 4.0 2.0 2.0 1.0 3.0  
5 7.0 3.0 4.0 2.0 4.0 3.0 5.0 2.0 1.0 3.0 1.0  
13 9.0 5.0 5.0 3.0 3.0 2.0 5.0 1.0 5.0 3.0 5.0  
7 8.0 4.0 5.0 2.0 2.0 2.0 5.0 1.0 3.0 4.0 5.0  
9 11.0 5.0 3.0 1.0 2.0 5.0 1.0 4.0 1.0 2.0 4.0  
19 7.0 4.0 2.0 4.0 2.0 1.0 2.0 5.0 5.0 2.0 3.0  
1 8.0 2.0 1.0 1.0 5.0 1.0 4.0 3.0 2.0 5.0 2.0  
11 15.0 4.0 4.0 4.0 5.0 2.0 2.0 4.0 1.0 2.0 4.0  
16 14.0 5.0 1.0 5.0 5.0 3.0 2.0 3.0 5.0 2.0 1.0  
4 6.0 4.0 3.0 5.0 5.0 2.0 4.0 3.0 4.0 1.0 1.0  
10 7.0 3.0 5.0 4.0 2.0 3.0 3.0 5.0 4.0 4.0 2.0  
17 8.0 1.0 5.0 2.0 4.0 4.0 5.0 1.0 3.0 4.0 3.0  
15 7.0 1.0 1.0 3.0 2.0 4.0 3.0 1.0 2.0 3.0 5.0  
6 13.0 5.0 5.0 5.0 5.0 2.0 3.0 2.0 4.0 5.0 1.0  
12 13.0 2.0 1.0 1.0 1.0 4.0 1.0 5.0 4.0 4.0 4.0  
18 8.0 3.0 4.0 2.0 1.0 1.0 1.0 2.0 4.0 1.0 4.0  
