20 200
NETWORK_TREE :
1 0 1.0 
2 1 7.0 
3 2 9.0 
13 1 7.0 
4 3 7.0 
5 3 10.0 
6 5 10.0 
7 6 9.0 
10 3 10.0 
11 10 3.0 
8 6 10.0 
14 13 2.0 
16 1 2.0 
9 6 9.0 
17 16 1.0 
18 0 2.0 
19 18 9.0 
15 14 9.0 
12 11 10.0 
NODE_PROGRAM :
0 1 2 3 4 5 6 7 8 9 10 11 12 13 14 15 16 17 18 19 20 21 22 23 24 25 26 27 28 29 30 31 32 33 34 35 36 37 38 39 40 41 42 43 44 45 46 47 48 49 50 51 52 53 54 55 56 57 58 59 60 61 62 63 64 65 66 67 68 69 70 71 72 73 74 75 76 77 78 79 80 81 82 83 84 85 86 87 88 89 90 91 92 93 94 95 96 97 98 99 100 101 102 103 104 105 106 107 108 109 110 111 112 113 114 115 116 117 118 119 120 121 122 123 124 125 126 127 128 129 130 131 132 133 134 135 136 137 138 139 140 141 142 143 144 145 146 147 148 149 150 151 152 153 154 155 156 157 158 159 160 161 162 163 164 165 166 167 168 169 170 171 172 173 174 175 176 177 178 179 180 181 182 183 184 185 186 187 188 189 190 191 192 193 194 195 196 197 198 199 200  
12 1 3 4 5 6 7 9 10 11 12 13 14 15 16 18 20 22 23 24 26 29 30 31 32 33 34 35 36 37 38 39 40 41 42 45 46 47 49 50 51 53 54 55 56 57 58 59 60 61 62 65 66 67 68 69 70 71 72 75 76 77 78 81 82 83 84 85 86 87 88 90 91 92 93 94 97 98 99 100 101 102 103 104 105 107 110 112 113 115 117 118 119 120 121 122 123 124 126 128 129 131 132 134 135 136 138 139 142 143 144 145 146 147 148 149 154 155 156 159 160 161 164 165 167 168 170 171 172 173 174 175 176 177 178 179 180 181 184 186 187 189 190 191 192 193 194 195 196 198 199 200  
17 1 2 3 4 6 9 10 11 13 14 15 16 17 19 21 23 27 28 30 33 34 35 37 39 40 41 43 44 45 46 47 48 49 50 51 53 55 56 59 60 62 63 66 67 68 69 70 72 74 79 80 82 84 85 87 89 91 92 93 94 96 97 98 99 100 103 104 105 106 107 109 111 112 114 116 117 118 119 120 121 122 125 127 130 131 132 133 134 136 138 139 140 141 142 143 145 146 147 150 152 154 155 157 158 160 161 164 166 167 174 175 177 178 179 180 181 182 185 186 189 191 192 193 194 195 196 200  
18 2 3 4 5 6 7 8 9 11 12 13 15 16 17 18 19 20 21 23 24 25 26 27 28 30 31 33 34 35 36 37 38 39 40 41 42 43 44 46 47 50 51 52 53 54 56 57 59 60 61 62 63 64 65 67 68 69 70 71 72 73 74 75 76 77 78 79 80 81 83 85 87 88 89 90 91 92 93 94 96 98 99 100 101 102 103 104 105 106 107 108 109 110 111 113 115 116 117 119 120 121 123 124 125 126 127 128 129 130 132 133 135 136 137 138 139 140 141 142 143 144 145 146 147 149 150 151 152 153 154 155 156 157 158 159 160 161 162 163 164 165 167 168 169 171 172 173 174 175 177 178 179 180 181 182 183 184 186 188 189 190 191 192 194 195 196 197 199 200  
9 2 6 10 27 28 29 35 39 40 42 45 46 53 59 63 64 65 67 69 74 75 77 79 80 82 85 92 95 96 97 101 102 106 107 109 110 116 121 124 127 129 133 135 136 142 149 151 154 155 158 163 165 166 173 174 178 180 185 192 193 194 196  
3 2 5 9 21 37 38 39 52 62 65 74 79 84 88 92 94 95 97 99 100 109 116 118 131 164 170 175 177 178 179 182 183 186 194 196  
13 1 2 3 4 5 6 7 8 9 10 11 12 13 14 15 16 18 20 21 22 23 24 25 26 27 28 29 30 31 32 33 34 35 36 37 38 39 40 42 43 44 45 46 47 48 49 50 51 52 53 54 55 56 57 58 59 60 61 62 63 64 65 66 68 69 70 71 72 73 74 76 77 78 79 80 81 82 83 84 85 86 87 88 89 90 91 92 93 94 95 96 97 98 99 100 101 102 103 104 105 106 108 109 110 112 114 115 116 117 118 119 120 121 122 123 124 125 126 127 128 129 130 131 132 133 134 135 136 137 138 139 140 141 142 143 144 145 146 147 148 149 150 151 152 153 154 156 157 158 159 160 161 162 163 164 165 166 167 168 169 170 171 172 173 174 175 176 177 178 179 180 181 182 183 184 185 186 187 188 189 190 191 192 193 194 195 196 197 198 199 200  
15 3 8 37 55 102 111 194 195  
16 1 2 4 9 10 19 22 23 24 27 29 32 34 35 36 37 43 45 46 47 52 56 62 63 65 68 73 74 83 85 88 101 102 106 108 114 116 120 122 123 125 126 130 132 139 140 145 148 149 151 154 158 159 162 164 170 174 176 177 178 179 180 181 185 190 191 193 195  
2 2 3 4 5 6 8 13 15 16 18 19 21 23 24 28 29 31 35 37 39 40 42 45 50 51 57 58 59 61 62 64 65 68 70 71 73 75 76 78 79 81 83 84 85 88 89 90 93 94 95 97 98 101 103 105 106 107 108 110 111 115 116 117 118 121 122 124 125 126 127 128 129 130 132 133 134 135 137 138 139 142 143 145 147 148 149 153 155 158 162 164 165 167 168 170 171 173 174 175 176 177 178 180 182 184 187 188 190 191 193 194 195 196 198 200  
14 1 2 3 4 5 6 7 9 10 11 12 13 14 15 16 17 18 19 20 21 22 24 25 26 27 28 29 30 32 33 34 35 36 37 38 39 40 41 43 44 45 46 47 48 49 51 52 53 54 55 56 57 58 59 60 61 62 63 65 66 67 68 69 71 72 73 74 75 76 77 78 79 80 81 82 83 84 85 86 87 88 89 90 91 93 94 95 96 97 98 99 100 101 102 103 104 105 106 107 108 109 110 111 112 113 114 115 116 117 118 119 120 121 122 123 124 125 126 127 128 129 130 131 132 133 134 135 136 137 138 141 142 143 144 145 146 147 148 150 151 152 153 154 155 156 157 158 159 160 161 162 164 165 166 167 168 170 171 172 173 174 175 176 178 179 180 181 182 183 184 185 186 187 188 189 190 191 192 193 194 196 197 199 200  
8 1 2 3 4 6 9 12 20 21 23 25 26 27 30 32 33 37 38 40 42 45 49 50 51 55 56 57 58 60 64 65 66 67 68 70 72 73 75 76 82 83 85 86 89 92 93 95 96 99 100 101 102 103 105 106 108 110 113 116 118 121 122 123 124 125 126 127 129 130 131 132 133 134 135 136 138 139 140 145 146 147 150 153 154 158 161 165 169 171 172 175 176 178 181 182 185 188 189 191 192 193 195 199 200  
1 2 3 4 5 10 12 13 14 16 18 20 21 22 23 25 28 30 31 32 34 35 36 37 38 40 42 43 44 46 48 50 51 53 54 56 57 59 61 63 64 66 68 69 70 72 73 74 76 78 79 80 86 87 88 89 90 91 92 93 94 95 97 98 99 100 101 103 105 106 109 110 112 113 116 117 123 124 126 130 132 135 137 139 140 141 143 144 146 147 149 150 151 152 154 155 160 164 167 168 170 177 179 183 184 187 188 189 190 192 193 194 199  
19 2 3 4 5 6 8 9 10 11 12 13 14 15 16 17 18 19 20 21 22 24 25 26 28 29 30 31 32 33 35 36 37 38 39 40 42 43 44 45 46 47 48 49 52 53 54 55 56 58 59 60 61 62 63 64 65 66 67 70 72 73 74 75 76 77 78 79 80 81 85 86 87 88 90 91 92 95 96 98 99 100 101 102 104 105 106 107 108 109 110 111 113 114 115 116 117 118 119 120 121 122 123 125 126 127 128 129 130 131 132 133 134 135 136 140 141 142 143 144 145 146 147 148 151 152 153 155 156 158 159 161 162 163 164 165 168 170 171 173 175 176 177 178 179 180 181 182 183 186 188 189 190 191 192 193 197 198 199 200  
5 1 3 4 7 9 11 12 14 16 25 26 29 31 32 34 37 39 40 44 52 56 57 59 62 64 65 67 68 70 73 77 80 81 82 84 86 87 90 92 96 99 100 101 102 108 109 114 116 118 120 123 124 125 126 131 132 137 140 143 148 149 150 154 156 162 163 165 166 167 169 177 178 181 183 189 190 194 195  
6 6 8 12 13 26 29 30 31 37 47 52 56 57 58 66 68 77 78 80 81 84 86 87 91 92 93 99 100 107 109 110 111 113 115 117 118 120 121 123 124 126 127 132 134 135 137 140 142 143 145 150 152 154 162 164 169 171 174 175 176 178 180 181 183 184 191 196 199  
11 4 9 14 29 47 49 53 56 63 64 66 67 68 73 76 78 79 80 81 83 84 85 87 89 90 92 96 100 107 113 118 124 127 134 136 137 138 139 141 144 152 157 159 162 164 167 168 172 173 181 182 189 191 196 197 198 200  
7 2 3 11 12 13 15 17 19 21 22 24 25 26 27 31 33 34 35 37 39 43 44 49 50 53 54 55 56 59 61 62 63 64 68 70 74 75 76 81 84 86 88 90 91 92 93 95 96 97 100 101 102 104 109 110 111 113 114 116 123 124 127 129 134 135 136 137 139 140 141 142 149 154 156 157 158 160 162 163 164 167 169 173 175 176 178 179 180 181 182 185 186 188 191 192 194 195 197 198 199  
4 1 3 4 6 7 10 11 12 15 16 18 19 20 21 24 25 26 27 28 29 30 31 32 33 34 35 36 37 38 39 40 42 43 47 49 50 51 52 53 54 56 57 58 59 61 63 64 65 66 69 73 74 75 77 79 82 83 84 86 87 88 91 92 93 94 95 96 98 100 102 104 106 108 109 110 111 112 115 117 118 119 120 122 123 124 126 127 131 132 133 134 135 136 137 139 140 142 143 144 145 147 148 151 153 157 158 161 162 163 164 165 166 169 170 171 173 174 175 176 177 179 180 181 184 186 187 189 190 191 193 194 196 197 199 200  
10 1 2 3 4 5 6 7 8 9 10 11 12 13 14 15 16 17 18 19 20 21 22 23 24 25 26 27 28 29 30 31 32 33 35 36 37 38 39 40 41 42 43 44 45 46 47 48 49 50 51 52 53 54 55 56 58 59 60 61 62 63 64 65 66 67 68 69 70 71 72 73 74 75 76 77 78 79 80 81 82 83 84 85 86 87 88 89 90 91 92 93 94 95 96 97 98 99 100 101 102 103 104 105 106 107 108 109 110 111 113 114 115 116 117 118 119 120 121 122 123 124 125 126 127 128 129 130 131 132 133 134 135 136 138 139 140 141 142 143 144 145 146 147 148 149 150 151 152 153 154 155 156 157 158 159 160 161 162 163 164 165 166 167 168 169 170 171 172 173 174 175 176 177 178 179 180 181 182 183 184 185 186 187 188 189 190 191 192 193 194 195 196 197 198 199 200  
COST_INSTALL_SERVER_AND_PROGRAMS :
0 14.0 5.0 5.0 1.0 5.0 3.0 4.0 2.0 5.0 1.0 4.0 5.0 1.0 3.0 3.0 5.0 3.0 5.0 5.0 2.0 2.0 4.0 5.0 2.0 3.0 4.0 4.0 3.0 4.0 2.0 4.0 4.0 3.0 1.0 4.0 1.0 2.0 4.0 4.0 1.0 4.0 4.0 3.0 4.0 4.0 4.0 1.0 3.0 2.0 1.0 3.0 5.0 3.0 1.0 1.0 4.0 5.0 3.0 4.0 4.0 1.0 5.0 2.0 5.0 1.0 4.0 1.0 2.0 4.0 2.0 2.0 3.0 3.0 3.0 3.0 1.0 5.0 2.0 2.0 3.0 4.0 2.0 1.0 2.0 1.0 3.0 5.0 1.0 2.0 5.0 2.0 5.0 2.0 5.0 2.0 3.0 3.0 2.0 2.0 5.0 2.0 1.0 3.0 3.0 4.0 2.0 3.0 4.0 4.0 3.0 2.0 4.0 2.0 3.0 2.0 4.0 3.0 3.0 2.0 4.0 4.0 5.0 1.0 5.0 3.0 3.0 1.0 1.0 2.0 1.0 4.0 2.0 4.0 1.0 4.0 3.0 2.0 1.0 5.0 4.0 3.0 4.0 2.0 5.0 2.0 3.0 1.0 3.0 3.0 2.0 1.0 4.0 1.0 3.0 1.0 3.0 2.0 2.0 4.0 1.0 5.0 3.0 5.0 1.0 1.0 2.0 3.0 4.0 4.0 3.0 3.0 3.0 1.0 5.0 5.0 3.0 4.0 2.0 3.0 2.0 2.0 2.0 2.0 4.0 2.0 1.0 1.0 3.0 3.0 3.0 5.0 5.0 2.0 2.0 1.0 1.0 2.0 5.0 4.0 4.0 5.0  
12 12.0 3.0 4.0 1.0 2.0 3.0 4.0 4.0 1.0 2.0 1.0 1.0 2.0 5.0 1.0 4.0 5.0 3.0 4.0 5.0 4.0 3.0 5.0 5.0 4.0 4.0 1.0 5.0 5.0 3.0 3.0 4.0 5.0 4.0 1.0 4.0 5.0 1.0 4.0 4.0 5.0 5.0 2.0 4.0 2.0 2.0 4.0 1.0 5.0 3.0 3.0 2.0 1.0 4.0 5.0 4.0 1.0 2.0 3.0 2.0 4.0 5.0 4.0 3.0 3.0 4.0 3.0 2.0 1.0 4.0 5.0 3.0 4.0 3.0 3.0 5.0 2.0 3.0 3.0 5.0 4.0 4.0 4.0 5.0 2.0 3.0 3.0 2.0 1.0 3.0 2.0 5.0 3.0 3.0 5.0 4.0 2.0 1.0 1.0 1.0 1.0 4.0 3.0 1.0 2.0 2.0 1.0 3.0 1.0 2.0 4.0 1.0 5.0 1.0 2.0 3.0 5.0 2.0 1.0 2.0 4.0 4.0 1.0 5.0 2.0 5.0 5.0 1.0 5.0 1.0 5.0 1.0 2.0 2.0 1.0 4.0 3.0 3.0 3.0 2.0 1.0 5.0 3.0 3.0 1.0 1.0 4.0 1.0 3.0 4.0 3.0 2.0 2.0 5.0 1.0 5.0 3.0 3.0 4.0 4.0 4.0 4.0 2.0 2.0 3.0 1.0 3.0 2.0 3.0 4.0 1.0 5.0 5.0 5.0 2.0 2.0 4.0 5.0 4.0 3.0 3.0 5.0 2.0 4.0 3.0 1.0 2.0 5.0 2.0 1.0 1.0 1.0 5.0 3.0 2.0 4.0 3.0 5.0 1.0 5.0 4.0  
17 6.0 3.0 2.0 3.0 5.0 2.0 3.0 3.0 3.0 3.0 2.0 5.0 1.0 5.0 2.0 3.0 1.0 2.0 3.0 1.0 5.0 2.0 5.0 4.0 4.0 2.0 1.0 5.0 5.0 4.0 5.0 4.0 4.0 5.0 2.0 4.0 2.0 1.0 2.0 3.0 3.0 4.0 3.0 1.0 4.0 5.0 4.0 5.0 5.0 4.0 3.0 2.0 1.0 1.0 1.0 4.0 4.0 5.0 3.0 3.0 5.0 5.0 1.0 1.0 2.0 4.0 3.0 2.0 5.0 1.0 1.0 1.0 4.0 4.0 3.0 1.0 1.0 1.0 4.0 2.0 4.0 4.0 2.0 4.0 4.0 4.0 2.0 5.0 5.0 1.0 3.0 5.0 5.0 3.0 4.0 2.0 5.0 1.0 2.0 5.0 5.0 5.0 5.0 3.0 5.0 3.0 4.0 4.0 1.0 4.0 3.0 3.0 4.0 2.0 5.0 3.0 3.0 5.0 3.0 4.0 5.0 1.0 1.0 2.0 4.0 2.0 5.0 3.0 3.0 5.0 4.0 5.0 2.0 1.0 3.0 2.0 5.0 2.0 2.0 3.0 1.0 2.0 3.0 2.0 1.0 5.0 2.0 4.0 2.0 1.0 2.0 2.0 2.0 4.0 4.0 3.0 1.0 3.0 4.0 1.0 4.0 1.0 1.0 3.0 2.0 1.0 3.0 2.0 3.0 4.0 1.0 3.0 4.0 5.0 3.0 2.0 2.0 1.0 5.0 2.0 1.0 1.0 5.0 1.0 4.0 1.0 3.0 3.0 5.0 5.0 4.0 1.0 2.0 1.0 1.0 4.0 5.0 5.0 3.0 3.0 3.0  
18 15.0 5.0 3.0 3.0 2.0 1.0 1.0 1.0 4.0 5.0 1.0 3.0 1.0 4.0 2.0 1.0 2.0 4.0 2.0 3.0 1.0 2.0 3.0 1.0 5.0 5.0 3.0 1.0 4.0 3.0 5.0 5.0 3.0 5.0 1.0 2.0 5.0 1.0 3.0 1.0 3.0 3.0 5.0 3.0 3.0 1.0 2.0 3.0 3.0 4.0 5.0 1.0 4.0 3.0 5.0 5.0 5.0 3.0 3.0 5.0 4.0 5.0 1.0 2.0 4.0 3.0 1.0 3.0 4.0 3.0 3.0 4.0 5.0 4.0 2.0 1.0 2.0 2.0 1.0 1.0 2.0 5.0 3.0 3.0 5.0 1.0 1.0 3.0 3.0 4.0 5.0 5.0 1.0 1.0 1.0 5.0 2.0 2.0 4.0 1.0 1.0 2.0 4.0 3.0 5.0 3.0 5.0 3.0 1.0 4.0 3.0 5.0 5.0 2.0 3.0 2.0 3.0 4.0 1.0 5.0 3.0 4.0 4.0 1.0 2.0 4.0 4.0 4.0 2.0 1.0 1.0 4.0 5.0 4.0 1.0 4.0 5.0 3.0 1.0 2.0 2.0 4.0 2.0 4.0 4.0 4.0 1.0 2.0 5.0 1.0 3.0 2.0 1.0 4.0 5.0 2.0 2.0 2.0 1.0 1.0 3.0 4.0 3.0 4.0 3.0 5.0 2.0 5.0 1.0 2.0 2.0 1.0 2.0 4.0 5.0 3.0 1.0 1.0 4.0 3.0 1.0 2.0 3.0 2.0 5.0 2.0 3.0 1.0 3.0 2.0 4.0 1.0 5.0 4.0 4.0 2.0 5.0 5.0 3.0 5.0 1.0  
9 9.0 1.0 5.0 2.0 4.0 3.0 4.0 5.0 4.0 1.0 3.0 3.0 5.0 4.0 1.0 4.0 5.0 3.0 4.0 1.0 1.0 5.0 3.0 5.0 5.0 2.0 1.0 1.0 4.0 5.0 5.0 5.0 1.0 5.0 1.0 1.0 5.0 5.0 4.0 3.0 5.0 1.0 1.0 2.0 5.0 5.0 4.0 2.0 5.0 5.0 5.0 5.0 4.0 5.0 4.0 1.0 1.0 3.0 2.0 5.0 3.0 4.0 3.0 1.0 2.0 2.0 1.0 5.0 1.0 2.0 1.0 4.0 2.0 1.0 2.0 5.0 3.0 4.0 2.0 2.0 1.0 2.0 1.0 1.0 1.0 3.0 2.0 2.0 3.0 2.0 4.0 1.0 4.0 3.0 5.0 5.0 4.0 4.0 3.0 5.0 3.0 5.0 4.0 5.0 5.0 3.0 3.0 1.0 1.0 1.0 5.0 2.0 5.0 1.0 3.0 4.0 3.0 2.0 4.0 4.0 5.0 2.0 4.0 2.0 1.0 2.0 4.0 5.0 5.0 2.0 3.0 2.0 2.0 5.0 2.0 3.0 4.0 2.0 5.0 3.0 2.0 1.0 3.0 3.0 5.0 5.0 4.0 1.0 5.0 2.0 1.0 2.0 4.0 1.0 5.0 4.0 4.0 2.0 3.0 5.0 3.0 5.0 3.0 1.0 4.0 1.0 1.0 3.0 3.0 5.0 5.0 3.0 4.0 3.0 3.0 2.0 2.0 3.0 3.0 3.0 3.0 3.0 3.0 1.0 4.0 1.0 4.0 3.0 5.0 4.0 5.0 5.0 1.0 5.0 4.0 3.0 1.0 1.0 4.0 1.0 1.0  
3 7.0 4.0 3.0 4.0 3.0 5.0 4.0 1.0 2.0 5.0 1.0 5.0 3.0 4.0 3.0 1.0 3.0 2.0 2.0 2.0 5.0 3.0 5.0 5.0 3.0 3.0 3.0 2.0 3.0 3.0 5.0 5.0 5.0 5.0 3.0 3.0 4.0 5.0 4.0 5.0 2.0 4.0 3.0 5.0 2.0 2.0 1.0 2.0 1.0 3.0 5.0 3.0 5.0 2.0 4.0 3.0 2.0 5.0 3.0 1.0 1.0 5.0 5.0 4.0 4.0 2.0 5.0 2.0 1.0 2.0 4.0 3.0 1.0 2.0 5.0 5.0 1.0 3.0 4.0 3.0 1.0 3.0 5.0 3.0 3.0 5.0 4.0 3.0 1.0 2.0 3.0 3.0 3.0 5.0 4.0 1.0 3.0 2.0 3.0 2.0 4.0 3.0 4.0 1.0 5.0 5.0 3.0 5.0 5.0 3.0 4.0 4.0 1.0 1.0 3.0 3.0 2.0 4.0 3.0 2.0 5.0 4.0 5.0 2.0 2.0 3.0 2.0 1.0 3.0 4.0 5.0 4.0 5.0 1.0 4.0 4.0 5.0 4.0 1.0 1.0 5.0 4.0 4.0 1.0 5.0 4.0 5.0 4.0 4.0 1.0 4.0 2.0 3.0 4.0 1.0 5.0 1.0 4.0 1.0 3.0 3.0 3.0 3.0 5.0 5.0 2.0 2.0 3.0 5.0 3.0 2.0 2.0 2.0 4.0 4.0 3.0 2.0 4.0 2.0 4.0 2.0 4.0 2.0 2.0 4.0 2.0 5.0 3.0 1.0 2.0 1.0 4.0 4.0 3.0 3.0 3.0 1.0 2.0 1.0 5.0 2.0  
13 8.0 1.0 5.0 4.0 5.0 1.0 2.0 1.0 2.0 3.0 4.0 4.0 4.0 3.0 1.0 2.0 3.0 5.0 3.0 5.0 5.0 4.0 5.0 4.0 3.0 4.0 3.0 1.0 2.0 3.0 2.0 5.0 2.0 2.0 5.0 5.0 5.0 4.0 1.0 1.0 2.0 5.0 5.0 2.0 5.0 2.0 4.0 5.0 1.0 1.0 4.0 4.0 5.0 5.0 4.0 1.0 5.0 2.0 2.0 2.0 3.0 3.0 2.0 5.0 5.0 4.0 1.0 4.0 5.0 5.0 5.0 1.0 1.0 1.0 5.0 3.0 5.0 1.0 2.0 3.0 5.0 3.0 5.0 3.0 5.0 2.0 5.0 4.0 3.0 2.0 3.0 2.0 4.0 3.0 1.0 5.0 4.0 5.0 3.0 4.0 4.0 1.0 1.0 2.0 1.0 5.0 2.0 1.0 3.0 2.0 1.0 4.0 2.0 2.0 3.0 3.0 5.0 4.0 5.0 5.0 2.0 3.0 3.0 2.0 2.0 1.0 5.0 4.0 4.0 5.0 5.0 5.0 5.0 5.0 5.0 4.0 5.0 5.0 2.0 5.0 2.0 3.0 1.0 5.0 3.0 2.0 1.0 3.0 4.0 5.0 1.0 3.0 2.0 5.0 4.0 3.0 2.0 1.0 3.0 2.0 5.0 3.0 3.0 3.0 3.0 5.0 2.0 1.0 5.0 2.0 3.0 2.0 1.0 3.0 4.0 3.0 3.0 3.0 3.0 2.0 2.0 5.0 3.0 1.0 4.0 4.0 4.0 2.0 4.0 4.0 2.0 2.0 1.0 5.0 3.0 3.0 3.0 3.0 3.0 3.0 3.0  
15 7.0 2.0 3.0 3.0 2.0 4.0 4.0 2.0 3.0 4.0 1.0 5.0 4.0 3.0 2.0 3.0 3.0 3.0 5.0 2.0 5.0 2.0 1.0 5.0 3.0 4.0 5.0 5.0 5.0 4.0 4.0 1.0 2.0 4.0 2.0 3.0 2.0 2.0 5.0 3.0 2.0 5.0 1.0 4.0 1.0 2.0 3.0 4.0 2.0 2.0 4.0 1.0 2.0 1.0 3.0 3.0 3.0 5.0 5.0 4.0 4.0 2.0 3.0 4.0 1.0 5.0 4.0 3.0 4.0 1.0 1.0 5.0 5.0 1.0 2.0 5.0 2.0 5.0 5.0 4.0 5.0 2.0 5.0 3.0 5.0 4.0 1.0 4.0 4.0 5.0 1.0 5.0 2.0 4.0 2.0 3.0 2.0 3.0 4.0 4.0 1.0 5.0 2.0 4.0 4.0 2.0 5.0 3.0 2.0 3.0 1.0 4.0 1.0 4.0 3.0 3.0 4.0 5.0 3.0 2.0 3.0 5.0 5.0 5.0 4.0 1.0 5.0 1.0 4.0 4.0 5.0 5.0 4.0 2.0 2.0 1.0 3.0 4.0 3.0 1.0 1.0 3.0 4.0 1.0 2.0 2.0 3.0 3.0 1.0 4.0 5.0 4.0 1.0 1.0 5.0 2.0 3.0 2.0 4.0 4.0 2.0 3.0 5.0 4.0 1.0 1.0 4.0 4.0 5.0 2.0 3.0 5.0 4.0 3.0 5.0 2.0 2.0 5.0 4.0 3.0 2.0 2.0 4.0 2.0 5.0 2.0 1.0 1.0 3.0 2.0 4.0 4.0 1.0 4.0 2.0 1.0 4.0 5.0 3.0 2.0 5.0  
16 15.0 3.0 5.0 5.0 1.0 1.0 4.0 2.0 5.0 5.0 5.0 3.0 3.0 4.0 5.0 4.0 5.0 3.0 1.0 4.0 4.0 2.0 5.0 3.0 5.0 4.0 5.0 4.0 2.0 4.0 5.0 5.0 2.0 5.0 1.0 5.0 4.0 3.0 1.0 2.0 1.0 3.0 2.0 1.0 1.0 1.0 3.0 3.0 1.0 3.0 3.0 4.0 2.0 4.0 2.0 5.0 5.0 1.0 3.0 1.0 1.0 5.0 4.0 3.0 4.0 1.0 1.0 5.0 1.0 5.0 2.0 2.0 1.0 2.0 4.0 3.0 3.0 1.0 4.0 2.0 1.0 5.0 4.0 4.0 2.0 2.0 1.0 1.0 2.0 3.0 2.0 3.0 5.0 2.0 1.0 2.0 3.0 5.0 1.0 2.0 5.0 5.0 4.0 5.0 4.0 2.0 4.0 2.0 3.0 2.0 2.0 1.0 4.0 2.0 4.0 2.0 1.0 2.0 2.0 3.0 3.0 4.0 5.0 4.0 4.0 1.0 1.0 4.0 2.0 4.0 2.0 4.0 4.0 2.0 2.0 2.0 5.0 1.0 4.0 4.0 1.0 4.0 3.0 1.0 5.0 2.0 3.0 1.0 5.0 4.0 4.0 2.0 2.0 5.0 3.0 2.0 5.0 3.0 4.0 2.0 5.0 2.0 3.0 5.0 2.0 2.0 1.0 2.0 3.0 5.0 3.0 4.0 1.0 4.0 1.0 3.0 5.0 5.0 4.0 1.0 4.0 4.0 1.0 2.0 2.0 4.0 4.0 1.0 1.0 2.0 1.0 3.0 2.0 1.0 4.0 4.0 3.0 3.0 1.0 1.0 4.0  
2 6.0 1.0 4.0 3.0 2.0 3.0 5.0 5.0 1.0 2.0 4.0 2.0 5.0 3.0 4.0 2.0 1.0 4.0 3.0 4.0 5.0 1.0 5.0 5.0 3.0 1.0 1.0 1.0 3.0 1.0 1.0 3.0 3.0 1.0 1.0 5.0 4.0 3.0 1.0 2.0 2.0 4.0 4.0 1.0 1.0 2.0 4.0 1.0 3.0 4.0 1.0 2.0 3.0 2.0 2.0 3.0 4.0 1.0 2.0 1.0 5.0 3.0 1.0 5.0 3.0 2.0 5.0 4.0 5.0 3.0 4.0 3.0 4.0 3.0 1.0 1.0 1.0 3.0 5.0 5.0 2.0 1.0 5.0 3.0 3.0 2.0 5.0 2.0 1.0 2.0 4.0 3.0 1.0 5.0 3.0 5.0 2.0 2.0 1.0 5.0 2.0 3.0 2.0 5.0 4.0 4.0 1.0 5.0 2.0 2.0 4.0 5.0 2.0 2.0 4.0 5.0 2.0 5.0 3.0 3.0 2.0 4.0 1.0 1.0 5.0 3.0 3.0 1.0 1.0 1.0 5.0 4.0 2.0 3.0 5.0 3.0 4.0 5.0 1.0 2.0 2.0 5.0 5.0 2.0 4.0 4.0 5.0 2.0 4.0 3.0 3.0 1.0 5.0 2.0 4.0 3.0 1.0 4.0 1.0 3.0 2.0 2.0 4.0 1.0 5.0 5.0 3.0 1.0 3.0 4.0 3.0 2.0 4.0 4.0 5.0 2.0 5.0 5.0 5.0 2.0 3.0 1.0 4.0 1.0 5.0 1.0 2.0 5.0 4.0 1.0 5.0 4.0 3.0 1.0 4.0 5.0 1.0 4.0 2.0 4.0 4.0  
14 14.0 1.0 4.0 4.0 2.0 2.0 3.0 2.0 2.0 3.0 2.0 1.0 3.0 2.0 1.0 4.0 3.0 4.0 1.0 2.0 1.0 1.0 3.0 4.0 5.0 2.0 2.0 4.0 3.0 4.0 5.0 4.0 1.0 1.0 1.0 2.0 2.0 2.0 3.0 1.0 5.0 5.0 2.0 2.0 1.0 1.0 1.0 1.0 4.0 2.0 3.0 3.0 3.0 1.0 2.0 3.0 4.0 3.0 5.0 4.0 5.0 3.0 4.0 1.0 2.0 3.0 1.0 2.0 2.0 4.0 2.0 4.0 3.0 2.0 1.0 4.0 5.0 1.0 4.0 3.0 1.0 2.0 2.0 4.0 3.0 4.0 1.0 2.0 2.0 3.0 5.0 1.0 5.0 2.0 5.0 2.0 3.0 2.0 3.0 2.0 3.0 1.0 2.0 5.0 4.0 2.0 2.0 1.0 1.0 1.0 3.0 3.0 5.0 4.0 1.0 5.0 5.0 5.0 3.0 2.0 3.0 5.0 1.0 4.0 3.0 2.0 4.0 3.0 5.0 5.0 1.0 2.0 3.0 5.0 4.0 5.0 3.0 1.0 1.0 2.0 3.0 5.0 1.0 4.0 1.0 2.0 2.0 3.0 2.0 5.0 5.0 4.0 3.0 2.0 3.0 4.0 5.0 3.0 4.0 4.0 3.0 4.0 4.0 5.0 5.0 1.0 1.0 3.0 4.0 5.0 1.0 4.0 2.0 3.0 1.0 5.0 3.0 3.0 4.0 4.0 4.0 2.0 1.0 1.0 2.0 3.0 1.0 3.0 2.0 1.0 3.0 2.0 1.0 5.0 4.0 5.0 1.0 3.0 3.0 1.0 3.0  
8 8.0 2.0 5.0 2.0 5.0 2.0 5.0 3.0 5.0 2.0 1.0 4.0 5.0 1.0 3.0 3.0 1.0 1.0 5.0 1.0 1.0 2.0 1.0 5.0 2.0 3.0 1.0 4.0 1.0 2.0 1.0 1.0 2.0 2.0 5.0 5.0 4.0 3.0 3.0 4.0 2.0 5.0 5.0 5.0 2.0 5.0 5.0 1.0 3.0 2.0 4.0 1.0 4.0 2.0 1.0 2.0 2.0 5.0 5.0 5.0 4.0 2.0 1.0 2.0 4.0 5.0 2.0 3.0 4.0 4.0 5.0 3.0 5.0 5.0 3.0 5.0 3.0 3.0 1.0 3.0 2.0 3.0 2.0 4.0 4.0 2.0 1.0 3.0 3.0 5.0 3.0 3.0 3.0 4.0 2.0 2.0 5.0 3.0 2.0 1.0 1.0 5.0 1.0 5.0 1.0 3.0 1.0 4.0 2.0 4.0 2.0 1.0 2.0 2.0 4.0 5.0 2.0 3.0 3.0 2.0 2.0 5.0 2.0 2.0 4.0 2.0 5.0 5.0 4.0 1.0 2.0 2.0 4.0 1.0 3.0 3.0 2.0 5.0 2.0 3.0 3.0 2.0 3.0 1.0 1.0 3.0 3.0 5.0 5.0 2.0 4.0 1.0 1.0 1.0 2.0 4.0 5.0 1.0 2.0 4.0 3.0 3.0 1.0 5.0 1.0 5.0 1.0 2.0 5.0 2.0 3.0 3.0 4.0 5.0 5.0 2.0 5.0 2.0 4.0 5.0 4.0 1.0 1.0 3.0 3.0 1.0 4.0 1.0 5.0 4.0 3.0 4.0 2.0 4.0 1.0 3.0 4.0 3.0 4.0 1.0 1.0  
1 11.0 4.0 5.0 3.0 2.0 5.0 3.0 5.0 3.0 3.0 2.0 4.0 3.0 3.0 5.0 2.0 2.0 1.0 1.0 4.0 3.0 5.0 5.0 3.0 4.0 2.0 1.0 2.0 3.0 2.0 4.0 2.0 4.0 2.0 1.0 1.0 1.0 2.0 5.0 2.0 1.0 5.0 2.0 1.0 1.0 4.0 1.0 5.0 2.0 1.0 5.0 3.0 3.0 3.0 3.0 2.0 5.0 1.0 2.0 4.0 3.0 5.0 4.0 4.0 2.0 2.0 1.0 2.0 2.0 3.0 3.0 4.0 3.0 2.0 2.0 5.0 3.0 2.0 4.0 3.0 4.0 2.0 3.0 1.0 4.0 1.0 5.0 4.0 5.0 3.0 4.0 5.0 4.0 3.0 3.0 3.0 3.0 5.0 2.0 3.0 4.0 2.0 4.0 2.0 4.0 1.0 2.0 1.0 5.0 5.0 4.0 5.0 2.0 1.0 2.0 4.0 5.0 2.0 1.0 5.0 3.0 5.0 2.0 1.0 1.0 3.0 1.0 4.0 4.0 3.0 5.0 4.0 2.0 4.0 1.0 3.0 2.0 1.0 2.0 2.0 3.0 4.0 3.0 1.0 4.0 3.0 2.0 5.0 5.0 2.0 4.0 3.0 5.0 5.0 2.0 5.0 4.0 2.0 4.0 2.0 3.0 5.0 5.0 1.0 2.0 3.0 2.0 3.0 1.0 2.0 2.0 2.0 5.0 3.0 5.0 3.0 4.0 3.0 4.0 5.0 2.0 2.0 1.0 5.0 4.0 4.0 5.0 2.0 1.0 2.0 1.0 2.0 4.0 1.0 3.0 3.0 3.0 1.0 1.0 2.0 2.0  
19 7.0 5.0 3.0 3.0 1.0 2.0 5.0 3.0 2.0 3.0 3.0 4.0 4.0 5.0 2.0 1.0 4.0 1.0 3.0 3.0 5.0 2.0 1.0 5.0 1.0 1.0 1.0 4.0 2.0 1.0 3.0 1.0 5.0 1.0 4.0 5.0 4.0 2.0 5.0 3.0 5.0 1.0 4.0 3.0 5.0 4.0 2.0 4.0 3.0 3.0 3.0 1.0 5.0 4.0 2.0 4.0 4.0 3.0 5.0 1.0 5.0 5.0 1.0 5.0 1.0 1.0 3.0 5.0 3.0 3.0 3.0 2.0 4.0 5.0 1.0 4.0 4.0 5.0 3.0 1.0 3.0 2.0 3.0 5.0 1.0 3.0 5.0 3.0 5.0 2.0 4.0 1.0 4.0 5.0 1.0 3.0 2.0 2.0 4.0 2.0 3.0 1.0 2.0 4.0 2.0 3.0 2.0 1.0 1.0 2.0 4.0 4.0 5.0 4.0 3.0 5.0 5.0 2.0 4.0 3.0 2.0 4.0 3.0 2.0 4.0 3.0 4.0 5.0 1.0 3.0 1.0 1.0 1.0 5.0 3.0 3.0 5.0 3.0 3.0 3.0 1.0 5.0 2.0 1.0 2.0 4.0 3.0 2.0 2.0 1.0 3.0 3.0 3.0 2.0 5.0 3.0 3.0 3.0 4.0 4.0 5.0 2.0 4.0 4.0 5.0 4.0 4.0 4.0 5.0 2.0 3.0 3.0 3.0 1.0 3.0 5.0 1.0 2.0 3.0 1.0 3.0 5.0 1.0 2.0 1.0 2.0 5.0 1.0 2.0 4.0 2.0 4.0 1.0 1.0 5.0 4.0 3.0 3.0 3.0 5.0 4.0  
5 15.0 4.0 2.0 1.0 3.0 5.0 5.0 2.0 4.0 1.0 1.0 5.0 4.0 3.0 2.0 3.0 3.0 4.0 2.0 3.0 3.0 5.0 5.0 3.0 2.0 2.0 1.0 4.0 4.0 2.0 2.0 3.0 2.0 4.0 4.0 4.0 5.0 1.0 4.0 3.0 1.0 5.0 2.0 4.0 5.0 4.0 3.0 5.0 4.0 4.0 5.0 2.0 1.0 1.0 1.0 5.0 4.0 3.0 4.0 4.0 4.0 4.0 1.0 3.0 3.0 1.0 1.0 5.0 3.0 1.0 4.0 2.0 1.0 3.0 4.0 3.0 4.0 4.0 4.0 4.0 1.0 5.0 4.0 2.0 3.0 2.0 3.0 1.0 1.0 2.0 3.0 4.0 3.0 3.0 4.0 4.0 4.0 1.0 1.0 3.0 4.0 5.0 1.0 2.0 2.0 5.0 3.0 2.0 5.0 3.0 2.0 2.0 1.0 1.0 1.0 5.0 3.0 5.0 1.0 2.0 5.0 3.0 4.0 3.0 1.0 1.0 4.0 3.0 2.0 3.0 3.0 2.0 3.0 5.0 5.0 2.0 4.0 5.0 3.0 1.0 4.0 1.0 5.0 1.0 4.0 3.0 5.0 4.0 5.0 2.0 3.0 1.0 2.0 2.0 3.0 5.0 3.0 2.0 4.0 1.0 1.0 2.0 3.0 2.0 2.0 1.0 1.0 5.0 5.0 3.0 4.0 4.0 5.0 4.0 1.0 5.0 4.0 3.0 2.0 3.0 5.0 5.0 1.0 3.0 5.0 3.0 1.0 3.0 4.0 1.0 3.0 2.0 3.0 1.0 3.0 3.0 5.0 2.0 2.0 5.0 1.0  
6 14.0 1.0 1.0 4.0 2.0 5.0 3.0 1.0 3.0 1.0 4.0 1.0 2.0 1.0 1.0 1.0 5.0 1.0 2.0 2.0 3.0 1.0 4.0 5.0 5.0 4.0 2.0 3.0 5.0 5.0 5.0 2.0 5.0 3.0 1.0 5.0 3.0 2.0 5.0 5.0 3.0 2.0 5.0 3.0 4.0 1.0 2.0 4.0 2.0 3.0 3.0 1.0 4.0 4.0 5.0 1.0 2.0 1.0 1.0 3.0 3.0 4.0 3.0 1.0 4.0 1.0 4.0 4.0 5.0 1.0 2.0 4.0 5.0 5.0 4.0 1.0 1.0 4.0 4.0 1.0 4.0 1.0 5.0 3.0 3.0 5.0 1.0 5.0 5.0 5.0 5.0 3.0 2.0 1.0 2.0 3.0 1.0 5.0 4.0 4.0 3.0 3.0 5.0 1.0 1.0 3.0 3.0 1.0 1.0 4.0 5.0 1.0 2.0 5.0 5.0 3.0 4.0 4.0 4.0 1.0 1.0 1.0 4.0 2.0 1.0 3.0 2.0 2.0 1.0 2.0 5.0 5.0 3.0 2.0 5.0 5.0 1.0 3.0 2.0 1.0 3.0 3.0 4.0 4.0 4.0 4.0 5.0 2.0 5.0 4.0 5.0 1.0 1.0 3.0 2.0 2.0 2.0 2.0 5.0 4.0 5.0 1.0 3.0 4.0 1.0 1.0 1.0 1.0 1.0 4.0 5.0 2.0 2.0 2.0 4.0 2.0 5.0 5.0 5.0 3.0 1.0 5.0 5.0 1.0 4.0 5.0 3.0 3.0 5.0 4.0 1.0 3.0 4.0 4.0 4.0 4.0 1.0 3.0 4.0 4.0 4.0  
11 9.0 5.0 3.0 2.0 5.0 2.0 5.0 3.0 1.0 4.0 4.0 4.0 3.0 1.0 5.0 3.0 5.0 2.0 2.0 4.0 3.0 2.0 5.0 1.0 3.0 1.0 3.0 2.0 5.0 5.0 5.0 4.0 1.0 3.0 3.0 2.0 1.0 2.0 4.0 5.0 5.0 2.0 5.0 1.0 2.0 3.0 3.0 1.0 1.0 2.0 2.0 2.0 2.0 2.0 5.0 2.0 2.0 5.0 3.0 3.0 2.0 1.0 4.0 3.0 4.0 1.0 3.0 3.0 4.0 1.0 3.0 5.0 2.0 3.0 4.0 2.0 4.0 5.0 4.0 1.0 3.0 2.0 5.0 1.0 2.0 1.0 5.0 2.0 4.0 5.0 5.0 3.0 1.0 5.0 2.0 3.0 5.0 4.0 5.0 3.0 2.0 1.0 3.0 5.0 3.0 3.0 2.0 4.0 4.0 1.0 5.0 4.0 3.0 1.0 4.0 3.0 1.0 5.0 3.0 1.0 4.0 1.0 4.0 1.0 5.0 4.0 3.0 3.0 5.0 5.0 2.0 5.0 2.0 1.0 4.0 5.0 1.0 3.0 2.0 4.0 5.0 3.0 2.0 5.0 1.0 3.0 4.0 1.0 2.0 2.0 2.0 2.0 5.0 5.0 5.0 1.0 3.0 2.0 4.0 3.0 2.0 4.0 2.0 5.0 4.0 4.0 3.0 4.0 2.0 3.0 2.0 5.0 5.0 4.0 4.0 3.0 5.0 2.0 3.0 1.0 4.0 4.0 5.0 4.0 1.0 3.0 2.0 1.0 1.0 3.0 3.0 1.0 4.0 5.0 3.0 4.0 2.0 4.0 4.0 1.0 1.0  
7 7.0 1.0 4.0 1.0 3.0 4.0 2.0 1.0 5.0 5.0 5.0 1.0 5.0 1.0 3.0 3.0 5.0 2.0 2.0 4.0 5.0 2.0 3.0 3.0 3.0 5.0 4.0 2.0 2.0 2.0 3.0 1.0 2.0 2.0 5.0 4.0 2.0 5.0 5.0 4.0 4.0 2.0 2.0 4.0 4.0 5.0 2.0 3.0 4.0 2.0 3.0 2.0 3.0 2.0 2.0 1.0 2.0 4.0 3.0 4.0 5.0 4.0 3.0 1.0 1.0 1.0 5.0 3.0 3.0 1.0 1.0 4.0 5.0 3.0 1.0 3.0 4.0 4.0 3.0 4.0 3.0 3.0 2.0 3.0 3.0 5.0 2.0 2.0 4.0 1.0 3.0 2.0 5.0 3.0 2.0 4.0 4.0 3.0 2.0 3.0 2.0 1.0 3.0 3.0 1.0 4.0 3.0 2.0 3.0 1.0 5.0 4.0 5.0 1.0 1.0 4.0 4.0 4.0 5.0 3.0 5.0 5.0 5.0 1.0 3.0 3.0 3.0 5.0 5.0 4.0 1.0 1.0 1.0 4.0 1.0 1.0 3.0 1.0 4.0 3.0 2.0 3.0 2.0 3.0 5.0 4.0 1.0 2.0 5.0 1.0 2.0 5.0 3.0 1.0 4.0 2.0 3.0 4.0 1.0 3.0 2.0 5.0 3.0 5.0 2.0 4.0 2.0 3.0 2.0 3.0 1.0 2.0 4.0 5.0 3.0 4.0 5.0 4.0 4.0 4.0 5.0 3.0 1.0 1.0 5.0 2.0 2.0 5.0 1.0 5.0 1.0 3.0 5.0 1.0 1.0 4.0 1.0 4.0 2.0 5.0 5.0  
4 12.0 3.0 3.0 1.0 5.0 1.0 2.0 5.0 5.0 5.0 2.0 4.0 5.0 4.0 5.0 4.0 5.0 1.0 4.0 2.0 2.0 2.0 4.0 4.0 5.0 2.0 2.0 5.0 2.0 4.0 3.0 4.0 4.0 4.0 2.0 4.0 2.0 3.0 5.0 4.0 1.0 2.0 1.0 2.0 5.0 5.0 3.0 1.0 1.0 4.0 2.0 2.0 2.0 4.0 5.0 3.0 2.0 4.0 5.0 5.0 1.0 4.0 5.0 5.0 1.0 2.0 3.0 3.0 1.0 1.0 1.0 5.0 1.0 2.0 2.0 4.0 5.0 5.0 4.0 1.0 1.0 3.0 5.0 2.0 1.0 1.0 1.0 2.0 2.0 3.0 2.0 3.0 4.0 1.0 3.0 5.0 1.0 5.0 4.0 2.0 1.0 3.0 3.0 4.0 5.0 3.0 1.0 5.0 3.0 1.0 2.0 3.0 3.0 2.0 2.0 3.0 4.0 2.0 1.0 3.0 2.0 5.0 3.0 5.0 1.0 5.0 5.0 1.0 4.0 2.0 5.0 3.0 4.0 3.0 3.0 1.0 3.0 5.0 2.0 2.0 2.0 2.0 4.0 3.0 1.0 1.0 1.0 4.0 2.0 5.0 3.0 2.0 1.0 4.0 4.0 5.0 3.0 2.0 2.0 3.0 3.0 4.0 4.0 2.0 5.0 2.0 3.0 4.0 2.0 1.0 5.0 4.0 1.0 5.0 4.0 1.0 3.0 3.0 1.0 5.0 3.0 2.0 4.0 2.0 3.0 4.0 5.0 5.0 1.0 4.0 4.0 2.0 4.0 2.0 3.0 3.0 3.0 2.0 5.0 3.0 4.0  
10 10.0 3.0 2.0 5.0 1.0 2.0 5.0 1.0 4.0 1.0 5.0 2.0 1.0 4.0 4.0 3.0 1.0 1.0 5.0 1.0 1.0 4.0 1.0 1.0 2.0 1.0 3.0 2.0 2.0 3.0 3.0 2.0 2.0 5.0 5.0 2.0 1.0 4.0 5.0 5.0 1.0 4.0 1.0 4.0 5.0 5.0 3.0 4.0 4.0 3.0 3.0 1.0 2.0 5.0 5.0 3.0 1.0 5.0 5.0 3.0 3.0 5.0 1.0 1.0 3.0 5.0 2.0 3.0 5.0 5.0 3.0 4.0 1.0 4.0 4.0 3.0 2.0 1.0 3.0 4.0 4.0 3.0 2.0 3.0 4.0 1.0 5.0 5.0 3.0 4.0 1.0 1.0 3.0 3.0 5.0 1.0 4.0 3.0 2.0 3.0 4.0 4.0 5.0 5.0 2.0 1.0 4.0 4.0 3.0 5.0 4.0 1.0 3.0 5.0 4.0 3.0 2.0 5.0 1.0 4.0 2.0 1.0 1.0 2.0 3.0 4.0 2.0 5.0 2.0 1.0 1.0 3.0 4.0 5.0 5.0 2.0 1.0 5.0 4.0 2.0 2.0 3.0 5.0 4.0 2.0 1.0 4.0 1.0 2.0 1.0 3.0 5.0 2.0 5.0 1.0 2.0 3.0 2.0 1.0 1.0 4.0 5.0 5.0 5.0 4.0 3.0 2.0 1.0 1.0 1.0 4.0 4.0 4.0 3.0 3.0 2.0 4.0 2.0 2.0 3.0 3.0 4.0 4.0 3.0 1.0 1.0 1.0 1.0 3.0 5.0 3.0 5.0 4.0 1.0 1.0 4.0 3.0 5.0 1.0 5.0 5.0  
