20 25
NETWORK_TREE :
1 0 3.0 
2 1 6.0 
3 1 1.0 
4 3 3.0 
5 4 1.0 
12 4 6.0 
6 5 3.0 
17 1 4.0 
16 4 5.0 
9 5 2.0 
13 12 6.0 
7 6 8.0 
11 5 3.0 
18 1 5.0 
10 9 6.0 
19 18 6.0 
14 13 2.0 
15 13 1.0 
8 7 3.0 
NODE_PROGRAM :
0 1 2 3 4 5 6 7 8 9 10 11 12 13 14 15 16 17 18 19 20 21 22 23 24 25  
19 1 3 5 7 8 12 17 18 19 20 22 24  
9 1 2 4 5 6 7 9 10 11 13 15 16 18 19 20 21 22 23 24 25  
17 1 2 3 5 6 7 8 9 10 11 13 14 15 16 18 19 22 23 24 25  
2 1 5 9 12 14 15 17 20 21 22  
10 20  
16 1 2 3 4 5 7 8 9 11 13 14 15 16 17 19 21 23 25  
6 1 4 5 23  
13 2 3 5 8 9 12 18 19 21 23 24 25  
8 1 2 3 4 5 6 7 8 9 11 12 13 14 16 17 18 19 20 21 22 23 24 25  
7 1 2 3 4 5 8 9 10 11 13 14 16 17 18 19 20 21 23 24  
11 3 17 19  
12  
4  
5 4 5 7  
1 1 2 4 6 7 9 12 14 16 17 19 23 24  
18 2 3 4 5 9 13 16 18 21 25  
14 1 17 20  
3  
15 3 4 5 9 18 20 22 24 25  
COST_INSTALL_SERVER_AND_PROGRAMS :
0 6.0 4.0 1.0 4.0 1.0 5.0 4.0 2.0 4.0 5.0 1.0 2.0 4.0 1.0 2.0 5.0 1.0 1.0 1.0 1.0 5.0 3.0 1.0 4.0 4.0 2.0  
19 11.0 4.0 4.0 1.0 2.0 5.0 3.0 5.0 4.0 3.0 1.0 3.0 4.0 4.0 1.0 3.0 3.0 2.0 4.0 1.0 3.0 3.0 2.0 1.0 5.0 4.0  
9 14.0 3.0 1.0 4.0 1.0 1.0 5.0 5.0 2.0 4.0 2.0 4.0 3.0 3.0 4.0 3.0 4.0 2.0 5.0 3.0 1.0 2.0 4.0 1.0 5.0 3.0  
17 12.0 4.0 2.0 1.0 2.0 5.0 3.0 5.0 3.0 1.0 4.0 3.0 1.0 2.0 4.0 3.0 3.0 3.0 3.0 5.0 5.0 3.0 5.0 1.0 2.0 4.0  
2 7.0 1.0 4.0 4.0 3.0 2.0 3.0 5.0 1.0 1.0 3.0 3.0 4.0 1.0 3.0 4.0 1.0 3.0 1.0 5.0 2.0 2.0 1.0 2.0 4.0 4.0  
10 11.0 1.0 1.0 2.0 5.0 3.0 3.0 4.0 5.0 2.0 5.0 3.0 1.0 1.0 1.0 5.0 1.0 2.0 2.0 4.0 4.0 3.0 3.0 5.0 1.0 5.0  
16 15.0 2.0 3.0 5.0 1.0 5.0 5.0 1.0 3.0 1.0 2.0 1.0 5.0 1.0 2.0 4.0 3.0 2.0 1.0 3.0 4.0 5.0 1.0 1.0 1.0 1.0  
6 14.0 4.0 4.0 5.0 3.0 3.0 2.0 4.0 2.0 1.0 1.0 3.0 4.0 2.0 1.0 3.0 1.0 2.0 3.0 4.0 3.0 3.0 3.0 1.0 2.0 5.0  
13 13.0 4.0 3.0 5.0 2.0 2.0 3.0 4.0 1.0 2.0 3.0 5.0 2.0 3.0 1.0 3.0 3.0 4.0 1.0 3.0 3.0 5.0 5.0 5.0 2.0 5.0  
8 14.0 4.0 4.0 1.0 1.0 3.0 1.0 1.0 4.0 4.0 4.0 4.0 1.0 5.0 2.0 5.0 1.0 5.0 5.0 4.0 3.0 3.0 5.0 4.0 1.0 2.0  
7 9.0 2.0 4.0 5.0 2.0 5.0 1.0 5.0 4.0 4.0 5.0 1.0 4.0 4.0 2.0 3.0 5.0 5.0 1.0 3.0 2.0 4.0 2.0 4.0 4.0 1.0  
11 14.0 1.0 4.0 4.0 4.0 3.0 1.0 3.0 1.0 2.0 1.0 4.0 4.0 4.0 2.0 2.0 1.0 1.0 3.0 2.0 1.0 1.0 5.0 4.0 5.0 2.0  
12 8.0 5.0 2.0 2.0 4.0 1.0 1.0 4.0 2.0 2.0 2.0 3.0 2.0 2.0 5.0 3.0 4.0 3.0 2.0 4.0 2.0 3.0 1.0 4.0 5.0 4.0  
4 10.0 2.0 5.0 4.0 4.0 5.0 4.0 5.0 5.0 4.0 3.0 1.0 5.0 5.0 3.0 5.0 1.0 5.0 1.0 5.0 2.0 4.0 5.0 2.0 5.0 5.0  
5 12.0 2.0 3.0 2.0 3.0 2.0 2.0 3.0 1.0 3.0 4.0 2.0 3.0 4.0 2.0 3.0 2.0 1.0 5.0 4.0 1.0 2.0 1.0 3.0 5.0 5.0  
1 9.0 5.0 4.0 1.0 5.0 5.0 3.0 3.0 4.0 5.0 3.0 4.0 4.0 1.0 4.0 3.0 1.0 3.0 5.0 2.0 2.0 5.0 2.0 3.0 5.0 2.0  
18 11.0 2.0 5.0 2.0 1.0 1.0 4.0 3.0 2.0 3.0 2.0 3.0 2.0 5.0 1.0 3.0 4.0 5.0 1.0 5.0 4.0 1.0 2.0 4.0 2.0 2.0  
14 11.0 1.0 1.0 2.0 2.0 5.0 1.0 1.0 3.0 5.0 5.0 3.0 4.0 2.0 5.0 4.0 4.0 5.0 4.0 1.0 1.0 4.0 3.0 4.0 4.0 3.0  
3 6.0 5.0 5.0 2.0 1.0 4.0 1.0 5.0 3.0 4.0 1.0 1.0 5.0 5.0 2.0 1.0 5.0 2.0 1.0 5.0 1.0 2.0 2.0 1.0 1.0 1.0  
15 6.0 3.0 3.0 2.0 1.0 5.0 5.0 1.0 5.0 2.0 2.0 4.0 3.0 5.0 1.0 5.0 4.0 2.0 4.0 4.0 3.0 3.0 2.0 2.0 2.0 1.0  
