20 100
NETWORK_TREE :
1 0 5.0 
13 0 6.0 
2 1 6.0 
3 2 3.0 
4 3 7.0 
15 0 2.0 
6 3 10.0 
5 4 10.0 
8 2 1.0 
7 3 9.0 
16 15 2.0 
14 13 6.0 
17 0 3.0 
10 2 9.0 
9 8 7.0 
19 0 9.0 
18 17 9.0 
12 1 4.0 
11 2 2.0 
NODE_PROGRAM :
0 1 2 3 4 5 6 7 8 9 10 11 12 13 14 15 16 17 18 19 20 21 22 23 24 25 26 27 28 29 30 31 32 33 34 35 36 37 38 39 40 41 42 43 44 45 46 47 48 49 50 51 52 53 54 55 56 57 58 59 60 61 62 63 64 65 66 67 68 69 70 71 72 73 74 75 76 77 78 79 80 81 82 83 84 85 86 87 88 89 90 91 92 93 94 95 96 97 98 99 100  
9 1 2 3 4 5 6 7 8 9 10 11 12 13 14 15 16 17 18 19 20 21 22 23 24 25 26 27 28 29 30 31 32 33 34 35 36 37 38 39 40 41 42 43 44 45 46 47 48 49 50 51 52 53 54 55 56 57 58 59 60 61 62 63 64 65 66 67 68 69 70 71 72 73 74 75 76 77 78 79 80 81 82 83 84 85 87 88 89 90 91 92 93 94 95 96 97 98 99 100  
14 1 2 5 10 11 12 14 30 33 34 39 47 53 68 69 81 88 99 100  
18 1 2 3 4 5 6 7 9 10 11 15 16 17 19 20 22 23 24 25 26 28 29 30 31 32 33 34 35 36 37 38 39 40 41 42 43 44 45 46 47 48 50 51 52 53 54 55 56 57 59 60 61 62 63 64 65 66 67 68 69 70 71 72 73 74 75 76 77 78 79 80 81 82 83 84 85 86 87 88 89 90 91 93 94 95 96 97 98 99  
11 5 6 8 14 15 17 20 39 47 70 72 73 76 79 80 93 95 99  
5 1 2 9 11 14 15 30 31 35 42 43 46 48 51 52 56 57 65 67 74 79 89 94 100  
7 3 9 16 42 50 55 80 81 83  
17 3 9 10 11 13 14 15 16 17 18 20 22 23 24 25 26 27 29 30 31 32 33 34 35 37 38 39 41 45 48 52 53 57 61 62 63 64 65 67 68 70 72 74 75 77 78 81 82 83 84 85 86 88 89 90 91 93 94 95 96 97 99 100  
6 1 3 4 8 11 13 21 22 23 25 26 31 32 33 35 41 44 52 56 60 64 67 74 76 80 86 90 93 97  
8 5 8 9 10 12 14 15 18 23 24 25 30 31 35 37 39 41 42 43 45 49 52 57 58 59 62 65 67 69 70 73 74 76 77 79 83 86 87 88 89 91 92 95 97 100  
2 1 2 3 4 5 6 7 8 9 11 12 13 14 15 16 18 19 20 21 23 24 25 26 27 28 29 32 33 35 36 39 41 43 44 46 47 48 49 50 51 52 53 54 56 58 59 60 62 66 67 70 72 73 74 75 78 80 81 82 83 84 85 86 87 88 90 91 92 94 95 97 98 99 100  
12 7 9 10 11 12 14 17 22 23 25 27 32 33 34 35 37 39 40 47 50 51 52 54 55 58 59 63 65 66 68 70 71 72 74 75 78 79 80 81 82 86 87 88 94 96 98 99  
16 1 2 3 4 5 6 7 9 11 13 14 15 16 17 18 19 20 21 22 24 25 27 28 29 30 31 32 34 35 36 37 38 39 40 41 43 45 46 47 49 50 51 52 53 55 56 59 60 61 62 63 64 65 66 67 68 69 70 71 72 73 75 76 77 78 79 80 82 83 84 85 86 87 88 89 92 94 95 96 98 99  
15 1 2 3 4 5 6 7 8 10 11 12 13 14 15 16 17 18 19 20 21 22 23 24 26 27 28 29 30 31 32 33 34 35 36 37 38 39 40 41 42 43 44 45 46 47 48 49 50 51 52 53 54 55 56 57 58 59 60 61 62 63 64 65 66 67 68 69 70 71 72 73 74 75 76 77 78 79 80 81 82 83 84 85 86 87 88 89 90 91 92 93 94 95 96 97 98 99 100  
19 9 11 28 29 39 51 57 60 63 67 88 92 95  
4 1 6 7 9 13 14 15 17 18 36 39 43 46 48 54 70 73 81 85 86 90 92 97 100  
3 1 2 3 10 12 13 14 15 18 20 21 27 29 31 37 40 42 45 48 49 51 54 57 59 61 70 71 72 74 80 83 86 87 96 98  
1 3 4 7 8 9 10 11 12 13 14 15 16 17 18 19 20 21 22 23 24 27 28 30 31 32 33 34 36 37 38 39 40 41 43 44 46 47 48 50 51 52 53 54 55 57 58 59 60 61 62 63 64 65 66 68 70 71 73 74 75 76 77 78 79 80 82 84 85 86 87 88 89 91 92 94 95 96 97 98 100  
10 1 2 3 4 5 6 7 8 9 11 12 13 14 16 17 18 19 20 22 24 25 26 27 28 30 31 32 33 34 35 36 37 38 39 40 41 42 43 44 46 48 49 50 51 53 54 55 56 57 58 59 60 61 62 63 64 65 66 67 69 70 71 72 73 75 76 77 78 79 80 81 82 83 85 86 88 89 90 91 93 94 95 96 97 98 99 100  
13 3 4 5 7 8 10 12 13 14 15 17 18 20 21 24 25 28 29 30 31 35 36 37 39 41 42 45 46 48 50 52 53 54 55 57 59 60 62 63 64 67 68 69 71 73 74 75 76 77 80 83 84 87 88 89 90 91 93 94 96 97 99  
COST_INSTALL_SERVER_AND_PROGRAMS :
0 11.0 2.0 5.0 1.0 2.0 1.0 4.0 3.0 2.0 2.0 1.0 5.0 5.0 2.0 4.0 4.0 5.0 3.0 3.0 1.0 5.0 3.0 5.0 4.0 2.0 1.0 3.0 2.0 1.0 3.0 3.0 1.0 2.0 4.0 1.0 4.0 4.0 1.0 3.0 2.0 4.0 5.0 5.0 1.0 5.0 2.0 3.0 4.0 1.0 2.0 2.0 1.0 2.0 1.0 4.0 4.0 3.0 2.0 3.0 4.0 5.0 2.0 3.0 1.0 2.0 1.0 1.0 5.0 3.0 1.0 1.0 5.0 4.0 1.0 1.0 2.0 1.0 2.0 1.0 1.0 5.0 2.0 2.0 3.0 5.0 3.0 2.0 1.0 3.0 4.0 3.0 1.0 3.0 2.0 1.0 5.0 2.0 1.0 4.0 1.0 2.0  
9 10.0 2.0 1.0 2.0 1.0 4.0 1.0 2.0 5.0 5.0 5.0 5.0 2.0 3.0 5.0 1.0 5.0 5.0 4.0 4.0 4.0 5.0 1.0 2.0 4.0 1.0 2.0 4.0 1.0 2.0 1.0 3.0 2.0 5.0 3.0 1.0 5.0 3.0 1.0 2.0 5.0 1.0 2.0 2.0 2.0 3.0 2.0 1.0 5.0 4.0 1.0 5.0 1.0 4.0 3.0 2.0 5.0 5.0 2.0 5.0 2.0 2.0 2.0 2.0 2.0 2.0 2.0 2.0 1.0 3.0 1.0 4.0 2.0 1.0 1.0 5.0 5.0 4.0 4.0 2.0 2.0 3.0 2.0 5.0 1.0 4.0 1.0 1.0 3.0 1.0 4.0 1.0 5.0 3.0 1.0 5.0 1.0 5.0 2.0 1.0 1.0  
14 8.0 1.0 4.0 3.0 2.0 1.0 2.0 2.0 1.0 5.0 4.0 2.0 4.0 2.0 2.0 2.0 1.0 5.0 2.0 3.0 4.0 2.0 5.0 5.0 3.0 5.0 3.0 3.0 4.0 1.0 3.0 3.0 1.0 1.0 3.0 5.0 1.0 4.0 5.0 2.0 3.0 4.0 4.0 5.0 3.0 2.0 3.0 2.0 4.0 2.0 1.0 5.0 5.0 4.0 1.0 3.0 5.0 5.0 3.0 2.0 1.0 4.0 5.0 3.0 2.0 4.0 4.0 2.0 5.0 3.0 4.0 4.0 4.0 1.0 1.0 5.0 3.0 3.0 2.0 4.0 4.0 2.0 4.0 3.0 1.0 1.0 3.0 1.0 4.0 3.0 4.0 5.0 1.0 2.0 3.0 5.0 1.0 4.0 2.0 2.0 2.0  
18 12.0 1.0 2.0 1.0 1.0 3.0 1.0 2.0 1.0 4.0 4.0 2.0 4.0 4.0 4.0 2.0 2.0 4.0 2.0 1.0 4.0 1.0 4.0 5.0 5.0 3.0 4.0 5.0 1.0 4.0 1.0 3.0 3.0 4.0 3.0 1.0 4.0 4.0 4.0 3.0 3.0 1.0 1.0 1.0 5.0 2.0 4.0 1.0 5.0 1.0 5.0 2.0 3.0 1.0 1.0 2.0 4.0 5.0 5.0 3.0 5.0 5.0 3.0 2.0 2.0 2.0 5.0 5.0 1.0 5.0 4.0 4.0 3.0 4.0 5.0 4.0 3.0 3.0 1.0 2.0 1.0 4.0 4.0 3.0 3.0 2.0 3.0 5.0 5.0 5.0 2.0 1.0 1.0 4.0 1.0 1.0 4.0 1.0 5.0 3.0 5.0  
11 6.0 3.0 5.0 2.0 1.0 3.0 1.0 3.0 1.0 2.0 2.0 2.0 1.0 5.0 2.0 1.0 4.0 3.0 1.0 1.0 1.0 5.0 3.0 2.0 5.0 1.0 5.0 3.0 3.0 2.0 4.0 3.0 2.0 5.0 1.0 3.0 5.0 3.0 2.0 5.0 1.0 2.0 3.0 4.0 1.0 1.0 4.0 3.0 1.0 5.0 4.0 2.0 2.0 2.0 3.0 4.0 1.0 5.0 5.0 4.0 1.0 2.0 1.0 5.0 5.0 1.0 3.0 2.0 1.0 3.0 1.0 3.0 5.0 3.0 3.0 1.0 4.0 2.0 2.0 1.0 5.0 1.0 2.0 5.0 1.0 3.0 5.0 3.0 3.0 2.0 1.0 4.0 4.0 4.0 1.0 4.0 5.0 1.0 1.0 4.0 1.0  
5 10.0 1.0 1.0 2.0 2.0 4.0 5.0 2.0 4.0 1.0 3.0 5.0 5.0 1.0 4.0 1.0 4.0 4.0 3.0 4.0 4.0 5.0 2.0 4.0 3.0 5.0 1.0 4.0 2.0 4.0 1.0 1.0 1.0 4.0 4.0 2.0 4.0 3.0 4.0 5.0 4.0 3.0 1.0 4.0 5.0 2.0 2.0 4.0 2.0 2.0 2.0 1.0 2.0 1.0 5.0 5.0 5.0 1.0 3.0 2.0 2.0 3.0 2.0 4.0 4.0 4.0 1.0 5.0 2.0 1.0 4.0 3.0 2.0 4.0 5.0 5.0 4.0 3.0 3.0 3.0 4.0 1.0 1.0 2.0 3.0 3.0 3.0 1.0 3.0 5.0 3.0 2.0 3.0 1.0 2.0 3.0 4.0 3.0 4.0 3.0 2.0  
7 11.0 1.0 4.0 5.0 5.0 1.0 4.0 3.0 2.0 4.0 5.0 1.0 5.0 4.0 5.0 2.0 4.0 3.0 1.0 1.0 5.0 1.0 4.0 4.0 3.0 2.0 1.0 2.0 5.0 4.0 5.0 3.0 4.0 3.0 3.0 4.0 3.0 5.0 1.0 4.0 5.0 2.0 2.0 5.0 1.0 2.0 5.0 4.0 2.0 1.0 5.0 3.0 1.0 5.0 5.0 2.0 5.0 3.0 5.0 4.0 3.0 1.0 5.0 4.0 5.0 3.0 4.0 2.0 1.0 3.0 1.0 5.0 1.0 3.0 1.0 1.0 2.0 4.0 1.0 3.0 2.0 3.0 3.0 3.0 5.0 4.0 3.0 4.0 1.0 1.0 3.0 1.0 3.0 5.0 3.0 5.0 2.0 5.0 3.0 3.0 2.0  
17 9.0 1.0 2.0 2.0 5.0 1.0 4.0 5.0 1.0 4.0 3.0 3.0 2.0 1.0 2.0 3.0 4.0 4.0 5.0 5.0 1.0 3.0 4.0 1.0 5.0 1.0 1.0 4.0 3.0 5.0 5.0 4.0 4.0 3.0 3.0 5.0 3.0 2.0 2.0 3.0 4.0 5.0 5.0 2.0 1.0 1.0 2.0 5.0 3.0 3.0 5.0 5.0 4.0 5.0 3.0 5.0 4.0 5.0 3.0 3.0 1.0 5.0 5.0 3.0 5.0 3.0 5.0 1.0 3.0 3.0 5.0 4.0 3.0 3.0 2.0 2.0 5.0 2.0 3.0 5.0 4.0 1.0 2.0 1.0 4.0 3.0 1.0 2.0 1.0 4.0 4.0 4.0 3.0 2.0 3.0 4.0 5.0 3.0 1.0 3.0 5.0  
6 8.0 1.0 3.0 2.0 1.0 3.0 3.0 5.0 3.0 5.0 2.0 3.0 1.0 2.0 1.0 2.0 3.0 5.0 5.0 4.0 4.0 5.0 1.0 1.0 2.0 3.0 4.0 4.0 2.0 1.0 3.0 5.0 1.0 4.0 1.0 1.0 4.0 5.0 1.0 4.0 3.0 1.0 2.0 5.0 5.0 1.0 5.0 4.0 4.0 5.0 1.0 4.0 5.0 1.0 2.0 3.0 3.0 3.0 2.0 1.0 1.0 4.0 3.0 4.0 3.0 2.0 3.0 2.0 1.0 4.0 2.0 5.0 3.0 1.0 5.0 3.0 5.0 4.0 1.0 3.0 5.0 4.0 3.0 1.0 2.0 2.0 4.0 1.0 5.0 1.0 2.0 1.0 4.0 4.0 5.0 4.0 3.0 4.0 5.0 2.0 4.0  
8 6.0 4.0 1.0 2.0 4.0 2.0 3.0 2.0 2.0 5.0 4.0 4.0 1.0 1.0 3.0 1.0 3.0 1.0 3.0 4.0 5.0 4.0 5.0 4.0 5.0 3.0 4.0 5.0 5.0 4.0 1.0 5.0 2.0 4.0 5.0 4.0 2.0 3.0 1.0 1.0 5.0 1.0 1.0 5.0 2.0 3.0 5.0 2.0 5.0 4.0 5.0 1.0 2.0 4.0 2.0 2.0 5.0 3.0 4.0 5.0 1.0 4.0 5.0 1.0 1.0 1.0 5.0 3.0 4.0 5.0 4.0 4.0 4.0 5.0 1.0 3.0 1.0 4.0 5.0 1.0 4.0 3.0 3.0 3.0 4.0 3.0 2.0 4.0 3.0 3.0 1.0 4.0 5.0 3.0 5.0 5.0 3.0 1.0 2.0 5.0 5.0  
2 8.0 3.0 4.0 3.0 2.0 4.0 2.0 4.0 4.0 5.0 4.0 4.0 1.0 2.0 5.0 1.0 1.0 2.0 3.0 3.0 1.0 2.0 5.0 3.0 3.0 5.0 4.0 1.0 2.0 4.0 5.0 3.0 2.0 1.0 3.0 2.0 2.0 1.0 5.0 2.0 2.0 3.0 4.0 1.0 1.0 3.0 4.0 1.0 2.0 4.0 5.0 2.0 1.0 3.0 1.0 1.0 2.0 1.0 3.0 4.0 1.0 1.0 5.0 5.0 2.0 1.0 5.0 5.0 4.0 4.0 2.0 4.0 4.0 3.0 2.0 2.0 2.0 4.0 2.0 4.0 1.0 5.0 5.0 2.0 3.0 2.0 3.0 2.0 1.0 3.0 4.0 5.0 5.0 5.0 1.0 4.0 4.0 1.0 1.0 2.0 3.0  
12 10.0 1.0 5.0 2.0 1.0 4.0 5.0 1.0 3.0 1.0 1.0 1.0 1.0 4.0 1.0 4.0 1.0 3.0 5.0 5.0 1.0 1.0 1.0 5.0 4.0 1.0 4.0 2.0 1.0 1.0 2.0 4.0 5.0 5.0 3.0 2.0 2.0 2.0 4.0 1.0 5.0 5.0 1.0 5.0 1.0 2.0 5.0 2.0 5.0 4.0 3.0 3.0 4.0 4.0 2.0 2.0 2.0 5.0 4.0 3.0 5.0 4.0 2.0 5.0 2.0 4.0 1.0 4.0 4.0 3.0 5.0 3.0 5.0 4.0 2.0 2.0 5.0 1.0 1.0 3.0 5.0 5.0 1.0 2.0 2.0 1.0 4.0 1.0 2.0 3.0 4.0 1.0 4.0 5.0 2.0 1.0 5.0 5.0 4.0 5.0 1.0  
16 11.0 1.0 2.0 4.0 1.0 2.0 3.0 1.0 5.0 5.0 3.0 3.0 4.0 3.0 2.0 4.0 5.0 3.0 2.0 1.0 3.0 2.0 4.0 3.0 2.0 1.0 5.0 3.0 2.0 2.0 4.0 1.0 1.0 1.0 5.0 1.0 3.0 5.0 1.0 1.0 4.0 3.0 2.0 3.0 4.0 1.0 3.0 5.0 3.0 2.0 5.0 4.0 3.0 2.0 4.0 1.0 3.0 1.0 1.0 5.0 3.0 1.0 3.0 3.0 3.0 4.0 3.0 1.0 1.0 2.0 2.0 2.0 4.0 3.0 5.0 2.0 5.0 4.0 3.0 2.0 5.0 4.0 1.0 5.0 4.0 1.0 3.0 5.0 3.0 2.0 3.0 2.0 5.0 4.0 2.0 2.0 5.0 4.0 1.0 5.0 2.0  
15 10.0 1.0 3.0 3.0 2.0 1.0 1.0 5.0 1.0 2.0 2.0 2.0 4.0 4.0 1.0 2.0 1.0 2.0 5.0 2.0 3.0 3.0 2.0 2.0 3.0 2.0 3.0 4.0 3.0 2.0 3.0 3.0 4.0 5.0 5.0 5.0 1.0 5.0 4.0 2.0 2.0 5.0 5.0 3.0 5.0 3.0 3.0 2.0 3.0 4.0 1.0 3.0 2.0 1.0 4.0 3.0 3.0 3.0 5.0 2.0 5.0 1.0 5.0 4.0 1.0 5.0 1.0 5.0 2.0 1.0 5.0 3.0 2.0 5.0 2.0 2.0 5.0 3.0 5.0 4.0 1.0 3.0 4.0 2.0 5.0 1.0 5.0 1.0 5.0 5.0 1.0 3.0 1.0 3.0 1.0 2.0 2.0 5.0 5.0 5.0 1.0  
19 8.0 2.0 2.0 4.0 3.0 3.0 5.0 2.0 5.0 2.0 3.0 5.0 5.0 3.0 1.0 1.0 5.0 2.0 4.0 5.0 4.0 3.0 2.0 3.0 2.0 3.0 5.0 2.0 2.0 3.0 5.0 5.0 2.0 5.0 1.0 3.0 5.0 4.0 1.0 3.0 1.0 2.0 3.0 5.0 3.0 2.0 1.0 1.0 5.0 4.0 2.0 1.0 3.0 5.0 4.0 2.0 2.0 1.0 4.0 1.0 2.0 4.0 1.0 4.0 2.0 4.0 3.0 1.0 3.0 5.0 3.0 2.0 1.0 4.0 3.0 3.0 3.0 3.0 5.0 5.0 1.0 2.0 4.0 1.0 4.0 2.0 3.0 4.0 2.0 2.0 3.0 4.0 4.0 4.0 1.0 1.0 3.0 2.0 1.0 5.0 5.0  
4 12.0 3.0 3.0 3.0 3.0 4.0 3.0 3.0 3.0 3.0 5.0 1.0 1.0 4.0 1.0 1.0 2.0 1.0 1.0 1.0 1.0 4.0 5.0 1.0 5.0 2.0 5.0 2.0 2.0 4.0 4.0 4.0 1.0 4.0 1.0 5.0 2.0 5.0 3.0 4.0 3.0 1.0 2.0 5.0 1.0 3.0 2.0 5.0 4.0 3.0 4.0 3.0 1.0 1.0 3.0 4.0 2.0 1.0 2.0 1.0 4.0 4.0 4.0 3.0 1.0 4.0 1.0 1.0 2.0 4.0 1.0 1.0 3.0 4.0 1.0 4.0 1.0 3.0 2.0 1.0 5.0 2.0 2.0 2.0 4.0 5.0 4.0 2.0 2.0 5.0 1.0 1.0 2.0 4.0 3.0 3.0 1.0 5.0 1.0 3.0 4.0  
3 10.0 3.0 3.0 4.0 3.0 2.0 5.0 4.0 1.0 5.0 5.0 1.0 5.0 1.0 1.0 4.0 5.0 1.0 4.0 2.0 2.0 2.0 1.0 4.0 5.0 1.0 5.0 5.0 1.0 5.0 2.0 3.0 3.0 3.0 2.0 2.0 3.0 4.0 4.0 1.0 1.0 3.0 4.0 1.0 3.0 4.0 2.0 4.0 1.0 4.0 3.0 2.0 2.0 5.0 2.0 3.0 3.0 3.0 1.0 3.0 1.0 1.0 5.0 5.0 5.0 2.0 2.0 1.0 4.0 5.0 4.0 3.0 3.0 1.0 4.0 1.0 5.0 1.0 3.0 5.0 2.0 1.0 1.0 3.0 3.0 2.0 1.0 2.0 5.0 5.0 1.0 2.0 1.0 4.0 3.0 3.0 5.0 3.0 2.0 3.0 3.0  
1 12.0 4.0 2.0 5.0 5.0 5.0 3.0 1.0 5.0 2.0 4.0 3.0 1.0 4.0 5.0 2.0 4.0 2.0 1.0 4.0 3.0 2.0 1.0 5.0 4.0 1.0 2.0 2.0 2.0 1.0 2.0 4.0 5.0 1.0 5.0 4.0 1.0 1.0 1.0 4.0 1.0 4.0 4.0 4.0 4.0 1.0 4.0 4.0 3.0 5.0 4.0 1.0 5.0 1.0 4.0 5.0 2.0 5.0 3.0 1.0 1.0 4.0 1.0 1.0 1.0 5.0 5.0 5.0 4.0 3.0 5.0 5.0 4.0 5.0 1.0 3.0 3.0 5.0 2.0 4.0 2.0 3.0 3.0 2.0 3.0 1.0 2.0 3.0 4.0 2.0 4.0 3.0 5.0 5.0 3.0 4.0 3.0 5.0 1.0 3.0 2.0  
10 12.0 4.0 1.0 4.0 4.0 1.0 2.0 2.0 5.0 2.0 4.0 1.0 3.0 1.0 2.0 4.0 4.0 4.0 1.0 3.0 3.0 3.0 2.0 5.0 4.0 3.0 4.0 5.0 3.0 1.0 5.0 4.0 4.0 3.0 3.0 1.0 3.0 3.0 3.0 3.0 4.0 5.0 2.0 5.0 4.0 5.0 4.0 1.0 4.0 4.0 3.0 4.0 4.0 1.0 5.0 5.0 5.0 2.0 3.0 4.0 1.0 3.0 4.0 3.0 2.0 5.0 5.0 1.0 2.0 4.0 4.0 5.0 1.0 3.0 2.0 2.0 2.0 4.0 4.0 4.0 4.0 1.0 3.0 4.0 1.0 3.0 4.0 3.0 5.0 3.0 2.0 5.0 3.0 4.0 4.0 4.0 5.0 3.0 3.0 1.0 1.0  
13 14.0 3.0 5.0 3.0 4.0 4.0 4.0 3.0 5.0 5.0 3.0 2.0 2.0 3.0 1.0 4.0 1.0 2.0 3.0 4.0 1.0 2.0 5.0 3.0 3.0 5.0 2.0 5.0 1.0 1.0 4.0 5.0 5.0 4.0 4.0 1.0 1.0 4.0 4.0 5.0 5.0 3.0 2.0 2.0 3.0 3.0 5.0 1.0 1.0 4.0 5.0 2.0 3.0 3.0 3.0 1.0 4.0 2.0 2.0 1.0 3.0 2.0 2.0 1.0 5.0 2.0 5.0 4.0 4.0 2.0 3.0 4.0 2.0 1.0 1.0 2.0 3.0 3.0 3.0 3.0 1.0 1.0 5.0 2.0 1.0 1.0 3.0 2.0 2.0 5.0 1.0 5.0 4.0 3.0 1.0 4.0 1.0 3.0 1.0 1.0 1.0  
