20 50
NETWORK_TREE :
1 0 5.0 
7 0 6.0 
8 7 2.0 
2 1 1.0 
9 8 6.0 
10 9 10.0 
16 8 2.0 
5 1 10.0 
11 10 10.0 
14 10 4.0 
12 11 3.0 
6 1 4.0 
19 7 4.0 
3 2 2.0 
15 9 9.0 
13 11 4.0 
17 16 4.0 
18 8 9.0 
4 3 2.0 
NODE_PROGRAM :
0 1 2 3 4 5 6 7 8 9 10 11 12 13 14 15 16 17 18 19 20 21 22 23 24 25 26 27 28 29 30 31 32 33 34 35 36 37 38 39 40 41 42 43 44 45 46 47 48 49 50  
17 1 2 3 4 5 7 8 9 10 11 13 14 15 16 17 18 19 20 22 23 24 25 26 27 28 29 31 32 33 34 35 36 37 38 40 43 45 46 48 50  
13 1 2 3 9 11 12 19 20 24 26 29 31 35 38 40 42 44 45  
6  
15 1 2 3 4 6 7 9 10 11 12 13 14 15 16 17 18 20 21 22 23 25 26 29 30 32 33 34 35 36 37 38 39 41 42 43 45 46 47 49 50  
4 2 3 4 5 6 7 8 9 10 12 13 14 15 17 18 19 21 22 23 24 25 26 27 28 29 30 31 33 35 36 37 38 39 40 41 42 43 44 45 47 48 49 50  
14 1 2 3 4 6 10 11 12 14 15 16 21 22 23 25 27 28 29 30 31 32 33 35 37 38 39 40 41 43 44 45 46 47 49 50  
7 1 3 4 6 11 21 22 25 32 42 45 49 50  
18 1 2 3 4 5 6 7 8 9 10 11 12 13 14 16 17 18 19 20 21 22 23 24 25 26 27 28 29 30 31 32 33 34 35 36 37 38 39 40 41 42 43 44 45 46 47 48 49 50  
12 1 2 3 5 6 8 9 10 11 12 13 14 15 16 17 18 19 20 22 23 24 25 26 27 28 31 32 33 34 35 36 37 39 40 41 42 43 44 46 47 48 49 50  
19 2 3 5 6 7 10 12 13 14 15 16 17 18 19 20 21 22 24 26 28 29 31 32 33 34 35 36 37 40 41 43 44 47 48 50  
1 1 2 4 5 6 7 8 9 10 11 12 14 15 16 17 18 21 22 23 25 26 27 28 29 30 31 32 33 36 37 38 39 40 42 43 44 46 47 48 49 50  
8 1 4 7 8 12 13 16 18 22 23 25 27 28 30 37 38 41 45 46 50  
2 1 4 32 43  
3 3 5 7 9 11 12 13 15 17 18 19 20 23 28 32 33 34 35 37 38 40 41 42 49 50  
5 1 2 4 9 13 18 19 20 22 26 28 32 33 35 38 41  
9 2 3 4 5 7 11 12 17 18 19 20 22 23 25 29 31 33 34 36 37 38 39 41 45 46 48 49 50  
16 1 2 3 4 5 6 7 8 9 10 11 12 13 14 15 16 17 18 20 21 22 23 24 25 26 27 28 29 30 32 33 34 35 36 37 38 39 40 41 42 43 44 45 46 48 49 50  
11 4 5 24 32 34 35 37 47 48  
10 3 4 5 6 10 12 13 19 23 24 28 29 30 34 38 39 41 42 43 45 47 49 50  
COST_INSTALL_SERVER_AND_PROGRAMS :
0 7.0 1.0 2.0 2.0 1.0 5.0 1.0 3.0 1.0 2.0 5.0 2.0 5.0 5.0 3.0 5.0 1.0 1.0 1.0 1.0 5.0 5.0 5.0 3.0 5.0 4.0 3.0 4.0 4.0 1.0 4.0 4.0 5.0 5.0 2.0 1.0 3.0 2.0 4.0 1.0 2.0 3.0 4.0 4.0 4.0 5.0 3.0 1.0 2.0 2.0 2.0  
17 13.0 2.0 1.0 4.0 1.0 1.0 2.0 2.0 1.0 5.0 2.0 2.0 3.0 5.0 3.0 4.0 4.0 1.0 2.0 4.0 5.0 1.0 3.0 4.0 2.0 2.0 5.0 1.0 5.0 1.0 2.0 2.0 3.0 3.0 4.0 3.0 3.0 4.0 5.0 4.0 4.0 5.0 5.0 1.0 4.0 3.0 5.0 4.0 1.0 3.0 3.0  
13 8.0 1.0 3.0 1.0 3.0 4.0 4.0 1.0 3.0 3.0 3.0 2.0 5.0 4.0 1.0 2.0 4.0 3.0 1.0 1.0 3.0 4.0 3.0 3.0 1.0 3.0 4.0 1.0 3.0 3.0 4.0 4.0 4.0 4.0 2.0 5.0 4.0 2.0 1.0 2.0 4.0 3.0 1.0 2.0 2.0 5.0 1.0 3.0 5.0 1.0 1.0  
6 10.0 1.0 2.0 3.0 3.0 5.0 2.0 2.0 1.0 2.0 5.0 3.0 1.0 3.0 1.0 2.0 2.0 4.0 2.0 2.0 1.0 4.0 4.0 4.0 1.0 4.0 1.0 5.0 2.0 3.0 5.0 2.0 1.0 3.0 3.0 5.0 1.0 2.0 4.0 5.0 1.0 3.0 4.0 1.0 4.0 5.0 3.0 1.0 2.0 3.0 5.0  
15 11.0 3.0 3.0 2.0 1.0 3.0 1.0 2.0 5.0 3.0 3.0 5.0 4.0 1.0 5.0 3.0 4.0 1.0 3.0 3.0 1.0 3.0 3.0 2.0 5.0 3.0 2.0 3.0 2.0 5.0 1.0 3.0 4.0 3.0 3.0 3.0 1.0 4.0 1.0 3.0 1.0 1.0 2.0 1.0 3.0 3.0 2.0 3.0 4.0 2.0 4.0  
4 8.0 2.0 2.0 5.0 1.0 2.0 2.0 3.0 3.0 1.0 3.0 1.0 2.0 2.0 2.0 3.0 4.0 2.0 5.0 1.0 4.0 3.0 3.0 5.0 1.0 2.0 1.0 5.0 1.0 1.0 3.0 5.0 5.0 4.0 2.0 2.0 1.0 3.0 4.0 5.0 2.0 3.0 1.0 2.0 2.0 1.0 3.0 2.0 4.0 2.0 4.0  
14 7.0 3.0 1.0 5.0 3.0 1.0 1.0 3.0 1.0 5.0 5.0 3.0 1.0 1.0 5.0 2.0 5.0 2.0 1.0 4.0 5.0 3.0 5.0 2.0 3.0 4.0 1.0 5.0 4.0 1.0 4.0 3.0 3.0 5.0 4.0 5.0 2.0 1.0 3.0 4.0 4.0 1.0 3.0 3.0 2.0 2.0 2.0 5.0 2.0 5.0 1.0  
7 12.0 2.0 3.0 4.0 3.0 5.0 3.0 4.0 3.0 5.0 2.0 3.0 5.0 5.0 3.0 1.0 1.0 3.0 5.0 2.0 5.0 4.0 4.0 5.0 1.0 3.0 5.0 2.0 3.0 5.0 4.0 5.0 2.0 1.0 5.0 1.0 1.0 5.0 5.0 2.0 2.0 5.0 5.0 3.0 1.0 3.0 4.0 3.0 5.0 4.0 1.0  
18 14.0 2.0 5.0 1.0 4.0 3.0 5.0 5.0 3.0 5.0 5.0 4.0 1.0 3.0 5.0 2.0 4.0 3.0 3.0 3.0 4.0 2.0 3.0 4.0 1.0 1.0 2.0 1.0 5.0 2.0 3.0 1.0 4.0 3.0 3.0 2.0 5.0 5.0 4.0 2.0 4.0 4.0 5.0 5.0 5.0 4.0 2.0 5.0 2.0 1.0 1.0  
12 6.0 1.0 1.0 5.0 3.0 3.0 5.0 3.0 3.0 4.0 3.0 1.0 2.0 4.0 4.0 3.0 3.0 3.0 3.0 1.0 2.0 2.0 2.0 2.0 5.0 2.0 4.0 2.0 5.0 5.0 5.0 1.0 1.0 5.0 2.0 4.0 5.0 4.0 3.0 1.0 3.0 4.0 4.0 5.0 2.0 4.0 3.0 2.0 5.0 4.0 4.0  
19 7.0 4.0 4.0 4.0 3.0 2.0 3.0 4.0 5.0 4.0 1.0 1.0 1.0 5.0 2.0 5.0 4.0 3.0 1.0 5.0 4.0 5.0 5.0 1.0 1.0 5.0 5.0 3.0 5.0 3.0 3.0 1.0 3.0 5.0 4.0 4.0 3.0 2.0 5.0 3.0 5.0 3.0 3.0 2.0 4.0 1.0 2.0 2.0 1.0 4.0 2.0  
1 11.0 1.0 3.0 4.0 3.0 1.0 2.0 2.0 1.0 1.0 1.0 5.0 3.0 2.0 5.0 5.0 3.0 5.0 3.0 4.0 5.0 4.0 3.0 3.0 4.0 2.0 1.0 1.0 5.0 4.0 4.0 5.0 5.0 3.0 5.0 3.0 2.0 2.0 1.0 2.0 3.0 4.0 1.0 1.0 3.0 4.0 4.0 2.0 2.0 5.0 3.0  
8 7.0 4.0 4.0 2.0 5.0 5.0 3.0 3.0 5.0 1.0 2.0 1.0 1.0 1.0 5.0 3.0 4.0 3.0 5.0 3.0 5.0 3.0 3.0 1.0 4.0 3.0 5.0 1.0 2.0 5.0 2.0 1.0 5.0 2.0 2.0 1.0 2.0 5.0 3.0 3.0 2.0 1.0 1.0 2.0 1.0 1.0 1.0 4.0 1.0 3.0 2.0  
2 11.0 2.0 4.0 3.0 4.0 3.0 4.0 3.0 3.0 1.0 4.0 2.0 3.0 1.0 5.0 5.0 4.0 1.0 3.0 3.0 1.0 5.0 2.0 1.0 1.0 1.0 1.0 2.0 4.0 4.0 1.0 2.0 5.0 3.0 5.0 1.0 3.0 4.0 1.0 4.0 3.0 3.0 1.0 1.0 2.0 5.0 2.0 1.0 3.0 4.0 5.0  
3 9.0 4.0 2.0 1.0 3.0 3.0 2.0 5.0 2.0 1.0 1.0 1.0 1.0 4.0 4.0 2.0 5.0 3.0 5.0 1.0 3.0 5.0 1.0 2.0 3.0 5.0 1.0 2.0 2.0 2.0 4.0 4.0 5.0 1.0 3.0 3.0 3.0 5.0 3.0 2.0 4.0 5.0 1.0 1.0 5.0 2.0 2.0 5.0 5.0 4.0 2.0  
5 8.0 4.0 4.0 4.0 1.0 3.0 4.0 5.0 5.0 4.0 4.0 3.0 1.0 5.0 5.0 3.0 4.0 1.0 1.0 3.0 4.0 1.0 3.0 2.0 5.0 1.0 2.0 4.0 1.0 1.0 2.0 5.0 3.0 2.0 2.0 4.0 5.0 5.0 5.0 3.0 3.0 3.0 4.0 2.0 2.0 4.0 2.0 2.0 3.0 1.0 3.0  
9 14.0 2.0 5.0 3.0 5.0 3.0 2.0 3.0 5.0 4.0 5.0 1.0 3.0 5.0 2.0 4.0 3.0 2.0 4.0 4.0 3.0 4.0 1.0 5.0 3.0 1.0 5.0 4.0 4.0 4.0 2.0 1.0 4.0 4.0 5.0 3.0 4.0 3.0 3.0 3.0 3.0 1.0 5.0 5.0 5.0 4.0 5.0 1.0 3.0 2.0 5.0  
16 11.0 1.0 5.0 5.0 3.0 5.0 4.0 1.0 3.0 1.0 5.0 2.0 2.0 1.0 5.0 5.0 4.0 3.0 1.0 5.0 2.0 2.0 1.0 2.0 1.0 5.0 3.0 1.0 1.0 1.0 5.0 3.0 3.0 5.0 5.0 3.0 5.0 3.0 2.0 2.0 3.0 2.0 3.0 5.0 4.0 1.0 3.0 5.0 3.0 1.0 3.0  
11 7.0 2.0 2.0 2.0 5.0 1.0 5.0 1.0 1.0 1.0 3.0 5.0 3.0 3.0 2.0 4.0 1.0 5.0 3.0 3.0 1.0 1.0 5.0 2.0 2.0 5.0 1.0 2.0 1.0 2.0 2.0 2.0 4.0 4.0 1.0 1.0 4.0 1.0 1.0 5.0 3.0 1.0 1.0 3.0 3.0 5.0 5.0 5.0 5.0 3.0 5.0  
10 9.0 2.0 5.0 3.0 3.0 3.0 3.0 4.0 1.0 3.0 5.0 4.0 2.0 1.0 4.0 1.0 2.0 2.0 2.0 4.0 1.0 1.0 4.0 1.0 3.0 4.0 5.0 3.0 4.0 3.0 1.0 5.0 3.0 5.0 1.0 1.0 5.0 1.0 2.0 2.0 2.0 1.0 1.0 1.0 1.0 3.0 1.0 2.0 1.0 4.0 5.0  
