20 150
NETWORK_TREE :
1 0 7.0 
7 0 3.0 
2 1 10.0 
3 2 5.0 
13 0 2.0 
16 0 5.0 
8 7 7.0 
17 16 3.0 
18 16 6.0 
9 8 6.0 
10 7 4.0 
14 13 6.0 
11 10 5.0 
12 11 8.0 
4 2 3.0 
6 1 10.0 
19 16 7.0 
5 2 9.0 
15 13 6.0 
NODE_PROGRAM :
0 1 2 3 4 5 6 7 8 9 10 11 12 13 14 15 16 17 18 19 20 21 22 23 24 25 26 27 28 29 30 31 32 33 34 35 36 37 38 39 40 41 42 43 44 45 46 47 48 49 50 51 52 53 54 55 56 57 58 59 60 61 62 63 64 65 66 67 68 69 70 71 72 73 74 75 76 77 78 79 80 81 82 83 84 85 86 87 88 89 90 91 92 93 94 95 96 97 98 99 100 101 102 103 104 105 106 107 108 109 110 111 112 113 114 115 116 117 118 119 120 121 122 123 124 125 126 127 128 129 130 131 132 133 134 135 136 137 138 139 140 141 142 143 144 145 146 147 148 149 150  
17 2 3 4 5 7 8 9 10 11 12 13 14 15 16 17 19 20 21 22 23 24 25 26 27 29 30 31 32 33 34 35 36 37 39 41 42 43 44 45 46 47 48 49 50 51 52 53 54 55 56 58 59 60 61 62 63 64 65 67 68 69 70 71 73 74 75 76 77 78 79 81 82 84 85 86 89 90 91 93 94 97 98 99 100 101 103 105 106 107 108 109 110 111 112 113 114 115 116 117 120 121 122 126 127 129 131 132 133 134 135 136 137 138 139 140 141 142 143 144 145 146 147 148 149 150  
11 1 2 5 8 9 10 13 15 16 17 18 19 20 25 26 27 28 31 32 38 43 44 46 47 48 49 51 52 55 63 65 66 68 69 72 74 75 76 82 84 88 89 90 91 94 99 100 106 108 109 110 112 113 114 115 118 120 123 125 129 135 136 137 138 139 141 142 147 149  
1 1 2 3 4 5 6 7 8 9 10 11 12 13 14 15 16 17 18 20 21 22 23 24 25 26 27 28 29 30 32 33 35 36 37 38 39 40 41 42 43 44 45 46 47 48 49 50 51 52 53 54 55 56 57 58 59 61 62 63 64 65 67 68 70 71 72 73 74 75 76 77 78 79 80 81 82 83 84 85 86 87 88 89 90 91 92 93 94 95 96 97 98 99 100 101 102 103 104 105 106 107 108 109 110 111 112 113 114 115 116 117 118 119 121 122 123 124 125 126 129 130 131 132 133 134 135 136 137 139 140 141 142 143 144 145 146 147 148 149 150  
3 1 3 5 6 8 10 12 17 19 20 22 29 35 37 42 51 52 55 61 63 66 68 71 78 79 81 88 89 92 94 95 97 99 101 102 104 105 106 111 112 113 114 115 119 120 123 124 125 127 128 130 132 133 138 143 144 145 148 150  
15 1 2 3 4 5 6 7 8 9 10 11 12 13 14 15 16 17 18 20 22 23 24 26 27 28 30 32 33 34 35 36 37 38 39 40 41 44 46 47 48 49 50 51 52 53 54 55 56 57 58 59 60 62 66 67 68 70 72 73 75 79 80 81 82 83 84 85 86 87 90 91 92 94 95 96 97 98 99 100 101 102 103 104 107 110 111 112 113 115 116 117 119 121 123 124 125 126 127 128 129 130 133 134 135 136 137 138 139 140 142 144 145 146 147 148 149  
9 12 13 14 22 24 28 29 30 31 32 33 36 39 42 44 46 54 59 63 71 77 93 94 95 96 97 98 100 103 108 111 113 123 124 126 135 136 139 143  
6 1 3 5 6 8 12 16 19 20 23 24 26 27 28 34 35 39 40 42 43 46 47 50 51 52 54 56 57 58 63 64 66 67 68 73 74 76 78 80 83 88 90 91 96 98 99 100 102 103 105 106 109 114 117 118 122 124 128 132 134 138 140 148 149  
13 1 2 3 4 5 6 7 8 9 10 11 12 13 15 16 17 18 19 20 21 23 24 25 26 27 28 29 30 31 32 33 34 35 36 37 38 39 41 42 43 44 45 46 47 48 49 50 51 52 53 54 55 56 57 58 59 60 61 63 64 65 66 67 68 69 70 71 73 74 75 76 77 78 79 80 82 83 84 85 86 87 88 89 91 92 93 94 95 96 97 98 99 100 101 102 103 104 105 106 107 108 109 110 111 112 113 114 115 116 117 118 119 120 121 122 123 124 125 126 127 128 129 130 131 132 133 134 135 136 137 138 139 140 141 142 143 144 146 147 148 150  
14 10 24 30 36 38 44 45 48 56 60 65 66 77 83 92 111 115 121 123 125 129 131 144 147 149  
2 5 9 13 16 25 28 30 36 37 40 42 46 58 59 60 69 71 80 82 84 91 94 96 105 109 112 113 116 117 120 121 122 123 130 132 137 139 145 149  
19 1 5 6 11 12 13 14 16 19 20 21 26 29 30 33 35 37 40 41 43 44 48 49 55 57 58 59 60 62 63 64 65 66 68 69 71 74 75 76 78 81 84 85 88 89 90 91 92 93 96 97 98 99 101 102 104 107 108 109 111 115 116 117 120 121 126 127 136 137 138 139 144 147 150  
5 1 2 3 4 6 7 8 9 11 12 13 14 15 16 17 18 19 20 22 23 24 25 26 27 28 29 30 31 32 33 34 35 38 39 40 41 42 43 44 45 46 47 48 49 50 51 52 53 54 55 56 57 58 59 60 61 63 64 65 66 67 68 69 71 72 73 74 75 76 77 78 79 80 81 82 83 84 85 87 88 90 91 92 93 94 95 96 97 98 100 101 102 105 107 108 109 110 111 112 113 114 116 117 118 119 120 121 122 123 124 125 127 128 130 131 133 134 136 137 138 139 140 141 142 143 144 145 146 147 148 149 150  
8 5 7 8 13 16 21 29 31 32 34 36 44 49 51 53 57 59 62 64 70 71 73 74 82 84 87 90 91 94 96 97 98 100 101 103 108 109 110 111 114 116 117 122 125 126 127 130 132 137 148 150  
16 1 2 3 7 8 9 10 11 12 13 14 16 17 18 19 20 21 22 23 24 25 26 27 28 29 30 32 34 36 37 38 39 40 41 42 43 44 45 48 49 51 52 53 54 56 57 58 60 62 66 68 69 70 71 74 75 77 78 79 80 81 82 84 86 87 89 90 91 94 95 97 98 99 100 103 104 106 107 108 109 110 111 112 113 116 117 118 119 120 121 122 123 125 126 128 129 131 132 133 138 139 140 141 142 143 144 147 148 150  
10 2 5 6 7 9 11 12 13 15 17 19 20 22 23 24 25 26 27 28 29 31 33 34 35 37 39 40 44 45 47 48 49 52 57 59 63 64 65 67 70 72 73 74 76 77 78 80 84 89 90 91 92 93 94 97 100 101 102 103 104 107 110 111 113 117 118 120 121 122 123 125 126 128 129 130 132 134 136 137 139 140 141 143 147 148 149 150  
12 1 2 4 5 8 10 11 12 14 15 16 17 18 19 23 24 25 26 27 28 29 30 31 32 33 38 40 42 43 44 46 48 49 51 52 55 56 58 59 63 64 67 68 69 70 71 72 73 74 77 78 80 81 82 83 84 85 87 88 89 90 94 95 96 100 102 104 105 106 107 109 110 112 113 114 115 116 117 118 119 121 123 125 126 127 128 129 130 131 133 134 136 139 140 141 142 144 145 146 149  
18 6 14 22 26 31 33 36 39 42 45 47 52 57 62 65 71 73 74 77 80 82 83 87 90 93 95 97 102 109 111 112 114 115 121 123 124 125 130 131 132 137 142  
7 4 12 13 18 20 25 27 30 31 35 38 40 47 51 54 63 72 73 75 86 94 96 97 102 106 117 119 121 122 123 130 132 133 134 136 142 143 144  
4 4 5 7 8 12 14 15 19 21 22 24 25 26 29 30 32 33 42 43 46 47 48 49 52 53 54 56 58 59 61 62 63 65 66 75 76 78 80 81 84 86 88 89 90 91 92 93 95 96 97 100 101 102 103 104 105 106 107 108 111 112 114 115 116 117 118 119 120 121 122 123 124 125 126 127 128 130 131 133 135 137 138 140 142 143 144 148 149 150  
COST_INSTALL_SERVER_AND_PROGRAMS :
0 6.0 4.0 2.0 5.0 2.0 5.0 2.0 5.0 4.0 3.0 2.0 4.0 3.0 2.0 2.0 2.0 4.0 1.0 5.0 5.0 3.0 3.0 4.0 3.0 3.0 1.0 4.0 3.0 3.0 2.0 3.0 3.0 5.0 4.0 4.0 5.0 3.0 2.0 4.0 2.0 3.0 4.0 1.0 3.0 3.0 3.0 3.0 5.0 4.0 2.0 1.0 3.0 3.0 3.0 1.0 3.0 2.0 3.0 4.0 3.0 4.0 5.0 3.0 2.0 3.0 1.0 3.0 5.0 5.0 5.0 5.0 1.0 3.0 2.0 4.0 2.0 2.0 3.0 3.0 2.0 4.0 3.0 5.0 1.0 3.0 5.0 2.0 1.0 2.0 2.0 3.0 5.0 1.0 2.0 5.0 4.0 3.0 4.0 5.0 3.0 1.0 2.0 1.0 5.0 1.0 5.0 3.0 2.0 1.0 5.0 3.0 5.0 5.0 1.0 3.0 2.0 4.0 4.0 4.0 3.0 4.0 4.0 1.0 5.0 3.0 5.0 3.0 4.0 2.0 5.0 5.0 3.0 4.0 1.0 3.0 3.0 5.0 1.0 3.0 2.0 4.0 5.0 4.0 1.0 2.0 4.0 4.0 4.0 5.0 3.0 2.0  
17 9.0 2.0 4.0 3.0 3.0 5.0 5.0 1.0 5.0 1.0 4.0 2.0 5.0 3.0 3.0 3.0 3.0 1.0 1.0 5.0 2.0 1.0 5.0 5.0 3.0 1.0 5.0 5.0 3.0 5.0 1.0 5.0 2.0 5.0 4.0 1.0 5.0 1.0 3.0 5.0 4.0 2.0 5.0 1.0 4.0 2.0 4.0 1.0 3.0 1.0 1.0 3.0 4.0 2.0 2.0 1.0 5.0 5.0 1.0 3.0 4.0 1.0 1.0 3.0 5.0 3.0 4.0 2.0 4.0 2.0 1.0 2.0 4.0 2.0 3.0 5.0 5.0 5.0 2.0 4.0 5.0 2.0 5.0 5.0 3.0 1.0 5.0 1.0 3.0 5.0 1.0 5.0 4.0 2.0 3.0 3.0 4.0 1.0 3.0 5.0 2.0 4.0 5.0 1.0 3.0 1.0 1.0 4.0 3.0 4.0 1.0 4.0 1.0 1.0 5.0 4.0 1.0 1.0 3.0 5.0 3.0 3.0 3.0 4.0 2.0 1.0 1.0 5.0 4.0 1.0 1.0 4.0 3.0 5.0 3.0 2.0 2.0 4.0 1.0 5.0 3.0 3.0 2.0 1.0 3.0 3.0 2.0 2.0 5.0 2.0 1.0  
11 14.0 2.0 5.0 5.0 5.0 5.0 3.0 2.0 3.0 5.0 5.0 2.0 2.0 3.0 1.0 1.0 2.0 1.0 3.0 5.0 1.0 3.0 4.0 3.0 4.0 3.0 1.0 4.0 4.0 2.0 2.0 4.0 4.0 4.0 3.0 3.0 3.0 3.0 2.0 3.0 2.0 4.0 1.0 2.0 5.0 1.0 3.0 4.0 1.0 1.0 2.0 3.0 2.0 1.0 3.0 3.0 4.0 3.0 4.0 2.0 4.0 2.0 3.0 4.0 1.0 4.0 4.0 3.0 1.0 2.0 5.0 2.0 5.0 5.0 5.0 1.0 1.0 2.0 1.0 5.0 1.0 3.0 2.0 4.0 5.0 4.0 1.0 2.0 2.0 4.0 5.0 2.0 5.0 1.0 1.0 4.0 1.0 2.0 1.0 3.0 4.0 5.0 2.0 4.0 1.0 3.0 1.0 1.0 1.0 4.0 5.0 4.0 3.0 4.0 5.0 2.0 3.0 2.0 5.0 4.0 2.0 3.0 2.0 3.0 3.0 3.0 1.0 4.0 1.0 3.0 5.0 3.0 4.0 5.0 3.0 2.0 4.0 4.0 3.0 2.0 3.0 4.0 1.0 3.0 4.0 2.0 2.0 4.0 3.0 5.0 1.0  
1 8.0 5.0 4.0 5.0 5.0 2.0 5.0 4.0 2.0 3.0 1.0 2.0 1.0 2.0 2.0 3.0 2.0 3.0 2.0 4.0 3.0 3.0 3.0 1.0 4.0 2.0 3.0 1.0 2.0 5.0 2.0 2.0 4.0 2.0 3.0 1.0 5.0 5.0 5.0 3.0 5.0 5.0 1.0 5.0 2.0 4.0 4.0 2.0 2.0 3.0 1.0 4.0 5.0 3.0 5.0 3.0 1.0 3.0 1.0 5.0 5.0 5.0 2.0 2.0 4.0 4.0 4.0 1.0 1.0 3.0 5.0 4.0 2.0 5.0 3.0 2.0 1.0 5.0 5.0 2.0 1.0 4.0 2.0 3.0 1.0 4.0 1.0 5.0 4.0 5.0 1.0 5.0 2.0 2.0 2.0 3.0 5.0 3.0 5.0 5.0 4.0 1.0 4.0 5.0 2.0 5.0 4.0 1.0 2.0 2.0 2.0 3.0 3.0 2.0 1.0 5.0 4.0 5.0 5.0 4.0 4.0 5.0 2.0 3.0 4.0 4.0 5.0 1.0 2.0 3.0 5.0 4.0 2.0 5.0 3.0 1.0 2.0 3.0 3.0 3.0 4.0 3.0 5.0 5.0 1.0 2.0 5.0 5.0 3.0 1.0 5.0  
3 12.0 4.0 5.0 5.0 5.0 1.0 4.0 2.0 5.0 5.0 2.0 2.0 5.0 2.0 3.0 5.0 3.0 3.0 5.0 5.0 4.0 1.0 2.0 5.0 2.0 1.0 2.0 5.0 2.0 5.0 1.0 5.0 3.0 1.0 3.0 5.0 5.0 1.0 3.0 4.0 1.0 3.0 1.0 5.0 5.0 5.0 5.0 4.0 2.0 3.0 4.0 2.0 2.0 5.0 5.0 3.0 5.0 2.0 4.0 3.0 5.0 4.0 4.0 3.0 5.0 5.0 1.0 1.0 1.0 5.0 5.0 4.0 3.0 5.0 5.0 1.0 4.0 1.0 4.0 3.0 5.0 1.0 5.0 1.0 4.0 4.0 3.0 4.0 1.0 4.0 2.0 5.0 3.0 4.0 1.0 1.0 2.0 3.0 5.0 3.0 3.0 4.0 2.0 2.0 4.0 1.0 3.0 3.0 4.0 2.0 3.0 5.0 3.0 1.0 5.0 4.0 2.0 3.0 4.0 5.0 1.0 5.0 4.0 3.0 4.0 4.0 3.0 3.0 1.0 5.0 5.0 1.0 4.0 3.0 3.0 2.0 5.0 1.0 1.0 5.0 5.0 2.0 3.0 2.0 2.0 2.0 2.0 4.0 4.0 1.0 4.0  
15 10.0 1.0 5.0 3.0 1.0 2.0 2.0 1.0 3.0 1.0 3.0 3.0 4.0 1.0 4.0 4.0 3.0 3.0 3.0 4.0 3.0 5.0 4.0 2.0 1.0 1.0 4.0 5.0 1.0 1.0 1.0 3.0 5.0 2.0 3.0 1.0 3.0 3.0 5.0 5.0 1.0 1.0 4.0 4.0 2.0 4.0 1.0 1.0 2.0 4.0 5.0 5.0 4.0 3.0 1.0 1.0 5.0 3.0 1.0 1.0 4.0 1.0 2.0 2.0 2.0 4.0 1.0 4.0 5.0 5.0 1.0 2.0 1.0 3.0 5.0 3.0 4.0 5.0 3.0 1.0 1.0 2.0 4.0 3.0 4.0 1.0 4.0 1.0 1.0 2.0 4.0 3.0 1.0 5.0 2.0 3.0 1.0 4.0 3.0 4.0 5.0 4.0 3.0 1.0 3.0 1.0 1.0 3.0 3.0 2.0 1.0 5.0 1.0 4.0 4.0 3.0 1.0 4.0 2.0 2.0 2.0 3.0 5.0 1.0 4.0 1.0 4.0 3.0 5.0 2.0 4.0 2.0 1.0 4.0 1.0 1.0 2.0 2.0 5.0 2.0 4.0 1.0 2.0 2.0 2.0 1.0 4.0 2.0 5.0 5.0 1.0  
9 11.0 5.0 4.0 3.0 4.0 5.0 2.0 1.0 3.0 1.0 2.0 1.0 3.0 2.0 4.0 2.0 2.0 3.0 4.0 3.0 4.0 1.0 1.0 4.0 4.0 1.0 5.0 4.0 1.0 1.0 4.0 3.0 1.0 3.0 2.0 3.0 3.0 5.0 1.0 3.0 2.0 5.0 2.0 2.0 1.0 3.0 5.0 4.0 1.0 3.0 2.0 1.0 4.0 2.0 4.0 2.0 4.0 2.0 3.0 5.0 1.0 3.0 3.0 3.0 2.0 4.0 5.0 2.0 5.0 2.0 2.0 5.0 5.0 3.0 2.0 2.0 3.0 1.0 2.0 5.0 2.0 2.0 1.0 1.0 4.0 4.0 4.0 4.0 5.0 1.0 3.0 4.0 4.0 1.0 3.0 3.0 1.0 4.0 3.0 2.0 2.0 1.0 5.0 1.0 5.0 4.0 3.0 5.0 4.0 5.0 2.0 2.0 4.0 5.0 2.0 2.0 3.0 1.0 1.0 3.0 5.0 3.0 1.0 1.0 5.0 3.0 5.0 4.0 5.0 5.0 5.0 2.0 2.0 4.0 2.0 2.0 1.0 4.0 2.0 2.0 4.0 4.0 2.0 1.0 2.0 3.0 4.0 5.0 3.0 1.0 2.0  
6 11.0 2.0 2.0 4.0 3.0 3.0 2.0 3.0 5.0 2.0 5.0 2.0 2.0 5.0 1.0 4.0 5.0 2.0 1.0 4.0 3.0 1.0 5.0 1.0 3.0 4.0 2.0 3.0 2.0 1.0 2.0 3.0 3.0 1.0 5.0 1.0 1.0 3.0 1.0 4.0 5.0 5.0 4.0 2.0 2.0 2.0 2.0 2.0 3.0 1.0 3.0 5.0 4.0 4.0 2.0 2.0 2.0 4.0 3.0 1.0 3.0 5.0 3.0 5.0 5.0 3.0 4.0 1.0 3.0 3.0 4.0 5.0 4.0 4.0 2.0 4.0 1.0 1.0 4.0 1.0 1.0 4.0 5.0 3.0 4.0 1.0 2.0 4.0 5.0 1.0 5.0 2.0 1.0 5.0 4.0 4.0 1.0 2.0 4.0 2.0 3.0 1.0 4.0 2.0 2.0 3.0 5.0 5.0 4.0 2.0 1.0 4.0 3.0 3.0 5.0 2.0 4.0 3.0 3.0 5.0 4.0 2.0 4.0 5.0 3.0 2.0 4.0 3.0 4.0 5.0 3.0 3.0 1.0 2.0 1.0 5.0 5.0 4.0 5.0 2.0 3.0 5.0 5.0 4.0 3.0 1.0 5.0 1.0 2.0 1.0 2.0  
13 13.0 3.0 4.0 2.0 2.0 2.0 3.0 5.0 3.0 4.0 2.0 4.0 2.0 5.0 3.0 4.0 1.0 4.0 5.0 4.0 5.0 3.0 2.0 3.0 5.0 2.0 4.0 2.0 2.0 5.0 5.0 1.0 2.0 3.0 3.0 3.0 4.0 1.0 2.0 5.0 3.0 4.0 5.0 1.0 5.0 1.0 3.0 2.0 1.0 1.0 2.0 5.0 5.0 4.0 1.0 4.0 1.0 1.0 5.0 4.0 2.0 2.0 4.0 4.0 3.0 1.0 2.0 1.0 3.0 5.0 3.0 3.0 4.0 5.0 1.0 1.0 2.0 1.0 4.0 3.0 3.0 1.0 5.0 1.0 4.0 2.0 1.0 2.0 5.0 5.0 1.0 2.0 5.0 5.0 4.0 3.0 3.0 2.0 5.0 3.0 1.0 5.0 4.0 4.0 2.0 3.0 2.0 4.0 4.0 2.0 2.0 4.0 2.0 1.0 5.0 2.0 1.0 2.0 2.0 3.0 2.0 5.0 2.0 4.0 1.0 2.0 5.0 2.0 5.0 5.0 2.0 1.0 4.0 3.0 1.0 3.0 3.0 2.0 3.0 5.0 1.0 5.0 3.0 4.0 4.0 5.0 3.0 3.0 4.0 2.0 5.0  
14 13.0 3.0 5.0 2.0 3.0 1.0 5.0 3.0 4.0 2.0 5.0 3.0 4.0 5.0 1.0 2.0 1.0 5.0 5.0 1.0 3.0 5.0 3.0 4.0 1.0 1.0 2.0 2.0 4.0 3.0 3.0 2.0 5.0 5.0 2.0 5.0 5.0 4.0 1.0 4.0 5.0 5.0 2.0 3.0 5.0 1.0 3.0 5.0 2.0 1.0 4.0 2.0 1.0 5.0 4.0 1.0 3.0 3.0 5.0 4.0 2.0 3.0 3.0 2.0 4.0 4.0 3.0 1.0 2.0 1.0 3.0 2.0 5.0 1.0 5.0 3.0 2.0 2.0 1.0 5.0 1.0 1.0 1.0 1.0 2.0 2.0 3.0 4.0 1.0 1.0 2.0 4.0 2.0 5.0 1.0 2.0 4.0 4.0 1.0 3.0 2.0 3.0 5.0 3.0 5.0 4.0 1.0 3.0 5.0 3.0 1.0 5.0 5.0 3.0 3.0 4.0 5.0 2.0 2.0 2.0 3.0 3.0 3.0 4.0 5.0 3.0 4.0 4.0 2.0 2.0 3.0 1.0 3.0 3.0 1.0 3.0 4.0 3.0 2.0 5.0 2.0 2.0 1.0 1.0 3.0 1.0 3.0 3.0 5.0 3.0 5.0  
2 6.0 4.0 4.0 2.0 2.0 1.0 2.0 5.0 5.0 4.0 5.0 2.0 4.0 2.0 2.0 4.0 1.0 3.0 2.0 5.0 2.0 3.0 1.0 1.0 2.0 5.0 3.0 2.0 5.0 4.0 2.0 1.0 5.0 4.0 4.0 5.0 3.0 3.0 5.0 5.0 1.0 5.0 3.0 4.0 2.0 5.0 3.0 5.0 1.0 1.0 4.0 4.0 1.0 2.0 1.0 5.0 4.0 1.0 5.0 2.0 3.0 1.0 1.0 2.0 2.0 4.0 2.0 3.0 2.0 1.0 5.0 4.0 3.0 2.0 1.0 2.0 1.0 1.0 5.0 3.0 5.0 3.0 2.0 2.0 4.0 3.0 1.0 3.0 1.0 2.0 5.0 4.0 1.0 3.0 4.0 4.0 4.0 4.0 5.0 2.0 3.0 2.0 5.0 4.0 4.0 4.0 5.0 1.0 5.0 4.0 1.0 5.0 3.0 5.0 4.0 4.0 5.0 5.0 4.0 4.0 3.0 1.0 1.0 5.0 4.0 4.0 1.0 5.0 1.0 3.0 1.0 2.0 2.0 1.0 4.0 1.0 1.0 1.0 4.0 4.0 1.0 5.0 3.0 4.0 3.0 2.0 2.0 1.0 1.0 1.0 5.0  
19 14.0 3.0 4.0 4.0 2.0 3.0 5.0 1.0 3.0 5.0 4.0 3.0 2.0 5.0 1.0 3.0 4.0 4.0 4.0 1.0 1.0 3.0 4.0 3.0 4.0 3.0 4.0 2.0 5.0 4.0 1.0 3.0 5.0 1.0 2.0 3.0 1.0 4.0 2.0 3.0 4.0 4.0 3.0 5.0 2.0 4.0 5.0 3.0 5.0 1.0 1.0 5.0 1.0 2.0 2.0 4.0 3.0 5.0 2.0 1.0 4.0 4.0 2.0 2.0 1.0 5.0 4.0 1.0 4.0 4.0 5.0 2.0 5.0 3.0 5.0 3.0 2.0 1.0 4.0 5.0 2.0 5.0 2.0 5.0 2.0 3.0 2.0 2.0 3.0 2.0 3.0 5.0 1.0 4.0 2.0 5.0 2.0 4.0 2.0 4.0 4.0 2.0 2.0 3.0 4.0 3.0 1.0 3.0 2.0 3.0 3.0 2.0 5.0 4.0 2.0 3.0 5.0 2.0 1.0 2.0 5.0 3.0 1.0 2.0 5.0 1.0 3.0 2.0 1.0 1.0 5.0 5.0 1.0 3.0 3.0 1.0 1.0 4.0 1.0 4.0 2.0 2.0 1.0 4.0 2.0 3.0 5.0 5.0 5.0 3.0 4.0  
5 10.0 5.0 2.0 2.0 5.0 1.0 2.0 1.0 5.0 1.0 5.0 3.0 3.0 2.0 2.0 2.0 5.0 3.0 5.0 4.0 5.0 4.0 5.0 1.0 1.0 1.0 5.0 1.0 3.0 4.0 2.0 3.0 2.0 3.0 4.0 2.0 2.0 1.0 4.0 1.0 3.0 3.0 2.0 1.0 4.0 4.0 5.0 2.0 4.0 2.0 1.0 5.0 3.0 5.0 3.0 5.0 3.0 5.0 3.0 4.0 2.0 5.0 4.0 2.0 5.0 2.0 1.0 1.0 2.0 5.0 1.0 4.0 1.0 5.0 3.0 5.0 3.0 5.0 2.0 3.0 4.0 1.0 1.0 3.0 1.0 5.0 3.0 5.0 2.0 1.0 3.0 2.0 1.0 2.0 2.0 2.0 4.0 4.0 4.0 5.0 5.0 4.0 4.0 5.0 1.0 3.0 5.0 4.0 4.0 2.0 5.0 1.0 5.0 3.0 4.0 4.0 2.0 3.0 2.0 1.0 5.0 4.0 1.0 5.0 1.0 4.0 3.0 1.0 2.0 5.0 1.0 5.0 2.0 5.0 5.0 5.0 4.0 4.0 3.0 3.0 3.0 1.0 2.0 3.0 5.0 3.0 3.0 5.0 2.0 1.0 4.0  
8 8.0 2.0 2.0 4.0 3.0 4.0 4.0 4.0 3.0 4.0 1.0 5.0 1.0 5.0 4.0 4.0 2.0 4.0 4.0 5.0 1.0 4.0 1.0 4.0 4.0 3.0 3.0 3.0 4.0 5.0 5.0 2.0 1.0 4.0 1.0 1.0 4.0 1.0 4.0 4.0 4.0 4.0 5.0 1.0 2.0 2.0 5.0 4.0 1.0 3.0 3.0 1.0 2.0 3.0 3.0 4.0 1.0 5.0 3.0 4.0 1.0 3.0 2.0 1.0 3.0 2.0 1.0 2.0 1.0 4.0 2.0 2.0 1.0 2.0 5.0 5.0 2.0 3.0 1.0 5.0 5.0 5.0 3.0 5.0 4.0 3.0 4.0 4.0 2.0 1.0 5.0 3.0 5.0 2.0 3.0 2.0 5.0 5.0 1.0 3.0 1.0 5.0 2.0 5.0 2.0 4.0 4.0 1.0 2.0 3.0 1.0 2.0 4.0 1.0 3.0 4.0 1.0 3.0 5.0 2.0 3.0 4.0 5.0 5.0 4.0 1.0 3.0 2.0 1.0 3.0 4.0 2.0 3.0 4.0 1.0 3.0 2.0 1.0 1.0 4.0 5.0 1.0 5.0 2.0 2.0 1.0 1.0 2.0 2.0 2.0 3.0  
16 12.0 3.0 5.0 4.0 2.0 4.0 5.0 1.0 2.0 2.0 3.0 2.0 1.0 5.0 4.0 4.0 3.0 5.0 1.0 1.0 2.0 5.0 5.0 3.0 3.0 5.0 5.0 5.0 2.0 5.0 1.0 3.0 5.0 1.0 2.0 2.0 2.0 3.0 1.0 5.0 1.0 5.0 2.0 5.0 3.0 5.0 4.0 3.0 1.0 2.0 3.0 4.0 4.0 3.0 2.0 4.0 3.0 5.0 5.0 2.0 2.0 2.0 2.0 3.0 3.0 5.0 4.0 2.0 3.0 2.0 4.0 1.0 1.0 5.0 1.0 3.0 3.0 3.0 4.0 4.0 3.0 2.0 2.0 5.0 2.0 5.0 3.0 5.0 2.0 3.0 3.0 3.0 4.0 4.0 3.0 2.0 3.0 5.0 1.0 1.0 4.0 3.0 3.0 5.0 3.0 1.0 4.0 4.0 1.0 1.0 5.0 3.0 4.0 5.0 4.0 4.0 4.0 3.0 5.0 4.0 2.0 1.0 5.0 1.0 5.0 2.0 4.0 2.0 1.0 5.0 5.0 4.0 2.0 5.0 2.0 3.0 3.0 1.0 2.0 3.0 3.0 3.0 2.0 5.0 5.0 5.0 1.0 4.0 3.0 3.0 1.0  
10 12.0 4.0 3.0 1.0 5.0 3.0 1.0 5.0 1.0 5.0 1.0 1.0 5.0 5.0 1.0 4.0 1.0 2.0 1.0 2.0 2.0 1.0 1.0 2.0 2.0 1.0 2.0 4.0 2.0 1.0 2.0 5.0 5.0 1.0 2.0 3.0 4.0 5.0 2.0 2.0 5.0 2.0 3.0 2.0 2.0 3.0 3.0 2.0 3.0 1.0 1.0 2.0 1.0 1.0 3.0 1.0 3.0 1.0 3.0 3.0 1.0 5.0 2.0 4.0 4.0 4.0 3.0 4.0 5.0 5.0 3.0 1.0 4.0 1.0 2.0 2.0 2.0 1.0 5.0 2.0 3.0 5.0 4.0 5.0 2.0 2.0 2.0 3.0 2.0 2.0 2.0 5.0 4.0 4.0 3.0 3.0 1.0 3.0 4.0 5.0 2.0 1.0 2.0 4.0 3.0 2.0 2.0 2.0 5.0 1.0 1.0 2.0 1.0 5.0 4.0 1.0 1.0 5.0 5.0 1.0 5.0 4.0 3.0 2.0 3.0 1.0 4.0 2.0 1.0 5.0 1.0 4.0 2.0 4.0 3.0 5.0 1.0 5.0 5.0 1.0 3.0 2.0 3.0 2.0 1.0 4.0 3.0 2.0 1.0 2.0 2.0  
12 11.0 4.0 4.0 2.0 4.0 4.0 2.0 4.0 4.0 5.0 1.0 1.0 3.0 2.0 1.0 2.0 4.0 5.0 1.0 3.0 2.0 4.0 5.0 1.0 1.0 1.0 5.0 5.0 1.0 2.0 3.0 2.0 1.0 5.0 5.0 1.0 3.0 2.0 5.0 4.0 1.0 4.0 1.0 3.0 3.0 5.0 5.0 1.0 5.0 4.0 5.0 1.0 5.0 2.0 3.0 1.0 1.0 1.0 5.0 2.0 1.0 3.0 3.0 5.0 3.0 3.0 2.0 3.0 1.0 2.0 5.0 2.0 5.0 5.0 1.0 1.0 2.0 2.0 2.0 5.0 4.0 1.0 4.0 1.0 5.0 4.0 1.0 3.0 3.0 4.0 1.0 5.0 4.0 1.0 3.0 4.0 5.0 4.0 2.0 1.0 2.0 5.0 5.0 1.0 4.0 2.0 3.0 3.0 4.0 4.0 2.0 3.0 5.0 2.0 3.0 1.0 1.0 2.0 2.0 3.0 4.0 1.0 2.0 4.0 2.0 1.0 3.0 2.0 3.0 2.0 1.0 1.0 4.0 2.0 5.0 3.0 5.0 1.0 4.0 1.0 2.0 1.0 5.0 2.0 3.0 2.0 3.0 1.0 5.0 1.0 3.0  
18 15.0 5.0 4.0 5.0 2.0 5.0 1.0 2.0 1.0 3.0 1.0 3.0 1.0 3.0 3.0 2.0 4.0 3.0 2.0 5.0 5.0 4.0 3.0 3.0 1.0 1.0 4.0 4.0 2.0 3.0 1.0 4.0 3.0 1.0 3.0 1.0 3.0 1.0 4.0 5.0 3.0 3.0 1.0 3.0 5.0 1.0 1.0 4.0 3.0 1.0 5.0 1.0 1.0 3.0 1.0 5.0 1.0 1.0 4.0 1.0 3.0 1.0 4.0 1.0 2.0 1.0 1.0 4.0 3.0 4.0 2.0 4.0 4.0 1.0 4.0 5.0 1.0 2.0 2.0 3.0 3.0 4.0 1.0 2.0 5.0 4.0 5.0 5.0 1.0 4.0 4.0 3.0 3.0 5.0 1.0 2.0 1.0 3.0 4.0 5.0 2.0 4.0 1.0 4.0 4.0 5.0 1.0 3.0 4.0 2.0 2.0 3.0 3.0 3.0 5.0 3.0 4.0 4.0 5.0 5.0 4.0 5.0 5.0 4.0 5.0 1.0 2.0 4.0 1.0 5.0 2.0 5.0 5.0 2.0 4.0 5.0 1.0 2.0 3.0 1.0 3.0 3.0 2.0 3.0 1.0 4.0 5.0 1.0 3.0 4.0 1.0  
7 10.0 3.0 5.0 3.0 1.0 5.0 4.0 2.0 5.0 2.0 5.0 4.0 1.0 2.0 2.0 2.0 1.0 4.0 4.0 5.0 1.0 4.0 5.0 5.0 3.0 3.0 1.0 4.0 2.0 2.0 2.0 1.0 2.0 3.0 2.0 5.0 4.0 4.0 5.0 1.0 5.0 1.0 1.0 1.0 4.0 3.0 2.0 2.0 2.0 2.0 4.0 1.0 4.0 4.0 1.0 1.0 3.0 4.0 3.0 5.0 5.0 1.0 2.0 4.0 2.0 5.0 3.0 1.0 1.0 4.0 5.0 1.0 4.0 5.0 1.0 1.0 1.0 2.0 1.0 1.0 2.0 4.0 1.0 3.0 5.0 3.0 4.0 5.0 2.0 1.0 3.0 4.0 1.0 3.0 2.0 2.0 2.0 2.0 2.0 1.0 4.0 3.0 5.0 1.0 2.0 4.0 5.0 3.0 2.0 4.0 2.0 2.0 1.0 4.0 5.0 1.0 1.0 5.0 2.0 5.0 4.0 5.0 3.0 4.0 5.0 4.0 4.0 3.0 1.0 1.0 2.0 1.0 1.0 5.0 4.0 4.0 4.0 5.0 3.0 2.0 4.0 2.0 4.0 1.0 5.0 1.0 4.0 5.0 1.0 5.0 2.0  
4 9.0 4.0 3.0 4.0 4.0 4.0 5.0 1.0 2.0 1.0 3.0 1.0 1.0 2.0 2.0 1.0 2.0 3.0 2.0 4.0 5.0 4.0 5.0 1.0 5.0 5.0 2.0 4.0 3.0 3.0 2.0 1.0 3.0 4.0 3.0 5.0 5.0 2.0 3.0 4.0 5.0 4.0 4.0 5.0 3.0 4.0 2.0 5.0 1.0 3.0 5.0 2.0 3.0 4.0 5.0 5.0 4.0 2.0 4.0 2.0 1.0 4.0 4.0 5.0 4.0 3.0 1.0 5.0 1.0 1.0 3.0 3.0 2.0 4.0 2.0 3.0 5.0 2.0 5.0 4.0 4.0 4.0 1.0 1.0 3.0 2.0 3.0 4.0 2.0 5.0 2.0 4.0 3.0 5.0 3.0 4.0 1.0 3.0 4.0 3.0 4.0 5.0 4.0 3.0 5.0 2.0 5.0 5.0 4.0 5.0 2.0 5.0 2.0 3.0 2.0 1.0 1.0 3.0 3.0 5.0 3.0 4.0 1.0 5.0 4.0 2.0 5.0 3.0 2.0 3.0 4.0 2.0 5.0 5.0 2.0 4.0 4.0 2.0 2.0 3.0 3.0 3.0 1.0 4.0 2.0 5.0 4.0 4.0 4.0 4.0 4.0  
