50 30
TREE NETWORK (nID nID Weight):
1 0 42.0 
12 0 41.0 
2 1 34.0 
24 0 42.0 
25 24 42.0 
34 0 32.0 
35 34 35.0 
36 34 59.0 
27 24 42.0 
3 1 43.0 
13 12 50.0 
4 3 35.0 
43 0 37.0 
19 12 39.0 
14 13 42.0 
44 43 51.0 
28 27 36.0 
37 34 52.0 
23 12 51.0 
20 19 47.0 
41 34 45.0 
29 27 31.0 
8 1 37.0 
45 43 38.0 
9 1 41.0 
42 41 47.0 
38 37 57.0 
21 20 59.0 
22 19 53.0 
46 45 45.0 
5 3 39.0 
6 5 40.0 
39 37 30.0 
30 27 53.0 
31 30 33.0 
15 14 59.0 
10 9 46.0 
16 14 35.0 
47 0 59.0 
18 13 44.0 
32 30 45.0 
48 0 56.0 
26 25 39.0 
7 6 40.0 
33 27 45.0 
49 48 45.0 
11 9 30.0 
17 16 45.0 
40 39 59.0 
PROGRAMS ASSIGNED TO NODES (nID pID1 pID2 ...):
0 1 2 3 4 5 6 7 8 9 10 11 12 13 14 15 16 17 18 19 20 21 22 23 24 25 26 27 28 29 30  
43 1 4 5 6 8 9 10 11 13 14 15 16 18 19 20 21 24 25 26 27 28 29 30  
22 25  
4 1 7 10 11 12 16 19  
48 2 4 6 8 14 15 16 17 19 22 23 24 26 28  
45  
19 1 2 4 5 7 8 11 16 18 19 20 22 23 24 26 27  
2 1 2 3 4 5 6 7 8 9 10 11 12 13 14 15 17 18 19 20 21 22 23 24 25 26 27 28 29 30  
14 1 3 4 11 12 15 23 24 29  
24 1 2 5 13 16 17 21 22 23 24 27 28 29 30  
44 1 3 4 5 6 7 8 10 13 14 15 16 17 19 20 21 22 23 24 25 28 30  
46 1 4 5 6 7 8 9 10 14 17 18 20 22 23 26 30  
10 15 22 28  
6 2 11 12 15 24 28 30  
38 2 4 6 8 10 11 13 16 17 18 19 21 22 23 25 27 30  
7 1 2 3 4 5 6 7 8 9 10 11 12 13 14 15 16 17 18 19 20 21 22 23 24 25 26 27 28 30  
21 3 8 13 14 15 21 23 25 30  
3 1 2 3 4 6 7 8 10 12 13 14 15 17 18 19 21 25 26 27 30  
18 8 11 16 23 27  
13 10 16 17 20 21  
35 4 7 9 10 11 18 22 24 26  
29 1 5 12 13 14 16 18 24 27 28 29 30  
47 1 2 4 5 6 7 8 9 10 11 12 13 14 15 16 17 18 19 20 21 22 23 24 25 27 28 30  
20 2 4 5 6 8 10 12 17 18 24  
30 1 4 5 6 12 13 14 15 18 19 23 24 26  
34 1 2 3 4 5 7 9 10 11 12 13 14 15 16 17 18 19 20 21 22 23 24 25 26 27 28 29 30  
1 1 2 9 12 13 14 15 18 19 25 28 30  
37 6 13 14 15 19 24 26 27  
32 2 27  
25 1 3 4 5 9 11 12 14 16 17 20 21 22 23 24 26 27 28 29 30  
39 1 2 3 4 5 6 8 9 10 11 12 13 14 15 16 17 18 19 20 21 22 23 24 25 27 28 29 30  
28 1 3 4 5 6 7 9 10 13 14 17 18 19 20 21 22 23 24 25 26 27 29 30  
41 1 2 3 5 6 7 10 20 23 24 25 26 29  
31 1 2 4 5 6 7 8 9 11 12 13 14 15 16 17 18 19 20 21 22 23 24 25 26 27 28 29 30  
23 2 5 9 11 15 17 19 24 25 27 28 29  
27 1 2 3 5 6 7 8 10 11 12 13 14 15 16 17 19 20 21 22 23 28 29 30  
15 4 6 8 9 10 11 13 14 16 17 18 19 20 21 22 23 24 26 27 30  
16 1 2 3 4 5 6 8 9 10 11 12 13 14 15 16 17 19 20 21 22 24 25 26 27 29 30  
5 2 3 5 6 9 10 11 12 13 14 15 16 19 20 21 22 23 27 30  
8 4 6 7 9 11 14 16 18 21 22 24 25 28  
9 3 4 9 11 13 14 16 19 21 22 25 30  
36 2 3 5 10 11 12 13 14 21 23 25 26 27 28 29 30  
33 1 6 9 11 13 16 21 24 25 26 29 30  
42 2 3 7 9 10 17 19 25 28 29 30  
17 2 3 4 5 6 7 8 9 10 11 12 13 14 15 16 17 18 19 20 21 22 23 24 25 26 27 28 29 30  
12 2 6 9 11 16 18 19 21 22 28 29  
40 3 6 7 12 13 17 20 21 23 28 29  
11 1 2 3 4 5 6 7 8 9 10 11 12 13 14 15 16 17 18 19 20 22 23 24 25 26 28 29 30  
49 15 16 26  
26 1 2 3 5 6 8 12 13 15 17 20 21 22 23 25 27 28 29 30  
SIZE OF PROGRAMS (pID SIZE):
1 96.0 
2 75.0 
3 89.0 
4 46.0 
5 50.0 
6 40.0 
7 96.0 
8 82.0 
9 49.0 
10 91.0 
11 87.0 
12 44.0 
13 45.0 
14 43.0 
15 58.0 
16 56.0 
17 68.0 
18 82.0 
19 85.0 
20 68.0 
21 40.0 
22 99.0 
23 49.0 
24 77.0 
25 79.0 
26 66.0 
27 84.0 
28 66.0 
29 70.0 
30 93.0 
COST_INSTALL_SERVER_AND_PROGRAMS :
0 7281.818181818182 2.909090909090909 2.272727272727273 2.696969696969697 1.393939393939394 1.5151515151515151 1.2121212121212122 2.909090909090909 2.484848484848485 1.4848484848484849 2.757575757575758 2.6363636363636362 1.3333333333333333 1.3636363636363635 1.303030303030303 1.7575757575757576 1.696969696969697 2.0606060606060606 2.484848484848485 2.5757575757575757 2.0606060606060606 1.2121212121212122 3.0 1.4848484848484849 2.3333333333333335 2.393939393939394 2.0 2.5454545454545454 2.0 2.121212121212121 2.8181818181818183  
43 52.31173728565156 1.9393939393939394 1.5151515151515151 1.797979797979798 0.9292929292929293 1.0101010101010102 0.8080808080808081 1.9393939393939394 1.6565656565656566 0.98989898989899 1.8383838383838385 1.7575757575757576 0.8888888888888888 0.9090909090909091 0.8686868686868687 1.1717171717171717 1.1313131313131313 1.3737373737373737 1.6565656565656566 1.7171717171717171 1.3737373737373737 0.8080808080808081 2.0 0.98989898989899 1.5555555555555556 1.595959595959596 1.3333333333333333 1.696969696969697 1.3333333333333333 1.4141414141414141 1.878787878787879  
22 4.346142789784973 2.909090909090909 2.272727272727273 2.696969696969697 1.393939393939394 1.5151515151515151 1.2121212121212122 2.909090909090909 2.484848484848485 1.4848484848484849 2.757575757575758 2.6363636363636362 1.3333333333333333 1.3636363636363635 1.303030303030303 1.7575757575757576 1.696969696969697 2.0606060606060606 2.484848484848485 2.5757575757575757 2.0606060606060606 1.2121212121212122 3.0 1.4848484848484849 2.3333333333333335 2.393939393939394 2.0 2.5454545454545454 2.0 2.121212121212121 2.8181818181818183  
4 63.7429219469587 2.909090909090909 2.272727272727273 2.696969696969697 1.393939393939394 1.5151515151515151 1.2121212121212122 2.909090909090909 2.484848484848485 1.4848484848484849 2.757575757575758 2.6363636363636362 1.3333333333333333 1.3636363636363635 1.303030303030303 1.7575757575757576 1.696969696969697 2.0606060606060606 2.484848484848485 2.5757575757575757 2.0606060606060606 1.2121212121212122 3.0 1.4848484848484849 2.3333333333333335 2.393939393939394 2.0 2.5454545454545454 2.0 2.121212121212121 2.8181818181818183  
48 687.0 2.909090909090909 2.272727272727273 2.696969696969697 1.393939393939394 1.5151515151515151 1.2121212121212122 2.909090909090909 2.484848484848485 1.4848484848484849 2.757575757575758 2.6363636363636362 1.3333333333333333 1.3636363636363635 1.303030303030303 1.7575757575757576 1.696969696969697 2.0606060606060606 2.484848484848485 2.5757575757575757 2.0606060606060606 1.2121212121212122 3.0 1.4848484848484849 2.3333333333333335 2.393939393939394 2.0 2.5454545454545454 2.0 2.121212121212121 2.8181818181818183  
45 37.51964758427769 2.909090909090909 2.272727272727273 2.696969696969697 1.393939393939394 1.5151515151515151 1.2121212121212122 2.909090909090909 2.484848484848485 1.4848484848484849 2.757575757575758 2.6363636363636362 1.3333333333333333 1.3636363636363635 1.303030303030303 1.7575757575757576 1.696969696969697 2.0606060606060606 2.484848484848485 2.5757575757575757 2.0606060606060606 1.2121212121212122 3.0 1.4848484848484849 2.3333333333333335 2.393939393939394 2.0 2.5454545454545454 2.0 2.121212121212121 2.8181818181818183  
19 88.12285418278344 1.9393939393939394 1.5151515151515151 1.797979797979798 0.9292929292929293 1.0101010101010102 0.8080808080808081 1.9393939393939394 1.6565656565656566 0.98989898989899 1.8383838383838385 1.7575757575757576 0.8888888888888888 0.9090909090909091 0.8686868686868687 1.1717171717171717 1.1313131313131313 1.3737373737373737 1.6565656565656566 1.7171717171717171 1.3737373737373737 0.8080808080808081 2.0 0.98989898989899 1.5555555555555556 1.595959595959596 1.3333333333333333 1.696969696969697 1.3333333333333333 1.4141414141414141 1.878787878787879  
2 126.1168739182909 1.9393939393939394 1.5151515151515151 1.797979797979798 0.9292929292929293 1.0101010101010102 0.8080808080808081 1.9393939393939394 1.6565656565656566 0.98989898989899 1.8383838383838385 1.7575757575757576 0.8888888888888888 0.9090909090909091 0.8686868686868687 1.1717171717171717 1.1313131313131313 1.3737373737373737 1.6565656565656566 1.7171717171717171 1.3737373737373737 0.8080808080808081 2.0 0.98989898989899 1.5555555555555556 1.595959595959596 1.3333333333333333 1.696969696969697 1.3333333333333333 1.4141414141414141 1.878787878787879  
14 160.78667550346267 2.909090909090909 2.272727272727273 2.696969696969697 1.393939393939394 1.5151515151515151 1.2121212121212122 2.909090909090909 2.484848484848485 1.4848484848484849 2.757575757575758 2.6363636363636362 1.3333333333333333 1.3636363636363635 1.303030303030303 1.7575757575757576 1.696969696969697 2.0606060606060606 2.484848484848485 2.5757575757575757 2.0606060606060606 1.2121212121212122 3.0 1.4848484848484849 2.3333333333333335 2.393939393939394 2.0 2.5454545454545454 2.0 2.121212121212121 2.8181818181818183  
24 28.1821597471058 1.9393939393939394 1.5151515151515151 1.797979797979798 0.9292929292929293 1.0101010101010102 0.8080808080808081 1.9393939393939394 1.6565656565656566 0.98989898989899 1.8383838383838385 1.7575757575757576 0.8888888888888888 0.9090909090909091 0.8686868686868687 1.1717171717171717 1.1313131313131313 1.3737373737373737 1.6565656565656566 1.7171717171717171 1.3737373737373737 0.8080808080808081 2.0 0.98989898989899 1.5555555555555556 1.595959595959596 1.3333333333333333 1.696969696969697 1.3333333333333333 1.4141414141414141 1.878787878787879  
44 107.91813379920721 1.9393939393939394 1.5151515151515151 1.797979797979798 0.9292929292929293 1.0101010101010102 0.8080808080808081 1.9393939393939394 1.6565656565656566 0.98989898989899 1.8383838383838385 1.7575757575757576 0.8888888888888888 0.9090909090909091 0.8686868686868687 1.1717171717171717 1.1313131313131313 1.3737373737373737 1.6565656565656566 1.7171717171717171 1.3737373737373737 0.8080808080808081 2.0 0.98989898989899 1.5555555555555556 1.595959595959596 1.3333333333333333 1.696969696969697 1.3333333333333333 1.4141414141414141 1.878787878787879  
46 120.38350788799778 1.9393939393939394 1.5151515151515151 1.797979797979798 0.9292929292929293 1.0101010101010102 0.8080808080808081 1.9393939393939394 1.6565656565656566 0.98989898989899 1.8383838383838385 1.7575757575757576 0.8888888888888888 0.9090909090909091 0.8686868686868687 1.1717171717171717 1.1313131313131313 1.3737373737373737 1.6565656565656566 1.7171717171717171 1.3737373737373737 0.8080808080808081 2.0 0.98989898989899 1.5555555555555556 1.595959595959596 1.3333333333333333 1.696969696969697 1.3333333333333333 1.4141414141414141 1.878787878787879  
10 9.585753307563463 2.909090909090909 2.272727272727273 2.696969696969697 1.393939393939394 1.5151515151515151 1.2121212121212122 2.909090909090909 2.484848484848485 1.4848484848484849 2.757575757575758 2.6363636363636362 1.3333333333333333 1.3636363636363635 1.303030303030303 1.7575757575757576 1.696969696969697 2.0606060606060606 2.484848484848485 2.5757575757575757 2.0606060606060606 1.2121212121212122 3.0 1.4848484848484849 2.3333333333333335 2.393939393939394 2.0 2.5454545454545454 2.0 2.121212121212121 2.8181818181818183  
6 164.33576976531702 1.9393939393939394 1.5151515151515151 1.797979797979798 0.9292929292929293 1.0101010101010102 0.8080808080808081 1.9393939393939394 1.6565656565656566 0.98989898989899 1.8383838383838385 1.7575757575757576 0.8888888888888888 0.9090909090909091 0.8686868686868687 1.1717171717171717 1.1313131313131313 1.3737373737373737 1.6565656565656566 1.7171717171717171 1.3737373737373737 0.8080808080808081 2.0 0.98989898989899 1.5555555555555556 1.595959595959596 1.3333333333333333 1.696969696969697 1.3333333333333333 1.4141414141414141 1.878787878787879  
38 124.88920638233435 1.9393939393939394 1.5151515151515151 1.797979797979798 0.9292929292929293 1.0101010101010102 0.8080808080808081 1.9393939393939394 1.6565656565656566 0.98989898989899 1.8383838383838385 1.7575757575757576 0.8888888888888888 0.9090909090909091 0.8686868686868687 1.1717171717171717 1.1313131313131313 1.3737373737373737 1.6565656565656566 1.7171717171717171 1.3737373737373737 0.8080808080808081 2.0 0.98989898989899 1.5555555555555556 1.595959595959596 1.3333333333333333 1.696969696969697 1.3333333333333333 1.4141414141414141 1.878787878787879  
7 219.68809396024926 2.909090909090909 2.272727272727273 2.696969696969697 1.393939393939394 1.5151515151515151 1.2121212121212122 2.909090909090909 2.484848484848485 1.4848484848484849 2.757575757575758 2.6363636363636362 1.3333333333333333 1.3636363636363635 1.303030303030303 1.7575757575757576 1.696969696969697 2.0606060606060606 2.484848484848485 2.5757575757575757 2.0606060606060606 1.2121212121212122 3.0 1.4848484848484849 2.3333333333333335 2.393939393939394 2.0 2.5454545454545454 2.0 2.121212121212121 2.8181818181818183  
21 39.76700824103055 1.9393939393939394 1.5151515151515151 1.797979797979798 0.9292929292929293 1.0101010101010102 0.8080808080808081 1.9393939393939394 1.6565656565656566 0.98989898989899 1.8383838383838385 1.7575757575757576 0.8888888888888888 0.9090909090909091 0.8686868686868687 1.1717171717171717 1.1313131313131313 1.3737373737373737 1.6565656565656566 1.7171717171717171 1.3737373737373737 0.8080808080808081 2.0 0.98989898989899 1.5555555555555556 1.595959595959596 1.3333333333333333 1.696969696969697 1.3333333333333333 1.4141414141414141 1.878787878787879  
3 79.63490446522445 2.909090909090909 2.272727272727273 2.696969696969697 1.393939393939394 1.5151515151515151 1.2121212121212122 2.909090909090909 2.484848484848485 1.4848484848484849 2.757575757575758 2.6363636363636362 1.3333333333333333 1.3636363636363635 1.303030303030303 1.7575757575757576 1.696969696969697 2.0606060606060606 2.484848484848485 2.5757575757575757 2.0606060606060606 1.2121212121212122 3.0 1.4848484848484849 2.3333333333333335 2.393939393939394 2.0 2.5454545454545454 2.0 2.121212121212121 2.8181818181818183  
18 17.61953670462975 2.909090909090909 2.272727272727273 2.696969696969697 1.393939393939394 1.5151515151515151 1.2121212121212122 2.909090909090909 2.484848484848485 1.4848484848484849 2.757575757575758 2.6363636363636362 1.3333333333333333 1.3636363636363635 1.303030303030303 1.7575757575757576 1.696969696969697 2.0606060606060606 2.484848484848485 2.5757575757575757 2.0606060606060606 1.2121212121212122 3.0 1.4848484848484849 2.3333333333333335 2.393939393939394 2.0 2.5454545454545454 2.0 2.121212121212121 2.8181818181818183  
13 74.21365856500967 2.909090909090909 2.272727272727273 2.696969696969697 1.393939393939394 1.5151515151515151 1.2121212121212122 2.909090909090909 2.484848484848485 1.4848484848484849 2.757575757575758 2.6363636363636362 1.3333333333333333 1.3636363636363635 1.303030303030303 1.7575757575757576 1.696969696969697 2.0606060606060606 2.484848484848485 2.5757575757575757 2.0606060606060606 1.2121212121212122 3.0 1.4848484848484849 2.3333333333333335 2.393939393939394 2.0 2.5454545454545454 2.0 2.121212121212121 2.8181818181818183  
35 38.79341204862502 2.909090909090909 2.272727272727273 2.696969696969697 1.393939393939394 1.5151515151515151 1.2121212121212122 2.909090909090909 2.484848484848485 1.4848484848484849 2.757575757575758 2.6363636363636362 1.3333333333333333 1.3636363636363635 1.303030303030303 1.7575757575757576 1.696969696969697 2.0606060606060606 2.484848484848485 2.5757575757575757 2.0606060606060606 1.2121212121212122 3.0 1.4848484848484849 2.3333333333333335 2.393939393939394 2.0 2.5454545454545454 2.0 2.121212121212121 2.8181818181818183  
29 45.036050444755844 2.909090909090909 2.272727272727273 2.696969696969697 1.393939393939394 1.5151515151515151 1.2121212121212122 2.909090909090909 2.484848484848485 1.4848484848484849 2.757575757575758 2.6363636363636362 1.3333333333333333 1.3636363636363635 1.303030303030303 1.7575757575757576 1.696969696969697 2.0606060606060606 2.484848484848485 2.5757575757575757 2.0606060606060606 1.2121212121212122 3.0 1.4848484848484849 2.3333333333333335 2.393939393939394 2.0 2.5454545454545454 2.0 2.121212121212121 2.8181818181818183  
47 36.002468902925074 2.909090909090909 2.272727272727273 2.696969696969697 1.393939393939394 1.5151515151515151 1.2121212121212122 2.909090909090909 2.484848484848485 1.4848484848484849 2.757575757575758 2.6363636363636362 1.3333333333333333 1.3636363636363635 1.303030303030303 1.7575757575757576 1.696969696969697 2.0606060606060606 2.484848484848485 2.5757575757575757 2.0606060606060606 1.2121212121212122 3.0 1.4848484848484849 2.3333333333333335 2.393939393939394 2.0 2.5454545454545454 2.0 2.121212121212121 2.8181818181818183  
20 89.36267400488816 2.909090909090909 2.272727272727273 2.696969696969697 1.393939393939394 1.5151515151515151 1.2121212121212122 2.909090909090909 2.484848484848485 1.4848484848484849 2.757575757575758 2.6363636363636362 1.3333333333333333 1.3636363636363635 1.303030303030303 1.7575757575757576 1.696969696969697 2.0606060606060606 2.484848484848485 2.5757575757575757 2.0606060606060606 1.2121212121212122 3.0 1.4848484848484849 2.3333333333333335 2.393939393939394 2.0 2.5454545454545454 2.0 2.121212121212121 2.8181818181818183  
30 91.19971223482928 1.9393939393939394 1.5151515151515151 1.797979797979798 0.9292929292929293 1.0101010101010102 0.8080808080808081 1.9393939393939394 1.6565656565656566 0.98989898989899 1.8383838383838385 1.7575757575757576 0.8888888888888888 0.9090909090909091 0.8686868686868687 1.1717171717171717 1.1313131313131313 1.3737373737373737 1.6565656565656566 1.7171717171717171 1.3737373737373737 0.8080808080808081 2.0 0.98989898989899 1.5555555555555556 1.595959595959596 1.3333333333333333 1.696969696969697 1.3333333333333333 1.4141414141414141 1.878787878787879  
34 17.462928796021536 1.9393939393939394 1.5151515151515151 1.797979797979798 0.9292929292929293 1.0101010101010102 0.8080808080808081 1.9393939393939394 1.6565656565656566 0.98989898989899 1.8383838383838385 1.7575757575757576 0.8888888888888888 0.9090909090909091 0.8686868686868687 1.1717171717171717 1.1313131313131313 1.3737373737373737 1.6565656565656566 1.7171717171717171 1.3737373737373737 0.8080808080808081 2.0 0.98989898989899 1.5555555555555556 1.595959595959596 1.3333333333333333 1.696969696969697 1.3333333333333333 1.4141414141414141 1.878787878787879  
1 77.16074236854968 1.9393939393939394 1.5151515151515151 1.797979797979798 0.9292929292929293 1.0101010101010102 0.8080808080808081 1.9393939393939394 1.6565656565656566 0.98989898989899 1.8383838383838385 1.7575757575757576 0.8888888888888888 0.9090909090909091 0.8686868686868687 1.1717171717171717 1.1313131313131313 1.3737373737373737 1.6565656565656566 1.7171717171717171 1.3737373737373737 0.8080808080808081 2.0 0.98989898989899 1.5555555555555556 1.595959595959596 1.3333333333333333 1.696969696969697 1.3333333333333333 1.4141414141414141 1.878787878787879  
37 96.22424631505932 2.909090909090909 2.272727272727273 2.696969696969697 1.393939393939394 1.5151515151515151 1.2121212121212122 2.909090909090909 2.484848484848485 1.4848484848484849 2.757575757575758 2.6363636363636362 1.3333333333333333 1.3636363636363635 1.303030303030303 1.7575757575757576 1.696969696969697 2.0606060606060606 2.484848484848485 2.5757575757575757 2.0606060606060606 1.2121212121212122 3.0 1.4848484848484849 2.3333333333333335 2.393939393939394 2.0 2.5454545454545454 2.0 2.121212121212121 2.8181818181818183  
32 13.595111610161279 1.9393939393939394 1.5151515151515151 1.797979797979798 0.9292929292929293 1.0101010101010102 0.8080808080808081 1.9393939393939394 1.6565656565656566 0.98989898989899 1.8383838383838385 1.7575757575757576 0.8888888888888888 0.9090909090909091 0.8686868686868687 1.1717171717171717 1.1313131313131313 1.3737373737373737 1.6565656565656566 1.7171717171717171 1.3737373737373737 0.8080808080808081 2.0 0.98989898989899 1.5555555555555556 1.595959595959596 1.3333333333333333 1.696969696969697 1.3333333333333333 1.4141414141414141 1.878787878787879  
25 94.22809171987939 2.909090909090909 2.272727272727273 2.696969696969697 1.393939393939394 1.5151515151515151 1.2121212121212122 2.909090909090909 2.484848484848485 1.4848484848484849 2.757575757575758 2.6363636363636362 1.3333333333333333 1.3636363636363635 1.303030303030303 1.7575757575757576 1.696969696969697 2.0606060606060606 2.484848484848485 2.5757575757575757 2.0606060606060606 1.2121212121212122 3.0 1.4848484848484849 2.3333333333333335 2.393939393939394 2.0 2.5454545454545454 2.0 2.121212121212121 2.8181818181818183  
39 89.03562172885897 2.909090909090909 2.272727272727273 2.696969696969697 1.393939393939394 1.5151515151515151 1.2121212121212122 2.909090909090909 2.484848484848485 1.4848484848484849 2.757575757575758 2.6363636363636362 1.3333333333333333 1.3636363636363635 1.303030303030303 1.7575757575757576 1.696969696969697 2.0606060606060606 2.484848484848485 2.5757575757575757 2.0606060606060606 1.2121212121212122 3.0 1.4848484848484849 2.3333333333333335 2.393939393939394 2.0 2.5454545454545454 2.0 2.121212121212121 2.8181818181818183  
28 204.80222878809147 1.9393939393939394 1.5151515151515151 1.797979797979798 0.9292929292929293 1.0101010101010102 0.8080808080808081 1.9393939393939394 1.6565656565656566 0.98989898989899 1.8383838383838385 1.7575757575757576 0.8888888888888888 0.9090909090909091 0.8686868686868687 1.1717171717171717 1.1313131313131313 1.3737373737373737 1.6565656565656566 1.7171717171717171 1.3737373737373737 0.8080808080808081 2.0 0.98989898989899 1.5555555555555556 1.595959595959596 1.3333333333333333 1.696969696969697 1.3333333333333333 1.4141414141414141 1.878787878787879  
41 74.11980123066603 2.909090909090909 2.272727272727273 2.696969696969697 1.393939393939394 1.5151515151515151 1.2121212121212122 2.909090909090909 2.484848484848485 1.4848484848484849 2.757575757575758 2.6363636363636362 1.3333333333333333 1.3636363636363635 1.303030303030303 1.7575757575757576 1.696969696969697 2.0606060606060606 2.484848484848485 2.5757575757575757 2.0606060606060606 1.2121212121212122 3.0 1.4848484848484849 2.3333333333333335 2.393939393939394 2.0 2.5454545454545454 2.0 2.121212121212121 2.8181818181818183  
31 134.18629628462207 2.909090909090909 2.272727272727273 2.696969696969697 1.393939393939394 1.5151515151515151 1.2121212121212122 2.909090909090909 2.484848484848485 1.4848484848484849 2.757575757575758 2.6363636363636362 1.3333333333333333 1.3636363636363635 1.303030303030303 1.7575757575757576 1.696969696969697 2.0606060606060606 2.484848484848485 2.5757575757575757 2.0606060606060606 1.2121212121212122 3.0 1.4848484848484849 2.3333333333333335 2.393939393939394 2.0 2.5454545454545454 2.0 2.121212121212121 2.8181818181818183  
23 40.46568541449847 1.9393939393939394 1.5151515151515151 1.797979797979798 0.9292929292929293 1.0101010101010102 0.8080808080808081 1.9393939393939394 1.6565656565656566 0.98989898989899 1.8383838383838385 1.7575757575757576 0.8888888888888888 0.9090909090909091 0.8686868686868687 1.1717171717171717 1.1313131313131313 1.3737373737373737 1.6565656565656566 1.7171717171717171 1.3737373737373737 0.8080808080808081 2.0 0.98989898989899 1.5555555555555556 1.595959595959596 1.3333333333333333 1.696969696969697 1.3333333333333333 1.4141414141414141 1.878787878787879  
27 26.10789128531445 2.909090909090909 2.272727272727273 2.696969696969697 1.393939393939394 1.5151515151515151 1.2121212121212122 2.909090909090909 2.484848484848485 1.4848484848484849 2.757575757575758 2.6363636363636362 1.3333333333333333 1.3636363636363635 1.303030303030303 1.7575757575757576 1.696969696969697 2.0606060606060606 2.484848484848485 2.5757575757575757 2.0606060606060606 1.2121212121212122 3.0 1.4848484848484849 2.3333333333333335 2.393939393939394 2.0 2.5454545454545454 2.0 2.121212121212121 2.8181818181818183  
15 69.67087358484743 2.909090909090909 2.272727272727273 2.696969696969697 1.393939393939394 1.5151515151515151 1.2121212121212122 2.909090909090909 2.484848484848485 1.4848484848484849 2.757575757575758 2.6363636363636362 1.3333333333333333 1.3636363636363635 1.303030303030303 1.7575757575757576 1.696969696969697 2.0606060606060606 2.484848484848485 2.5757575757575757 2.0606060606060606 1.2121212121212122 3.0 1.4848484848484849 2.3333333333333335 2.393939393939394 2.0 2.5454545454545454 2.0 2.121212121212121 2.8181818181818183  
16 139.5150840317149 1.9393939393939394 1.5151515151515151 1.797979797979798 0.9292929292929293 1.0101010101010102 0.8080808080808081 1.9393939393939394 1.6565656565656566 0.98989898989899 1.8383838383838385 1.7575757575757576 0.8888888888888888 0.9090909090909091 0.8686868686868687 1.1717171717171717 1.1313131313131313 1.3737373737373737 1.6565656565656566 1.7171717171717171 1.3737373737373737 0.8080808080808081 2.0 0.98989898989899 1.5555555555555556 1.595959595959596 1.3333333333333333 1.696969696969697 1.3333333333333333 1.4141414141414141 1.878787878787879  
5 158.07618171199067 2.909090909090909 2.272727272727273 2.696969696969697 1.393939393939394 1.5151515151515151 1.2121212121212122 2.909090909090909 2.484848484848485 1.4848484848484849 2.757575757575758 2.6363636363636362 1.3333333333333333 1.3636363636363635 1.303030303030303 1.7575757575757576 1.696969696969697 2.0606060606060606 2.484848484848485 2.5757575757575757 2.0606060606060606 1.2121212121212122 3.0 1.4848484848484849 2.3333333333333335 2.393939393939394 2.0 2.5454545454545454 2.0 2.121212121212121 2.8181818181818183  
8 40.95226822741413 1.9393939393939394 1.5151515151515151 1.797979797979798 0.9292929292929293 1.0101010101010102 0.8080808080808081 1.9393939393939394 1.6565656565656566 0.98989898989899 1.8383838383838385 1.7575757575757576 0.8888888888888888 0.9090909090909091 0.8686868686868687 1.1717171717171717 1.1313131313131313 1.3737373737373737 1.6565656565656566 1.7171717171717171 1.3737373737373737 0.8080808080808081 2.0 0.98989898989899 1.5555555555555556 1.595959595959596 1.3333333333333333 1.696969696969697 1.3333333333333333 1.4141414141414141 1.878787878787879  
9 64.13176721432377 1.9393939393939394 1.5151515151515151 1.797979797979798 0.9292929292929293 1.0101010101010102 0.8080808080808081 1.9393939393939394 1.6565656565656566 0.98989898989899 1.8383838383838385 1.7575757575757576 0.8888888888888888 0.9090909090909091 0.8686868686868687 1.1717171717171717 1.1313131313131313 1.3737373737373737 1.6565656565656566 1.7171717171717171 1.3737373737373737 0.8080808080808081 2.0 0.98989898989899 1.5555555555555556 1.595959595959596 1.3333333333333333 1.696969696969697 1.3333333333333333 1.4141414141414141 1.878787878787879  
36 34.28096036403171 2.909090909090909 2.272727272727273 2.696969696969697 1.393939393939394 1.5151515151515151 1.2121212121212122 2.909090909090909 2.484848484848485 1.4848484848484849 2.757575757575758 2.6363636363636362 1.3333333333333333 1.3636363636363635 1.303030303030303 1.7575757575757576 1.696969696969697 2.0606060606060606 2.484848484848485 2.5757575757575757 2.0606060606060606 1.2121212121212122 3.0 1.4848484848484849 2.3333333333333335 2.393939393939394 2.0 2.5454545454545454 2.0 2.121212121212121 2.8181818181818183  
33 61.28520751846228 2.909090909090909 2.272727272727273 2.696969696969697 1.393939393939394 1.5151515151515151 1.2121212121212122 2.909090909090909 2.484848484848485 1.4848484848484849 2.757575757575758 2.6363636363636362 1.3333333333333333 1.3636363636363635 1.303030303030303 1.7575757575757576 1.696969696969697 2.0606060606060606 2.484848484848485 2.5757575757575757 2.0606060606060606 1.2121212121212122 3.0 1.4848484848484849 2.3333333333333335 2.393939393939394 2.0 2.5454545454545454 2.0 2.121212121212121 2.8181818181818183  
42 44.44636994727771 1.9393939393939394 1.5151515151515151 1.797979797979798 0.9292929292929293 1.0101010101010102 0.8080808080808081 1.9393939393939394 1.6565656565656566 0.98989898989899 1.8383838383838385 1.7575757575757576 0.8888888888888888 0.9090909090909091 0.8686868686868687 1.1717171717171717 1.1313131313131313 1.3737373737373737 1.6565656565656566 1.7171717171717171 1.3737373737373737 0.8080808080808081 2.0 0.98989898989899 1.5555555555555556 1.595959595959596 1.3333333333333333 1.696969696969697 1.3333333333333333 1.4141414141414141 1.878787878787879  
17 300.5090687109231 1.9393939393939394 1.5151515151515151 1.797979797979798 0.9292929292929293 1.0101010101010102 0.8080808080808081 1.9393939393939394 1.6565656565656566 0.98989898989899 1.8383838383838385 1.7575757575757576 0.8888888888888888 0.9090909090909091 0.8686868686868687 1.1717171717171717 1.1313131313131313 1.3737373737373737 1.6565656565656566 1.7171717171717171 1.3737373737373737 0.8080808080808081 2.0 0.98989898989899 1.5555555555555556 1.595959595959596 1.3333333333333333 1.696969696969697 1.3333333333333333 1.4141414141414141 1.878787878787879  
12 76.8100899921751 1.9393939393939394 1.5151515151515151 1.797979797979798 0.9292929292929293 1.0101010101010102 0.8080808080808081 1.9393939393939394 1.6565656565656566 0.98989898989899 1.8383838383838385 1.7575757575757576 0.8888888888888888 0.9090909090909091 0.8686868686868687 1.1717171717171717 1.1313131313131313 1.3737373737373737 1.6565656565656566 1.7171717171717171 1.3737373737373737 0.8080808080808081 2.0 0.98989898989899 1.5555555555555556 1.595959595959596 1.3333333333333333 1.696969696969697 1.3333333333333333 1.4141414141414141 1.878787878787879  
40 57.09611765768342 1.9393939393939394 1.5151515151515151 1.797979797979798 0.9292929292929293 1.0101010101010102 0.8080808080808081 1.9393939393939394 1.6565656565656566 0.98989898989899 1.8383838383838385 1.7575757575757576 0.8888888888888888 0.9090909090909091 0.8686868686868687 1.1717171717171717 1.1313131313131313 1.3737373737373737 1.6565656565656566 1.7171717171717171 1.3737373737373737 0.8080808080808081 2.0 0.98989898989899 1.5555555555555556 1.595959595959596 1.3333333333333333 1.696969696969697 1.3333333333333333 1.4141414141414141 1.878787878787879  
11 108.11073635157899 1.9393939393939394 1.5151515151515151 1.797979797979798 0.9292929292929293 1.0101010101010102 0.8080808080808081 1.9393939393939394 1.6565656565656566 0.98989898989899 1.8383838383838385 1.7575757575757576 0.8888888888888888 0.9090909090909091 0.8686868686868687 1.1717171717171717 1.1313131313131313 1.3737373737373737 1.6565656565656566 1.7171717171717171 1.3737373737373737 0.8080808080808081 2.0 0.98989898989899 1.5555555555555556 1.595959595959596 1.3333333333333333 1.696969696969697 1.3333333333333333 1.4141414141414141 1.878787878787879  
49 11.143420718344293 2.909090909090909 2.272727272727273 2.696969696969697 1.393939393939394 1.5151515151515151 1.2121212121212122 2.909090909090909 2.484848484848485 1.4848484848484849 2.757575757575758 2.6363636363636362 1.3333333333333333 1.3636363636363635 1.303030303030303 1.7575757575757576 1.696969696969697 2.0606060606060606 2.484848484848485 2.5757575757575757 2.0606060606060606 1.2121212121212122 3.0 1.4848484848484849 2.3333333333333335 2.393939393939394 2.0 2.5454545454545454 2.0 2.121212121212121 2.8181818181818183  
26 119.33077891059109 1.9393939393939394 1.5151515151515151 1.797979797979798 0.9292929292929293 1.0101010101010102 0.8080808080808081 1.9393939393939394 1.6565656565656566 0.98989898989899 1.8383838383838385 1.7575757575757576 0.8888888888888888 0.9090909090909091 0.8686868686868687 1.1717171717171717 1.1313131313131313 1.3737373737373737 1.6565656565656566 1.7171717171717171 1.3737373737373737 0.8080808080808081 2.0 0.98989898989899 1.5555555555555556 1.595959595959596 1.3333333333333333 1.696969696969697 1.3333333333333333 1.4141414141414141 1.878787878787879  
