110 40
TREE NETWORK (nID nID Weight):
1 0 55.0 
2 1 34.0 
3 2 35.0 
5 2 39.0 
6 5 46.0 
75 1 53.0 
52 2 56.0 
76 75 52.0 
96 0 47.0 
60 2 55.0 
107 0 54.0 
47 5 54.0 
85 1 38.0 
7 6 40.0 
97 96 47.0 
8 7 33.0 
50 5 32.0 
89 1 57.0 
9 8 45.0 
10 9 40.0 
53 52 54.0 
11 10 54.0 
102 96 34.0 
51 5 58.0 
32 7 47.0 
12 11 54.0 
54 53 46.0 
86 85 37.0 
61 60 44.0 
83 75 40.0 
87 86 52.0 
77 76 43.0 
90 1 59.0 
15 10 43.0 
16 15 49.0 
17 16 45.0 
108 107 30.0 
30 9 31.0 
98 97 42.0 
62 61 38.0 
33 7 49.0 
80 76 32.0 
28 10 46.0 
105 96 37.0 
63 62 33.0 
78 77 44.0 
34 33 39.0 
35 34 54.0 
24 15 57.0 
81 80 43.0 
13 12 41.0 
55 54 34.0 
38 33 37.0 
18 17 51.0 
39 33 34.0 
25 15 40.0 
41 6 39.0 
48 47 58.0 
66 61 31.0 
58 52 38.0 
42 41 37.0 
103 102 43.0 
79 77 33.0 
46 6 57.0 
104 102 43.0 
64 62 38.0 
106 96 55.0 
92 1 58.0 
22 16 42.0 
37 34 48.0 
99 98 49.0 
109 0 38.0 
36 35 59.0 
71 60 30.0 
91 90 37.0 
74 60 31.0 
56 55 40.0 
94 1 41.0 
19 18 46.0 
95 94 49.0 
40 39 35.0 
14 13 40.0 
43 42 49.0 
57 54 52.0 
59 58 57.0 
67 66 37.0 
23 16 31.0 
29 28 34.0 
4 3 41.0 
72 71 52.0 
65 64 34.0 
26 25 32.0 
31 9 58.0 
68 67 40.0 
88 87 42.0 
100 98 52.0 
44 42 53.0 
20 17 53.0 
27 15 47.0 
69 68 58.0 
84 75 51.0 
21 17 37.0 
45 41 55.0 
73 72 31.0 
82 80 50.0 
70 66 33.0 
101 97 42.0 
49 48 46.0 
93 92 32.0 
PROGRAMS ASSIGNED TO NODES (nID pID1 pID2 ...):
0 1 2 3 4 5 6 7 8 9 10 11 12 13 14 15 16 17 18 19 20 21 22 23 24 25 26 27 28 29 30 31 32 33 34 35 36 37 38 39 40  
101 3 8  
8 1 3 4 5 6 7 8 9 10 11 13 15 16 20 22 25 28 29 31 32 33 34 35 38 40  
49 2 3 5 7 9 17 18 20 23 25 26 27 29 30 31 32 35 36  
27 2 3 6 7 8 9 12 13 14 16 19 21 22 23 24 25 26 27 29 33 34 35 36 37 40  
68 2 5 8 9 11 14 15 16 18 20 24 26 27 28 29 30 33 34 36 37 38 39 40  
58 24 32 35 40  
57 1 2 5 6 7 8 9 12 13 14 15 16 17 18 19 20 21 23 25 26 27 28 29 30 31 32 33 35 36 39  
2 1 2 3 4 5 6 7 8 9 10 11 12 14 15 16 17 18 19 20 21 22 23 24 25 26 27 28 29 31 32 33 34 35 36 37 39 40  
50 2 6 8 11 12 14 19 22 28 29  
77 2 3 4 5 7 8 9 11 13 14 15 17 18 19 20 22 23 24 25 27 28 29 30 33 35 36 38 40  
37 5 12 14 15 20  
44 4 6 7 9 10 11 12 14 20 23 25 26 27 29 32 33 35 36 38 39 40  
94 1 2 4 5 6 7 8 9 10 12 13 15 16 17 18 19 20 21 22 23 24 25 26 27 28 30 31 32 34 35 36 37 38 39 40  
54 1 3 5 6 7 8 10 11 14 16 18 19 21 23 24 25 26 30 33 35 36 38 39  
82 2 4 6 7 9 10 11 12 15 16 17 18 19 21 22 23 24 25 26 27 29 31 32 33 34 35 36 37 38 39 40  
25 2 4  
91 4 6 8 9 10 12 14 15 17 20 23 25 28 29 33 35 36 40  
89 1 2 4 5 7 8 9 10 11 15 16 18 20 21 22 23 26 27 32 33 34 35 37 38  
45 1 2 3 5 6 7 8 9 10 11 13 14 15 16 17 18 21 22 23 24 26 27 28 29 30 31 32 33 35 36 39 40  
83 1 2 3 4 5 7 8 9 10 12 13 14 15 16 17 18 19 20 21 22 23 24 26 27 28 29 30 32 33 34 35 36 37 38 39 40  
98 1 3 4 5 11 12 13 15 17 18 19 20 23 24 28 30 32 33 38 39  
69 3 4 5 7 10 11 13 14 15 22 23 24 25 26 29 30 31 38 39  
105 3 5 9 11 13 19 25 27 28 39 40  
17 2 3 4 5 12 13 15 22 24 25 29 31 32  
60 4 6 9 10 11 15 17 20 21 27 28 31 32 34 35 36 39  
75 1 2 9 20 27 30 32 33 34 35  
18 2 5 8 9 11 17 18 21 23 26 31 34 36 39  
20 9 10 12 13 16 19 22 27 29 34 38  
21 1 3 5 10 11 20 21 26 36 39  
64 2 3 4 6 7 8 11 13 14 16 17 18 20 21 23 26 28 29 30 32 33 34 35 36 37 38 40  
52 2 4 5 8 9 11 13 14 16 20 21 23 25 27 29 30 35 36 37 39 40  
80 1 2 3 4 5 6 7 8 9 10 13 14 15 16 17 18 19 20 21 23 24 26 27 28 29 31 33 34 35 36 37 38 39  
88 3 7 10 13 14 16 19 21 22 23 26 29 30 31 32 33 34 36 37 39  
70 2 3 5 6 9 10 11 13 16 17 19 20 21 23 24 25 27 29 30 31 32 33 34 35 36 38  
41 1 3 4 5 7 8 10 12 15 16 17 18 21 22 23 24 25 26 27 28 30 31 32 33 36 38 39 40  
22 5 7 10 36  
63 2 5 8 11 12 15 20 34 40  
7 17  
90 5 10 15 16 19 23 24 26 34 37 40  
31 1 2 3 4 5 6 7 8 9 10 11 12 13 14 15 16 17 18 19 20 21 22 23 24 25 26 27 28 29 31 32 33 34 35 36 37 39  
78 1 2 3 4 5 6 7 8 9 13 14 15 16 17 18 19 20 21 22 23 24 25 26 27 28 29 30 33 34 35 36 37 38 39 40  
73 7 34  
104 1 5 7 8 10 11 12 13 14 15 16 17 18 20 21 22 23 25 26 27 28 29 31 32 33 34 35 36 37 38 39 40  
71 1 2 3 4 5 6 7 8 9 10 11 12 13 14 15 16 17 18 19 20 21 22 25 26 27 28 29 30 32 33 35 36 37 38 40  
1 1 2 3 5 6 7 8 9 10 11 12 13 14 15 16 17 18 19 21 22 23 24 27 28 29 30 33 34 35 36 37 38 39 40  
24 4 7 28 32 36 38  
15 2 3 5 6 7 8 9 10 11 12 13 14 16 17 18 19 20 21 22 23 25 26 27 28 30 31 32 33 34 35 36 37 38 39 40  
79 1 4 5 8 13 14 15 22 25 29 30 31 32 34 35 38  
43 1 2 3 4 5 6 7 8 9 10 11 12 13 14 15 16 17 18 19 20 21 22 23 24 26 27 28 29 30 31 33 34 35 36 37 38 39 40  
95 6 11 12 24 26 27 28 37  
40 1 9 15 20 22 26 27 28 30 33 40  
59 1 3 6 7 8 9 11 13 14 15 16 18 21 22 23 24 25 26 27 28 32 33 34 36 37 38 39 40  
36 2 3 5 8 9 12 13 18 21 22 23 25 34 35 37 38  
81 11 15 28  
3 1 2 4 6 8 9 10 12 13 15 16 17 18 19 20 21 22 23 24 25 30 31 32 33 35 36 37 38 39  
19 1 2 3 4 5 6 7 8 9 10 11 12 13 14 15 16 17 18 19 21 23 24 25 26 27 28 29 30 31 32 33 35 36 38 39 40  
72 1 2 3 7 8 11 13 18 22 23 24 25 26 28 29 30 31 32 34 36 37 39 40  
86 1 6 9 13 15 24 26 27 32 34 36 38 40  
76 1 18 22 27 28 29 31 36 40  
56 2 3 4 5 6 7 8 9 10 11 12 13 14 16 17 18 19 20 21 22 23 24 25 26 27 28 29 31 32 33 34 35 36 37 38 39 40  
84 1 2 3 4 5 6 7 9 10 11 12 13 14 16 18 19 20 22 25 26 27 28 31 32 33 35 36 38 40  
92 2  
108 1 2 3 4 5 6 7 8 9 10 11 12 13 14 15 16 17 18 19 20 21 22 23 24 25 26 27 28 29 30 31 32 33 34 36 37 38 39 40  
28 2 4 5 6 7 8 9 10 13 15 16 17 19 21 25 27 28 30 31 32 33 34 35 36 37 38 39 40  
10 3 11 12 15 16 17 18 20 23 24 28 29 30 31 32 34  
6 1 5 7 10 12 13 15 17 18 20 24 27 29 34 38 39  
48 1 2 3 4 6 7 9 10 12 13 16 17 22 23 24 25 26 27 28 29 30 31 32 33 36 37 38 40  
14 4 8 9 13 17 18 20 21 29 33 37 40  
74 1 2 3 4 5 6 7 8 9 10 11 12 13 14 15 16 17 18 19 21 22 24 25 26 27 28 29 30 31 32 33 34 35 36 37 38 39 40  
61 3 6 7 16 19 38  
103 7 20 22 24 26 27 28 30 31 33 35 36 39  
93 1 2 3 4 5 6 7 8 9 10 11 12 13 14 15 16 17 18 19 20 21 22 23 24 25 27 28 29 30 31 32 33 34 35 36 37 38 39 40  
100 2 3 4 5 6 7 8 9 10 11 12 13 14 15 17 18 20 21 22 23 25 26 27 28 30 31 32 33 34 35 36 37 38 40  
99 1 7 9 12 13 15 18 19 21 24 27 31 32 34 35 36 38  
9 2 4 5 11 12 13 19 21 22 27 28 29 30 32 33 34 35 36 38  
33 3 4 5 6 8 9 10 14 15 16 18 19 20 21 22 26 27 28 29 30 32 35 37 38 39 40  
4 1 4 8 13 14 15 19 21 22 24 31 32 35 38  
11 18  
26 1 2 3 4 5 6 7 8 10 11 12 13 14 15 16 17 19 20 21 23 25 26 27 28 30 31 33 34 35 36 37 38 39 40  
66 1 4 7 8 9 10 12 15 21 22 24 27 28 30 31 33 36  
102 1 2 4 5 7 9 10 11 12 13 16 18 23 25 26 29 31 32 35 38 39  
13 1 8 24 28 37 38  
16 2 3 4 5 6 7 8 9 10 11 12 14 15 17 18 19 21 22 23 24 25 26 28 29 30 31 33 34 35 36 38 39  
29 1 3 4 5 7 8 9 10 11 12 13 14 15 16 17 18 19 20 21 22 23 24 25 26 27 28 29 30 31 32 33 34 35 37 38 39  
67 6 14 25  
34 1 2 7 8 10 11 15 17 18 21 22 24 31 32 34 35 36 37  
85 1 2 3 4 5 6 7 8 10 11 13 14 15 17 18 19 20 22 23 24 25 26 28 29 30 32 33 34 35 36 37 38 40  
5 3 5 8 9 16 20 28 39  
62 1 3 4 6 10 11 13 14 16 17 19 20 22 23 25 28 29 31 33 34 35 36 40  
55 1 3 4 5 7 9 10 11 12 13 14 15 16 17 18 19 20 21 22 23 25 26 27 28 29 31 32 33 34 35 36 37 38 39 40  
107 2 3 4 6 7 8 9 10 11 12 13 15 16 17 19 20 21 22 23 24 25 26 27 28 29 30 31 32 33 34 35 37 38 39 40  
53 1 3 4 6 11 12 14 18 20 21 23 26 33 35 36 38 39  
65 1 2 5 6 7 8 9 10 11 12 13 14 15 16 18 19 20 21 22 24 25 26 28 29 30 31 32 33 34 35 36 37 38 39 40  
47 8 36  
109 1 2 3 4 5 6 7 8 9 10 11 12 13 14 15 16 17 18 19 20 21 22 23 24 25 26 27 28 29 30 31 32 33 34 36 37 38 39 40  
23 1 2 3 4 5 6 7 8 9 10 11 12 13 14 15 17 18 19 20 21 22 23 24 25 26 27 28 30 32 33 34 35 36 37 38 39  
12 1 2 3 4 5 6 7 8 9 10 11 12 13 14 15 16 17 18 19 20 21 22 23 24 25 26 27 28 29 30 31 32 33 34 35 36 37 38 40  
46 1 2 3 4 6 7 8 9 10 11 12 13 14 15 16 17 18 19 20 21 22 23 24 25 26 27 28 29 30 31 32 33 34 35 36 37 38 39 40  
30 2 5 6 10 19 22 27 29 31 35  
106 1 2 3 4 5 6 7 8 9 10 11 12 13 14 15 16 17 18 19 20 21 22 23 24 25 26 28 29 30 31 32 33 34 35 36 37 38 39 40  
35 2 4 10 14 23 24 27 29 30  
51 16  
42 2 3 5 6 7 11 12 13 14 15 17 18 20 21 27 28 31 32 33 34 36 37 38  
87 1 3 6 7 10 13 15 17 21 28 29 32 37  
38 2 3 4 5 12 19 20 23 26 28 30 33 35 39  
96 1 2 4 7 8 10 11 12 13 14 15 17 18 19 20 21 22 23 24 32 33 34 35 36 37 39  
39 13 22 34  
32 1 2 3 8 9 10 11 15 16 17 18 20 21 22 23 24 25 26 27 28 29 30 32 34 35 38 39 40  
97 1 2 5 6 7 8 9 10 11 13 14 15 16 17 18 19 20 21 22 23 26 27 28 30 31 32 33 34 35 36 37 38 39 40  
SIZE OF PROGRAMS (pID SIZE):
1 49.0 
2 71.0 
3 87.0 
4 67.0 
5 59.0 
6 88.0 
7 74.0 
8 68.0 
9 60.0 
10 80.0 
11 99.0 
12 58.0 
13 93.0 
14 78.0 
15 52.0 
16 52.0 
17 74.0 
18 52.0 
19 68.0 
20 90.0 
21 75.0 
22 79.0 
23 51.0 
24 63.0 
25 68.0 
26 75.0 
27 78.0 
28 60.0 
29 42.0 
30 47.0 
31 93.0 
32 73.0 
33 77.0 
34 59.0 
35 71.0 
36 94.0 
37 60.0 
38 78.0 
39 50.0 
40 42.0 
COST_INSTALL_SERVER_AND_PROGRAMS :
0 9345.454545454544 1.4848484848484849 2.1515151515151514 2.6363636363636362 2.0303030303030303 1.7878787878787878 2.6666666666666665 2.242424242424242 2.0606060606060606 1.8181818181818181 2.4242424242424243 3.0 1.7575757575757576 2.8181818181818183 2.3636363636363638 1.5757575757575757 1.5757575757575757 2.242424242424242 1.5757575757575757 2.0606060606060606 2.727272727272727 2.272727272727273 2.393939393939394 1.5454545454545454 1.9090909090909092 2.0606060606060606 2.272727272727273 2.3636363636363638 1.8181818181818181 1.2727272727272727 1.4242424242424243 2.8181818181818183 2.212121212121212 2.3333333333333335 1.7878787878787878 2.1515151515151514 2.8484848484848486 1.8181818181818181 2.3636363636363638 1.5151515151515151 1.2727272727272727  
101 13.892196972955094 1.4848484848484849 2.1515151515151514 2.6363636363636362 2.0303030303030303 1.7878787878787878 2.6666666666666665 2.242424242424242 2.0606060606060606 1.8181818181818181 2.4242424242424243 3.0 1.7575757575757576 2.8181818181818183 2.3636363636363638 1.5757575757575757 1.5757575757575757 2.242424242424242 1.5757575757575757 2.0606060606060606 2.727272727272727 2.272727272727273 2.393939393939394 1.5454545454545454 1.9090909090909092 2.0606060606060606 2.272727272727273 2.3636363636363638 1.8181818181818181 1.2727272727272727 1.4242424242424243 2.8181818181818183 2.212121212121212 2.3333333333333335 1.7878787878787878 2.1515151515151514 2.8484848484848486 1.8181818181818181 2.3636363636363638 1.5151515151515151 1.2727272727272727  
8 322.65720896980076 1.4848484848484849 2.1515151515151514 2.6363636363636362 2.0303030303030303 1.7878787878787878 2.6666666666666665 2.242424242424242 2.0606060606060606 1.8181818181818181 2.4242424242424243 3.0 1.7575757575757576 2.8181818181818183 2.3636363636363638 1.5757575757575757 1.5757575757575757 2.242424242424242 1.5757575757575757 2.0606060606060606 2.727272727272727 2.272727272727273 2.393939393939394 1.5454545454545454 1.9090909090909092 2.0606060606060606 2.272727272727273 2.3636363636363638 1.8181818181818181 1.2727272727272727 1.4242424242424243 2.8181818181818183 2.212121212121212 2.3333333333333335 1.7878787878787878 2.1515151515151514 2.8484848484848486 1.8181818181818181 2.3636363636363638 1.5151515151515151 1.2727272727272727  
49 219.81100861352763 1.4848484848484849 2.1515151515151514 2.6363636363636362 2.0303030303030303 1.7878787878787878 2.6666666666666665 2.242424242424242 2.0606060606060606 1.8181818181818181 2.4242424242424243 3.0 1.7575757575757576 2.8181818181818183 2.3636363636363638 1.5757575757575757 1.5757575757575757 2.242424242424242 1.5757575757575757 2.0606060606060606 2.727272727272727 2.272727272727273 2.393939393939394 1.5454545454545454 1.9090909090909092 2.0606060606060606 2.272727272727273 2.3636363636363638 1.8181818181818181 1.2727272727272727 1.4242424242424243 2.8181818181818183 2.212121212121212 2.3333333333333335 1.7878787878787878 2.1515151515151514 2.8484848484848486 1.8181818181818181 2.3636363636363638 1.5151515151515151 1.2727272727272727  
27 453.3199039396307 0.98989898989899 1.4343434343434343 1.7575757575757576 1.3535353535353536 1.1919191919191918 1.7777777777777777 1.494949494949495 1.3737373737373737 1.2121212121212122 1.6161616161616161 2.0 1.1717171717171717 1.878787878787879 1.5757575757575757 1.0505050505050506 1.0505050505050506 1.494949494949495 1.0505050505050506 1.3737373737373737 1.8181818181818181 1.5151515151515151 1.595959595959596 1.0303030303030303 1.2727272727272727 1.3737373737373737 1.5151515151515151 1.5757575757575757 1.2121212121212122 0.8484848484848485 0.9494949494949495 1.878787878787879 1.4747474747474747 1.5555555555555556 1.1919191919191918 1.4343434343434343 1.898989898989899 1.2121212121212122 1.5757575757575757 1.0101010101010102 0.8484848484848485  
68 578.5712068739368 1.4848484848484849 2.1515151515151514 2.6363636363636362 2.0303030303030303 1.7878787878787878 2.6666666666666665 2.242424242424242 2.0606060606060606 1.8181818181818181 2.4242424242424243 3.0 1.7575757575757576 2.8181818181818183 2.3636363636363638 1.5757575757575757 1.5757575757575757 2.242424242424242 1.5757575757575757 2.0606060606060606 2.727272727272727 2.272727272727273 2.393939393939394 1.5454545454545454 1.9090909090909092 2.0606060606060606 2.272727272727273 2.3636363636363638 1.8181818181818181 1.2727272727272727 1.4242424242424243 2.8181818181818183 2.212121212121212 2.3333333333333335 1.7878787878787878 2.1515151515151514 2.8484848484848486 1.8181818181818181 2.3636363636363638 1.5151515151515151 1.2727272727272727  
58 142.69864926723324 0.98989898989899 1.4343434343434343 1.7575757575757576 1.3535353535353536 1.1919191919191918 1.7777777777777777 1.494949494949495 1.3737373737373737 1.2121212121212122 1.6161616161616161 2.0 1.1717171717171717 1.878787878787879 1.5757575757575757 1.0505050505050506 1.0505050505050506 1.494949494949495 1.0505050505050506 1.3737373737373737 1.8181818181818181 1.5151515151515151 1.595959595959596 1.0303030303030303 1.2727272727272727 1.3737373737373737 1.5151515151515151 1.5757575757575757 1.2121212121212122 0.8484848484848485 0.9494949494949495 1.878787878787879 1.4747474747474747 1.5555555555555556 1.1919191919191918 1.4343434343434343 1.898989898989899 1.2121212121212122 1.5757575757575757 1.0101010101010102 0.8484848484848485  
57 151.2616892115154 1.4848484848484849 2.1515151515151514 2.6363636363636362 2.0303030303030303 1.7878787878787878 2.6666666666666665 2.242424242424242 2.0606060606060606 1.8181818181818181 2.4242424242424243 3.0 1.7575757575757576 2.8181818181818183 2.3636363636363638 1.5757575757575757 1.5757575757575757 2.242424242424242 1.5757575757575757 2.0606060606060606 2.727272727272727 2.272727272727273 2.393939393939394 1.5454545454545454 1.9090909090909092 2.0606060606060606 2.272727272727273 2.3636363636363638 1.8181818181818181 1.2727272727272727 1.4242424242424243 2.8181818181818183 2.212121212121212 2.3333333333333335 1.7878787878787878 2.1515151515151514 2.8484848484848486 1.8181818181818181 2.3636363636363638 1.5151515151515151 1.2727272727272727  
2 111.78643921990371 0.98989898989899 1.4343434343434343 1.7575757575757576 1.3535353535353536 1.1919191919191918 1.7777777777777777 1.494949494949495 1.3737373737373737 1.2121212121212122 1.6161616161616161 2.0 1.1717171717171717 1.878787878787879 1.5757575757575757 1.0505050505050506 1.0505050505050506 1.494949494949495 1.0505050505050506 1.3737373737373737 1.8181818181818181 1.5151515151515151 1.595959595959596 1.0303030303030303 1.2727272727272727 1.3737373737373737 1.5151515151515151 1.5757575757575757 1.2121212121212122 0.8484848484848485 0.9494949494949495 1.878787878787879 1.4747474747474747 1.5555555555555556 1.1919191919191918 1.4343434343434343 1.898989898989899 1.2121212121212122 1.5757575757575757 1.0101010101010102 0.8484848484848485  
50 90.41618921840325 1.4848484848484849 2.1515151515151514 2.6363636363636362 2.0303030303030303 1.7878787878787878 2.6666666666666665 2.242424242424242 2.0606060606060606 1.8181818181818181 2.4242424242424243 3.0 1.7575757575757576 2.8181818181818183 2.3636363636363638 1.5757575757575757 1.5757575757575757 2.242424242424242 1.5757575757575757 2.0606060606060606 2.727272727272727 2.272727272727273 2.393939393939394 1.5454545454545454 1.9090909090909092 2.0606060606060606 2.272727272727273 2.3636363636363638 1.8181818181818181 1.2727272727272727 1.4242424242424243 2.8181818181818183 2.212121212121212 2.3333333333333335 1.7878787878787878 2.1515151515151514 2.8484848484848486 1.8181818181818181 2.3636363636363638 1.5151515151515151 1.2727272727272727  
77 315.5977428089417 0.98989898989899 1.4343434343434343 1.7575757575757576 1.3535353535353536 1.1919191919191918 1.7777777777777777 1.494949494949495 1.3737373737373737 1.2121212121212122 1.6161616161616161 2.0 1.1717171717171717 1.878787878787879 1.5757575757575757 1.0505050505050506 1.0505050505050506 1.494949494949495 1.0505050505050506 1.3737373737373737 1.8181818181818181 1.5151515151515151 1.595959595959596 1.0303030303030303 1.2727272727272727 1.3737373737373737 1.5151515151515151 1.5757575757575757 1.2121212121212122 0.8484848484848485 0.9494949494949495 1.878787878787879 1.4747474747474747 1.5555555555555556 1.1919191919191918 1.4343434343434343 1.898989898989899 1.2121212121212122 1.5757575757575757 1.0101010101010102 0.8484848484848485  
37 59.500262432247744 1.4848484848484849 2.1515151515151514 2.6363636363636362 2.0303030303030303 1.7878787878787878 2.6666666666666665 2.242424242424242 2.0606060606060606 1.8181818181818181 2.4242424242424243 3.0 1.7575757575757576 2.8181818181818183 2.3636363636363638 1.5757575757575757 1.5757575757575757 2.242424242424242 1.5757575757575757 2.0606060606060606 2.727272727272727 2.272727272727273 2.393939393939394 1.5454545454545454 1.9090909090909092 2.0606060606060606 2.272727272727273 2.3636363636363638 1.8181818181818181 1.2727272727272727 1.4242424242424243 2.8181818181818183 2.212121212121212 2.3333333333333335 1.7878787878787878 2.1515151515151514 2.8484848484848486 1.8181818181818181 2.3636363636363638 1.5151515151515151 1.2727272727272727  
44 416.9864371506967 0.98989898989899 1.4343434343434343 1.7575757575757576 1.3535353535353536 1.1919191919191918 1.7777777777777777 1.494949494949495 1.3737373737373737 1.2121212121212122 1.6161616161616161 2.0 1.1717171717171717 1.878787878787879 1.5757575757575757 1.0505050505050506 1.0505050505050506 1.494949494949495 1.0505050505050506 1.3737373737373737 1.8181818181818181 1.5151515151515151 1.595959595959596 1.0303030303030303 1.2727272727272727 1.3737373737373737 1.5151515151515151 1.5757575757575757 1.2121212121212122 0.8484848484848485 0.9494949494949495 1.878787878787879 1.4747474747474747 1.5555555555555556 1.1919191919191918 1.4343434343434343 1.898989898989899 1.2121212121212122 1.5757575757575757 1.0101010101010102 0.8484848484848485  
94 132.67538668375653 0.98989898989899 1.4343434343434343 1.7575757575757576 1.3535353535353536 1.1919191919191918 1.7777777777777777 1.494949494949495 1.3737373737373737 1.2121212121212122 1.6161616161616161 2.0 1.1717171717171717 1.878787878787879 1.5757575757575757 1.0505050505050506 1.0505050505050506 1.494949494949495 1.0505050505050506 1.3737373737373737 1.8181818181818181 1.5151515151515151 1.595959595959596 1.0303030303030303 1.2727272727272727 1.3737373737373737 1.5151515151515151 1.5757575757575757 1.2121212121212122 0.8484848484848485 0.9494949494949495 1.878787878787879 1.4747474747474747 1.5555555555555556 1.1919191919191918 1.4343434343434343 1.898989898989899 1.2121212121212122 1.5757575757575757 1.0101010101010102 0.8484848484848485  
54 232.81055391799032 1.4848484848484849 2.1515151515151514 2.6363636363636362 2.0303030303030303 1.7878787878787878 2.6666666666666665 2.242424242424242 2.0606060606060606 1.8181818181818181 2.4242424242424243 3.0 1.7575757575757576 2.8181818181818183 2.3636363636363638 1.5757575757575757 1.5757575757575757 2.242424242424242 1.5757575757575757 2.0606060606060606 2.727272727272727 2.272727272727273 2.393939393939394 1.5454545454545454 1.9090909090909092 2.0606060606060606 2.272727272727273 2.3636363636363638 1.8181818181818181 1.2727272727272727 1.4242424242424243 2.8181818181818183 2.212121212121212 2.3333333333333335 1.7878787878787878 2.1515151515151514 2.8484848484848486 1.8181818181818181 2.3636363636363638 1.5151515151515151 1.2727272727272727  
82 234.01846660759097 1.4848484848484849 2.1515151515151514 2.6363636363636362 2.0303030303030303 1.7878787878787878 2.6666666666666665 2.242424242424242 2.0606060606060606 1.8181818181818181 2.4242424242424243 3.0 1.7575757575757576 2.8181818181818183 2.3636363636363638 1.5757575757575757 1.5757575757575757 2.242424242424242 1.5757575757575757 2.0606060606060606 2.727272727272727 2.272727272727273 2.393939393939394 1.5454545454545454 1.9090909090909092 2.0606060606060606 2.272727272727273 2.3636363636363638 1.8181818181818181 1.2727272727272727 1.4242424242424243 2.8181818181818183 2.212121212121212 2.3333333333333335 1.7878787878787878 2.1515151515151514 2.8484848484848486 1.8181818181818181 2.3636363636363638 1.5151515151515151 1.2727272727272727  
25 720.9367321722975 1.4848484848484849 2.1515151515151514 2.6363636363636362 2.0303030303030303 1.7878787878787878 2.6666666666666665 2.242424242424242 2.0606060606060606 1.8181818181818181 2.4242424242424243 3.0 1.7575757575757576 2.8181818181818183 2.3636363636363638 1.5757575757575757 1.5757575757575757 2.242424242424242 1.5757575757575757 2.0606060606060606 2.727272727272727 2.272727272727273 2.393939393939394 1.5454545454545454 1.9090909090909092 2.0606060606060606 2.272727272727273 2.3636363636363638 1.8181818181818181 1.2727272727272727 1.4242424242424243 2.8181818181818183 2.212121212121212 2.3333333333333335 1.7878787878787878 2.1515151515151514 2.8484848484848486 1.8181818181818181 2.3636363636363638 1.5151515151515151 1.2727272727272727  
91 68.33175905243151 0.98989898989899 1.4343434343434343 1.7575757575757576 1.3535353535353536 1.1919191919191918 1.7777777777777777 1.494949494949495 1.3737373737373737 1.2121212121212122 1.6161616161616161 2.0 1.1717171717171717 1.878787878787879 1.5757575757575757 1.0505050505050506 1.0505050505050506 1.494949494949495 1.0505050505050506 1.3737373737373737 1.8181818181818181 1.5151515151515151 1.595959595959596 1.0303030303030303 1.2727272727272727 1.3737373737373737 1.5151515151515151 1.5757575757575757 1.2121212121212122 0.8484848484848485 0.9494949494949495 1.878787878787879 1.4747474747474747 1.5555555555555556 1.1919191919191918 1.4343434343434343 1.898989898989899 1.2121212121212122 1.5757575757575757 1.0101010101010102 0.8484848484848485  
89 58.391867297939996 1.4848484848484849 2.1515151515151514 2.6363636363636362 2.0303030303030303 1.7878787878787878 2.6666666666666665 2.242424242424242 2.0606060606060606 1.8181818181818181 2.4242424242424243 3.0 1.7575757575757576 2.8181818181818183 2.3636363636363638 1.5757575757575757 1.5757575757575757 2.242424242424242 1.5757575757575757 2.0606060606060606 2.727272727272727 2.272727272727273 2.393939393939394 1.5454545454545454 1.9090909090909092 2.0606060606060606 2.272727272727273 2.3636363636363638 1.8181818181818181 1.2727272727272727 1.4242424242424243 2.8181818181818183 2.212121212121212 2.3333333333333335 1.7878787878787878 2.1515151515151514 2.8484848484848486 1.8181818181818181 2.3636363636363638 1.5151515151515151 1.2727272727272727  
45 387.3289302933009 0.98989898989899 1.4343434343434343 1.7575757575757576 1.3535353535353536 1.1919191919191918 1.7777777777777777 1.494949494949495 1.3737373737373737 1.2121212121212122 1.6161616161616161 2.0 1.1717171717171717 1.878787878787879 1.5757575757575757 1.0505050505050506 1.0505050505050506 1.494949494949495 1.0505050505050506 1.3737373737373737 1.8181818181818181 1.5151515151515151 1.595959595959596 1.0303030303030303 1.2727272727272727 1.3737373737373737 1.5151515151515151 1.5757575757575757 1.2121212121212122 0.8484848484848485 0.9494949494949495 1.878787878787879 1.4747474747474747 1.5555555555555556 1.1919191919191918 1.4343434343434343 1.898989898989899 1.2121212121212122 1.5757575757575757 1.0101010101010102 0.8484848484848485  
83 201.79344821220405 1.4848484848484849 2.1515151515151514 2.6363636363636362 2.0303030303030303 1.7878787878787878 2.6666666666666665 2.242424242424242 2.0606060606060606 1.8181818181818181 2.4242424242424243 3.0 1.7575757575757576 2.8181818181818183 2.3636363636363638 1.5757575757575757 1.5757575757575757 2.242424242424242 1.5757575757575757 2.0606060606060606 2.727272727272727 2.272727272727273 2.393939393939394 1.5454545454545454 1.9090909090909092 2.0606060606060606 2.272727272727273 2.3636363636363638 1.8181818181818181 1.2727272727272727 1.4242424242424243 2.8181818181818183 2.212121212121212 2.3333333333333335 1.7878787878787878 2.1515151515151514 2.8484848484848486 1.8181818181818181 2.3636363636363638 1.5151515151515151 1.2727272727272727  
98 205.06320474410737 1.4848484848484849 2.1515151515151514 2.6363636363636362 2.0303030303030303 1.7878787878787878 2.6666666666666665 2.242424242424242 2.0606060606060606 1.8181818181818181 2.4242424242424243 3.0 1.7575757575757576 2.8181818181818183 2.3636363636363638 1.5757575757575757 1.5757575757575757 2.242424242424242 1.5757575757575757 2.0606060606060606 2.727272727272727 2.272727272727273 2.393939393939394 1.5454545454545454 1.9090909090909092 2.0606060606060606 2.272727272727273 2.3636363636363638 1.8181818181818181 1.2727272727272727 1.4242424242424243 2.8181818181818183 2.212121212121212 2.3333333333333335 1.7878787878787878 2.1515151515151514 2.8484848484848486 1.8181818181818181 2.3636363636363638 1.5151515151515151 1.2727272727272727  
69 323.85823290500036 0.98989898989899 1.4343434343434343 1.7575757575757576 1.3535353535353536 1.1919191919191918 1.7777777777777777 1.494949494949495 1.3737373737373737 1.2121212121212122 1.6161616161616161 2.0 1.1717171717171717 1.878787878787879 1.5757575757575757 1.0505050505050506 1.0505050505050506 1.494949494949495 1.0505050505050506 1.3737373737373737 1.8181818181818181 1.5151515151515151 1.595959595959596 1.0303030303030303 1.2727272727272727 1.3737373737373737 1.5151515151515151 1.5757575757575757 1.2121212121212122 0.8484848484848485 0.9494949494949495 1.878787878787879 1.4747474747474747 1.5555555555555556 1.1919191919191918 1.4343434343434343 1.898989898989899 1.2121212121212122 1.5757575757575757 1.0101010101010102 0.8484848484848485  
105 39.39385190959281 0.98989898989899 1.4343434343434343 1.7575757575757576 1.3535353535353536 1.1919191919191918 1.7777777777777777 1.494949494949495 1.3737373737373737 1.2121212121212122 1.6161616161616161 2.0 1.1717171717171717 1.878787878787879 1.5757575757575757 1.0505050505050506 1.0505050505050506 1.494949494949495 1.0505050505050506 1.3737373737373737 1.8181818181818181 1.5151515151515151 1.595959595959596 1.0303030303030303 1.2727272727272727 1.3737373737373737 1.5151515151515151 1.5757575757575757 1.2121212121212122 0.8484848484848485 0.9494949494949495 1.878787878787879 1.4747474747474747 1.5555555555555556 1.1919191919191918 1.4343434343434343 1.898989898989899 1.2121212121212122 1.5757575757575757 1.0101010101010102 0.8484848484848485  
17 867.1983029406931 0.98989898989899 1.4343434343434343 1.7575757575757576 1.3535353535353536 1.1919191919191918 1.7777777777777777 1.494949494949495 1.3737373737373737 1.2121212121212122 1.6161616161616161 2.0 1.1717171717171717 1.878787878787879 1.5757575757575757 1.0505050505050506 1.0505050505050506 1.494949494949495 1.0505050505050506 1.3737373737373737 1.8181818181818181 1.5151515151515151 1.595959595959596 1.0303030303030303 1.2727272727272727 1.3737373737373737 1.5151515151515151 1.5757575757575757 1.2121212121212122 0.8484848484848485 0.9494949494949495 1.878787878787879 1.4747474747474747 1.5555555555555556 1.1919191919191918 1.4343434343434343 1.898989898989899 1.2121212121212122 1.5757575757575757 1.0101010101010102 0.8484848484848485  
60 136.3333227816919 0.98989898989899 1.4343434343434343 1.7575757575757576 1.3535353535353536 1.1919191919191918 1.7777777777777777 1.494949494949495 1.3737373737373737 1.2121212121212122 1.6161616161616161 2.0 1.1717171717171717 1.878787878787879 1.5757575757575757 1.0505050505050506 1.0505050505050506 1.494949494949495 1.0505050505050506 1.3737373737373737 1.8181818181818181 1.5151515151515151 1.595959595959596 1.0303030303030303 1.2727272727272727 1.3737373737373737 1.5151515151515151 1.5757575757575757 1.2121212121212122 0.8484848484848485 0.9494949494949495 1.878787878787879 1.4747474747474747 1.5555555555555556 1.1919191919191918 1.4343434343434343 1.898989898989899 1.2121212121212122 1.5757575757575757 1.0101010101010102 0.8484848484848485  
75 131.0777965961965 0.98989898989899 1.4343434343434343 1.7575757575757576 1.3535353535353536 1.1919191919191918 1.7777777777777777 1.494949494949495 1.3737373737373737 1.2121212121212122 1.6161616161616161 2.0 1.1717171717171717 1.878787878787879 1.5757575757575757 1.0505050505050506 1.0505050505050506 1.494949494949495 1.0505050505050506 1.3737373737373737 1.8181818181818181 1.5151515151515151 1.595959595959596 1.0303030303030303 1.2727272727272727 1.3737373737373737 1.5151515151515151 1.5757575757575757 1.2121212121212122 0.8484848484848485 0.9494949494949495 1.878787878787879 1.4747474747474747 1.5555555555555556 1.1919191919191918 1.4343434343434343 1.898989898989899 1.2121212121212122 1.5757575757575757 1.0101010101010102 0.8484848484848485  
18 493.6029891820636 1.4848484848484849 2.1515151515151514 2.6363636363636362 2.0303030303030303 1.7878787878787878 2.6666666666666665 2.242424242424242 2.0606060606060606 1.8181818181818181 2.4242424242424243 3.0 1.7575757575757576 2.8181818181818183 2.3636363636363638 1.5757575757575757 1.5757575757575757 2.242424242424242 1.5757575757575757 2.0606060606060606 2.727272727272727 2.272727272727273 2.393939393939394 1.5454545454545454 1.9090909090909092 2.0606060606060606 2.272727272727273 2.3636363636363638 1.8181818181818181 1.2727272727272727 1.4242424242424243 2.8181818181818183 2.212121212121212 2.3333333333333335 1.7878787878787878 2.1515151515151514 2.8484848484848486 1.8181818181818181 2.3636363636363638 1.5151515151515151 1.2727272727272727  
20 240.77371782763746 0.98989898989899 1.4343434343434343 1.7575757575757576 1.3535353535353536 1.1919191919191918 1.7777777777777777 1.494949494949495 1.3737373737373737 1.2121212121212122 1.6161616161616161 2.0 1.1717171717171717 1.878787878787879 1.5757575757575757 1.0505050505050506 1.0505050505050506 1.494949494949495 1.0505050505050506 1.3737373737373737 1.8181818181818181 1.5151515151515151 1.595959595959596 1.0303030303030303 1.2727272727272727 1.3737373737373737 1.5151515151515151 1.5757575757575757 1.2121212121212122 0.8484848484848485 0.9494949494949495 1.878787878787879 1.4747474747474747 1.5555555555555556 1.1919191919191918 1.4343434343434343 1.898989898989899 1.2121212121212122 1.5757575757575757 1.0101010101010102 0.8484848484848485  
21 320.8005143376721 1.4848484848484849 2.1515151515151514 2.6363636363636362 2.0303030303030303 1.7878787878787878 2.6666666666666665 2.242424242424242 2.0606060606060606 1.8181818181818181 2.4242424242424243 3.0 1.7575757575757576 2.8181818181818183 2.3636363636363638 1.5757575757575757 1.5757575757575757 2.242424242424242 1.5757575757575757 2.0606060606060606 2.727272727272727 2.272727272727273 2.393939393939394 1.5454545454545454 1.9090909090909092 2.0606060606060606 2.272727272727273 2.3636363636363638 1.8181818181818181 1.2727272727272727 1.4242424242424243 2.8181818181818183 2.212121212121212 2.3333333333333335 1.7878787878787878 2.1515151515151514 2.8484848484848486 1.8181818181818181 2.3636363636363638 1.5151515151515151 1.2727272727272727  
64 260.55929939533826 1.4848484848484849 2.1515151515151514 2.6363636363636362 2.0303030303030303 1.7878787878787878 2.6666666666666665 2.242424242424242 2.0606060606060606 1.8181818181818181 2.4242424242424243 3.0 1.7575757575757576 2.8181818181818183 2.3636363636363638 1.5757575757575757 1.5757575757575757 2.242424242424242 1.5757575757575757 2.0606060606060606 2.727272727272727 2.272727272727273 2.393939393939394 1.5454545454545454 1.9090909090909092 2.0606060606060606 2.272727272727273 2.3636363636363638 1.8181818181818181 1.2727272727272727 1.4242424242424243 2.8181818181818183 2.212121212121212 2.3333333333333335 1.7878787878787878 2.1515151515151514 2.8484848484848486 1.8181818181818181 2.3636363636363638 1.5151515151515151 1.2727272727272727  
52 206.7143401856224 0.98989898989899 1.4343434343434343 1.7575757575757576 1.3535353535353536 1.1919191919191918 1.7777777777777777 1.494949494949495 1.3737373737373737 1.2121212121212122 1.6161616161616161 2.0 1.1717171717171717 1.878787878787879 1.5757575757575757 1.0505050505050506 1.0505050505050506 1.494949494949495 1.0505050505050506 1.3737373737373737 1.8181818181818181 1.5151515151515151 1.595959595959596 1.0303030303030303 1.2727272727272727 1.3737373737373737 1.5151515151515151 1.5757575757575757 1.2121212121212122 0.8484848484848485 0.9494949494949495 1.878787878787879 1.4747474747474747 1.5555555555555556 1.1919191919191918 1.4343434343434343 1.898989898989899 1.2121212121212122 1.5757575757575757 1.0101010101010102 0.8484848484848485  
80 284.7347644174362 0.98989898989899 1.4343434343434343 1.7575757575757576 1.3535353535353536 1.1919191919191918 1.7777777777777777 1.494949494949495 1.3737373737373737 1.2121212121212122 1.6161616161616161 2.0 1.1717171717171717 1.878787878787879 1.5757575757575757 1.0505050505050506 1.0505050505050506 1.494949494949495 1.0505050505050506 1.3737373737373737 1.8181818181818181 1.5151515151515151 1.595959595959596 1.0303030303030303 1.2727272727272727 1.3737373737373737 1.5151515151515151 1.5757575757575757 1.2121212121212122 0.8484848484848485 0.9494949494949495 1.878787878787879 1.4747474747474747 1.5555555555555556 1.1919191919191918 1.4343434343434343 1.898989898989899 1.2121212121212122 1.5757575757575757 1.0101010101010102 0.8484848484848485  
88 226.3743870396095 0.98989898989899 1.4343434343434343 1.7575757575757576 1.3535353535353536 1.1919191919191918 1.7777777777777777 1.494949494949495 1.3737373737373737 1.2121212121212122 1.6161616161616161 2.0 1.1717171717171717 1.878787878787879 1.5757575757575757 1.0505050505050506 1.0505050505050506 1.494949494949495 1.0505050505050506 1.3737373737373737 1.8181818181818181 1.5151515151515151 1.595959595959596 1.0303030303030303 1.2727272727272727 1.3737373737373737 1.5151515151515151 1.5757575757575757 1.2121212121212122 0.8484848484848485 0.9494949494949495 1.878787878787879 1.4747474747474747 1.5555555555555556 1.1919191919191918 1.4343434343434343 1.898989898989899 1.2121212121212122 1.5757575757575757 1.0101010101010102 0.8484848484848485  
70 311.4439170236833 0.98989898989899 1.4343434343434343 1.7575757575757576 1.3535353535353536 1.1919191919191918 1.7777777777777777 1.494949494949495 1.3737373737373737 1.2121212121212122 1.6161616161616161 2.0 1.1717171717171717 1.878787878787879 1.5757575757575757 1.0505050505050506 1.0505050505050506 1.494949494949495 1.0505050505050506 1.3737373737373737 1.8181818181818181 1.5151515151515151 1.595959595959596 1.0303030303030303 1.2727272727272727 1.3737373737373737 1.5151515151515151 1.5757575757575757 1.2121212121212122 0.8484848484848485 0.9494949494949495 1.878787878787879 1.4747474747474747 1.5555555555555556 1.1919191919191918 1.4343434343434343 1.898989898989899 1.2121212121212122 1.5757575757575757 1.0101010101010102 0.8484848484848485  
41 236.88423651905703 1.4848484848484849 2.1515151515151514 2.6363636363636362 2.0303030303030303 1.7878787878787878 2.6666666666666665 2.242424242424242 2.0606060606060606 1.8181818181818181 2.4242424242424243 3.0 1.7575757575757576 2.8181818181818183 2.3636363636363638 1.5757575757575757 1.5757575757575757 2.242424242424242 1.5757575757575757 2.0606060606060606 2.727272727272727 2.272727272727273 2.393939393939394 1.5454545454545454 1.9090909090909092 2.0606060606060606 2.272727272727273 2.3636363636363638 1.8181818181818181 1.2727272727272727 1.4242424242424243 2.8181818181818183 2.212121212121212 2.3333333333333335 1.7878787878787878 2.1515151515151514 2.8484848484848486 1.8181818181818181 2.3636363636363638 1.5151515151515151 1.2727272727272727  
22 122.15066855512649 0.98989898989899 1.4343434343434343 1.7575757575757576 1.3535353535353536 1.1919191919191918 1.7777777777777777 1.494949494949495 1.3737373737373737 1.2121212121212122 1.6161616161616161 2.0 1.1717171717171717 1.878787878787879 1.5757575757575757 1.0505050505050506 1.0505050505050506 1.494949494949495 1.0505050505050506 1.3737373737373737 1.8181818181818181 1.5151515151515151 1.595959595959596 1.0303030303030303 1.2727272727272727 1.3737373737373737 1.5151515151515151 1.5757575757575757 1.2121212121212122 0.8484848484848485 0.9494949494949495 1.878787878787879 1.4747474747474747 1.5555555555555556 1.1919191919191918 1.4343434343434343 1.898989898989899 1.2121212121212122 1.5757575757575757 1.0101010101010102 0.8484848484848485  
63 69.82475265301622 0.98989898989899 1.4343434343434343 1.7575757575757576 1.3535353535353536 1.1919191919191918 1.7777777777777777 1.494949494949495 1.3737373737373737 1.2121212121212122 1.6161616161616161 2.0 1.1717171717171717 1.878787878787879 1.5757575757575757 1.0505050505050506 1.0505050505050506 1.494949494949495 1.0505050505050506 1.3737373737373737 1.8181818181818181 1.5151515151515151 1.595959595959596 1.0303030303030303 1.2727272727272727 1.3737373737373737 1.5151515151515151 1.5757575757575757 1.2121212121212122 0.8484848484848485 0.9494949494949495 1.878787878787879 1.4747474747474747 1.5555555555555556 1.1919191919191918 1.4343434343434343 1.898989898989899 1.2121212121212122 1.5757575757575757 1.0101010101010102 0.8484848484848485  
7 298.4605032955294 0.98989898989899 1.4343434343434343 1.7575757575757576 1.3535353535353536 1.1919191919191918 1.7777777777777777 1.494949494949495 1.3737373737373737 1.2121212121212122 1.6161616161616161 2.0 1.1717171717171717 1.878787878787879 1.5757575757575757 1.0505050505050506 1.0505050505050506 1.494949494949495 1.0505050505050506 1.3737373737373737 1.8181818181818181 1.5151515151515151 1.595959595959596 1.0303030303030303 1.2727272727272727 1.3737373737373737 1.5151515151515151 1.5757575757575757 1.2121212121212122 0.8484848484848485 0.9494949494949495 1.878787878787879 1.4747474747474747 1.5555555555555556 1.1919191919191918 1.4343434343434343 1.898989898989899 1.2121212121212122 1.5757575757575757 1.0101010101010102 0.8484848484848485  
90 69.92791777713622 1.4848484848484849 2.1515151515151514 2.6363636363636362 2.0303030303030303 1.7878787878787878 2.6666666666666665 2.242424242424242 2.0606060606060606 1.8181818181818181 2.4242424242424243 3.0 1.7575757575757576 2.8181818181818183 2.3636363636363638 1.5757575757575757 1.5757575757575757 2.242424242424242 1.5757575757575757 2.0606060606060606 2.727272727272727 2.272727272727273 2.393939393939394 1.5454545454545454 1.9090909090909092 2.0606060606060606 2.272727272727273 2.3636363636363638 1.8181818181818181 1.2727272727272727 1.4242424242424243 2.8181818181818183 2.212121212121212 2.3333333333333335 1.7878787878787878 2.1515151515151514 2.8484848484848486 1.8181818181818181 2.3636363636363638 1.5151515151515151 1.2727272727272727  
31 394.4502165057322 0.98989898989899 1.4343434343434343 1.7575757575757576 1.3535353535353536 1.1919191919191918 1.7777777777777777 1.494949494949495 1.3737373737373737 1.2121212121212122 1.6161616161616161 2.0 1.1717171717171717 1.878787878787879 1.5757575757575757 1.0505050505050506 1.0505050505050506 1.494949494949495 1.0505050505050506 1.3737373737373737 1.8181818181818181 1.5151515151515151 1.595959595959596 1.0303030303030303 1.2727272727272727 1.3737373737373737 1.5151515151515151 1.5757575757575757 1.2121212121212122 0.8484848484848485 0.9494949494949495 1.878787878787879 1.4747474747474747 1.5555555555555556 1.1919191919191918 1.4343434343434343 1.898989898989899 1.2121212121212122 1.5757575757575757 1.0101010101010102 0.8484848484848485  
78 199.171065565996 1.4848484848484849 2.1515151515151514 2.6363636363636362 2.0303030303030303 1.7878787878787878 2.6666666666666665 2.242424242424242 2.0606060606060606 1.8181818181818181 2.4242424242424243 3.0 1.7575757575757576 2.8181818181818183 2.3636363636363638 1.5757575757575757 1.5757575757575757 2.242424242424242 1.5757575757575757 2.0606060606060606 2.727272727272727 2.272727272727273 2.393939393939394 1.5454545454545454 1.9090909090909092 2.0606060606060606 2.272727272727273 2.3636363636363638 1.8181818181818181 1.2727272727272727 1.4242424242424243 2.8181818181818183 2.212121212121212 2.3333333333333335 1.7878787878787878 2.1515151515151514 2.8484848484848486 1.8181818181818181 2.3636363636363638 1.5151515151515151 1.2727272727272727  
73 14.399440014355699 1.4848484848484849 2.1515151515151514 2.6363636363636362 2.0303030303030303 1.7878787878787878 2.6666666666666665 2.242424242424242 2.0606060606060606 1.8181818181818181 2.4242424242424243 3.0 1.7575757575757576 2.8181818181818183 2.3636363636363638 1.5757575757575757 1.5757575757575757 2.242424242424242 1.5757575757575757 2.0606060606060606 2.727272727272727 2.272727272727273 2.393939393939394 1.5454545454545454 1.9090909090909092 2.0606060606060606 2.272727272727273 2.3636363636363638 1.8181818181818181 1.2727272727272727 1.4242424242424243 2.8181818181818183 2.212121212121212 2.3333333333333335 1.7878787878787878 2.1515151515151514 2.8484848484848486 1.8181818181818181 2.3636363636363638 1.5151515151515151 1.2727272727272727  
104 229.22731509910471 0.98989898989899 1.4343434343434343 1.7575757575757576 1.3535353535353536 1.1919191919191918 1.7777777777777777 1.494949494949495 1.3737373737373737 1.2121212121212122 1.6161616161616161 2.0 1.1717171717171717 1.878787878787879 1.5757575757575757 1.0505050505050506 1.0505050505050506 1.494949494949495 1.0505050505050506 1.3737373737373737 1.8181818181818181 1.5151515151515151 1.595959595959596 1.0303030303030303 1.2727272727272727 1.3737373737373737 1.5151515151515151 1.5757575757575757 1.2121212121212122 0.8484848484848485 0.9494949494949495 1.878787878787879 1.4747474747474747 1.5555555555555556 1.1919191919191918 1.4343434343434343 1.898989898989899 1.2121212121212122 1.5757575757575757 1.0101010101010102 0.8484848484848485  
71 360.5597876943749 1.4848484848484849 2.1515151515151514 2.6363636363636362 2.0303030303030303 1.7878787878787878 2.6666666666666665 2.242424242424242 2.0606060606060606 1.8181818181818181 2.4242424242424243 3.0 1.7575757575757576 2.8181818181818183 2.3636363636363638 1.5757575757575757 1.5757575757575757 2.242424242424242 1.5757575757575757 2.0606060606060606 2.727272727272727 2.272727272727273 2.393939393939394 1.5454545454545454 1.9090909090909092 2.0606060606060606 2.272727272727273 2.3636363636363638 1.8181818181818181 1.2727272727272727 1.4242424242424243 2.8181818181818183 2.212121212121212 2.3333333333333335 1.7878787878787878 2.1515151515151514 2.8484848484848486 1.8181818181818181 2.3636363636363638 1.5151515151515151 1.2727272727272727  
1 53.23051972734283 0.98989898989899 1.4343434343434343 1.7575757575757576 1.3535353535353536 1.1919191919191918 1.7777777777777777 1.494949494949495 1.3737373737373737 1.2121212121212122 1.6161616161616161 2.0 1.1717171717171717 1.878787878787879 1.5757575757575757 1.0505050505050506 1.0505050505050506 1.494949494949495 1.0505050505050506 1.3737373737373737 1.8181818181818181 1.5151515151515151 1.595959595959596 1.0303030303030303 1.2727272727272727 1.3737373737373737 1.5151515151515151 1.5757575757575757 1.2121212121212122 0.8484848484848485 0.9494949494949495 1.878787878787879 1.4747474747474747 1.5555555555555556 1.1919191919191918 1.4343434343434343 1.898989898989899 1.2121212121212122 1.5757575757575757 1.0101010101010102 0.8484848484848485  
24 168.4005738682532 0.98989898989899 1.4343434343434343 1.7575757575757576 1.3535353535353536 1.1919191919191918 1.7777777777777777 1.494949494949495 1.3737373737373737 1.2121212121212122 1.6161616161616161 2.0 1.1717171717171717 1.878787878787879 1.5757575757575757 1.0505050505050506 1.0505050505050506 1.494949494949495 1.0505050505050506 1.3737373737373737 1.8181818181818181 1.5151515151515151 1.595959595959596 1.0303030303030303 1.2727272727272727 1.3737373737373737 1.5151515151515151 1.5757575757575757 1.2121212121212122 0.8484848484848485 0.9494949494949495 1.878787878787879 1.4747474747474747 1.5555555555555556 1.1919191919191918 1.4343434343434343 1.898989898989899 1.2121212121212122 1.5757575757575757 1.0101010101010102 0.8484848484848485  
15 527.8919797169842 0.98989898989899 1.4343434343434343 1.7575757575757576 1.3535353535353536 1.1919191919191918 1.7777777777777777 1.494949494949495 1.3737373737373737 1.2121212121212122 1.6161616161616161 2.0 1.1717171717171717 1.878787878787879 1.5757575757575757 1.0505050505050506 1.0505050505050506 1.494949494949495 1.0505050505050506 1.3737373737373737 1.8181818181818181 1.5151515151515151 1.595959595959596 1.0303030303030303 1.2727272727272727 1.3737373737373737 1.5151515151515151 1.5757575757575757 1.2121212121212122 0.8484848484848485 0.9494949494949495 1.878787878787879 1.4747474747474747 1.5555555555555556 1.1919191919191918 1.4343434343434343 1.898989898989899 1.2121212121212122 1.5757575757575757 1.0101010101010102 0.8484848484848485  
79 130.96732234804378 0.98989898989899 1.4343434343434343 1.7575757575757576 1.3535353535353536 1.1919191919191918 1.7777777777777777 1.494949494949495 1.3737373737373737 1.2121212121212122 1.6161616161616161 2.0 1.1717171717171717 1.878787878787879 1.5757575757575757 1.0505050505050506 1.0505050505050506 1.494949494949495 1.0505050505050506 1.3737373737373737 1.8181818181818181 1.5151515151515151 1.595959595959596 1.0303030303030303 1.2727272727272727 1.3737373737373737 1.5151515151515151 1.5757575757575757 1.2121212121212122 0.8484848484848485 0.9494949494949495 1.878787878787879 1.4747474747474747 1.5555555555555556 1.1919191919191918 1.4343434343434343 1.898989898989899 1.2121212121212122 1.5757575757575757 1.0101010101010102 0.8484848484848485  
43 533.8299712776817 0.98989898989899 1.4343434343434343 1.7575757575757576 1.3535353535353536 1.1919191919191918 1.7777777777777777 1.494949494949495 1.3737373737373737 1.2121212121212122 1.6161616161616161 2.0 1.1717171717171717 1.878787878787879 1.5757575757575757 1.0505050505050506 1.0505050505050506 1.494949494949495 1.0505050505050506 1.3737373737373737 1.8181818181818181 1.5151515151515151 1.595959595959596 1.0303030303030303 1.2727272727272727 1.3737373737373737 1.5151515151515151 1.5757575757575757 1.2121212121212122 0.8484848484848485 0.9494949494949495 1.878787878787879 1.4747474747474747 1.5555555555555556 1.1919191919191918 1.4343434343434343 1.898989898989899 1.2121212121212122 1.5757575757575757 1.0101010101010102 0.8484848484848485  
95 31.048495737323606 1.4848484848484849 2.1515151515151514 2.6363636363636362 2.0303030303030303 1.7878787878787878 2.6666666666666665 2.242424242424242 2.0606060606060606 1.8181818181818181 2.4242424242424243 3.0 1.7575757575757576 2.8181818181818183 2.3636363636363638 1.5757575757575757 1.5757575757575757 2.242424242424242 1.5757575757575757 2.0606060606060606 2.727272727272727 2.272727272727273 2.393939393939394 1.5454545454545454 1.9090909090909092 2.0606060606060606 2.272727272727273 2.3636363636363638 1.8181818181818181 1.2727272727272727 1.4242424242424243 2.8181818181818183 2.212121212121212 2.3333333333333335 1.7878787878787878 2.1515151515151514 2.8484848484848486 1.8181818181818181 2.3636363636363638 1.5151515151515151 1.2727272727272727  
40 167.6109247873835 1.4848484848484849 2.1515151515151514 2.6363636363636362 2.0303030303030303 1.7878787878787878 2.6666666666666665 2.242424242424242 2.0606060606060606 1.8181818181818181 2.4242424242424243 3.0 1.7575757575757576 2.8181818181818183 2.3636363636363638 1.5757575757575757 1.5757575757575757 2.242424242424242 1.5757575757575757 2.0606060606060606 2.727272727272727 2.272727272727273 2.393939393939394 1.5454545454545454 1.9090909090909092 2.0606060606060606 2.272727272727273 2.3636363636363638 1.8181818181818181 1.2727272727272727 1.4242424242424243 2.8181818181818183 2.212121212121212 2.3333333333333335 1.7878787878787878 2.1515151515151514 2.8484848484848486 1.8181818181818181 2.3636363636363638 1.5151515151515151 1.2727272727272727  
59 127.71321404707112 1.4848484848484849 2.1515151515151514 2.6363636363636362 2.0303030303030303 1.7878787878787878 2.6666666666666665 2.242424242424242 2.0606060606060606 1.8181818181818181 2.4242424242424243 3.0 1.7575757575757576 2.8181818181818183 2.3636363636363638 1.5757575757575757 1.5757575757575757 2.242424242424242 1.5757575757575757 2.0606060606060606 2.727272727272727 2.272727272727273 2.393939393939394 1.5454545454545454 1.9090909090909092 2.0606060606060606 2.272727272727273 2.3636363636363638 1.8181818181818181 1.2727272727272727 1.4242424242424243 2.8181818181818183 2.212121212121212 2.3333333333333335 1.7878787878787878 2.1515151515151514 2.8484848484848486 1.8181818181818181 2.3636363636363638 1.5151515151515151 1.2727272727272727  
36 352.269191418303 1.4848484848484849 2.1515151515151514 2.6363636363636362 2.0303030303030303 1.7878787878787878 2.6666666666666665 2.242424242424242 2.0606060606060606 1.8181818181818181 2.4242424242424243 3.0 1.7575757575757576 2.8181818181818183 2.3636363636363638 1.5757575757575757 1.5757575757575757 2.242424242424242 1.5757575757575757 2.0606060606060606 2.727272727272727 2.272727272727273 2.393939393939394 1.5454545454545454 1.9090909090909092 2.0606060606060606 2.272727272727273 2.3636363636363638 1.8181818181818181 1.2727272727272727 1.4242424242424243 2.8181818181818183 2.212121212121212 2.3333333333333335 1.7878787878787878 2.1515151515151514 2.8484848484848486 1.8181818181818181 2.3636363636363638 1.5151515151515151 1.2727272727272727  
81 34.6415612675853 0.98989898989899 1.4343434343434343 1.7575757575757576 1.3535353535353536 1.1919191919191918 1.7777777777777777 1.494949494949495 1.3737373737373737 1.2121212121212122 1.6161616161616161 2.0 1.1717171717171717 1.878787878787879 1.5757575757575757 1.0505050505050506 1.0505050505050506 1.494949494949495 1.0505050505050506 1.3737373737373737 1.8181818181818181 1.5151515151515151 1.595959595959596 1.0303030303030303 1.2727272727272727 1.3737373737373737 1.5151515151515151 1.5757575757575757 1.2121212121212122 0.8484848484848485 0.9494949494949495 1.878787878787879 1.4747474747474747 1.5555555555555556 1.1919191919191918 1.4343434343434343 1.898989898989899 1.2121212121212122 1.5757575757575757 1.0101010101010102 0.8484848484848485  
3 141.09670291296638 0.98989898989899 1.4343434343434343 1.7575757575757576 1.3535353535353536 1.1919191919191918 1.7777777777777777 1.494949494949495 1.3737373737373737 1.2121212121212122 1.6161616161616161 2.0 1.1717171717171717 1.878787878787879 1.5757575757575757 1.0505050505050506 1.0505050505050506 1.494949494949495 1.0505050505050506 1.3737373737373737 1.8181818181818181 1.5151515151515151 1.595959595959596 1.0303030303030303 1.2727272727272727 1.3737373737373737 1.5151515151515151 1.5757575757575757 1.2121212121212122 0.8484848484848485 0.9494949494949495 1.878787878787879 1.4747474747474747 1.5555555555555556 1.1919191919191918 1.4343434343434343 1.898989898989899 1.2121212121212122 1.5757575757575757 1.0101010101010102 0.8484848484848485  
19 584.939505238769 0.98989898989899 1.4343434343434343 1.7575757575757576 1.3535353535353536 1.1919191919191918 1.7777777777777777 1.494949494949495 1.3737373737373737 1.2121212121212122 1.6161616161616161 2.0 1.1717171717171717 1.878787878787879 1.5757575757575757 1.0505050505050506 1.0505050505050506 1.494949494949495 1.0505050505050506 1.3737373737373737 1.8181818181818181 1.5151515151515151 1.595959595959596 1.0303030303030303 1.2727272727272727 1.3737373737373737 1.5151515151515151 1.5757575757575757 1.2121212121212122 0.8484848484848485 0.9494949494949495 1.878787878787879 1.4747474747474747 1.5555555555555556 1.1919191919191918 1.4343434343434343 1.898989898989899 1.2121212121212122 1.5757575757575757 1.0101010101010102 0.8484848484848485  
72 207.4834888066706 0.98989898989899 1.4343434343434343 1.7575757575757576 1.3535353535353536 1.1919191919191918 1.7777777777777777 1.494949494949495 1.3737373737373737 1.2121212121212122 1.6161616161616161 2.0 1.1717171717171717 1.878787878787879 1.5757575757575757 1.0505050505050506 1.0505050505050506 1.494949494949495 1.0505050505050506 1.3737373737373737 1.8181818181818181 1.5151515151515151 1.595959595959596 1.0303030303030303 1.2727272727272727 1.3737373737373737 1.5151515151515151 1.5757575757575757 1.2121212121212122 0.8484848484848485 0.9494949494949495 1.878787878787879 1.4747474747474747 1.5555555555555556 1.1919191919191918 1.4343434343434343 1.898989898989899 1.2121212121212122 1.5757575757575757 1.0101010101010102 0.8484848484848485  
86 109.89912043527067 1.4848484848484849 2.1515151515151514 2.6363636363636362 2.0303030303030303 1.7878787878787878 2.6666666666666665 2.242424242424242 2.0606060606060606 1.8181818181818181 2.4242424242424243 3.0 1.7575757575757576 2.8181818181818183 2.3636363636363638 1.5757575757575757 1.5757575757575757 2.242424242424242 1.5757575757575757 2.0606060606060606 2.727272727272727 2.272727272727273 2.393939393939394 1.5454545454545454 1.9090909090909092 2.0606060606060606 2.272727272727273 2.3636363636363638 1.8181818181818181 1.2727272727272727 1.4242424242424243 2.8181818181818183 2.212121212121212 2.3333333333333335 1.7878787878787878 2.1515151515151514 2.8484848484848486 1.8181818181818181 2.3636363636363638 1.5151515151515151 1.2727272727272727  
76 152.00424167763262 0.98989898989899 1.4343434343434343 1.7575757575757576 1.3535353535353536 1.1919191919191918 1.7777777777777777 1.494949494949495 1.3737373737373737 1.2121212121212122 1.6161616161616161 2.0 1.1717171717171717 1.878787878787879 1.5757575757575757 1.0505050505050506 1.0505050505050506 1.494949494949495 1.0505050505050506 1.3737373737373737 1.8181818181818181 1.5151515151515151 1.595959595959596 1.0303030303030303 1.2727272727272727 1.3737373737373737 1.5151515151515151 1.5757575757575757 1.2121212121212122 0.8484848484848485 0.9494949494949495 1.878787878787879 1.4747474747474747 1.5555555555555556 1.1919191919191918 1.4343434343434343 1.898989898989899 1.2121212121212122 1.5757575757575757 1.0101010101010102 0.8484848484848485  
56 303.63735428557123 1.4848484848484849 2.1515151515151514 2.6363636363636362 2.0303030303030303 1.7878787878787878 2.6666666666666665 2.242424242424242 2.0606060606060606 1.8181818181818181 2.4242424242424243 3.0 1.7575757575757576 2.8181818181818183 2.3636363636363638 1.5757575757575757 1.5757575757575757 2.242424242424242 1.5757575757575757 2.0606060606060606 2.727272727272727 2.272727272727273 2.393939393939394 1.5454545454545454 1.9090909090909092 2.0606060606060606 2.272727272727273 2.3636363636363638 1.8181818181818181 1.2727272727272727 1.4242424242424243 2.8181818181818183 2.212121212121212 2.3333333333333335 1.7878787878787878 2.1515151515151514 2.8484848484848486 1.8181818181818181 2.3636363636363638 1.5151515151515151 1.2727272727272727  
84 102.04434951639443 1.4848484848484849 2.1515151515151514 2.6363636363636362 2.0303030303030303 1.7878787878787878 2.6666666666666665 2.242424242424242 2.0606060606060606 1.8181818181818181 2.4242424242424243 3.0 1.7575757575757576 2.8181818181818183 2.3636363636363638 1.5757575757575757 1.5757575757575757 2.242424242424242 1.5757575757575757 2.0606060606060606 2.727272727272727 2.272727272727273 2.393939393939394 1.5454545454545454 1.9090909090909092 2.0606060606060606 2.272727272727273 2.3636363636363638 1.8181818181818181 1.2727272727272727 1.4242424242424243 2.8181818181818183 2.212121212121212 2.3333333333333335 1.7878787878787878 2.1515151515151514 2.8484848484848486 1.8181818181818181 2.3636363636363638 1.5151515151515151 1.2727272727272727  
92 121.74724221702665 1.4848484848484849 2.1515151515151514 2.6363636363636362 2.0303030303030303 1.7878787878787878 2.6666666666666665 2.242424242424242 2.0606060606060606 1.8181818181818181 2.4242424242424243 3.0 1.7575757575757576 2.8181818181818183 2.3636363636363638 1.5757575757575757 1.5757575757575757 2.242424242424242 1.5757575757575757 2.0606060606060606 2.727272727272727 2.272727272727273 2.393939393939394 1.5454545454545454 1.9090909090909092 2.0606060606060606 2.272727272727273 2.3636363636363638 1.8181818181818181 1.2727272727272727 1.4242424242424243 2.8181818181818183 2.212121212121212 2.3333333333333335 1.7878787878787878 2.1515151515151514 2.8484848484848486 1.8181818181818181 2.3636363636363638 1.5151515151515151 1.2727272727272727  
108 215.33806571358625 1.4848484848484849 2.1515151515151514 2.6363636363636362 2.0303030303030303 1.7878787878787878 2.6666666666666665 2.242424242424242 2.0606060606060606 1.8181818181818181 2.4242424242424243 3.0 1.7575757575757576 2.8181818181818183 2.3636363636363638 1.5757575757575757 1.5757575757575757 2.242424242424242 1.5757575757575757 2.0606060606060606 2.727272727272727 2.272727272727273 2.393939393939394 1.5454545454545454 1.9090909090909092 2.0606060606060606 2.272727272727273 2.3636363636363638 1.8181818181818181 1.2727272727272727 1.4242424242424243 2.8181818181818183 2.212121212121212 2.3333333333333335 1.7878787878787878 2.1515151515151514 2.8484848484848486 1.8181818181818181 2.3636363636363638 1.5151515151515151 1.2727272727272727  
28 423.51003486228456 0.98989898989899 1.4343434343434343 1.7575757575757576 1.3535353535353536 1.1919191919191918 1.7777777777777777 1.494949494949495 1.3737373737373737 1.2121212121212122 1.6161616161616161 2.0 1.1717171717171717 1.878787878787879 1.5757575757575757 1.0505050505050506 1.0505050505050506 1.494949494949495 1.0505050505050506 1.3737373737373737 1.8181818181818181 1.5151515151515151 1.595959595959596 1.0303030303030303 1.2727272727272727 1.3737373737373737 1.5151515151515151 1.5757575757575757 1.2121212121212122 0.8484848484848485 0.9494949494949495 1.878787878787879 1.4747474747474747 1.5555555555555556 1.1919191919191918 1.4343434343434343 1.898989898989899 1.2121212121212122 1.5757575757575757 1.0101010101010102 0.8484848484848485  
10 838.0024467541675 1.4848484848484849 2.1515151515151514 2.6363636363636362 2.0303030303030303 1.7878787878787878 2.6666666666666665 2.242424242424242 2.0606060606060606 1.8181818181818181 2.4242424242424243 3.0 1.7575757575757576 2.8181818181818183 2.3636363636363638 1.5757575757575757 1.5757575757575757 2.242424242424242 1.5757575757575757 2.0606060606060606 2.727272727272727 2.272727272727273 2.393939393939394 1.5454545454545454 1.9090909090909092 2.0606060606060606 2.272727272727273 2.3636363636363638 1.8181818181818181 1.2727272727272727 1.4242424242424243 2.8181818181818183 2.212121212121212 2.3333333333333335 1.7878787878787878 2.1515151515151514 2.8484848484848486 1.8181818181818181 2.3636363636363638 1.5151515151515151 1.2727272727272727  
6 293.73648455984943 0.98989898989899 1.4343434343434343 1.7575757575757576 1.3535353535353536 1.1919191919191918 1.7777777777777777 1.494949494949495 1.3737373737373737 1.2121212121212122 1.6161616161616161 2.0 1.1717171717171717 1.878787878787879 1.5757575757575757 1.0505050505050506 1.0505050505050506 1.494949494949495 1.0505050505050506 1.3737373737373737 1.8181818181818181 1.5151515151515151 1.595959595959596 1.0303030303030303 1.2727272727272727 1.3737373737373737 1.5151515151515151 1.5757575757575757 1.2121212121212122 0.8484848484848485 0.9494949494949495 1.878787878787879 1.4747474747474747 1.5555555555555556 1.1919191919191918 1.4343434343434343 1.898989898989899 1.2121212121212122 1.5757575757575757 1.0101010101010102 0.8484848484848485  
48 165.6020100824665 1.4848484848484849 2.1515151515151514 2.6363636363636362 2.0303030303030303 1.7878787878787878 2.6666666666666665 2.242424242424242 2.0606060606060606 1.8181818181818181 2.4242424242424243 3.0 1.7575757575757576 2.8181818181818183 2.3636363636363638 1.5757575757575757 1.5757575757575757 2.242424242424242 1.5757575757575757 2.0606060606060606 2.727272727272727 2.272727272727273 2.393939393939394 1.5454545454545454 1.9090909090909092 2.0606060606060606 2.272727272727273 2.3636363636363638 1.8181818181818181 1.2727272727272727 1.4242424242424243 2.8181818181818183 2.212121212121212 2.3333333333333335 1.7878787878787878 2.1515151515151514 2.8484848484848486 1.8181818181818181 2.3636363636363638 1.5151515151515151 1.2727272727272727  
14 276.07780036831883 0.98989898989899 1.4343434343434343 1.7575757575757576 1.3535353535353536 1.1919191919191918 1.7777777777777777 1.494949494949495 1.3737373737373737 1.2121212121212122 1.6161616161616161 2.0 1.1717171717171717 1.878787878787879 1.5757575757575757 1.0505050505050506 1.0505050505050506 1.494949494949495 1.0505050505050506 1.3737373737373737 1.8181818181818181 1.5151515151515151 1.595959595959596 1.0303030303030303 1.2727272727272727 1.3737373737373737 1.5151515151515151 1.5757575757575757 1.2121212121212122 0.8484848484848485 0.9494949494949495 1.878787878787879 1.4747474747474747 1.5555555555555556 1.1919191919191918 1.4343434343434343 1.898989898989899 1.2121212121212122 1.5757575757575757 1.0101010101010102 0.8484848484848485  
74 379.040397093427 1.4848484848484849 2.1515151515151514 2.6363636363636362 2.0303030303030303 1.7878787878787878 2.6666666666666665 2.242424242424242 2.0606060606060606 1.8181818181818181 2.4242424242424243 3.0 1.7575757575757576 2.8181818181818183 2.3636363636363638 1.5757575757575757 1.5757575757575757 2.242424242424242 1.5757575757575757 2.0606060606060606 2.727272727272727 2.272727272727273 2.393939393939394 1.5454545454545454 1.9090909090909092 2.0606060606060606 2.272727272727273 2.3636363636363638 1.8181818181818181 1.2727272727272727 1.4242424242424243 2.8181818181818183 2.212121212121212 2.3333333333333335 1.7878787878787878 2.1515151515151514 2.8484848484848486 1.8181818181818181 2.3636363636363638 1.5151515151515151 1.2727272727272727  
61 318.9327899813976 1.4848484848484849 2.1515151515151514 2.6363636363636362 2.0303030303030303 1.7878787878787878 2.6666666666666665 2.242424242424242 2.0606060606060606 1.8181818181818181 2.4242424242424243 3.0 1.7575757575757576 2.8181818181818183 2.3636363636363638 1.5757575757575757 1.5757575757575757 2.242424242424242 1.5757575757575757 2.0606060606060606 2.727272727272727 2.272727272727273 2.393939393939394 1.5454545454545454 1.9090909090909092 2.0606060606060606 2.272727272727273 2.3636363636363638 1.8181818181818181 1.2727272727272727 1.4242424242424243 2.8181818181818183 2.212121212121212 2.3333333333333335 1.7878787878787878 2.1515151515151514 2.8484848484848486 1.8181818181818181 2.3636363636363638 1.5151515151515151 1.2727272727272727  
103 90.45927005510117 0.98989898989899 1.4343434343434343 1.7575757575757576 1.3535353535353536 1.1919191919191918 1.7777777777777777 1.494949494949495 1.3737373737373737 1.2121212121212122 1.6161616161616161 2.0 1.1717171717171717 1.878787878787879 1.5757575757575757 1.0505050505050506 1.0505050505050506 1.494949494949495 1.0505050505050506 1.3737373737373737 1.8181818181818181 1.5151515151515151 1.595959595959596 1.0303030303030303 1.2727272727272727 1.3737373737373737 1.5151515151515151 1.5757575757575757 1.2121212121212122 0.8484848484848485 0.9494949494949495 1.878787878787879 1.4747474747474747 1.5555555555555556 1.1919191919191918 1.4343434343434343 1.898989898989899 1.2121212121212122 1.5757575757575757 1.0101010101010102 0.8484848484848485  
93 150.10129187589615 1.4848484848484849 2.1515151515151514 2.6363636363636362 2.0303030303030303 1.7878787878787878 2.6666666666666665 2.242424242424242 2.0606060606060606 1.8181818181818181 2.4242424242424243 3.0 1.7575757575757576 2.8181818181818183 2.3636363636363638 1.5757575757575757 1.5757575757575757 2.242424242424242 1.5757575757575757 2.0606060606060606 2.727272727272727 2.272727272727273 2.393939393939394 1.5454545454545454 1.9090909090909092 2.0606060606060606 2.272727272727273 2.3636363636363638 1.8181818181818181 1.2727272727272727 1.4242424242424243 2.8181818181818183 2.212121212121212 2.3333333333333335 1.7878787878787878 2.1515151515151514 2.8484848484848486 1.8181818181818181 2.3636363636363638 1.5151515151515151 1.2727272727272727  
100 147.89920332622359 1.4848484848484849 2.1515151515151514 2.6363636363636362 2.0303030303030303 1.7878787878787878 2.6666666666666665 2.242424242424242 2.0606060606060606 1.8181818181818181 2.4242424242424243 3.0 1.7575757575757576 2.8181818181818183 2.3636363636363638 1.5757575757575757 1.5757575757575757 2.242424242424242 1.5757575757575757 2.0606060606060606 2.727272727272727 2.272727272727273 2.393939393939394 1.5454545454545454 1.9090909090909092 2.0606060606060606 2.272727272727273 2.3636363636363638 1.8181818181818181 1.2727272727272727 1.4242424242424243 2.8181818181818183 2.212121212121212 2.3333333333333335 1.7878787878787878 2.1515151515151514 2.8484848484848486 1.8181818181818181 2.3636363636363638 1.5151515151515151 1.2727272727272727  
99 53.02312122315617 1.4848484848484849 2.1515151515151514 2.6363636363636362 2.0303030303030303 1.7878787878787878 2.6666666666666665 2.242424242424242 2.0606060606060606 1.8181818181818181 2.4242424242424243 3.0 1.7575757575757576 2.8181818181818183 2.3636363636363638 1.5757575757575757 1.5757575757575757 2.242424242424242 1.5757575757575757 2.0606060606060606 2.727272727272727 2.272727272727273 2.393939393939394 1.5454545454545454 1.9090909090909092 2.0606060606060606 2.272727272727273 2.3636363636363638 1.8181818181818181 1.2727272727272727 1.4242424242424243 2.8181818181818183 2.212121212121212 2.3333333333333335 1.7878787878787878 2.1515151515151514 2.8484848484848486 1.8181818181818181 2.3636363636363638 1.5151515151515151 1.2727272727272727  
9 605.7905803101082 0.98989898989899 1.4343434343434343 1.7575757575757576 1.3535353535353536 1.1919191919191918 1.7777777777777777 1.494949494949495 1.3737373737373737 1.2121212121212122 1.6161616161616161 2.0 1.1717171717171717 1.878787878787879 1.5757575757575757 1.0505050505050506 1.0505050505050506 1.494949494949495 1.0505050505050506 1.3737373737373737 1.8181818181818181 1.5151515151515151 1.595959595959596 1.0303030303030303 1.2727272727272727 1.3737373737373737 1.5151515151515151 1.5757575757575757 1.2121212121212122 0.8484848484848485 0.9494949494949495 1.878787878787879 1.4747474747474747 1.5555555555555556 1.1919191919191918 1.4343434343434343 1.898989898989899 1.2121212121212122 1.5757575757575757 1.0101010101010102 0.8484848484848485  
33 397.2847641719959 1.4848484848484849 2.1515151515151514 2.6363636363636362 2.0303030303030303 1.7878787878787878 2.6666666666666665 2.242424242424242 2.0606060606060606 1.8181818181818181 2.4242424242424243 3.0 1.7575757575757576 2.8181818181818183 2.3636363636363638 1.5757575757575757 1.5757575757575757 2.242424242424242 1.5757575757575757 2.0606060606060606 2.727272727272727 2.272727272727273 2.393939393939394 1.5454545454545454 1.9090909090909092 2.0606060606060606 2.272727272727273 2.3636363636363638 1.8181818181818181 1.2727272727272727 1.4242424242424243 2.8181818181818183 2.212121212121212 2.3333333333333335 1.7878787878787878 2.1515151515151514 2.8484848484848486 1.8181818181818181 2.3636363636363638 1.5151515151515151 1.2727272727272727  
4 114.62009877916063 1.4848484848484849 2.1515151515151514 2.6363636363636362 2.0303030303030303 1.7878787878787878 2.6666666666666665 2.242424242424242 2.0606060606060606 1.8181818181818181 2.4242424242424243 3.0 1.7575757575757576 2.8181818181818183 2.3636363636363638 1.5757575757575757 1.5757575757575757 2.242424242424242 1.5757575757575757 2.0606060606060606 2.727272727272727 2.272727272727273 2.393939393939394 1.5454545454545454 1.9090909090909092 2.0606060606060606 2.272727272727273 2.3636363636363638 1.8181818181818181 1.2727272727272727 1.4242424242424243 2.8181818181818183 2.212121212121212 2.3333333333333335 1.7878787878787878 2.1515151515151514 2.8484848484848486 1.8181818181818181 2.3636363636363638 1.5151515151515151 1.2727272727272727  
11 863.874112219082 0.98989898989899 1.4343434343434343 1.7575757575757576 1.3535353535353536 1.1919191919191918 1.7777777777777777 1.494949494949495 1.3737373737373737 1.2121212121212122 1.6161616161616161 2.0 1.1717171717171717 1.878787878787879 1.5757575757575757 1.0505050505050506 1.0505050505050506 1.494949494949495 1.0505050505050506 1.3737373737373737 1.8181818181818181 1.5151515151515151 1.595959595959596 1.0303030303030303 1.2727272727272727 1.3737373737373737 1.5151515151515151 1.5757575757575757 1.2121212121212122 0.8484848484848485 0.9494949494949495 1.878787878787879 1.4747474747474747 1.5555555555555556 1.1919191919191918 1.4343434343434343 1.898989898989899 1.2121212121212122 1.5757575757575757 1.0101010101010102 0.8484848484848485  
26 1048.8095368369752 0.98989898989899 1.4343434343434343 1.7575757575757576 1.3535353535353536 1.1919191919191918 1.7777777777777777 1.494949494949495 1.3737373737373737 1.2121212121212122 1.6161616161616161 2.0 1.1717171717171717 1.878787878787879 1.5757575757575757 1.0505050505050506 1.0505050505050506 1.494949494949495 1.0505050505050506 1.3737373737373737 1.8181818181818181 1.5151515151515151 1.595959595959596 1.0303030303030303 1.2727272727272727 1.3737373737373737 1.5151515151515151 1.5757575757575757 1.2121212121212122 0.8484848484848485 0.9494949494949495 1.878787878787879 1.4747474747474747 1.5555555555555556 1.1919191919191918 1.4343434343434343 1.898989898989899 1.2121212121212122 1.5757575757575757 1.0101010101010102 0.8484848484848485  
66 405.6594823171469 1.4848484848484849 2.1515151515151514 2.6363636363636362 2.0303030303030303 1.7878787878787878 2.6666666666666665 2.242424242424242 2.0606060606060606 1.8181818181818181 2.4242424242424243 3.0 1.7575757575757576 2.8181818181818183 2.3636363636363638 1.5757575757575757 1.5757575757575757 2.242424242424242 1.5757575757575757 2.0606060606060606 2.727272727272727 2.272727272727273 2.393939393939394 1.5454545454545454 1.9090909090909092 2.0606060606060606 2.272727272727273 2.3636363636363638 1.8181818181818181 1.2727272727272727 1.4242424242424243 2.8181818181818183 2.212121212121212 2.3333333333333335 1.7878787878787878 2.1515151515151514 2.8484848484848486 1.8181818181818181 2.3636363636363638 1.5151515151515151 1.2727272727272727  
102 80.58408403397108 0.98989898989899 1.4343434343434343 1.7575757575757576 1.3535353535353536 1.1919191919191918 1.7777777777777777 1.494949494949495 1.3737373737373737 1.2121212121212122 1.6161616161616161 2.0 1.1717171717171717 1.878787878787879 1.5757575757575757 1.0505050505050506 1.0505050505050506 1.494949494949495 1.0505050505050506 1.3737373737373737 1.8181818181818181 1.5151515151515151 1.595959595959596 1.0303030303030303 1.2727272727272727 1.3737373737373737 1.5151515151515151 1.5757575757575757 1.2121212121212122 0.8484848484848485 0.9494949494949495 1.878787878787879 1.4747474747474747 1.5555555555555556 1.1919191919191918 1.4343434343434343 1.898989898989899 1.2121212121212122 1.5757575757575757 1.0101010101010102 0.8484848484848485  
13 439.11468861666833 0.98989898989899 1.4343434343434343 1.7575757575757576 1.3535353535353536 1.1919191919191918 1.7777777777777777 1.494949494949495 1.3737373737373737 1.2121212121212122 1.6161616161616161 2.0 1.1717171717171717 1.878787878787879 1.5757575757575757 1.0505050505050506 1.0505050505050506 1.494949494949495 1.0505050505050506 1.3737373737373737 1.8181818181818181 1.5151515151515151 1.595959595959596 1.0303030303030303 1.2727272727272727 1.3737373737373737 1.5151515151515151 1.5757575757575757 1.2121212121212122 0.8484848484848485 0.9494949494949495 1.878787878787879 1.4747474747474747 1.5555555555555556 1.1919191919191918 1.4343434343434343 1.898989898989899 1.2121212121212122 1.5757575757575757 1.0101010101010102 0.8484848484848485  
16 580.4306292377536 1.4848484848484849 2.1515151515151514 2.6363636363636362 2.0303030303030303 1.7878787878787878 2.6666666666666665 2.242424242424242 2.0606060606060606 1.8181818181818181 2.4242424242424243 3.0 1.7575757575757576 2.8181818181818183 2.3636363636363638 1.5757575757575757 1.5757575757575757 2.242424242424242 1.5757575757575757 2.0606060606060606 2.727272727272727 2.272727272727273 2.393939393939394 1.5454545454545454 1.9090909090909092 2.0606060606060606 2.272727272727273 2.3636363636363638 1.8181818181818181 1.2727272727272727 1.4242424242424243 2.8181818181818183 2.212121212121212 2.3333333333333335 1.7878787878787878 2.1515151515151514 2.8484848484848486 1.8181818181818181 2.3636363636363638 1.5151515151515151 1.2727272727272727  
29 538.667870499486 0.98989898989899 1.4343434343434343 1.7575757575757576 1.3535353535353536 1.1919191919191918 1.7777777777777777 1.494949494949495 1.3737373737373737 1.2121212121212122 1.6161616161616161 2.0 1.1717171717171717 1.878787878787879 1.5757575757575757 1.0505050505050506 1.0505050505050506 1.494949494949495 1.0505050505050506 1.3737373737373737 1.8181818181818181 1.5151515151515151 1.595959595959596 1.0303030303030303 1.2727272727272727 1.3737373737373737 1.5151515151515151 1.5757575757575757 1.2121212121212122 0.8484848484848485 0.9494949494949495 1.878787878787879 1.4747474747474747 1.5555555555555556 1.1919191919191918 1.4343434343434343 1.898989898989899 1.2121212121212122 1.5757575757575757 1.0101010101010102 0.8484848484848485  
67 412.3532398945258 0.98989898989899 1.4343434343434343 1.7575757575757576 1.3535353535353536 1.1919191919191918 1.7777777777777777 1.494949494949495 1.3737373737373737 1.2121212121212122 1.6161616161616161 2.0 1.1717171717171717 1.878787878787879 1.5757575757575757 1.0505050505050506 1.0505050505050506 1.494949494949495 1.0505050505050506 1.3737373737373737 1.8181818181818181 1.5151515151515151 1.595959595959596 1.0303030303030303 1.2727272727272727 1.3737373737373737 1.5151515151515151 1.5757575757575757 1.2121212121212122 0.8484848484848485 0.9494949494949495 1.878787878787879 1.4747474747474747 1.5555555555555556 1.1919191919191918 1.4343434343434343 1.898989898989899 1.2121212121212122 1.5757575757575757 1.0101010101010102 0.8484848484848485  
34 528.0736826152646 0.98989898989899 1.4343434343434343 1.7575757575757576 1.3535353535353536 1.1919191919191918 1.7777777777777777 1.494949494949495 1.3737373737373737 1.2121212121212122 1.6161616161616161 2.0 1.1717171717171717 1.878787878787879 1.5757575757575757 1.0505050505050506 1.0505050505050506 1.494949494949495 1.0505050505050506 1.3737373737373737 1.8181818181818181 1.5151515151515151 1.595959595959596 1.0303030303030303 1.2727272727272727 1.3737373737373737 1.5151515151515151 1.5757575757575757 1.2121212121212122 0.8484848484848485 0.9494949494949495 1.878787878787879 1.4747474747474747 1.5555555555555556 1.1919191919191918 1.4343434343434343 1.898989898989899 1.2121212121212122 1.5757575757575757 1.0101010101010102 0.8484848484848485  
85 71.73302809284715 1.4848484848484849 2.1515151515151514 2.6363636363636362 2.0303030303030303 1.7878787878787878 2.6666666666666665 2.242424242424242 2.0606060606060606 1.8181818181818181 2.4242424242424243 3.0 1.7575757575757576 2.8181818181818183 2.3636363636363638 1.5757575757575757 1.5757575757575757 2.242424242424242 1.5757575757575757 2.0606060606060606 2.727272727272727 2.272727272727273 2.393939393939394 1.5454545454545454 1.9090909090909092 2.0606060606060606 2.272727272727273 2.3636363636363638 1.8181818181818181 1.2727272727272727 1.4242424242424243 2.8181818181818183 2.212121212121212 2.3333333333333335 1.7878787878787878 2.1515151515151514 2.8484848484848486 1.8181818181818181 2.3636363636363638 1.5151515151515151 1.2727272727272727  
5 281.2659246161159 0.98989898989899 1.4343434343434343 1.7575757575757576 1.3535353535353536 1.1919191919191918 1.7777777777777777 1.494949494949495 1.3737373737373737 1.2121212121212122 1.6161616161616161 2.0 1.1717171717171717 1.878787878787879 1.5757575757575757 1.0505050505050506 1.0505050505050506 1.494949494949495 1.0505050505050506 1.3737373737373737 1.8181818181818181 1.5151515151515151 1.595959595959596 1.0303030303030303 1.2727272727272727 1.3737373737373737 1.5151515151515151 1.5757575757575757 1.2121212121212122 0.8484848484848485 0.9494949494949495 1.878787878787879 1.4747474747474747 1.5555555555555556 1.1919191919191918 1.4343434343434343 1.898989898989899 1.2121212121212122 1.5757575757575757 1.0101010101010102 0.8484848484848485  
62 454.6658037603406 1.4848484848484849 2.1515151515151514 2.6363636363636362 2.0303030303030303 1.7878787878787878 2.6666666666666665 2.242424242424242 2.0606060606060606 1.8181818181818181 2.4242424242424243 3.0 1.7575757575757576 2.8181818181818183 2.3636363636363638 1.5757575757575757 1.5757575757575757 2.242424242424242 1.5757575757575757 2.0606060606060606 2.727272727272727 2.272727272727273 2.393939393939394 1.5454545454545454 1.9090909090909092 2.0606060606060606 2.272727272727273 2.3636363636363638 1.8181818181818181 1.2727272727272727 1.4242424242424243 2.8181818181818183 2.212121212121212 2.3333333333333335 1.7878787878787878 2.1515151515151514 2.8484848484848486 1.8181818181818181 2.3636363636363638 1.5151515151515151 1.2727272727272727  
55 256.14211558139766 0.98989898989899 1.4343434343434343 1.7575757575757576 1.3535353535353536 1.1919191919191918 1.7777777777777777 1.494949494949495 1.3737373737373737 1.2121212121212122 1.6161616161616161 2.0 1.1717171717171717 1.878787878787879 1.5757575757575757 1.0505050505050506 1.0505050505050506 1.494949494949495 1.0505050505050506 1.3737373737373737 1.8181818181818181 1.5151515151515151 1.595959595959596 1.0303030303030303 1.2727272727272727 1.3737373737373737 1.5151515151515151 1.5757575757575757 1.2121212121212122 0.8484848484848485 0.9494949494949495 1.878787878787879 1.4747474747474747 1.5555555555555556 1.1919191919191918 1.4343434343434343 1.898989898989899 1.2121212121212122 1.5757575757575757 1.0101010101010102 0.8484848484848485  
107 64.85459097115005 0.98989898989899 1.4343434343434343 1.7575757575757576 1.3535353535353536 1.1919191919191918 1.7777777777777777 1.494949494949495 1.3737373737373737 1.2121212121212122 1.6161616161616161 2.0 1.1717171717171717 1.878787878787879 1.5757575757575757 1.0505050505050506 1.0505050505050506 1.494949494949495 1.0505050505050506 1.3737373737373737 1.8181818181818181 1.5151515151515151 1.595959595959596 1.0303030303030303 1.2727272727272727 1.3737373737373737 1.5151515151515151 1.5757575757575757 1.2121212121212122 0.8484848484848485 0.9494949494949495 1.878787878787879 1.4747474747474747 1.5555555555555556 1.1919191919191918 1.4343434343434343 1.898989898989899 1.2121212121212122 1.5757575757575757 1.0101010101010102 0.8484848484848485  
53 135.52901197257808 1.4848484848484849 2.1515151515151514 2.6363636363636362 2.0303030303030303 1.7878787878787878 2.6666666666666665 2.242424242424242 2.0606060606060606 1.8181818181818181 2.4242424242424243 3.0 1.7575757575757576 2.8181818181818183 2.3636363636363638 1.5757575757575757 1.5757575757575757 2.242424242424242 1.5757575757575757 2.0606060606060606 2.727272727272727 2.272727272727273 2.393939393939394 1.5454545454545454 1.9090909090909092 2.0606060606060606 2.272727272727273 2.3636363636363638 1.8181818181818181 1.2727272727272727 1.4242424242424243 2.8181818181818183 2.212121212121212 2.3333333333333335 1.7878787878787878 2.1515151515151514 2.8484848484848486 1.8181818181818181 2.3636363636363638 1.5151515151515151 1.2727272727272727  
65 565.3686377310476 1.4848484848484849 2.1515151515151514 2.6363636363636362 2.0303030303030303 1.7878787878787878 2.6666666666666665 2.242424242424242 2.0606060606060606 1.8181818181818181 2.4242424242424243 3.0 1.7575757575757576 2.8181818181818183 2.3636363636363638 1.5757575757575757 1.5757575757575757 2.242424242424242 1.5757575757575757 2.0606060606060606 2.727272727272727 2.272727272727273 2.393939393939394 1.5454545454545454 1.9090909090909092 2.0606060606060606 2.272727272727273 2.3636363636363638 1.8181818181818181 1.2727272727272727 1.4242424242424243 2.8181818181818183 2.212121212121212 2.3333333333333335 1.7878787878787878 2.1515151515151514 2.8484848484848486 1.8181818181818181 2.3636363636363638 1.5151515151515151 1.2727272727272727  
47 319.0983092928024 0.98989898989899 1.4343434343434343 1.7575757575757576 1.3535353535353536 1.1919191919191918 1.7777777777777777 1.494949494949495 1.3737373737373737 1.2121212121212122 1.6161616161616161 2.0 1.1717171717171717 1.878787878787879 1.5757575757575757 1.0505050505050506 1.0505050505050506 1.494949494949495 1.0505050505050506 1.3737373737373737 1.8181818181818181 1.5151515151515151 1.595959595959596 1.0303030303030303 1.2727272727272727 1.3737373737373737 1.5151515151515151 1.5757575757575757 1.2121212121212122 0.8484848484848485 0.9494949494949495 1.878787878787879 1.4747474747474747 1.5555555555555556 1.1919191919191918 1.4343434343434343 1.898989898989899 1.2121212121212122 1.5757575757575757 1.0101010101010102 0.8484848484848485  
109 81.21235557506725 1.4848484848484849 2.1515151515151514 2.6363636363636362 2.0303030303030303 1.7878787878787878 2.6666666666666665 2.242424242424242 2.0606060606060606 1.8181818181818181 2.4242424242424243 3.0 1.7575757575757576 2.8181818181818183 2.3636363636363638 1.5757575757575757 1.5757575757575757 2.242424242424242 1.5757575757575757 2.0606060606060606 2.727272727272727 2.272727272727273 2.393939393939394 1.5454545454545454 1.9090909090909092 2.0606060606060606 2.272727272727273 2.3636363636363638 1.8181818181818181 1.2727272727272727 1.4242424242424243 2.8181818181818183 2.212121212121212 2.3333333333333335 1.7878787878787878 2.1515151515151514 2.8484848484848486 1.8181818181818181 2.3636363636363638 1.5151515151515151 1.2727272727272727  
23 961.0679002557299 0.98989898989899 1.4343434343434343 1.7575757575757576 1.3535353535353536 1.1919191919191918 1.7777777777777777 1.494949494949495 1.3737373737373737 1.2121212121212122 1.6161616161616161 2.0 1.1717171717171717 1.878787878787879 1.5757575757575757 1.0505050505050506 1.0505050505050506 1.494949494949495 1.0505050505050506 1.3737373737373737 1.8181818181818181 1.5151515151515151 1.595959595959596 1.0303030303030303 1.2727272727272727 1.3737373737373737 1.5151515151515151 1.5757575757575757 1.2121212121212122 0.8484848484848485 0.9494949494949495 1.878787878787879 1.4747474747474747 1.5555555555555556 1.1919191919191918 1.4343434343434343 1.898989898989899 1.2121212121212122 1.5757575757575757 1.0101010101010102 0.8484848484848485  
12 515.6932081257164 0.98989898989899 1.4343434343434343 1.7575757575757576 1.3535353535353536 1.1919191919191918 1.7777777777777777 1.494949494949495 1.3737373737373737 1.2121212121212122 1.6161616161616161 2.0 1.1717171717171717 1.878787878787879 1.5757575757575757 1.0505050505050506 1.0505050505050506 1.494949494949495 1.0505050505050506 1.3737373737373737 1.8181818181818181 1.5151515151515151 1.595959595959596 1.0303030303030303 1.2727272727272727 1.3737373737373737 1.5151515151515151 1.5757575757575757 1.2121212121212122 0.8484848484848485 0.9494949494949495 1.878787878787879 1.4747474747474747 1.5555555555555556 1.1919191919191918 1.4343434343434343 1.898989898989899 1.2121212121212122 1.5757575757575757 1.0101010101010102 0.8484848484848485  
46 380.0976256761505 1.4848484848484849 2.1515151515151514 2.6363636363636362 2.0303030303030303 1.7878787878787878 2.6666666666666665 2.242424242424242 2.0606060606060606 1.8181818181818181 2.4242424242424243 3.0 1.7575757575757576 2.8181818181818183 2.3636363636363638 1.5757575757575757 1.5757575757575757 2.242424242424242 1.5757575757575757 2.0606060606060606 2.727272727272727 2.272727272727273 2.393939393939394 1.5454545454545454 1.9090909090909092 2.0606060606060606 2.272727272727273 2.3636363636363638 1.8181818181818181 1.2727272727272727 1.4242424242424243 2.8181818181818183 2.212121212121212 2.3333333333333335 1.7878787878787878 2.1515151515151514 2.8484848484848486 1.8181818181818181 2.3636363636363638 1.5151515151515151 1.2727272727272727  
30 218.4570407315073 0.98989898989899 1.4343434343434343 1.7575757575757576 1.3535353535353536 1.1919191919191918 1.7777777777777777 1.494949494949495 1.3737373737373737 1.2121212121212122 1.6161616161616161 2.0 1.1717171717171717 1.878787878787879 1.5757575757575757 1.0505050505050506 1.0505050505050506 1.494949494949495 1.0505050505050506 1.3737373737373737 1.8181818181818181 1.5151515151515151 1.595959595959596 1.0303030303030303 1.2727272727272727 1.3737373737373737 1.5151515151515151 1.5757575757575757 1.2121212121212122 0.8484848484848485 0.9494949494949495 1.878787878787879 1.4747474747474747 1.5555555555555556 1.1919191919191918 1.4343434343434343 1.898989898989899 1.2121212121212122 1.5757575757575757 1.0101010101010102 0.8484848484848485  
106 73.38425098983842 0.98989898989899 1.4343434343434343 1.7575757575757576 1.3535353535353536 1.1919191919191918 1.7777777777777777 1.494949494949495 1.3737373737373737 1.2121212121212122 1.6161616161616161 2.0 1.1717171717171717 1.878787878787879 1.5757575757575757 1.0505050505050506 1.0505050505050506 1.494949494949495 1.0505050505050506 1.3737373737373737 1.8181818181818181 1.5151515151515151 1.595959595959596 1.0303030303030303 1.2727272727272727 1.3737373737373737 1.5151515151515151 1.5757575757575757 1.2121212121212122 0.8484848484848485 0.9494949494949495 1.878787878787879 1.4747474747474747 1.5555555555555556 1.1919191919191918 1.4343434343434343 1.898989898989899 1.2121212121212122 1.5757575757575757 1.0101010101010102 0.8484848484848485  
35 288.967964902181 1.4848484848484849 2.1515151515151514 2.6363636363636362 2.0303030303030303 1.7878787878787878 2.6666666666666665 2.242424242424242 2.0606060606060606 1.8181818181818181 2.4242424242424243 3.0 1.7575757575757576 2.8181818181818183 2.3636363636363638 1.5757575757575757 1.5757575757575757 2.242424242424242 1.5757575757575757 2.0606060606060606 2.727272727272727 2.272727272727273 2.393939393939394 1.5454545454545454 1.9090909090909092 2.0606060606060606 2.272727272727273 2.3636363636363638 1.8181818181818181 1.2727272727272727 1.4242424242424243 2.8181818181818183 2.212121212121212 2.3333333333333335 1.7878787878787878 2.1515151515151514 2.8484848484848486 1.8181818181818181 2.3636363636363638 1.5151515151515151 1.2727272727272727  
51 3.021139287969959 0.98989898989899 1.4343434343434343 1.7575757575757576 1.3535353535353536 1.1919191919191918 1.7777777777777777 1.494949494949495 1.3737373737373737 1.2121212121212122 1.6161616161616161 2.0 1.1717171717171717 1.878787878787879 1.5757575757575757 1.0505050505050506 1.0505050505050506 1.494949494949495 1.0505050505050506 1.3737373737373737 1.8181818181818181 1.5151515151515151 1.595959595959596 1.0303030303030303 1.2727272727272727 1.3737373737373737 1.5151515151515151 1.5757575757575757 1.2121212121212122 0.8484848484848485 0.9494949494949495 1.878787878787879 1.4747474747474747 1.5555555555555556 1.1919191919191918 1.4343434343434343 1.898989898989899 1.2121212121212122 1.5757575757575757 1.0101010101010102 0.8484848484848485  
42 661.0773398713073 0.98989898989899 1.4343434343434343 1.7575757575757576 1.3535353535353536 1.1919191919191918 1.7777777777777777 1.494949494949495 1.3737373737373737 1.2121212121212122 1.6161616161616161 2.0 1.1717171717171717 1.878787878787879 1.5757575757575757 1.0505050505050506 1.0505050505050506 1.494949494949495 1.0505050505050506 1.3737373737373737 1.8181818181818181 1.5151515151515151 1.595959595959596 1.0303030303030303 1.2727272727272727 1.3737373737373737 1.5151515151515151 1.5757575757575757 1.2121212121212122 0.8484848484848485 0.9494949494949495 1.878787878787879 1.4747474747474747 1.5555555555555556 1.1919191919191918 1.4343434343434343 1.898989898989899 1.2121212121212122 1.5757575757575757 1.0101010101010102 0.8484848484848485  
87 186.7767472477088 1.4848484848484849 2.1515151515151514 2.6363636363636362 2.0303030303030303 1.7878787878787878 2.6666666666666665 2.242424242424242 2.0606060606060606 1.8181818181818181 2.4242424242424243 3.0 1.7575757575757576 2.8181818181818183 2.3636363636363638 1.5757575757575757 1.5757575757575757 2.242424242424242 1.5757575757575757 2.0606060606060606 2.727272727272727 2.272727272727273 2.393939393939394 1.5454545454545454 1.9090909090909092 2.0606060606060606 2.272727272727273 2.3636363636363638 1.8181818181818181 1.2727272727272727 1.4242424242424243 2.8181818181818183 2.212121212121212 2.3333333333333335 1.7878787878787878 2.1515151515151514 2.8484848484848486 1.8181818181818181 2.3636363636363638 1.5151515151515151 1.2727272727272727  
38 149.38646358008734 0.98989898989899 1.4343434343434343 1.7575757575757576 1.3535353535353536 1.1919191919191918 1.7777777777777777 1.494949494949495 1.3737373737373737 1.2121212121212122 1.6161616161616161 2.0 1.1717171717171717 1.878787878787879 1.5757575757575757 1.0505050505050506 1.0505050505050506 1.494949494949495 1.0505050505050506 1.3737373737373737 1.8181818181818181 1.5151515151515151 1.595959595959596 1.0303030303030303 1.2727272727272727 1.3737373737373737 1.5151515151515151 1.5757575757575757 1.2121212121212122 0.8484848484848485 0.9494949494949495 1.878787878787879 1.4747474747474747 1.5555555555555556 1.1919191919191918 1.4343434343434343 1.898989898989899 1.2121212121212122 1.5757575757575757 1.0101010101010102 0.8484848484848485  
96 30.21384780784266 0.98989898989899 1.4343434343434343 1.7575757575757576 1.3535353535353536 1.1919191919191918 1.7777777777777777 1.494949494949495 1.3737373737373737 1.2121212121212122 1.6161616161616161 2.0 1.1717171717171717 1.878787878787879 1.5757575757575757 1.0505050505050506 1.0505050505050506 1.494949494949495 1.0505050505050506 1.3737373737373737 1.8181818181818181 1.5151515151515151 1.595959595959596 1.0303030303030303 1.2727272727272727 1.3737373737373737 1.5151515151515151 1.5757575757575757 1.2121212121212122 0.8484848484848485 0.9494949494949495 1.878787878787879 1.4747474747474747 1.5555555555555556 1.1919191919191918 1.4343434343434343 1.898989898989899 1.2121212121212122 1.5757575757575757 1.0101010101010102 0.8484848484848485  
39 213.46079394165852 1.4848484848484849 2.1515151515151514 2.6363636363636362 2.0303030303030303 1.7878787878787878 2.6666666666666665 2.242424242424242 2.0606060606060606 1.8181818181818181 2.4242424242424243 3.0 1.7575757575757576 2.8181818181818183 2.3636363636363638 1.5757575757575757 1.5757575757575757 2.242424242424242 1.5757575757575757 2.0606060606060606 2.727272727272727 2.272727272727273 2.393939393939394 1.5454545454545454 1.9090909090909092 2.0606060606060606 2.272727272727273 2.3636363636363638 1.8181818181818181 1.2727272727272727 1.4242424242424243 2.8181818181818183 2.212121212121212 2.3333333333333335 1.7878787878787878 2.1515151515151514 2.8484848484848486 1.8181818181818181 2.3636363636363638 1.5151515151515151 1.2727272727272727  
32 179.90442632840018 1.4848484848484849 2.1515151515151514 2.6363636363636362 2.0303030303030303 1.7878787878787878 2.6666666666666665 2.242424242424242 2.0606060606060606 1.8181818181818181 2.4242424242424243 3.0 1.7575757575757576 2.8181818181818183 2.3636363636363638 1.5757575757575757 1.5757575757575757 2.242424242424242 1.5757575757575757 2.0606060606060606 2.727272727272727 2.272727272727273 2.393939393939394 1.5454545454545454 1.9090909090909092 2.0606060606060606 2.272727272727273 2.3636363636363638 1.8181818181818181 1.2727272727272727 1.4242424242424243 2.8181818181818183 2.212121212121212 2.3333333333333335 1.7878787878787878 2.1515151515151514 2.8484848484848486 1.8181818181818181 2.3636363636363638 1.5151515151515151 1.2727272727272727  
97 102.56303422618257 0.98989898989899 1.4343434343434343 1.7575757575757576 1.3535353535353536 1.1919191919191918 1.7777777777777777 1.494949494949495 1.3737373737373737 1.2121212121212122 1.6161616161616161 2.0 1.1717171717171717 1.878787878787879 1.5757575757575757 1.0505050505050506 1.0505050505050506 1.494949494949495 1.0505050505050506 1.3737373737373737 1.8181818181818181 1.5151515151515151 1.595959595959596 1.0303030303030303 1.2727272727272727 1.3737373737373737 1.5151515151515151 1.5757575757575757 1.2121212121212122 0.8484848484848485 0.9494949494949495 1.878787878787879 1.4747474747474747 1.5555555555555556 1.1919191919191918 1.4343434343434343 1.898989898989899 1.2121212121212122 1.5757575757575757 1.0101010101010102 0.8484848484848485  
