110 20
TREE NETWORK (nID nID Weight):
1 0 54.0 
2 1 49.0 
47 0 39.0 
59 0 38.0 
60 59 36.0 
84 59 59.0 
17 1 33.0 
103 59 31.0 
18 17 31.0 
39 1 47.0 
85 84 40.0 
61 60 30.0 
86 85 37.0 
3 2 43.0 
48 47 30.0 
50 47 53.0 
91 85 47.0 
6 2 55.0 
64 60 49.0 
65 60 59.0 
19 17 41.0 
93 85 33.0 
75 60 31.0 
94 93 32.0 
9 2 40.0 
40 39 54.0 
102 84 35.0 
20 19 33.0 
41 40 32.0 
66 65 54.0 
96 93 52.0 
42 39 59.0 
45 1 52.0 
51 50 59.0 
12 2 53.0 
31 17 45.0 
70 65 52.0 
72 65 50.0 
104 103 39.0 
21 20 38.0 
46 1 42.0 
62 61 42.0 
63 62 52.0 
57 47 55.0 
32 17 58.0 
10 9 48.0 
52 50 30.0 
4 3 55.0 
22 21 38.0 
76 75 34.0 
43 42 42.0 
92 91 32.0 
108 103 56.0 
13 12 41.0 
26 21 53.0 
30 19 49.0 
105 104 37.0 
33 32 31.0 
99 93 34.0 
35 17 36.0 
5 4 47.0 
34 33 51.0 
7 6 47.0 
14 2 48.0 
87 86 52.0 
37 17 56.0 
67 66 34.0 
100 93 30.0 
97 96 48.0 
15 14 43.0 
49 48 47.0 
81 60 37.0 
69 66 38.0 
101 93 56.0 
36 35 46.0 
82 60 45.0 
53 52 57.0 
16 15 59.0 
54 52 58.0 
78 75 58.0 
79 75 42.0 
95 94 34.0 
27 26 48.0 
88 87 39.0 
106 105 40.0 
98 97 59.0 
77 76 35.0 
58 57 43.0 
83 82 47.0 
107 105 59.0 
23 22 46.0 
29 21 32.0 
28 27 39.0 
24 22 44.0 
55 54 54.0 
11 10 48.0 
74 65 45.0 
109 108 42.0 
56 50 31.0 
38 37 32.0 
89 86 30.0 
71 70 54.0 
90 86 41.0 
73 72 35.0 
25 22 52.0 
8 7 51.0 
80 79 53.0 
44 43 52.0 
68 67 49.0 
PROGRAMS ASSIGNED TO NODES (nID pID1 pID2 ...):
0 1 2 3 4 5 6 7 8 9 10 11 12 13 14 15 16 17 18 19 20  
108 6 7 8 9 11 12 16 19  
16 1 2 3 5 6 8 9 10 11 12 13 15 16 17 18 19 20  
78 1 3 5 7 8 11 14 18 19 20  
31 7 9 10 16 19  
77 17  
92 5 10 19  
33 4 6 7 8 12 20  
59 1 9 10 11 12 16  
65  
2 1 2 6 11 13 19  
93  
102 6 8 11 18  
49 1 5 6 15  
47 1 2 3 4 6 7 8 10 11 12 13 14 17 18 19 20  
25  
71 1 3 4 5 6 7 8 9 10 11 12 13 14 15 17 18 19 20  
91 7 8 10 15  
9 1 2 3 4 5 6 7 8 9 10 12 13 14 15 16 17 18 19 20  
23 1 2 3 4 5 6 7 8 9 11 12 13 15 16 17 18 19 20  
57 1 5 9 10 11 12 13 14 15 16 17 18 19 20  
30 1 3 4 5 6 7 8 9 10 11 12 13 14 17 18 19 20  
45 2 3 4 5 6 11 12 13 14 17 19  
8 9 10 11 13 14 15 16 19 20  
14 10 16  
6 1 3 8 9 11 12 13 17 18  
38 1 3 4 5 12 17 19 20  
94 2 7 11 12 15 16 17 18  
80 2 5 7 8 13 14 20  
10 9 15 17  
35 1 2 5 6 7 8 10 13 15 18 20  
5 1 4 5 6 11 13 15 16 17 18 19 20  
106 2 4 5 11 13 14 19  
83 1 4 5 6 7 8 10 12 14 15 16 17 18 19 20  
103 2 3 4 5 6 7 8 9 13 14 15 16 17 18 19 20  
56 6 9 11 14 16 19  
28 3 4 5 6 7 8 9 11 12 13 14 15 17 19  
64 3 4 6 10 11 13 14 15 16 17 19 20  
15 6 13 14 16  
4 1 2 3 5 6 8 9 10 11 12 13 15 17 19 20  
81 2 8 10  
44 2 14 20  
20 1 4 5 11 13 14 20  
50 2 4 5 7 8 9 10 12 13 14 15 16 17 18 19 20  
26 1 2 3 4 5 6 8 9 11 13 14 18 19 20  
69 1 3 4 5 6 7 10 14 15 17 18 19 20  
84 1 11  
22 1 2 4 5 9 10 11 15 20  
109 2 3 4 5 6 7 9 10 12 13 15 16 17 18 19 20  
60 4 7 8 9 12 13 16 17 20  
99 8 15  
36 2 3 6 7 10 11 13 14 16 17  
17 1 6 8 10 14 15 16 17 18  
53 6 7 19  
82 4  
18 2 3 4 5 6 7 8 10 11 12 13 14 15 16 17 19 20  
88 2 4 6 8 10 12 14 16 17 20  
1  
68 1 2 13 17  
90 1 3 4 7 9 11 13 15 18  
39 9 20  
52 4 6 7 8 9 10 13 15 16 18 19  
19 2 4 7 8 10 13 17 20  
62 2 3 4 5 6 8 9 12 13 14 17 18 19  
97 1 5 6 7 8 11 15 17 19 20  
85 5 15 18  
3 2 3 4 5 6 8 9 11 13 15 17 20  
95 1 4 5 6 7 9 10 11 12 16 17 19 20  
34 1 2 3 4 5 6 7 9 10 11 14 16 17 18 19 20  
51  
107 1 2 3 4 5 6 7 8 9 10 11 12 13 14 15 16 17 18  
89 1 3 4 5 6 7 9 10 11 12 13 14 15 16 17 18 19 20  
96 1 5 6 8 11 12 13 17 18 19 20  
41 1 2 3 5 6 7 9 10 11 13 15 16 17 18 19 20  
42 1 2 3 5 6 7 9 10 12 13 15 16 17 18 19 20  
86 1 6 8 9 11 12 13 14 16 18 19 20  
105 6 7 10 12 14 15 20  
98 1 2 3 4 6 7 8 9 10 11 12 13 14 15 16 18 19 20  
21 1 2 5 7 9 10 12 14 15 16 19 20  
32 1 2 3 4 5 6 7 9 11 12 13 14 15 16 17 18 19 20  
43 1 19  
54 4 5 8 9 14 18 19  
101 1 2 3 4 5 6 7 8 9 10 11 12 13 14 15 16 17 18 20  
70 1 3 4 6 8 9 11 15 17 20  
73 5 11 13 15 16 18 19 20  
87 1 2 3 4 5 7 8 9 10 11 12 13 14 15 16 17 18 19 20  
29 1 2 5 7 8 9 10 11 12 14 15 16 18 19 20  
40 3 4 5 6 7 8 9 11 12 13 14 15 17 19 20  
55 2 3 4 6 7 8 9 10 11 12 14 15 16 17 19 20  
63 1 2 4 5 7 8 9 11 12 13 15 16 18 19 20  
67 1 3 8 14  
61 1 3 6 7 8 12 13 15 16 18 19 20  
37 4 13 16 17 20  
27 1 2 6 8 9 10 11 14 15 16 18 19  
75 2 6 7 9 11 13 14 15 17 18 19  
66 1 6 7 8 9 10 12 13 14 17 18 19 20  
46 4 7 8 13 19  
72 1 2 3 5 7 8 10 11 12 13 14 15 16 17 18 19 20  
79 12  
48 2 3 5 7 14 16 17 18 19 20  
11 2 4 6 10 13 17 18 19 20  
12 1 3 4 5 7 8 9 10 12 14 15 16 18 20  
13  
58 9 13 14 16  
7 3 6 12 14 15 16 17  
76 2  
24 4 9 11 12 14 15 17 19  
104 1 2 4 5 6 8 10 12 13 14 15 16 17 18 19 20  
74 13  
100 1 2 3 4 5 6 7 8 9 10 11 12 13 14 15 16 17 18 20  
SIZE OF PROGRAMS (pID SIZE):
1 91.0 
2 84.0 
3 60.0 
4 66.0 
5 70.0 
6 44.0 
7 95.0 
8 86.0 
9 42.0 
10 84.0 
11 44.0 
12 66.0 
13 82.0 
14 62.0 
15 44.0 
16 63.0 
17 94.0 
18 47.0 
19 43.0 
20 76.0 
COST_INSTALL_SERVER_AND_PROGRAMS :
0 5241.0526315789475 2.873684210526316 2.6526315789473682 1.894736842105263 2.0842105263157893 2.210526315789474 1.3894736842105264 3.0 2.7157894736842105 1.3263157894736841 2.6526315789473682 1.3894736842105264 2.0842105263157893 2.5894736842105264 1.9578947368421054 1.3894736842105264 1.9894736842105263 2.968421052631579 1.4842105263157894 1.3578947368421053 2.4  
108 67.4692747117301 2.873684210526316 2.6526315789473682 1.894736842105263 2.0842105263157893 2.210526315789474 1.3894736842105264 3.0 2.7157894736842105 1.3263157894736841 2.6526315789473682 1.3894736842105264 2.0842105263157893 2.5894736842105264 1.9578947368421054 1.3894736842105264 1.9894736842105263 2.968421052631579 1.4842105263157894 1.3578947368421053 2.4  
16 102.26059595809915 2.873684210526316 2.6526315789473682 1.894736842105263 2.0842105263157893 2.210526315789474 1.3894736842105264 3.0 2.7157894736842105 1.3263157894736841 2.6526315789473682 1.3894736842105264 2.0842105263157893 2.5894736842105264 1.9578947368421054 1.3894736842105264 1.9894736842105263 2.968421052631579 1.4842105263157894 1.3578947368421053 2.4  
78 77.27760250711201 1.9157894736842105 1.768421052631579 1.263157894736842 1.3894736842105264 1.4736842105263157 0.9263157894736842 2.0 1.8105263157894738 0.8842105263157894 1.768421052631579 0.9263157894736842 1.3894736842105264 1.7263157894736842 1.305263157894737 0.9263157894736842 1.3263157894736841 1.9789473684210526 0.9894736842105263 0.9052631578947369 1.6  
31 12.913087295299437 2.873684210526316 2.6526315789473682 1.894736842105263 2.0842105263157893 2.210526315789474 1.3894736842105264 3.0 2.7157894736842105 1.3263157894736841 2.6526315789473682 1.3894736842105264 2.0842105263157893 2.5894736842105264 1.9578947368421054 1.3894736842105264 1.9894736842105263 2.968421052631579 1.4842105263157894 1.3578947368421053 2.4  
77 18.218245020796218 2.873684210526316 2.6526315789473682 1.894736842105263 2.0842105263157893 2.210526315789474 1.3894736842105264 3.0 2.7157894736842105 1.3263157894736841 2.6526315789473682 1.3894736842105264 2.0842105263157893 2.5894736842105264 1.9578947368421054 1.3894736842105264 1.9894736842105263 2.968421052631579 1.4842105263157894 1.3578947368421053 2.4  
92 26.27321291803052 1.9157894736842105 1.768421052631579 1.263157894736842 1.3894736842105264 1.4736842105263157 0.9263157894736842 2.0 1.8105263157894738 0.8842105263157894 1.768421052631579 0.9263157894736842 1.3894736842105264 1.7263157894736842 1.305263157894737 0.9263157894736842 1.3263157894736841 1.9789473684210526 0.9894736842105263 0.9052631578947369 1.6  
33 132.47704670749792 1.9157894736842105 1.768421052631579 1.263157894736842 1.3894736842105264 1.4736842105263157 0.9263157894736842 2.0 1.8105263157894738 0.8842105263157894 1.768421052631579 0.9263157894736842 1.3894736842105264 1.7263157894736842 1.305263157894737 0.9263157894736842 1.3263157894736841 1.9789473684210526 0.9894736842105263 0.9052631578947369 1.6  
59 23.758433535700217 2.873684210526316 2.6526315789473682 1.894736842105263 2.0842105263157893 2.210526315789474 1.3894736842105264 3.0 2.7157894736842105 1.3263157894736841 2.6526315789473682 1.3894736842105264 2.0842105263157893 2.5894736842105264 1.9578947368421054 1.3894736842105264 1.9894736842105263 2.968421052631579 1.4842105263157894 1.3578947368421053 2.4  
65 120.6319665230481 2.873684210526316 2.6526315789473682 1.894736842105263 2.0842105263157893 2.210526315789474 1.3894736842105264 3.0 2.7157894736842105 1.3263157894736841 2.6526315789473682 1.3894736842105264 2.0842105263157893 2.5894736842105264 1.9578947368421054 1.3894736842105264 1.9894736842105263 2.968421052631579 1.4842105263157894 1.3578947368421053 2.4  
2 70.85608055706489 1.9157894736842105 1.768421052631579 1.263157894736842 1.3894736842105264 1.4736842105263157 0.9263157894736842 2.0 1.8105263157894738 0.8842105263157894 1.768421052631579 0.9263157894736842 1.3894736842105264 1.7263157894736842 1.305263157894737 0.9263157894736842 1.3263157894736841 1.9789473684210526 0.9894736842105263 0.9052631578947369 1.6  
93 143.4011135762113 1.9157894736842105 1.768421052631579 1.263157894736842 1.3894736842105264 1.4736842105263157 0.9263157894736842 2.0 1.8105263157894738 0.8842105263157894 1.768421052631579 0.9263157894736842 1.3894736842105264 1.7263157894736842 1.305263157894737 0.9263157894736842 1.3263157894736841 1.9789473684210526 0.9894736842105263 0.9052631578947369 1.6  
102 19.222309545821023 2.873684210526316 2.6526315789473682 1.894736842105263 2.0842105263157893 2.210526315789474 1.3894736842105264 3.0 2.7157894736842105 1.3263157894736841 2.6526315789473682 1.3894736842105264 2.0842105263157893 2.5894736842105264 1.9578947368421054 1.3894736842105264 1.9894736842105263 2.968421052631579 1.4842105263157894 1.3578947368421053 2.4  
49 28.824467748278206 2.873684210526316 2.6526315789473682 1.894736842105263 2.0842105263157893 2.210526315789474 1.3894736842105264 3.0 2.7157894736842105 1.3263157894736841 2.6526315789473682 1.3894736842105264 2.0842105263157893 2.5894736842105264 1.9578947368421054 1.3894736842105264 1.9894736842105263 2.968421052631579 1.4842105263157894 1.3578947368421053 2.4  
47 31.099536260787804 2.873684210526316 2.6526315789473682 1.894736842105263 2.0842105263157893 2.210526315789474 1.3894736842105264 3.0 2.7157894736842105 1.3263157894736841 2.6526315789473682 1.3894736842105264 2.0842105263157893 2.5894736842105264 1.9578947368421054 1.3894736842105264 1.9894736842105263 2.968421052631579 1.4842105263157894 1.3578947368421053 2.4  
25 252.0 2.873684210526316 2.6526315789473682 1.894736842105263 2.0842105263157893 2.210526315789474 1.3894736842105264 3.0 2.7157894736842105 1.3263157894736841 2.6526315789473682 1.3894736842105264 2.0842105263157893 2.5894736842105264 1.9578947368421054 1.3894736842105264 1.9894736842105263 2.968421052631579 1.4842105263157894 1.3578947368421053 2.4  
71 88.35972581810053 1.9157894736842105 1.768421052631579 1.263157894736842 1.3894736842105264 1.4736842105263157 0.9263157894736842 2.0 1.8105263157894738 0.8842105263157894 1.768421052631579 0.9263157894736842 1.3894736842105264 1.7263157894736842 1.305263157894737 0.9263157894736842 1.3263157894736841 1.9789473684210526 0.9894736842105263 0.9052631578947369 1.6  
91 27.782085514448546 1.9157894736842105 1.768421052631579 1.263157894736842 1.3894736842105264 1.4736842105263157 0.9263157894736842 2.0 1.8105263157894738 0.8842105263157894 1.768421052631579 0.9263157894736842 1.3894736842105264 1.7263157894736842 1.305263157894737 0.9263157894736842 1.3263157894736841 1.9789473684210526 0.9894736842105263 0.9052631578947369 1.6  
9 88.99189588956186 2.873684210526316 2.6526315789473682 1.894736842105263 2.0842105263157893 2.210526315789474 1.3894736842105264 3.0 2.7157894736842105 1.3263157894736841 2.6526315789473682 1.3894736842105264 2.0842105263157893 2.5894736842105264 1.9578947368421054 1.3894736842105264 1.9894736842105263 2.968421052631579 1.4842105263157894 1.3578947368421053 2.4  
23 262.8087694148834 1.9157894736842105 1.768421052631579 1.263157894736842 1.3894736842105264 1.4736842105263157 0.9263157894736842 2.0 1.8105263157894738 0.8842105263157894 1.768421052631579 0.9263157894736842 1.3894736842105264 1.7263157894736842 1.305263157894737 0.9263157894736842 1.3263157894736841 1.9789473684210526 0.9894736842105263 0.9052631578947369 1.6  
57 36.39651018393931 1.9157894736842105 1.768421052631579 1.263157894736842 1.3894736842105264 1.4736842105263157 0.9263157894736842 2.0 1.8105263157894738 0.8842105263157894 1.768421052631579 0.9263157894736842 1.3894736842105264 1.7263157894736842 1.305263157894737 0.9263157894736842 1.3263157894736841 1.9789473684210526 0.9894736842105263 0.9052631578947369 1.6  
30 121.70243062265564 1.9157894736842105 1.768421052631579 1.263157894736842 1.3894736842105264 1.4736842105263157 0.9263157894736842 2.0 1.8105263157894738 0.8842105263157894 1.768421052631579 0.9263157894736842 1.3894736842105264 1.7263157894736842 1.305263157894737 0.9263157894736842 1.3263157894736841 1.9789473684210526 0.9894736842105263 0.9052631578947369 1.6  
45 37.06650656838143 2.873684210526316 2.6526315789473682 1.894736842105263 2.0842105263157893 2.210526315789474 1.3894736842105264 3.0 2.7157894736842105 1.3263157894736841 2.6526315789473682 1.3894736842105264 2.0842105263157893 2.5894736842105264 1.9578947368421054 1.3894736842105264 1.9894736842105263 2.968421052631579 1.4842105263157894 1.3578947368421053 2.4  
8 46.05904549846784 1.9157894736842105 1.768421052631579 1.263157894736842 1.3894736842105264 1.4736842105263157 0.9263157894736842 2.0 1.8105263157894738 0.8842105263157894 1.768421052631579 0.9263157894736842 1.3894736842105264 1.7263157894736842 1.305263157894737 0.9263157894736842 1.3263157894736841 1.9789473684210526 0.9894736842105263 0.9052631578947369 1.6  
14 81.98141053554887 2.873684210526316 2.6526315789473682 1.894736842105263 2.0842105263157893 2.210526315789474 1.3894736842105264 3.0 2.7157894736842105 1.3263157894736841 2.6526315789473682 1.3894736842105264 2.0842105263157893 2.5894736842105264 1.9578947368421054 1.3894736842105264 1.9894736842105263 2.968421052631579 1.4842105263157894 1.3578947368421053 2.4  
6 27.8931572147928 1.9157894736842105 1.768421052631579 1.263157894736842 1.3894736842105264 1.4736842105263157 0.9263157894736842 2.0 1.8105263157894738 0.8842105263157894 1.768421052631579 0.9263157894736842 1.3894736842105264 1.7263157894736842 1.305263157894737 0.9263157894736842 1.3263157894736841 1.9789473684210526 0.9894736842105263 0.9052631578947369 1.6  
38 48.80715737009294 2.873684210526316 2.6526315789473682 1.894736842105263 2.0842105263157893 2.210526315789474 1.3894736842105264 3.0 2.7157894736842105 1.3263157894736841 2.6526315789473682 1.3894736842105264 2.0842105263157893 2.5894736842105264 1.9578947368421054 1.3894736842105264 1.9894736842105263 2.968421052631579 1.4842105263157894 1.3578947368421053 2.4  
94 140.67110025620764 2.873684210526316 2.6526315789473682 1.894736842105263 2.0842105263157893 2.210526315789474 1.3894736842105264 3.0 2.7157894736842105 1.3263157894736841 2.6526315789473682 1.3894736842105264 2.0842105263157893 2.5894736842105264 1.9578947368421054 1.3894736842105264 1.9894736842105263 2.968421052631579 1.4842105263157894 1.3578947368421053 2.4  
80 88.76544011817325 2.873684210526316 2.6526315789473682 1.894736842105263 2.0842105263157893 2.210526315789474 1.3894736842105264 3.0 2.7157894736842105 1.3263157894736841 2.6526315789473682 1.3894736842105264 2.0842105263157893 2.5894736842105264 1.9578947368421054 1.3894736842105264 1.9894736842105263 2.968421052631579 1.4842105263157894 1.3578947368421053 2.4  
10 46.0745080115226 2.873684210526316 2.6526315789473682 1.894736842105263 2.0842105263157893 2.210526315789474 1.3894736842105264 3.0 2.7157894736842105 1.3263157894736841 2.6526315789473682 1.3894736842105264 2.0842105263157893 2.5894736842105264 1.9578947368421054 1.3894736842105264 1.9894736842105263 2.968421052631579 1.4842105263157894 1.3578947368421053 2.4  
35 58.885733337490066 1.9157894736842105 1.768421052631579 1.263157894736842 1.3894736842105264 1.4736842105263157 0.9263157894736842 2.0 1.8105263157894738 0.8842105263157894 1.768421052631579 0.9263157894736842 1.3894736842105264 1.7263157894736842 1.305263157894737 0.9263157894736842 1.3263157894736841 1.9789473684210526 0.9894736842105263 0.9052631578947369 1.6  
5 87.56486895902776 1.9157894736842105 1.768421052631579 1.263157894736842 1.3894736842105264 1.4736842105263157 0.9263157894736842 2.0 1.8105263157894738 0.8842105263157894 1.768421052631579 0.9263157894736842 1.3894736842105264 1.7263157894736842 1.305263157894737 0.9263157894736842 1.3263157894736841 1.9789473684210526 0.9894736842105263 0.9052631578947369 1.6  
106 55.33365874253876 1.9157894736842105 1.768421052631579 1.263157894736842 1.3894736842105264 1.4736842105263157 0.9263157894736842 2.0 1.8105263157894738 0.8842105263157894 1.768421052631579 0.9263157894736842 1.3894736842105264 1.7263157894736842 1.305263157894737 0.9263157894736842 1.3263157894736841 1.9789473684210526 0.9894736842105263 0.9052631578947369 1.6  
83 79.30205610206984 2.873684210526316 2.6526315789473682 1.894736842105263 2.0842105263157893 2.210526315789474 1.3894736842105264 3.0 2.7157894736842105 1.3263157894736841 2.6526315789473682 1.3894736842105264 2.0842105263157893 2.5894736842105264 1.9578947368421054 1.3894736842105264 1.9894736842105263 2.968421052631579 1.4842105263157894 1.3578947368421053 2.4  
103 49.01083486012207 2.873684210526316 2.6526315789473682 1.894736842105263 2.0842105263157893 2.210526315789474 1.3894736842105264 3.0 2.7157894736842105 1.3263157894736841 2.6526315789473682 1.3894736842105264 2.0842105263157893 2.5894736842105264 1.9578947368421054 1.3894736842105264 1.9894736842105263 2.968421052631579 1.4842105263157894 1.3578947368421053 2.4  
56 16.11203524645152 2.873684210526316 2.6526315789473682 1.894736842105263 2.0842105263157893 2.210526315789474 1.3894736842105264 3.0 2.7157894736842105 1.3263157894736841 2.6526315789473682 1.3894736842105264 2.0842105263157893 2.5894736842105264 1.9578947368421054 1.3894736842105264 1.9894736842105263 2.968421052631579 1.4842105263157894 1.3578947368421053 2.4  
28 127.00626445188246 2.873684210526316 2.6526315789473682 1.894736842105263 2.0842105263157893 2.210526315789474 1.3894736842105264 3.0 2.7157894736842105 1.3263157894736841 2.6526315789473682 1.3894736842105264 2.0842105263157893 2.5894736842105264 1.9578947368421054 1.3894736842105264 1.9894736842105263 2.968421052631579 1.4842105263157894 1.3578947368421053 2.4  
64 86.04313888833154 1.9157894736842105 1.768421052631579 1.263157894736842 1.3894736842105264 1.4736842105263157 0.9263157894736842 2.0 1.8105263157894738 0.8842105263157894 1.768421052631579 0.9263157894736842 1.3894736842105264 1.7263157894736842 1.305263157894737 0.9263157894736842 1.3263157894736841 1.9789473684210526 0.9894736842105263 0.9052631578947369 1.6  
15 76.40197001364558 1.9157894736842105 1.768421052631579 1.263157894736842 1.3894736842105264 1.4736842105263157 0.9263157894736842 2.0 1.8105263157894738 0.8842105263157894 1.768421052631579 0.9263157894736842 1.3894736842105264 1.7263157894736842 1.305263157894737 0.9263157894736842 1.3263157894736841 1.9789473684210526 0.9894736842105263 0.9052631578947369 1.6  
4 129.8106885264737 1.9157894736842105 1.768421052631579 1.263157894736842 1.3894736842105264 1.4736842105263157 0.9263157894736842 2.0 1.8105263157894738 0.8842105263157894 1.768421052631579 0.9263157894736842 1.3894736842105264 1.7263157894736842 1.305263157894737 0.9263157894736842 1.3263157894736841 1.9789473684210526 0.9894736842105263 0.9052631578947369 1.6  
81 32.944724889645755 1.9157894736842105 1.768421052631579 1.263157894736842 1.3894736842105264 1.4736842105263157 0.9263157894736842 2.0 1.8105263157894738 0.8842105263157894 1.768421052631579 0.9263157894736842 1.3894736842105264 1.7263157894736842 1.305263157894737 0.9263157894736842 1.3263157894736841 1.9789473684210526 0.9894736842105263 0.9052631578947369 1.6  
44 21.570236621795026 1.9157894736842105 1.768421052631579 1.263157894736842 1.3894736842105264 1.4736842105263157 0.9263157894736842 2.0 1.8105263157894738 0.8842105263157894 1.768421052631579 0.9263157894736842 1.3894736842105264 1.7263157894736842 1.305263157894737 0.9263157894736842 1.3263157894736841 1.9789473684210526 0.9894736842105263 0.9052631578947369 1.6  
20 154.21003293616113 1.9157894736842105 1.768421052631579 1.263157894736842 1.3894736842105264 1.4736842105263157 0.9263157894736842 2.0 1.8105263157894738 0.8842105263157894 1.768421052631579 0.9263157894736842 1.3894736842105264 1.7263157894736842 1.305263157894737 0.9263157894736842 1.3263157894736841 1.9789473684210526 0.9894736842105263 0.9052631578947369 1.6  
50 28.807214455284864 1.9157894736842105 1.768421052631579 1.263157894736842 1.3894736842105264 1.4736842105263157 0.9263157894736842 2.0 1.8105263157894738 0.8842105263157894 1.768421052631579 0.9263157894736842 1.3894736842105264 1.7263157894736842 1.305263157894737 0.9263157894736842 1.3263157894736841 1.9789473684210526 0.9894736842105263 0.9052631578947369 1.6  
26 231.9717420130756 1.9157894736842105 1.768421052631579 1.263157894736842 1.3894736842105264 1.4736842105263157 0.9263157894736842 2.0 1.8105263157894738 0.8842105263157894 1.768421052631579 0.9263157894736842 1.3894736842105264 1.7263157894736842 1.305263157894737 0.9263157894736842 1.3263157894736841 1.9789473684210526 0.9894736842105263 0.9052631578947369 1.6  
69 80.98585557594649 1.9157894736842105 1.768421052631579 1.263157894736842 1.3894736842105264 1.4736842105263157 0.9263157894736842 2.0 1.8105263157894738 0.8842105263157894 1.768421052631579 0.9263157894736842 1.3894736842105264 1.7263157894736842 1.305263157894737 0.9263157894736842 1.3263157894736841 1.9789473684210526 0.9894736842105263 0.9052631578947369 1.6  
84 53.70308751778645 2.873684210526316 2.6526315789473682 1.894736842105263 2.0842105263157893 2.210526315789474 1.3894736842105264 3.0 2.7157894736842105 1.3263157894736841 2.6526315789473682 1.3894736842105264 2.0842105263157893 2.5894736842105264 1.9578947368421054 1.3894736842105264 1.9894736842105263 2.968421052631579 1.4842105263157894 1.3578947368421053 2.4  
22 132.24138407474643 2.873684210526316 2.6526315789473682 1.894736842105263 2.0842105263157893 2.210526315789474 1.3894736842105264 3.0 2.7157894736842105 1.3263157894736841 2.6526315789473682 1.3894736842105264 2.0842105263157893 2.5894736842105264 1.9578947368421054 1.3894736842105264 1.9894736842105263 2.968421052631579 1.4842105263157894 1.3578947368421053 2.4  
109 80.38223836241441 1.9157894736842105 1.768421052631579 1.263157894736842 1.3894736842105264 1.4736842105263157 0.9263157894736842 2.0 1.8105263157894738 0.8842105263157894 1.768421052631579 0.9263157894736842 1.3894736842105264 1.7263157894736842 1.305263157894737 0.9263157894736842 1.3263157894736841 1.9789473684210526 0.9894736842105263 0.9052631578947369 1.6  
60 50.779196879552366 2.873684210526316 2.6526315789473682 1.894736842105263 2.0842105263157893 2.210526315789474 1.3894736842105264 3.0 2.7157894736842105 1.3263157894736841 2.6526315789473682 1.3894736842105264 2.0842105263157893 2.5894736842105264 1.9578947368421054 1.3894736842105264 1.9894736842105263 2.968421052631579 1.4842105263157894 1.3578947368421053 2.4  
99 25.560856729514867 1.9157894736842105 1.768421052631579 1.263157894736842 1.3894736842105264 1.4736842105263157 0.9263157894736842 2.0 1.8105263157894738 0.8842105263157894 1.768421052631579 0.9263157894736842 1.3894736842105264 1.7263157894736842 1.305263157894737 0.9263157894736842 1.3263157894736841 1.9789473684210526 0.9894736842105263 0.9052631578947369 1.6  
36 64.4410681143313 1.9157894736842105 1.768421052631579 1.263157894736842 1.3894736842105264 1.4736842105263157 0.9263157894736842 2.0 1.8105263157894738 0.8842105263157894 1.768421052631579 0.9263157894736842 1.3894736842105264 1.7263157894736842 1.305263157894737 0.9263157894736842 1.3263157894736841 1.9789473684210526 0.9894736842105263 0.9052631578947369 1.6  
17 85.33113550653141 2.873684210526316 2.6526315789473682 1.894736842105263 2.0842105263157893 2.210526315789474 1.3894736842105264 3.0 2.7157894736842105 1.3263157894736841 2.6526315789473682 1.3894736842105264 2.0842105263157893 2.5894736842105264 1.9578947368421054 1.3894736842105264 1.9894736842105263 2.968421052631579 1.4842105263157894 1.3578947368421053 2.4  
53 22.721427739187952 2.873684210526316 2.6526315789473682 1.894736842105263 2.0842105263157893 2.210526315789474 1.3894736842105264 3.0 2.7157894736842105 1.3263157894736841 2.6526315789473682 1.3894736842105264 2.0842105263157893 2.5894736842105264 1.9578947368421054 1.3894736842105264 1.9894736842105263 2.968421052631579 1.4842105263157894 1.3578947368421053 2.4  
82 49.942639008298386 1.9157894736842105 1.768421052631579 1.263157894736842 1.3894736842105264 1.4736842105263157 0.9263157894736842 2.0 1.8105263157894738 0.8842105263157894 1.768421052631579 0.9263157894736842 1.3894736842105264 1.7263157894736842 1.305263157894737 0.9263157894736842 1.3263157894736841 1.9789473684210526 0.9894736842105263 0.9052631578947369 1.6  
18 57.419525256558295 2.873684210526316 2.6526315789473682 1.894736842105263 2.0842105263157893 2.210526315789474 1.3894736842105264 3.0 2.7157894736842105 1.3263157894736841 2.6526315789473682 1.3894736842105264 2.0842105263157893 2.5894736842105264 1.9578947368421054 1.3894736842105264 1.9894736842105263 2.968421052631579 1.4842105263157894 1.3578947368421053 2.4  
88 82.06032434134886 2.873684210526316 2.6526315789473682 1.894736842105263 2.0842105263157893 2.210526315789474 1.3894736842105264 3.0 2.7157894736842105 1.3263157894736841 2.6526315789473682 1.3894736842105264 2.0842105263157893 2.5894736842105264 1.9578947368421054 1.3894736842105264 1.9894736842105263 2.968421052631579 1.4842105263157894 1.3578947368421053 2.4  
1 442.0 2.873684210526316 2.6526315789473682 1.894736842105263 2.0842105263157893 2.210526315789474 1.3894736842105264 3.0 2.7157894736842105 1.3263157894736841 2.6526315789473682 1.3894736842105264 2.0842105263157893 2.5894736842105264 1.9578947368421054 1.3894736842105264 1.9894736842105263 2.968421052631579 1.4842105263157894 1.3578947368421053 2.4  
68 38.67352000260509 2.873684210526316 2.6526315789473682 1.894736842105263 2.0842105263157893 2.210526315789474 1.3894736842105264 3.0 2.7157894736842105 1.3263157894736841 2.6526315789473682 1.3894736842105264 2.0842105263157893 2.5894736842105264 1.9578947368421054 1.3894736842105264 1.9894736842105263 2.968421052631579 1.4842105263157894 1.3578947368421053 2.4  
90 77.18293667269019 2.873684210526316 2.6526315789473682 1.894736842105263 2.0842105263157893 2.210526315789474 1.3894736842105264 3.0 2.7157894736842105 1.3263157894736841 2.6526315789473682 1.3894736842105264 2.0842105263157893 2.5894736842105264 1.9578947368421054 1.3894736842105264 1.9894736842105263 2.968421052631579 1.4842105263157894 1.3578947368421053 2.4  
39 56.699362180686336 2.873684210526316 2.6526315789473682 1.894736842105263 2.0842105263157893 2.210526315789474 1.3894736842105264 3.0 2.7157894736842105 1.3263157894736841 2.6526315789473682 1.3894736842105264 2.0842105263157893 2.5894736842105264 1.9578947368421054 1.3894736842105264 1.9894736842105263 2.968421052631579 1.4842105263157894 1.3578947368421053 2.4  
52 73.09870939418481 1.9157894736842105 1.768421052631579 1.263157894736842 1.3894736842105264 1.4736842105263157 0.9263157894736842 2.0 1.8105263157894738 0.8842105263157894 1.768421052631579 0.9263157894736842 1.3894736842105264 1.7263157894736842 1.305263157894737 0.9263157894736842 1.3263157894736841 1.9789473684210526 0.9894736842105263 0.9052631578947369 1.6  
19 120.12286111856238 2.873684210526316 2.6526315789473682 1.894736842105263 2.0842105263157893 2.210526315789474 1.3894736842105264 3.0 2.7157894736842105 1.3263157894736841 2.6526315789473682 1.3894736842105264 2.0842105263157893 2.5894736842105264 1.9578947368421054 1.3894736842105264 1.9894736842105263 2.968421052631579 1.4842105263157894 1.3578947368421053 2.4  
62 194.51084215986154 1.9157894736842105 1.768421052631579 1.263157894736842 1.3894736842105264 1.4736842105263157 0.9263157894736842 2.0 1.8105263157894738 0.8842105263157894 1.768421052631579 0.9263157894736842 1.3894736842105264 1.7263157894736842 1.305263157894737 0.9263157894736842 1.3263157894736841 1.9789473684210526 0.9894736842105263 0.9052631578947369 1.6  
97 192.95032520792455 2.873684210526316 2.6526315789473682 1.894736842105263 2.0842105263157893 2.210526315789474 1.3894736842105264 3.0 2.7157894736842105 1.3263157894736841 2.6526315789473682 1.3894736842105264 2.0842105263157893 2.5894736842105264 1.9578947368421054 1.3894736842105264 1.9894736842105263 2.968421052631579 1.4842105263157894 1.3578947368421053 2.4  
85 106.6793591582526 2.873684210526316 2.6526315789473682 1.894736842105263 2.0842105263157893 2.210526315789474 1.3894736842105264 3.0 2.7157894736842105 1.3263157894736841 2.6526315789473682 1.3894736842105264 2.0842105263157893 2.5894736842105264 1.9578947368421054 1.3894736842105264 1.9894736842105263 2.968421052631579 1.4842105263157894 1.3578947368421053 2.4  
3 95.62032702687605 1.9157894736842105 1.768421052631579 1.263157894736842 1.3894736842105264 1.4736842105263157 0.9263157894736842 2.0 1.8105263157894738 0.8842105263157894 1.768421052631579 0.9263157894736842 1.3894736842105264 1.7263157894736842 1.305263157894737 0.9263157894736842 1.3263157894736841 1.9789473684210526 0.9894736842105263 0.9052631578947369 1.6  
95 164.8205752973922 1.9157894736842105 1.768421052631579 1.263157894736842 1.3894736842105264 1.4736842105263157 0.9263157894736842 2.0 1.8105263157894738 0.8842105263157894 1.768421052631579 0.9263157894736842 1.3894736842105264 1.7263157894736842 1.305263157894737 0.9263157894736842 1.3263157894736841 1.9789473684210526 0.9894736842105263 0.9052631578947369 1.6  
34 146.8365463606275 1.9157894736842105 1.768421052631579 1.263157894736842 1.3894736842105264 1.4736842105263157 0.9263157894736842 2.0 1.8105263157894738 0.8842105263157894 1.768421052631579 0.9263157894736842 1.3894736842105264 1.7263157894736842 1.305263157894737 0.9263157894736842 1.3263157894736841 1.9789473684210526 0.9894736842105263 0.9052631578947369 1.6  
51 500.0 2.873684210526316 2.6526315789473682 1.894736842105263 2.0842105263157893 2.210526315789474 1.3894736842105264 3.0 2.7157894736842105 1.3263157894736841 2.6526315789473682 1.3894736842105264 2.0842105263157893 2.5894736842105264 1.9578947368421054 1.3894736842105264 1.9894736842105263 2.968421052631579 1.4842105263157894 1.3578947368421053 2.4  
107 212.59375451305073 2.873684210526316 2.6526315789473682 1.894736842105263 2.0842105263157893 2.210526315789474 1.3894736842105264 3.0 2.7157894736842105 1.3263157894736841 2.6526315789473682 1.3894736842105264 2.0842105263157893 2.5894736842105264 1.9578947368421054 1.3894736842105264 1.9894736842105263 2.968421052631579 1.4842105263157894 1.3578947368421053 2.4  
89 116.22099428711756 1.9157894736842105 1.768421052631579 1.263157894736842 1.3894736842105264 1.4736842105263157 0.9263157894736842 2.0 1.8105263157894738 0.8842105263157894 1.768421052631579 0.9263157894736842 1.3894736842105264 1.7263157894736842 1.305263157894737 0.9263157894736842 1.3263157894736841 1.9789473684210526 0.9894736842105263 0.9052631578947369 1.6  
96 161.07179456036627 1.9157894736842105 1.768421052631579 1.263157894736842 1.3894736842105264 1.4736842105263157 0.9263157894736842 2.0 1.8105263157894738 0.8842105263157894 1.768421052631579 0.9263157894736842 1.3894736842105264 1.7263157894736842 1.305263157894737 0.9263157894736842 1.3263157894736841 1.9789473684210526 0.9894736842105263 0.9052631578947369 1.6  
41 110.84884540277739 2.873684210526316 2.6526315789473682 1.894736842105263 2.0842105263157893 2.210526315789474 1.3894736842105264 3.0 2.7157894736842105 1.3263157894736841 2.6526315789473682 1.3894736842105264 2.0842105263157893 2.5894736842105264 1.9578947368421054 1.3894736842105264 1.9894736842105263 2.968421052631579 1.4842105263157894 1.3578947368421053 2.4  
42 41.25033728937135 1.9157894736842105 1.768421052631579 1.263157894736842 1.3894736842105264 1.4736842105263157 0.9263157894736842 2.0 1.8105263157894738 0.8842105263157894 1.768421052631579 0.9263157894736842 1.3894736842105264 1.7263157894736842 1.305263157894737 0.9263157894736842 1.3263157894736841 1.9789473684210526 0.9894736842105263 0.9052631578947369 1.6  
86 185.37130277191582 1.9157894736842105 1.768421052631579 1.263157894736842 1.3894736842105264 1.4736842105263157 0.9263157894736842 2.0 1.8105263157894738 0.8842105263157894 1.768421052631579 0.9263157894736842 1.3894736842105264 1.7263157894736842 1.305263157894737 0.9263157894736842 1.3263157894736841 1.9789473684210526 0.9894736842105263 0.9052631578947369 1.6  
105 205.75912819475536 2.873684210526316 2.6526315789473682 1.894736842105263 2.0842105263157893 2.210526315789474 1.3894736842105264 3.0 2.7157894736842105 1.3263157894736841 2.6526315789473682 1.3894736842105264 2.0842105263157893 2.5894736842105264 1.9578947368421054 1.3894736842105264 1.9894736842105263 2.968421052631579 1.4842105263157894 1.3578947368421053 2.4  
98 159.12798770682784 1.9157894736842105 1.768421052631579 1.263157894736842 1.3894736842105264 1.4736842105263157 0.9263157894736842 2.0 1.8105263157894738 0.8842105263157894 1.768421052631579 0.9263157894736842 1.3894736842105264 1.7263157894736842 1.305263157894737 0.9263157894736842 1.3263157894736841 1.9789473684210526 0.9894736842105263 0.9052631578947369 1.6  
21 240.1828509295613 2.873684210526316 2.6526315789473682 1.894736842105263 2.0842105263157893 2.210526315789474 1.3894736842105264 3.0 2.7157894736842105 1.3263157894736841 2.6526315789473682 1.3894736842105264 2.0842105263157893 2.5894736842105264 1.9578947368421054 1.3894736842105264 1.9894736842105263 2.968421052631579 1.4842105263157894 1.3578947368421053 2.4  
32 142.61463575407157 1.9157894736842105 1.768421052631579 1.263157894736842 1.3894736842105264 1.4736842105263157 0.9263157894736842 2.0 1.8105263157894738 0.8842105263157894 1.768421052631579 0.9263157894736842 1.3894736842105264 1.7263157894736842 1.305263157894737 0.9263157894736842 1.3263157894736841 1.9789473684210526 0.9894736842105263 0.9052631578947369 1.6  
43 38.34034626782574 1.9157894736842105 1.768421052631579 1.263157894736842 1.3894736842105264 1.4736842105263157 0.9263157894736842 2.0 1.8105263157894738 0.8842105263157894 1.768421052631579 0.9263157894736842 1.3894736842105264 1.7263157894736842 1.305263157894737 0.9263157894736842 1.3263157894736841 1.9789473684210526 0.9894736842105263 0.9052631578947369 1.6  
54 148.7948420824657 1.9157894736842105 1.768421052631579 1.263157894736842 1.3894736842105264 1.4736842105263157 0.9263157894736842 2.0 1.8105263157894738 0.8842105263157894 1.768421052631579 0.9263157894736842 1.3894736842105264 1.7263157894736842 1.305263157894737 0.9263157894736842 1.3263157894736841 1.9789473684210526 0.9894736842105263 0.9052631578947369 1.6  
101 85.57835698537404 2.873684210526316 2.6526315789473682 1.894736842105263 2.0842105263157893 2.210526315789474 1.3894736842105264 3.0 2.7157894736842105 1.3263157894736841 2.6526315789473682 1.3894736842105264 2.0842105263157893 2.5894736842105264 1.9578947368421054 1.3894736842105264 1.9894736842105263 2.968421052631579 1.4842105263157894 1.3578947368421053 2.4  
70 101.44755359069157 1.9157894736842105 1.768421052631579 1.263157894736842 1.3894736842105264 1.4736842105263157 0.9263157894736842 2.0 1.8105263157894738 0.8842105263157894 1.768421052631579 0.9263157894736842 1.3894736842105264 1.7263157894736842 1.305263157894737 0.9263157894736842 1.3263157894736841 1.9789473684210526 0.9894736842105263 0.9052631578947369 1.6  
73 37.761890522501275 1.9157894736842105 1.768421052631579 1.263157894736842 1.3894736842105264 1.4736842105263157 0.9263157894736842 2.0 1.8105263157894738 0.8842105263157894 1.768421052631579 0.9263157894736842 1.3894736842105264 1.7263157894736842 1.305263157894737 0.9263157894736842 1.3263157894736841 1.9789473684210526 0.9894736842105263 0.9052631578947369 1.6  
87 209.3440510758303 2.873684210526316 2.6526315789473682 1.894736842105263 2.0842105263157893 2.210526315789474 1.3894736842105264 3.0 2.7157894736842105 1.3263157894736841 2.6526315789473682 1.3894736842105264 2.0842105263157893 2.5894736842105264 1.9578947368421054 1.3894736842105264 1.9894736842105263 2.968421052631579 1.4842105263157894 1.3578947368421053 2.4  
29 223.19926669578496 1.9157894736842105 1.768421052631579 1.263157894736842 1.3894736842105264 1.4736842105263157 0.9263157894736842 2.0 1.8105263157894738 0.8842105263157894 1.768421052631579 0.9263157894736842 1.3894736842105264 1.7263157894736842 1.305263157894737 0.9263157894736842 1.3263157894736841 1.9789473684210526 0.9894736842105263 0.9052631578947369 1.6  
40 105.57936699969488 1.9157894736842105 1.768421052631579 1.263157894736842 1.3894736842105264 1.4736842105263157 0.9263157894736842 2.0 1.8105263157894738 0.8842105263157894 1.768421052631579 0.9263157894736842 1.3894736842105264 1.7263157894736842 1.305263157894737 0.9263157894736842 1.3263157894736841 1.9789473684210526 0.9894736842105263 0.9052631578947369 1.6  
55 107.45177729516476 2.873684210526316 2.6526315789473682 1.894736842105263 2.0842105263157893 2.210526315789474 1.3894736842105264 3.0 2.7157894736842105 1.3263157894736841 2.6526315789473682 1.3894736842105264 2.0842105263157893 2.5894736842105264 1.9578947368421054 1.3894736842105264 1.9894736842105263 2.968421052631579 1.4842105263157894 1.3578947368421053 2.4  
63 185.199510207579 1.9157894736842105 1.768421052631579 1.263157894736842 1.3894736842105264 1.4736842105263157 0.9263157894736842 2.0 1.8105263157894738 0.8842105263157894 1.768421052631579 0.9263157894736842 1.3894736842105264 1.7263157894736842 1.305263157894737 0.9263157894736842 1.3263157894736841 1.9789473684210526 0.9894736842105263 0.9052631578947369 1.6  
67 100.22366726014953 2.873684210526316 2.6526315789473682 1.894736842105263 2.0842105263157893 2.210526315789474 1.3894736842105264 3.0 2.7157894736842105 1.3263157894736841 2.6526315789473682 1.3894736842105264 2.0842105263157893 2.5894736842105264 1.9578947368421054 1.3894736842105264 1.9894736842105263 2.968421052631579 1.4842105263157894 1.3578947368421053 2.4  
61 69.53894148142162 1.9157894736842105 1.768421052631579 1.263157894736842 1.3894736842105264 1.4736842105263157 0.9263157894736842 2.0 1.8105263157894738 0.8842105263157894 1.768421052631579 0.9263157894736842 1.3894736842105264 1.7263157894736842 1.305263157894737 0.9263157894736842 1.3263157894736841 1.9789473684210526 0.9894736842105263 0.9052631578947369 1.6  
37 68.34555581443637 2.873684210526316 2.6526315789473682 1.894736842105263 2.0842105263157893 2.210526315789474 1.3894736842105264 3.0 2.7157894736842105 1.3263157894736841 2.6526315789473682 1.3894736842105264 2.0842105263157893 2.5894736842105264 1.9578947368421054 1.3894736842105264 1.9894736842105263 2.968421052631579 1.4842105263157894 1.3578947368421053 2.4  
27 230.84208865760098 2.873684210526316 2.6526315789473682 1.894736842105263 2.0842105263157893 2.210526315789474 1.3894736842105264 3.0 2.7157894736842105 1.3263157894736841 2.6526315789473682 1.3894736842105264 2.0842105263157893 2.5894736842105264 1.9578947368421054 1.3894736842105264 1.9894736842105263 2.968421052631579 1.4842105263157894 1.3578947368421053 2.4  
75 68.71253451814553 1.9157894736842105 1.768421052631579 1.263157894736842 1.3894736842105264 1.4736842105263157 0.9263157894736842 2.0 1.8105263157894738 0.8842105263157894 1.768421052631579 0.9263157894736842 1.3894736842105264 1.7263157894736842 1.305263157894737 0.9263157894736842 1.3263157894736841 1.9789473684210526 0.9894736842105263 0.9052631578947369 1.6  
66 147.9065049829362 2.873684210526316 2.6526315789473682 1.894736842105263 2.0842105263157893 2.210526315789474 1.3894736842105264 3.0 2.7157894736842105 1.3263157894736841 2.6526315789473682 1.3894736842105264 2.0842105263157893 2.5894736842105264 1.9578947368421054 1.3894736842105264 1.9894736842105263 2.968421052631579 1.4842105263157894 1.3578947368421053 2.4  
46 18.11774685144855 2.873684210526316 2.6526315789473682 1.894736842105263 2.0842105263157893 2.210526315789474 1.3894736842105264 3.0 2.7157894736842105 1.3263157894736841 2.6526315789473682 1.3894736842105264 2.0842105263157893 2.5894736842105264 1.9578947368421054 1.3894736842105264 1.9894736842105263 2.968421052631579 1.4842105263157894 1.3578947368421053 2.4  
72 157.13612529358602 1.9157894736842105 1.768421052631579 1.263157894736842 1.3894736842105264 1.4736842105263157 0.9263157894736842 2.0 1.8105263157894738 0.8842105263157894 1.768421052631579 0.9263157894736842 1.3894736842105264 1.7263157894736842 1.305263157894737 0.9263157894736842 1.3263157894736841 1.9789473684210526 0.9894736842105263 0.9052631578947369 1.6  
79 69.49512640107103 2.873684210526316 2.6526315789473682 1.894736842105263 2.0842105263157893 2.210526315789474 1.3894736842105264 3.0 2.7157894736842105 1.3263157894736841 2.6526315789473682 1.3894736842105264 2.0842105263157893 2.5894736842105264 1.9578947368421054 1.3894736842105264 1.9894736842105263 2.968421052631579 1.4842105263157894 1.3578947368421053 2.4  
48 17.786495017903103 2.873684210526316 2.6526315789473682 1.894736842105263 2.0842105263157893 2.210526315789474 1.3894736842105264 3.0 2.7157894736842105 1.3263157894736841 2.6526315789473682 1.3894736842105264 2.0842105263157893 2.5894736842105264 1.9578947368421054 1.3894736842105264 1.9894736842105263 2.968421052631579 1.4842105263157894 1.3578947368421053 2.4  
11 40.086876356987524 2.873684210526316 2.6526315789473682 1.894736842105263 2.0842105263157893 2.210526315789474 1.3894736842105264 3.0 2.7157894736842105 1.3263157894736841 2.6526315789473682 1.3894736842105264 2.0842105263157893 2.5894736842105264 1.9578947368421054 1.3894736842105264 1.9894736842105263 2.968421052631579 1.4842105263157894 1.3578947368421053 2.4  
12 75.79396477148796 2.873684210526316 2.6526315789473682 1.894736842105263 2.0842105263157893 2.210526315789474 1.3894736842105264 3.0 2.7157894736842105 1.3263157894736841 2.6526315789473682 1.3894736842105264 2.0842105263157893 2.5894736842105264 1.9578947368421054 1.3894736842105264 1.9894736842105263 2.968421052631579 1.4842105263157894 1.3578947368421053 2.4  
13 939.0 2.873684210526316 2.6526315789473682 1.894736842105263 2.0842105263157893 2.210526315789474 1.3894736842105264 3.0 2.7157894736842105 1.3263157894736841 2.6526315789473682 1.3894736842105264 2.0842105263157893 2.5894736842105264 1.9578947368421054 1.3894736842105264 1.9894736842105263 2.968421052631579 1.4842105263157894 1.3578947368421053 2.4  
58 27.656305932465727 1.9157894736842105 1.768421052631579 1.263157894736842 1.3894736842105264 1.4736842105263157 0.9263157894736842 2.0 1.8105263157894738 0.8842105263157894 1.768421052631579 0.9263157894736842 1.3894736842105264 1.7263157894736842 1.305263157894737 0.9263157894736842 1.3263157894736841 1.9789473684210526 0.9894736842105263 0.9052631578947369 1.6  
7 74.77554649572642 1.9157894736842105 1.768421052631579 1.263157894736842 1.3894736842105264 1.4736842105263157 0.9263157894736842 2.0 1.8105263157894738 0.8842105263157894 1.768421052631579 0.9263157894736842 1.3894736842105264 1.7263157894736842 1.305263157894737 0.9263157894736842 1.3263157894736841 1.9789473684210526 0.9894736842105263 0.9052631578947369 1.6  
76 23.488920511169653 1.9157894736842105 1.768421052631579 1.263157894736842 1.3894736842105264 1.4736842105263157 0.9263157894736842 2.0 1.8105263157894738 0.8842105263157894 1.768421052631579 0.9263157894736842 1.3894736842105264 1.7263157894736842 1.305263157894737 0.9263157894736842 1.3263157894736841 1.9789473684210526 0.9894736842105263 0.9052631578947369 1.6  
24 113.37115152348164 1.9157894736842105 1.768421052631579 1.263157894736842 1.3894736842105264 1.4736842105263157 0.9263157894736842 2.0 1.8105263157894738 0.8842105263157894 1.768421052631579 0.9263157894736842 1.3894736842105264 1.7263157894736842 1.305263157894737 0.9263157894736842 1.3263157894736841 1.9789473684210526 0.9894736842105263 0.9052631578947369 1.6  
104 154.720337987148 2.873684210526316 2.6526315789473682 1.894736842105263 2.0842105263157893 2.210526315789474 1.3894736842105264 3.0 2.7157894736842105 1.3263157894736841 2.6526315789473682 1.3894736842105264 2.0842105263157893 2.5894736842105264 1.9578947368421054 1.3894736842105264 1.9894736842105263 2.968421052631579 1.4842105263157894 1.3578947368421053 2.4  
74 5.228292424350376 1.9157894736842105 1.768421052631579 1.263157894736842 1.3894736842105264 1.4736842105263157 0.9263157894736842 2.0 1.8105263157894738 0.8842105263157894 1.768421052631579 0.9263157894736842 1.3894736842105264 1.7263157894736842 1.305263157894737 0.9263157894736842 1.3263157894736841 1.9789473684210526 0.9894736842105263 0.9052631578947369 1.6  
100 135.37502374823617 1.9157894736842105 1.768421052631579 1.263157894736842 1.3894736842105264 1.4736842105263157 0.9263157894736842 2.0 1.8105263157894738 0.8842105263157894 1.768421052631579 0.9263157894736842 1.3894736842105264 1.7263157894736842 1.305263157894737 0.9263157894736842 1.3263157894736841 1.9789473684210526 0.9894736842105263 0.9052631578947369 1.6  
