170 20
TREE NETWORK (nID nID Weight):
1 0 35.0 
6 0 32.0 
111 0 39.0 
112 111 34.0 
7 6 37.0 
8 7 46.0 
113 112 42.0 
153 111 40.0 
9 8 43.0 
114 113 43.0 
11 8 59.0 
115 114 50.0 
12 11 59.0 
97 7 59.0 
154 153 49.0 
169 0 41.0 
59 8 53.0 
98 97 33.0 
70 8 59.0 
122 113 58.0 
133 112 36.0 
71 70 40.0 
72 71 47.0 
13 12 33.0 
134 133 32.0 
32 12 32.0 
33 32 33.0 
60 59 51.0 
14 13 56.0 
109 7 57.0 
135 134 54.0 
2 1 39.0 
100 97 42.0 
158 153 39.0 
101 100 31.0 
83 8 51.0 
85 8 56.0 
86 8 55.0 
17 13 45.0 
123 122 44.0 
34 33 46.0 
35 34 44.0 
65 59 51.0 
139 134 46.0 
80 70 34.0 
3 2 40.0 
66 59 30.0 
69 59 37.0 
67 66 34.0 
68 67 44.0 
18 17 46.0 
106 100 55.0 
116 114 36.0 
73 72 41.0 
159 158 34.0 
160 158 49.0 
61 60 39.0 
125 122 39.0 
19 18 56.0 
148 112 58.0 
155 154 47.0 
95 8 34.0 
40 33 42.0 
87 86 56.0 
118 114 33.0 
76 71 56.0 
166 111 54.0 
146 133 39.0 
110 7 48.0 
136 135 59.0 
84 83 58.0 
54 11 38.0 
126 125 53.0 
62 61 56.0 
94 86 55.0 
41 40 51.0 
4 3 31.0 
88 87 36.0 
20 19 50.0 
91 87 34.0 
137 136 57.0 
58 11 57.0 
46 33 47.0 
15 14 48.0 
121 114 31.0 
74 72 59.0 
99 98 49.0 
96 95 34.0 
138 137 34.0 
10 9 56.0 
128 125 38.0 
147 146 48.0 
64 61 47.0 
21 20 55.0 
50 12 41.0 
102 101 30.0 
77 71 51.0 
129 128 31.0 
22 19 39.0 
141 134 51.0 
142 141 33.0 
144 134 50.0 
78 77 31.0 
119 118 36.0 
130 125 45.0 
24 19 31.0 
161 158 43.0 
117 116 53.0 
162 158 36.0 
149 112 35.0 
26 19 45.0 
43 40 55.0 
124 123 45.0 
25 24 32.0 
107 97 50.0 
103 102 32.0 
81 80 53.0 
150 149 50.0 
167 166 40.0 
156 154 33.0 
5 1 33.0 
36 34 47.0 
108 97 54.0 
27 19 52.0 
53 12 45.0 
28 19 45.0 
75 72 42.0 
47 46 38.0 
104 103 55.0 
37 34 48.0 
79 78 47.0 
89 88 42.0 
31 13 41.0 
38 34 32.0 
55 54 34.0 
56 54 41.0 
90 89 54.0 
39 38 55.0 
51 50 30.0 
29 19 58.0 
145 134 44.0 
52 51 57.0 
92 91 51.0 
42 41 55.0 
57 56 45.0 
93 91 57.0 
131 122 54.0 
163 162 56.0 
164 162 41.0 
120 119 53.0 
49 32 33.0 
44 43 53.0 
48 33 52.0 
16 14 37.0 
143 141 32.0 
63 62 48.0 
152 149 59.0 
151 150 55.0 
127 126 42.0 
168 167 48.0 
157 154 46.0 
30 18 58.0 
45 43 40.0 
23 22 37.0 
140 139 57.0 
132 131 54.0 
165 162 44.0 
82 81 35.0 
105 102 37.0 
PROGRAMS ASSIGNED TO NODES (nID pID1 pID2 ...):
0 1 2 3 4 5 6 7 8 9 10 11 12 13 14 15 16 17 18 19 20  
145 2 3 4 5 6 9 10 12 13 14 16 17 18 19 20  
102 1 2 3 5 6 8 9 10 14 15 20  
105 1 2 3 4 6 7 8 9 10 11 12 13 14 16 17 18 19 20  
109 1 2 3 4 5 6 7 8 9 11 12 13 15 16 17 18 19 20  
161 10 11 16 18 20  
33 1 2 3 4 5 6 7 8 9 10 11 13 14 15 16 17 18 19 20  
67  
129 1 2 5 10 11 12 13 16 19  
35 1 3 4 5 7 8 9 11 12 15 16 17 18 19 20  
55 1 3 9 11 15 16 17 19  
146 2 3 4 5 6 7 8 9 10 11 12 13 14 15 16 18 19 20  
10 1 2 3 4 5 6 7 10 12 15 16 17 20  
89 2 4 5 7 12 13 14 18  
46 1 4 5 9 10 11 15 16 17 20  
93 1 2 3 4 5 6 8 9 10 11 13 15 16 17 18 19 20  
154 1 2 3 4 5 7 10 12 13 15 16 19 20  
150 1 3 4 9 15 16  
82 1 2 3 4 7 8 9 12 13 14 16 17 18 19 20  
11 1 2 3 5 6 7 8 10 11 12 13 14 15 17 18  
158 4 12  
128 4 8 9 13 16 18 20  
31 1 2 3 4 5 6 7 9 10 11 12 13 14 15 18 19 20  
103 13  
104 4 5 6 7 16 19  
149 1 2 3 4 5 6 8 9 10 11 12 13 14 15 16 17 18 19 20  
61 2 8 11 13 14  
9 1 2 3 4 7 8 9 10 11 12 13 14 15 16 17 18 19 20  
132 5 7 8 11 12 13  
62 1 2 3 4 6 7 8 9 10 11 12 15 18 20  
7 1 2 4 5 7 9 10 15 18 19 20  
58 2 3 4 6 10 11 12 13 14 17 18 19 20  
110 1 6 9 11 12 14 15 16 17  
90 7 9 17 19  
99 2 10 18  
51 1  
98 1 2 3 4 6 9 10 11 12 13 14 15 16 17 18  
165 1 2 3 5 7 8 10 11 12 14 15 16 17 18 19 20  
112 1 3 4 5 6 17 18 20  
72 2 3 7 8 10 13 14 17 20  
69 4 6 9 10 12 13 14 16 18 20  
153 1 2 3 4 5 6 7 8 11 13 14 17 18 19 20  
168 1 2 3 4 5 10 11 12 13 14 16 17 18 20  
43 1 2 4 5 7 8 9 10 13 15 17 18 19 20  
76 2 3 4 6 7 9 10 12 14 15 16 17  
144 1 4 6 9 10 14 19  
107 2 9 10 11 14 15 20  
77 1 2 4 5 6 7 8 9 10 12 13 15 17 18 19 20  
21 8 10 17  
70 1 2 3 4 5 6 11 13 15 18 20  
123  
151 1 2 4 5 6 8 9 10 11 12 13 15 17 18 19 20  
68 7 14  
63 1 2 5 6 7 9 11 14 15 17 18  
71 4 7 8 9 10 14 15 16 18 20  
135 1 2 3 5 6 7 8 10 12 13 14 17 19  
156  
78 1 3 4 5 6 7 8 9 10 11 12 13 14 16 17 18 19 20  
97 2 3 4 5 7 8 9 11 12 13 14 15 16 17 18 19 20  
139 1 2 5 6  
23 2 4 5 6 9 16 19  
37 1 6 12 15 20  
100 2 3 6 7 9 10 13 15  
48 1 3 5 11 13 14 15 20  
74 1 11 17 20  
56 1 10 12 15 18 20  
169 2 3 4 5 6 7 8 9 11 12 13 17 19  
29 1 2 3 4 5 6 7 8 9 10 11 12 13 14 15 16 18 19 20  
118 2 3 4 5 8 9 12 14 20  
122 3 5 6 11 16  
8 2 3 4 5 6 7 8 9 10 13 14 15 16 17 18 19 20  
13 1 3 10 11 13 17  
2 1 15  
15 1 3 4 5 6 7 8 9 10 11 12 13 14 15 16 17 18 19 20  
73 1 2 3 4 5 6 7 8 9 10 11 13 14 15 16 17 19 20  
3 1 2 3 4 5 6 7 8 9 10 12 13 14 15 17 18 19  
52 1 4 5 9 15 16 17  
108 1 4 5 8 11 15 20  
163 1 2 3 4 5 6 7 9 10 11 15 17 19  
143 4  
157 4 15 16  
125 12 15  
36 1 3 7 8 9 10 11 13 16 17 18 19 20  
127 10 15 17 20  
24 1 3 4 7 8 10 11 13 16 17 18 19 20  
86 1 2 3 4 5 7 8 9 10 11 12 14 16 17 18 19  
16 11  
119 2 3 6 7 8 9 10 11 12 13 14 15 16 17 18 19 20  
27 1 2 4 8 11 16 19  
47 8  
75 2 3 4 6 9 10 11 12 14 15 16 17 19 20  
115 1 2 4 5 6 7 10 11 14 17 18 20  
41 3 16  
162  
57 1 3 4 6 8 10 11 13 14 15 16 18 19 20  
32 2 13 18  
131 3 9 14 15 19 20  
5 2 5 6 8 9 10 11 12 13 14 15 16 17 18 19  
34 3 7  
114 7 9 13 17  
19 2 3 5 6 7 8 10 11 12 13 14 18 19 20  
120 1 2 3 4 5 6 7 8 9 10 11 12 13 14 15 17 18 19 20  
133 9 14 17 18  
65 11 18  
138 1 2 7 8 9 12 16 17 18 19  
155 2 6 7 8 10 12 14 16 17 19  
45 1 2 4 6 7 9 10 11 12 13 15 17 18 19 20  
25 4 7 12 13  
148  
59 12  
28 1 2 3 4 5 6 7 8 9 10 12 13 14 15 16 17 18 20  
6 1 2 4 5 6 7 8 9 11 12 15 16 17 18 19 20  
85  
95 1 2 3 7 13 14 18 20  
83 1 2 3 4 6 7 8 9 10 11 12 14 15 18 19  
164 14 19 20  
91 1 3 4 5 9 12 13 14 18  
49 3 9 11 12  
92 1 8 9 11 12 13 17 19 20  
84  
134  
18 5 6  
88 1 2 3 5 6 10 11 13 14 15 16 17 19  
160 1 2 3 4 5 6 7 8 9 10 11 12 13 14 15 16 17 18 20  
1 1 2 3 6 9 10 11 12 16 17 18 19  
50 2 3 4 5 6 7 9 10 13 14 15 16 17 18 19 20  
116 1 2 3 4 5 6 7 8 9 11 12 13 14 15 16 17 18 19 20  
4 1 3 4 5 7 8 9 12 15 16 17 18 20  
39 1 2 3 4 6 8 9 11 12 13 14 16 17 19 20  
106 1 2 3 5 7 11 12 13 14 15 16 19 20  
140 1 3 5 6 11 15 17 18 19 20  
80 1 2 3 4 5 6 7 8 11 12 13 14 15 17 20  
42 1 2 3 4 5 7 10 13 17 19 20  
64 1 2 3 4 5 7 8 9 10 11 12 13 14 15 16 18 19 20  
38 3 14 18 19  
14 1 2 3 4 6 7 9 10 11 12 13 14 17 18 19 20  
136 1 4 5 8 9 10 11 13 14 15 16 17 18 19  
142  
66 15  
121 7 10 18  
117 3 4 9 10 12 14 16 18  
137 1 3 5 6 7 8 9 14 15 17  
141 7 16  
79 1 4 6 12 14 17 20  
126 11 16 18  
166 4 6 15 17  
152 1 2 3 4 6 7 8 9 10 12 13 14 15 16 17 18 19 20  
60 1 2 4 5 6 7 10 11 12 13 14 15 16 17 19 20  
54 3 5 12 17 18 20  
159 1 3 4 5 7 9 11 12 13 14 20  
87 1 2 3 6 8 9 11 12 14 16 17 18 19 20  
101 1 3 4 5 6 8 9 10 11 13 14 17 18 20  
20 1 3 4 5 9 11  
30 2 3 4 5 6 10 11 15 16 17  
147 1 2 4 5 6 7 8 9 10 11 12 13 14 15 16 17 19 20  
44 1 2 3 5 6 7 9 10 11 12 13 14 15 16 18 19  
130 1 2 3 4 5 6 7 9 10 11 15 17 18 19  
26 1 2 3 4 5 6 9 10 11 12 13 14 15 16 17 18 20  
96 17 20  
113 1 2 3 4 6 7 8 10 11 12 13 14 15 17 18 19 20  
22 1 2 3 4 6 7 8 9 10 11 12 13 14 15 16 17 18 19  
167 3 6 10 19 20  
12 2 5 9 10 11 13 14 15 16 18 20  
124 9 10 20  
81 1 2 3 4 6 7 8 9 11 13 16 17 18 19 20  
94 1 2 3 4 5 7 8 9 11 13 14 15 16 17 18 19 20  
40 1 2 4 6 8 10 11 15 16 17 18 20  
111 1 2 4 5 9 10 11 12 14 15 16 19 20  
17 3 7 10 11 15 18 19  
53 1 2 3 4 5 6 7 8 10 12 13 15 16 19 20  
SIZE OF PROGRAMS (pID SIZE):
1 93.0 
2 96.0 
3 48.0 
4 85.0 
5 54.0 
6 81.0 
7 64.0 
8 99.0 
9 88.0 
10 74.0 
11 79.0 
12 59.0 
13 66.0 
14 65.0 
15 43.0 
16 56.0 
17 76.0 
18 85.0 
19 90.0 
20 92.0 
COST_INSTALL_SERVER_AND_PROGRAMS :
0 5524.242424242425 2.8181818181818183 2.909090909090909 1.4545454545454546 2.5757575757575757 1.6363636363636365 2.4545454545454546 1.9393939393939394 3.0 2.6666666666666665 2.242424242424242 2.393939393939394 1.7878787878787878 2.0 1.9696969696969697 1.303030303030303 1.696969696969697 2.303030303030303 2.5757575757575757 2.727272727272727 2.787878787878788  
145 170.41211948945053 2.8181818181818183 2.909090909090909 1.4545454545454546 2.5757575757575757 1.6363636363636365 2.4545454545454546 1.9393939393939394 3.0 2.6666666666666665 2.242424242424242 2.393939393939394 1.7878787878787878 2.0 1.9696969696969697 1.303030303030303 1.696969696969697 2.303030303030303 2.5757575757575757 2.727272727272727 2.787878787878788  
102 340.57194736868405 2.8181818181818183 2.909090909090909 1.4545454545454546 2.5757575757575757 1.6363636363636365 2.4545454545454546 1.9393939393939394 3.0 2.6666666666666665 2.242424242424242 2.393939393939394 1.7878787878787878 2.0 1.9696969696969697 1.303030303030303 1.696969696969697 2.303030303030303 2.5757575757575757 2.727272727272727 2.787878787878788  
105 414.6269578230127 2.8181818181818183 2.909090909090909 1.4545454545454546 2.5757575757575757 1.6363636363636365 2.4545454545454546 1.9393939393939394 3.0 2.6666666666666665 2.242424242424242 2.393939393939394 1.7878787878787878 2.0 1.9696969696969697 1.303030303030303 1.696969696969697 2.303030303030303 2.5757575757575757 2.727272727272727 2.787878787878788  
109 92.43675446172054 2.8181818181818183 2.909090909090909 1.4545454545454546 2.5757575757575757 1.6363636363636365 2.4545454545454546 1.9393939393939394 3.0 2.6666666666666665 2.242424242424242 2.393939393939394 1.7878787878787878 2.0 1.9696969696969697 1.303030303030303 1.696969696969697 2.303030303030303 2.5757575757575757 2.727272727272727 2.787878787878788  
161 47.5215379998293 2.8181818181818183 2.909090909090909 1.4545454545454546 2.5757575757575757 1.6363636363636365 2.4545454545454546 1.9393939393939394 3.0 2.6666666666666665 2.242424242424242 2.393939393939394 1.7878787878787878 2.0 1.9696969696969697 1.303030303030303 1.696969696969697 2.303030303030303 2.5757575757575757 2.727272727272727 2.787878787878788  
33 407.9359156824739 1.878787878787879 1.9393939393939394 0.9696969696969697 1.7171717171717171 1.0909090909090908 1.6363636363636365 1.292929292929293 2.0 1.7777777777777777 1.494949494949495 1.595959595959596 1.1919191919191918 1.3333333333333333 1.3131313131313131 0.8686868686868687 1.1313131313131313 1.5353535353535352 1.7171717171717171 1.8181818181818181 1.8585858585858586  
67 29.262226548580312 2.8181818181818183 2.909090909090909 1.4545454545454546 2.5757575757575757 1.6363636363636365 2.4545454545454546 1.9393939393939394 3.0 2.6666666666666665 2.242424242424242 2.393939393939394 1.7878787878787878 2.0 1.9696969696969697 1.303030303030303 1.696969696969697 2.303030303030303 2.5757575757575757 2.727272727272727 2.787878787878788  
129 133.95675288781516 2.8181818181818183 2.909090909090909 1.4545454545454546 2.5757575757575757 1.6363636363636365 2.4545454545454546 1.9393939393939394 3.0 2.6666666666666665 2.242424242424242 2.393939393939394 1.7878787878787878 2.0 1.9696969696969697 1.303030303030303 1.696969696969697 2.303030303030303 2.5757575757575757 2.727272727272727 2.787878787878788  
35 267.7628860476197 2.8181818181818183 2.909090909090909 1.4545454545454546 2.5757575757575757 1.6363636363636365 2.4545454545454546 1.9393939393939394 3.0 2.6666666666666665 2.242424242424242 2.393939393939394 1.7878787878787878 2.0 1.9696969696969697 1.303030303030303 1.696969696969697 2.303030303030303 2.5757575757575757 2.727272727272727 2.787878787878788  
55 94.00134640175798 1.878787878787879 1.9393939393939394 0.9696969696969697 1.7171717171717171 1.0909090909090908 1.6363636363636365 1.292929292929293 2.0 1.7777777777777777 1.494949494949495 1.595959595959596 1.1919191919191918 1.3333333333333333 1.3131313131313131 0.8686868686868687 1.1313131313131313 1.5353535353535352 1.7171717171717171 1.8181818181818181 1.8585858585858586  
146 177.1779738224796 1.878787878787879 1.9393939393939394 0.9696969696969697 1.7171717171717171 1.0909090909090908 1.6363636363636365 1.292929292929293 2.0 1.7777777777777777 1.494949494949495 1.595959595959596 1.1919191919191918 1.3333333333333333 1.3131313131313131 0.8686868686868687 1.1313131313131313 1.5353535353535352 1.7171717171717171 1.8181818181818181 1.8585858585858586  
10 169.26414671335056 2.8181818181818183 2.909090909090909 1.4545454545454546 2.5757575757575757 1.6363636363636365 2.4545454545454546 1.9393939393939394 3.0 2.6666666666666665 2.242424242424242 2.393939393939394 1.7878787878787878 2.0 1.9696969696969697 1.303030303030303 1.696969696969697 2.303030303030303 2.5757575757575757 2.727272727272727 2.787878787878788  
89 93.84890086276668 2.8181818181818183 2.909090909090909 1.4545454545454546 2.5757575757575757 1.6363636363636365 2.4545454545454546 1.9393939393939394 3.0 2.6666666666666665 2.242424242424242 2.393939393939394 1.7878787878787878 2.0 1.9696969696969697 1.303030303030303 1.696969696969697 2.303030303030303 2.5757575757575757 2.727272727272727 2.787878787878788  
46 128.3238744241571 1.878787878787879 1.9393939393939394 0.9696969696969697 1.7171717171717171 1.0909090909090908 1.6363636363636365 1.292929292929293 2.0 1.7777777777777777 1.494949494949495 1.595959595959596 1.1919191919191918 1.3333333333333333 1.3131313131313131 0.8686868686868687 1.1313131313131313 1.5353535353535352 1.7171717171717171 1.8181818181818181 1.8585858585858586  
93 274.0942040531303 2.8181818181818183 2.909090909090909 1.4545454545454546 2.5757575757575757 1.6363636363636365 2.4545454545454546 1.9393939393939394 3.0 2.6666666666666665 2.242424242424242 2.393939393939394 1.7878787878787878 2.0 1.9696969696969697 1.303030303030303 1.696969696969697 2.303030303030303 2.5757575757575757 2.727272727272727 2.787878787878788  
154 69.53034513902328 1.878787878787879 1.9393939393939394 0.9696969696969697 1.7171717171717171 1.0909090909090908 1.6363636363636365 1.292929292929293 2.0 1.7777777777777777 1.494949494949495 1.595959595959596 1.1919191919191918 1.3333333333333333 1.3131313131313131 0.8686868686868687 1.1313131313131313 1.5353535353535352 1.7171717171717171 1.8181818181818181 1.8585858585858586  
150 101.78834564974021 2.8181818181818183 2.909090909090909 1.4545454545454546 2.5757575757575757 1.6363636363636365 2.4545454545454546 1.9393939393939394 3.0 2.6666666666666665 2.242424242424242 2.393939393939394 1.7878787878787878 2.0 1.9696969696969697 1.303030303030303 1.696969696969697 2.303030303030303 2.5757575757575757 2.727272727272727 2.787878787878788  
82 208.39070712080508 2.8181818181818183 2.909090909090909 1.4545454545454546 2.5757575757575757 1.6363636363636365 2.4545454545454546 1.9393939393939394 3.0 2.6666666666666665 2.242424242424242 2.393939393939394 1.7878787878787878 2.0 1.9696969696969697 1.303030303030303 1.696969696969697 2.303030303030303 2.5757575757575757 2.727272727272727 2.787878787878788  
11 201.5326957746052 1.878787878787879 1.9393939393939394 0.9696969696969697 1.7171717171717171 1.0909090909090908 1.6363636363636365 1.292929292929293 2.0 1.7777777777777777 1.494949494949495 1.595959595959596 1.1919191919191918 1.3333333333333333 1.3131313131313131 0.8686868686868687 1.1313131313131313 1.5353535353535352 1.7171717171717171 1.8181818181818181 1.8585858585858586  
158 63.99365140845463 1.878787878787879 1.9393939393939394 0.9696969696969697 1.7171717171717171 1.0909090909090908 1.6363636363636365 1.292929292929293 2.0 1.7777777777777777 1.494949494949495 1.595959595959596 1.1919191919191918 1.3333333333333333 1.3131313131313131 0.8686868686868687 1.1313131313131313 1.5353535353535352 1.7171717171717171 1.8181818181818181 1.8585858585858586  
128 135.19534317839285 2.8181818181818183 2.909090909090909 1.4545454545454546 2.5757575757575757 1.6363636363636365 2.4545454545454546 1.9393939393939394 3.0 2.6666666666666665 2.242424242424242 2.393939393939394 1.7878787878787878 2.0 1.9696969696969697 1.303030303030303 1.696969696969697 2.303030303030303 2.5757575757575757 2.727272727272727 2.787878787878788  
31 152.29728346604483 2.8181818181818183 2.909090909090909 1.4545454545454546 2.5757575757575757 1.6363636363636365 2.4545454545454546 1.9393939393939394 3.0 2.6666666666666665 2.242424242424242 2.393939393939394 1.7878787878787878 2.0 1.9696969696969697 1.303030303030303 1.696969696969697 2.303030303030303 2.5757575757575757 2.727272727272727 2.787878787878788  
103 128.3726993590583 2.8181818181818183 2.909090909090909 1.4545454545454546 2.5757575757575757 1.6363636363636365 2.4545454545454546 1.9393939393939394 3.0 2.6666666666666665 2.242424242424242 2.393939393939394 1.7878787878787878 2.0 1.9696969696969697 1.303030303030303 1.696969696969697 2.303030303030303 2.5757575757575757 2.727272727272727 2.787878787878788  
104 138.4991008336468 2.8181818181818183 2.909090909090909 1.4545454545454546 2.5757575757575757 1.6363636363636365 2.4545454545454546 1.9393939393939394 3.0 2.6666666666666665 2.242424242424242 2.393939393939394 1.7878787878787878 2.0 1.9696969696969697 1.303030303030303 1.696969696969697 2.303030303030303 2.5757575757575757 2.727272727272727 2.787878787878788  
149 162.9892253048427 2.8181818181818183 2.909090909090909 1.4545454545454546 2.5757575757575757 1.6363636363636365 2.4545454545454546 1.9393939393939394 3.0 2.6666666666666665 2.242424242424242 2.393939393939394 1.7878787878787878 2.0 1.9696969696969697 1.303030303030303 1.696969696969697 2.303030303030303 2.5757575757575757 2.727272727272727 2.787878787878788  
61 167.45747043262722 2.8181818181818183 2.909090909090909 1.4545454545454546 2.5757575757575757 1.6363636363636365 2.4545454545454546 1.9393939393939394 3.0 2.6666666666666665 2.242424242424242 2.393939393939394 1.7878787878787878 2.0 1.9696969696969697 1.303030303030303 1.696969696969697 2.303030303030303 2.5757575757575757 2.727272727272727 2.787878787878788  
9 101.6239441221568 2.8181818181818183 2.909090909090909 1.4545454545454546 2.5757575757575757 1.6363636363636365 2.4545454545454546 1.9393939393939394 3.0 2.6666666666666665 2.242424242424242 2.393939393939394 1.7878787878787878 2.0 1.9696969696969697 1.303030303030303 1.696969696969697 2.303030303030303 2.5757575757575757 2.727272727272727 2.787878787878788  
132 78.05811144902628 2.8181818181818183 2.909090909090909 1.4545454545454546 2.5757575757575757 1.6363636363636365 2.4545454545454546 1.9393939393939394 3.0 2.6666666666666665 2.242424242424242 2.393939393939394 1.7878787878787878 2.0 1.9696969696969697 1.303030303030303 1.696969696969697 2.303030303030303 2.5757575757575757 2.727272727272727 2.787878787878788  
62 346.65872745580197 1.878787878787879 1.9393939393939394 0.9696969696969697 1.7171717171717171 1.0909090909090908 1.6363636363636365 1.292929292929293 2.0 1.7777777777777777 1.494949494949495 1.595959595959596 1.1919191919191918 1.3333333333333333 1.3131313131313131 0.8686868686868687 1.1313131313131313 1.5353535353535352 1.7171717171717171 1.8181818181818181 1.8585858585858586  
7 85.69335591888768 1.878787878787879 1.9393939393939394 0.9696969696969697 1.7171717171717171 1.0909090909090908 1.6363636363636365 1.292929292929293 2.0 1.7777777777777777 1.494949494949495 1.595959595959596 1.1919191919191918 1.3333333333333333 1.3131313131313131 0.8686868686868687 1.1313131313131313 1.5353535353535352 1.7171717171717171 1.8181818181818181 1.8585858585858586  
58 155.75062888876846 2.8181818181818183 2.909090909090909 1.4545454545454546 2.5757575757575757 1.6363636363636365 2.4545454545454546 1.9393939393939394 3.0 2.6666666666666665 2.242424242424242 2.393939393939394 1.7878787878787878 2.0 1.9696969696969697 1.303030303030303 1.696969696969697 2.303030303030303 2.5757575757575757 2.727272727272727 2.787878787878788  
110 54.573326257274765 1.878787878787879 1.9393939393939394 0.9696969696969697 1.7171717171717171 1.0909090909090908 1.6363636363636365 1.292929292929293 2.0 1.7777777777777777 1.494949494949495 1.595959595959596 1.1919191919191918 1.3333333333333333 1.3131313131313131 0.8686868686868687 1.1313131313131313 1.5353535353535352 1.7171717171717171 1.8181818181818181 1.8585858585858586  
90 53.91402430998618 1.878787878787879 1.9393939393939394 0.9696969696969697 1.7171717171717171 1.0909090909090908 1.6363636363636365 1.292929292929293 2.0 1.7777777777777777 1.494949494949495 1.595959595959596 1.1919191919191918 1.3333333333333333 1.3131313131313131 0.8686868686868687 1.1313131313131313 1.5353535353535352 1.7171717171717171 1.8181818181818181 1.8585858585858586  
99 44.46940165136318 1.878787878787879 1.9393939393939394 0.9696969696969697 1.7171717171717171 1.0909090909090908 1.6363636363636365 1.292929292929293 2.0 1.7777777777777777 1.494949494949495 1.595959595959596 1.1919191919191918 1.3333333333333333 1.3131313131313131 0.8686868686868687 1.1313131313131313 1.5353535353535352 1.7171717171717171 1.8181818181818181 1.8585858585858586  
51 65.23241364949533 1.878787878787879 1.9393939393939394 0.9696969696969697 1.7171717171717171 1.0909090909090908 1.6363636363636365 1.292929292929293 2.0 1.7777777777777777 1.494949494949495 1.595959595959596 1.1919191919191918 1.3333333333333333 1.3131313131313131 0.8686868686868687 1.1313131313131313 1.5353535353535352 1.7171717171717171 1.8181818181818181 1.8585858585858586  
98 114.91518033804597 1.878787878787879 1.9393939393939394 0.9696969696969697 1.7171717171717171 1.0909090909090908 1.6363636363636365 1.292929292929293 2.0 1.7777777777777777 1.494949494949495 1.595959595959596 1.1919191919191918 1.3333333333333333 1.3131313131313131 0.8686868686868687 1.1313131313131313 1.5353535353535352 1.7171717171717171 1.8181818181818181 1.8585858585858586  
165 200.04539020043654 2.8181818181818183 2.909090909090909 1.4545454545454546 2.5757575757575757 1.6363636363636365 2.4545454545454546 1.9393939393939394 3.0 2.6666666666666665 2.242424242424242 2.393939393939394 1.7878787878787878 2.0 1.9696969696969697 1.303030303030303 1.696969696969697 2.303030303030303 2.5757575757575757 2.727272727272727 2.787878787878788  
112 69.29481510351559 2.8181818181818183 2.909090909090909 1.4545454545454546 2.5757575757575757 1.6363636363636365 2.4545454545454546 1.9393939393939394 3.0 2.6666666666666665 2.242424242424242 2.393939393939394 1.7878787878787878 2.0 1.9696969696969697 1.303030303030303 1.696969696969697 2.303030303030303 2.5757575757575757 2.727272727272727 2.787878787878788  
72 304.56857645660165 2.8181818181818183 2.909090909090909 1.4545454545454546 2.5757575757575757 1.6363636363636365 2.4545454545454546 1.9393939393939394 3.0 2.6666666666666665 2.242424242424242 2.393939393939394 1.7878787878787878 2.0 1.9696969696969697 1.303030303030303 1.696969696969697 2.303030303030303 2.5757575757575757 2.727272727272727 2.787878787878788  
69 102.97275776971591 2.8181818181818183 2.909090909090909 1.4545454545454546 2.5757575757575757 1.6363636363636365 2.4545454545454546 1.9393939393939394 3.0 2.6666666666666665 2.242424242424242 2.393939393939394 1.7878787878787878 2.0 1.9696969696969697 1.303030303030303 1.696969696969697 2.303030303030303 2.5757575757575757 2.727272727272727 2.787878787878788  
153 99.57842326978218 1.878787878787879 1.9393939393939394 0.9696969696969697 1.7171717171717171 1.0909090909090908 1.6363636363636365 1.292929292929293 2.0 1.7777777777777777 1.494949494949495 1.595959595959596 1.1919191919191918 1.3333333333333333 1.3131313131313131 0.8686868686868687 1.1313131313131313 1.5353535353535352 1.7171717171717171 1.8181818181818181 1.8585858585858586  
168 120.50513839913668 2.8181818181818183 2.909090909090909 1.4545454545454546 2.5757575757575757 1.6363636363636365 2.4545454545454546 1.9393939393939394 3.0 2.6666666666666665 2.242424242424242 2.393939393939394 1.7878787878787878 2.0 1.9696969696969697 1.303030303030303 1.696969696969697 2.303030303030303 2.5757575757575757 2.727272727272727 2.787878787878788  
43 408.964471031965 1.878787878787879 1.9393939393939394 0.9696969696969697 1.7171717171717171 1.0909090909090908 1.6363636363636365 1.292929292929293 2.0 1.7777777777777777 1.494949494949495 1.595959595959596 1.1919191919191918 1.3333333333333333 1.3131313131313131 0.8686868686868687 1.1313131313131313 1.5353535353535352 1.7171717171717171 1.8181818181818181 1.8585858585858586  
76 151.56529649518944 1.878787878787879 1.9393939393939394 0.9696969696969697 1.7171717171717171 1.0909090909090908 1.6363636363636365 1.292929292929293 2.0 1.7777777777777777 1.494949494949495 1.595959595959596 1.1919191919191918 1.3333333333333333 1.3131313131313131 0.8686868686868687 1.1313131313131313 1.5353535353535352 1.7171717171717171 1.8181818181818181 1.8585858585858586  
144 123.07677448118618 2.8181818181818183 2.909090909090909 1.4545454545454546 2.5757575757575757 1.6363636363636365 2.4545454545454546 1.9393939393939394 3.0 2.6666666666666665 2.242424242424242 2.393939393939394 1.7878787878787878 2.0 1.9696969696969697 1.303030303030303 1.696969696969697 2.303030303030303 2.5757575757575757 2.727272727272727 2.787878787878788  
107 66.16180441651399 2.8181818181818183 2.909090909090909 1.4545454545454546 2.5757575757575757 1.6363636363636365 2.4545454545454546 1.9393939393939394 3.0 2.6666666666666665 2.242424242424242 2.393939393939394 1.7878787878787878 2.0 1.9696969696969697 1.303030303030303 1.696969696969697 2.303030303030303 2.5757575757575757 2.727272727272727 2.787878787878788  
77 151.58143388170595 2.8181818181818183 2.909090909090909 1.4545454545454546 2.5757575757575757 1.6363636363636365 2.4545454545454546 1.9393939393939394 3.0 2.6666666666666665 2.242424242424242 2.393939393939394 1.7878787878787878 2.0 1.9696969696969697 1.303030303030303 1.696969696969697 2.303030303030303 2.5757575757575757 2.727272727272727 2.787878787878788  
21 75.55929294874113 2.8181818181818183 2.909090909090909 1.4545454545454546 2.5757575757575757 1.6363636363636365 2.4545454545454546 1.9393939393939394 3.0 2.6666666666666665 2.242424242424242 2.393939393939394 1.7878787878787878 2.0 1.9696969696969697 1.303030303030303 1.696969696969697 2.303030303030303 2.5757575757575757 2.727272727272727 2.787878787878788  
70 134.17403955306963 1.878787878787879 1.9393939393939394 0.9696969696969697 1.7171717171717171 1.0909090909090908 1.6363636363636365 1.292929292929293 2.0 1.7777777777777777 1.494949494949495 1.595959595959596 1.1919191919191918 1.3333333333333333 1.3131313131313131 0.8686868686868687 1.1313131313131313 1.5353535353535352 1.7171717171717171 1.8181818181818181 1.8585858585858586  
123 27.781218250410507 1.878787878787879 1.9393939393939394 0.9696969696969697 1.7171717171717171 1.0909090909090908 1.6363636363636365 1.292929292929293 2.0 1.7777777777777777 1.494949494949495 1.595959595959596 1.1919191919191918 1.3333333333333333 1.3131313131313131 0.8686868686868687 1.1313131313131313 1.5353535353535352 1.7171717171717171 1.8181818181818181 1.8585858585858586  
151 115.89630888460806 1.878787878787879 1.9393939393939394 0.9696969696969697 1.7171717171717171 1.0909090909090908 1.6363636363636365 1.292929292929293 2.0 1.7777777777777777 1.494949494949495 1.595959595959596 1.1919191919191918 1.3333333333333333 1.3131313131313131 0.8686868686868687 1.1313131313131313 1.5353535353535352 1.7171717171717171 1.8181818181818181 1.8585858585858586  
68 19.156105374375823 2.8181818181818183 2.909090909090909 1.4545454545454546 2.5757575757575757 1.6363636363636365 2.4545454545454546 1.9393939393939394 3.0 2.6666666666666665 2.242424242424242 2.393939393939394 1.7878787878787878 2.0 1.9696969696969697 1.303030303030303 1.696969696969697 2.303030303030303 2.5757575757575757 2.727272727272727 2.787878787878788  
63 127.5601086536184 2.8181818181818183 2.909090909090909 1.4545454545454546 2.5757575757575757 1.6363636363636365 2.4545454545454546 1.9393939393939394 3.0 2.6666666666666665 2.242424242424242 2.393939393939394 1.7878787878787878 2.0 1.9696969696969697 1.303030303030303 1.696969696969697 2.303030303030303 2.5757575757575757 2.727272727272727 2.787878787878788  
71 127.55613688122389 2.8181818181818183 2.909090909090909 1.4545454545454546 2.5757575757575757 1.6363636363636365 2.4545454545454546 1.9393939393939394 3.0 2.6666666666666665 2.242424242424242 2.393939393939394 1.7878787878787878 2.0 1.9696969696969697 1.303030303030303 1.696969696969697 2.303030303030303 2.5757575757575757 2.727272727272727 2.787878787878788  
135 264.4166718836834 1.878787878787879 1.9393939393939394 0.9696969696969697 1.7171717171717171 1.0909090909090908 1.6363636363636365 1.292929292929293 2.0 1.7777777777777777 1.494949494949495 1.595959595959596 1.1919191919191918 1.3333333333333333 1.3131313131313131 0.8686868686868687 1.1313131313131313 1.5353535353535352 1.7171717171717171 1.8181818181818181 1.8585858585858586  
156 850.0 2.8181818181818183 2.909090909090909 1.4545454545454546 2.5757575757575757 1.6363636363636365 2.4545454545454546 1.9393939393939394 3.0 2.6666666666666665 2.242424242424242 2.393939393939394 1.7878787878787878 2.0 1.9696969696969697 1.303030303030303 1.696969696969697 2.303030303030303 2.5757575757575757 2.727272727272727 2.787878787878788  
78 197.04922268945816 1.878787878787879 1.9393939393939394 0.9696969696969697 1.7171717171717171 1.0909090909090908 1.6363636363636365 1.292929292929293 2.0 1.7777777777777777 1.494949494949495 1.595959595959596 1.1919191919191918 1.3333333333333333 1.3131313131313131 0.8686868686868687 1.1313131313131313 1.5353535353535352 1.7171717171717171 1.8181818181818181 1.8585858585858586  
97 80.23256385759736 2.8181818181818183 2.909090909090909 1.4545454545454546 2.5757575757575757 1.6363636363636365 2.4545454545454546 1.9393939393939394 3.0 2.6666666666666665 2.242424242424242 2.393939393939394 1.7878787878787878 2.0 1.9696969696969697 1.303030303030303 1.696969696969697 2.303030303030303 2.5757575757575757 2.727272727272727 2.787878787878788  
139 79.27953477890328 2.8181818181818183 2.909090909090909 1.4545454545454546 2.5757575757575757 1.6363636363636365 2.4545454545454546 1.9393939393939394 3.0 2.6666666666666665 2.242424242424242 2.393939393939394 1.7878787878787878 2.0 1.9696969696969697 1.303030303030303 1.696969696969697 2.303030303030303 2.5757575757575757 2.727272727272727 2.787878787878788  
23 216.92736734691417 2.8181818181818183 2.909090909090909 1.4545454545454546 2.5757575757575757 1.6363636363636365 2.4545454545454546 1.9393939393939394 3.0 2.6666666666666665 2.242424242424242 2.393939393939394 1.7878787878787878 2.0 1.9696969696969697 1.303030303030303 1.696969696969697 2.303030303030303 2.5757575757575757 2.727272727272727 2.787878787878788  
37 105.78255665458475 2.8181818181818183 2.909090909090909 1.4545454545454546 2.5757575757575757 1.6363636363636365 2.4545454545454546 1.9393939393939394 3.0 2.6666666666666665 2.242424242424242 2.393939393939394 1.7878787878787878 2.0 1.9696969696969697 1.303030303030303 1.696969696969697 2.303030303030303 2.5757575757575757 2.727272727272727 2.787878787878788  
100 117.4023445538457 1.878787878787879 1.9393939393939394 0.9696969696969697 1.7171717171717171 1.0909090909090908 1.6363636363636365 1.292929292929293 2.0 1.7777777777777777 1.494949494949495 1.595959595959596 1.1919191919191918 1.3333333333333333 1.3131313131313131 0.8686868686868687 1.1313131313131313 1.5353535353535352 1.7171717171717171 1.8181818181818181 1.8585858585858586  
48 78.12578651176878 1.878787878787879 1.9393939393939394 0.9696969696969697 1.7171717171717171 1.0909090909090908 1.6363636363636365 1.292929292929293 2.0 1.7777777777777777 1.494949494949495 1.595959595959596 1.1919191919191918 1.3333333333333333 1.3131313131313131 0.8686868686868687 1.1313131313131313 1.5353535353535352 1.7171717171717171 1.8181818181818181 1.8585858585858586  
74 75.74566436307792 1.878787878787879 1.9393939393939394 0.9696969696969697 1.7171717171717171 1.0909090909090908 1.6363636363636365 1.292929292929293 2.0 1.7777777777777777 1.494949494949495 1.595959595959596 1.1919191919191918 1.3333333333333333 1.3131313131313131 0.8686868686868687 1.1313131313131313 1.5353535353535352 1.7171717171717171 1.8181818181818181 1.8585858585858586  
56 263.0930993392084 1.878787878787879 1.9393939393939394 0.9696969696969697 1.7171717171717171 1.0909090909090908 1.6363636363636365 1.292929292929293 2.0 1.7777777777777777 1.494949494949495 1.595959595959596 1.1919191919191918 1.3333333333333333 1.3131313131313131 0.8686868686868687 1.1313131313131313 1.5353535353535352 1.7171717171717171 1.8181818181818181 1.8585858585858586  
169 11.66695965067412 2.8181818181818183 2.909090909090909 1.4545454545454546 2.5757575757575757 1.6363636363636365 2.4545454545454546 1.9393939393939394 3.0 2.6666666666666665 2.242424242424242 2.393939393939394 1.7878787878787878 2.0 1.9696969696969697 1.303030303030303 1.696969696969697 2.303030303030303 2.5757575757575757 2.727272727272727 2.787878787878788  
29 279.87766930792105 2.8181818181818183 2.909090909090909 1.4545454545454546 2.5757575757575757 1.6363636363636365 2.4545454545454546 1.9393939393939394 3.0 2.6666666666666665 2.242424242424242 2.393939393939394 1.7878787878787878 2.0 1.9696969696969697 1.303030303030303 1.696969696969697 2.303030303030303 2.5757575757575757 2.727272727272727 2.787878787878788  
118 155.4119308118437 2.8181818181818183 2.909090909090909 1.4545454545454546 2.5757575757575757 1.6363636363636365 2.4545454545454546 1.9393939393939394 3.0 2.6666666666666665 2.242424242424242 2.393939393939394 1.7878787878787878 2.0 1.9696969696969697 1.303030303030303 1.696969696969697 2.303030303030303 2.5757575757575757 2.727272727272727 2.787878787878788  
122 204.89728779811705 2.8181818181818183 2.909090909090909 1.4545454545454546 2.5757575757575757 1.6363636363636365 2.4545454545454546 1.9393939393939394 3.0 2.6666666666666665 2.242424242424242 2.393939393939394 1.7878787878787878 2.0 1.9696969696969697 1.303030303030303 1.696969696969697 2.303030303030303 2.5757575757575757 2.727272727272727 2.787878787878788  
8 123.16947873070418 1.878787878787879 1.9393939393939394 0.9696969696969697 1.7171717171717171 1.0909090909090908 1.6363636363636365 1.292929292929293 2.0 1.7777777777777777 1.494949494949495 1.595959595959596 1.1919191919191918 1.3333333333333333 1.3131313131313131 0.8686868686868687 1.1313131313131313 1.5353535353535352 1.7171717171717171 1.8181818181818181 1.8585858585858586  
13 242.29559441685237 1.878787878787879 1.9393939393939394 0.9696969696969697 1.7171717171717171 1.0909090909090908 1.6363636363636365 1.292929292929293 2.0 1.7777777777777777 1.494949494949495 1.595959595959596 1.1919191919191918 1.3333333333333333 1.3131313131313131 0.8686868686868687 1.1313131313131313 1.5353535353535352 1.7171717171717171 1.8181818181818181 1.8585858585858586  
2 85.56184562399078 1.878787878787879 1.9393939393939394 0.9696969696969697 1.7171717171717171 1.0909090909090908 1.6363636363636365 1.292929292929293 2.0 1.7777777777777777 1.494949494949495 1.595959595959596 1.1919191919191918 1.3333333333333333 1.3131313131313131 0.8686868686868687 1.1313131313131313 1.5353535353535352 1.7171717171717171 1.8181818181818181 1.8585858585858586  
15 217.1518633763321 2.8181818181818183 2.909090909090909 1.4545454545454546 2.5757575757575757 1.6363636363636365 2.4545454545454546 1.9393939393939394 3.0 2.6666666666666665 2.242424242424242 2.393939393939394 1.7878787878787878 2.0 1.9696969696969697 1.303030303030303 1.696969696969697 2.303030303030303 2.5757575757575757 2.727272727272727 2.787878787878788  
73 296.1670695516741 2.8181818181818183 2.909090909090909 1.4545454545454546 2.5757575757575757 1.6363636363636365 2.4545454545454546 1.9393939393939394 3.0 2.6666666666666665 2.242424242424242 2.393939393939394 1.7878787878787878 2.0 1.9696969696969697 1.303030303030303 1.696969696969697 2.303030303030303 2.5757575757575757 2.727272727272727 2.787878787878788  
3 107.1109237067804 2.8181818181818183 2.909090909090909 1.4545454545454546 2.5757575757575757 1.6363636363636365 2.4545454545454546 1.9393939393939394 3.0 2.6666666666666665 2.242424242424242 2.393939393939394 1.7878787878787878 2.0 1.9696969696969697 1.303030303030303 1.696969696969697 2.303030303030303 2.5757575757575757 2.727272727272727 2.787878787878788  
52 143.05252967192152 2.8181818181818183 2.909090909090909 1.4545454545454546 2.5757575757575757 1.6363636363636365 2.4545454545454546 1.9393939393939394 3.0 2.6666666666666665 2.242424242424242 2.393939393939394 1.7878787878787878 2.0 1.9696969696969697 1.303030303030303 1.696969696969697 2.303030303030303 2.5757575757575757 2.727272727272727 2.787878787878788  
108 40.90170742824371 1.878787878787879 1.9393939393939394 0.9696969696969697 1.7171717171717171 1.0909090909090908 1.6363636363636365 1.292929292929293 2.0 1.7777777777777777 1.494949494949495 1.595959595959596 1.1919191919191918 1.3333333333333333 1.3131313131313131 0.8686868686868687 1.1313131313131313 1.5353535353535352 1.7171717171717171 1.8181818181818181 1.8585858585858586  
163 104.9107660805484 2.8181818181818183 2.909090909090909 1.4545454545454546 2.5757575757575757 1.6363636363636365 2.4545454545454546 1.9393939393939394 3.0 2.6666666666666665 2.242424242424242 2.393939393939394 1.7878787878787878 2.0 1.9696969696969697 1.303030303030303 1.696969696969697 2.303030303030303 2.5757575757575757 2.727272727272727 2.787878787878788  
143 16.50764332129083 1.878787878787879 1.9393939393939394 0.9696969696969697 1.7171717171717171 1.0909090909090908 1.6363636363636365 1.292929292929293 2.0 1.7777777777777777 1.494949494949495 1.595959595959596 1.1919191919191918 1.3333333333333333 1.3131313131313131 0.8686868686868687 1.1313131313131313 1.5353535353535352 1.7171717171717171 1.8181818181818181 1.8585858585858586  
157 22.232267190891392 2.8181818181818183 2.909090909090909 1.4545454545454546 2.5757575757575757 1.6363636363636365 2.4545454545454546 1.9393939393939394 3.0 2.6666666666666665 2.242424242424242 2.393939393939394 1.7878787878787878 2.0 1.9696969696969697 1.303030303030303 1.696969696969697 2.303030303030303 2.5757575757575757 2.727272727272727 2.787878787878788  
125 148.60270242345678 1.878787878787879 1.9393939393939394 0.9696969696969697 1.7171717171717171 1.0909090909090908 1.6363636363636365 1.292929292929293 2.0 1.7777777777777777 1.494949494949495 1.595959595959596 1.1919191919191918 1.3333333333333333 1.3131313131313131 0.8686868686868687 1.1313131313131313 1.5353535353535352 1.7171717171717171 1.8181818181818181 1.8585858585858586  
36 300.36157747059167 1.878787878787879 1.9393939393939394 0.9696969696969697 1.7171717171717171 1.0909090909090908 1.6363636363636365 1.292929292929293 2.0 1.7777777777777777 1.494949494949495 1.595959595959596 1.1919191919191918 1.3333333333333333 1.3131313131313131 0.8686868686868687 1.1313131313131313 1.5353535353535352 1.7171717171717171 1.8181818181818181 1.8585858585858586  
127 31.013151986635613 2.8181818181818183 2.909090909090909 1.4545454545454546 2.5757575757575757 1.6363636363636365 2.4545454545454546 1.9393939393939394 3.0 2.6666666666666665 2.242424242424242 2.393939393939394 1.7878787878787878 2.0 1.9696969696969697 1.303030303030303 1.696969696969697 2.303030303030303 2.5757575757575757 2.727272727272727 2.787878787878788  
24 282.38060399188737 2.8181818181818183 2.909090909090909 1.4545454545454546 2.5757575757575757 1.6363636363636365 2.4545454545454546 1.9393939393939394 3.0 2.6666666666666665 2.242424242424242 2.393939393939394 1.7878787878787878 2.0 1.9696969696969697 1.303030303030303 1.696969696969697 2.303030303030303 2.5757575757575757 2.727272727272727 2.787878787878788  
86 84.47214860559876 2.8181818181818183 2.909090909090909 1.4545454545454546 2.5757575757575757 1.6363636363636365 2.4545454545454546 1.9393939393939394 3.0 2.6666666666666665 2.242424242424242 2.393939393939394 1.7878787878787878 2.0 1.9696969696969697 1.303030303030303 1.696969696969697 2.303030303030303 2.5757575757575757 2.727272727272727 2.787878787878788  
16 21.369770611074642 2.8181818181818183 2.909090909090909 1.4545454545454546 2.5757575757575757 1.6363636363636365 2.4545454545454546 1.9393939393939394 3.0 2.6666666666666665 2.242424242424242 2.393939393939394 1.7878787878787878 2.0 1.9696969696969697 1.303030303030303 1.696969696969697 2.303030303030303 2.5757575757575757 2.727272727272727 2.787878787878788  
119 360.4322592678208 2.8181818181818183 2.909090909090909 1.4545454545454546 2.5757575757575757 1.6363636363636365 2.4545454545454546 1.9393939393939394 3.0 2.6666666666666665 2.242424242424242 2.393939393939394 1.7878787878787878 2.0 1.9696969696969697 1.303030303030303 1.696969696969697 2.303030303030303 2.5757575757575757 2.727272727272727 2.787878787878788  
27 206.90898477028097 1.878787878787879 1.9393939393939394 0.9696969696969697 1.7171717171717171 1.0909090909090908 1.6363636363636365 1.292929292929293 2.0 1.7777777777777777 1.494949494949495 1.595959595959596 1.1919191919191918 1.3333333333333333 1.3131313131313131 0.8686868686868687 1.1313131313131313 1.5353535353535352 1.7171717171717171 1.8181818181818181 1.8585858585858586  
47 14.88533951973812 1.878787878787879 1.9393939393939394 0.9696969696969697 1.7171717171717171 1.0909090909090908 1.6363636363636365 1.292929292929293 2.0 1.7777777777777777 1.494949494949495 1.595959595959596 1.1919191919191918 1.3333333333333333 1.3131313131313131 0.8686868686868687 1.1313131313131313 1.5353535353535352 1.7171717171717171 1.8181818181818181 1.8585858585858586  
75 170.73362400972175 1.878787878787879 1.9393939393939394 0.9696969696969697 1.7171717171717171 1.0909090909090908 1.6363636363636365 1.292929292929293 2.0 1.7777777777777777 1.494949494949495 1.595959595959596 1.1919191919191918 1.3333333333333333 1.3131313131313131 0.8686868686868687 1.1313131313131313 1.5353535353535352 1.7171717171717171 1.8181818181818181 1.8585858585858586  
115 88.02211706946716 2.8181818181818183 2.909090909090909 1.4545454545454546 2.5757575757575757 1.6363636363636365 2.4545454545454546 1.9393939393939394 3.0 2.6666666666666665 2.242424242424242 2.393939393939394 1.7878787878787878 2.0 1.9696969696969697 1.303030303030303 1.696969696969697 2.303030303030303 2.5757575757575757 2.727272727272727 2.787878787878788  
41 215.92377066909276 1.878787878787879 1.9393939393939394 0.9696969696969697 1.7171717171717171 1.0909090909090908 1.6363636363636365 1.292929292929293 2.0 1.7777777777777777 1.494949494949495 1.595959595959596 1.1919191919191918 1.3333333333333333 1.3131313131313131 0.8686868686868687 1.1313131313131313 1.5353535353535352 1.7171717171717171 1.8181818181818181 1.8585858585858586  
162 219.9968488303782 2.8181818181818183 2.909090909090909 1.4545454545454546 2.5757575757575757 1.6363636363636365 2.4545454545454546 1.9393939393939394 3.0 2.6666666666666665 2.242424242424242 2.393939393939394 1.7878787878787878 2.0 1.9696969696969697 1.303030303030303 1.696969696969697 2.303030303030303 2.5757575757575757 2.727272727272727 2.787878787878788  
57 293.7041904112889 1.878787878787879 1.9393939393939394 0.9696969696969697 1.7171717171717171 1.0909090909090908 1.6363636363636365 1.292929292929293 2.0 1.7777777777777777 1.494949494949495 1.595959595959596 1.1919191919191918 1.3333333333333333 1.3131313131313131 0.8686868686868687 1.1313131313131313 1.5353535353535352 1.7171717171717171 1.8181818181818181 1.8585858585858586  
32 332.5112476772531 1.878787878787879 1.9393939393939394 0.9696969696969697 1.7171717171717171 1.0909090909090908 1.6363636363636365 1.292929292929293 2.0 1.7777777777777777 1.494949494949495 1.595959595959596 1.1919191919191918 1.3333333333333333 1.3131313131313131 0.8686868686868687 1.1313131313131313 1.5353535353535352 1.7171717171717171 1.8181818181818181 1.8585858585858586  
131 149.46830602691884 2.8181818181818183 2.909090909090909 1.4545454545454546 2.5757575757575757 1.6363636363636365 2.4545454545454546 1.9393939393939394 3.0 2.6666666666666665 2.242424242424242 2.393939393939394 1.7878787878787878 2.0 1.9696969696969697 1.303030303030303 1.696969696969697 2.303030303030303 2.5757575757575757 2.727272727272727 2.787878787878788  
5 100.74903756515903 1.878787878787879 1.9393939393939394 0.9696969696969697 1.7171717171717171 1.0909090909090908 1.6363636363636365 1.292929292929293 2.0 1.7777777777777777 1.494949494949495 1.595959595959596 1.1919191919191918 1.3333333333333333 1.3131313131313131 0.8686868686868687 1.1313131313131313 1.5353535353535352 1.7171717171717171 1.8181818181818181 1.8585858585858586  
34 355.8212564764859 2.8181818181818183 2.909090909090909 1.4545454545454546 2.5757575757575757 1.6363636363636365 2.4545454545454546 1.9393939393939394 3.0 2.6666666666666665 2.242424242424242 2.393939393939394 1.7878787878787878 2.0 1.9696969696969697 1.303030303030303 1.696969696969697 2.303030303030303 2.5757575757575757 2.727272727272727 2.787878787878788  
114 152.89742846510248 1.878787878787879 1.9393939393939394 0.9696969696969697 1.7171717171717171 1.0909090909090908 1.6363636363636365 1.292929292929293 2.0 1.7777777777777777 1.494949494949495 1.595959595959596 1.1919191919191918 1.3333333333333333 1.3131313131313131 0.8686868686868687 1.1313131313131313 1.5353535353535352 1.7171717171717171 1.8181818181818181 1.8585858585858586  
19 246.95364544631673 1.878787878787879 1.9393939393939394 0.9696969696969697 1.7171717171717171 1.0909090909090908 1.6363636363636365 1.292929292929293 2.0 1.7777777777777777 1.494949494949495 1.595959595959596 1.1919191919191918 1.3333333333333333 1.3131313131313131 0.8686868686868687 1.1313131313131313 1.5353535353535352 1.7171717171717171 1.8181818181818181 1.8585858585858586  
120 259.19950231570846 2.8181818181818183 2.909090909090909 1.4545454545454546 2.5757575757575757 1.6363636363636365 2.4545454545454546 1.9393939393939394 3.0 2.6666666666666665 2.242424242424242 2.393939393939394 1.7878787878787878 2.0 1.9696969696969697 1.303030303030303 1.696969696969697 2.303030303030303 2.5757575757575757 2.727272727272727 2.787878787878788  
133 105.37227042161197 1.878787878787879 1.9393939393939394 0.9696969696969697 1.7171717171717171 1.0909090909090908 1.6363636363636365 1.292929292929293 2.0 1.7777777777777777 1.494949494949495 1.595959595959596 1.1919191919191918 1.3333333333333333 1.3131313131313131 0.8686868686868687 1.1313131313131313 1.5353535353535352 1.7171717171717171 1.8181818181818181 1.8585858585858586  
65 18.935320085910586 1.878787878787879 1.9393939393939394 0.9696969696969697 1.7171717171717171 1.0909090909090908 1.6363636363636365 1.292929292929293 2.0 1.7777777777777777 1.494949494949495 1.595959595959596 1.1919191919191918 1.3333333333333333 1.3131313131313131 0.8686868686868687 1.1313131313131313 1.5353535353535352 1.7171717171717171 1.8181818181818181 1.8585858585858586  
138 147.50433106254727 1.878787878787879 1.9393939393939394 0.9696969696969697 1.7171717171717171 1.0909090909090908 1.6363636363636365 1.292929292929293 2.0 1.7777777777777777 1.494949494949495 1.595959595959596 1.1919191919191918 1.3333333333333333 1.3131313131313131 0.8686868686868687 1.1313131313131313 1.5353535353535352 1.7171717171717171 1.8181818181818181 1.8585858585858586  
155 84.88229847608537 1.878787878787879 1.9393939393939394 0.9696969696969697 1.7171717171717171 1.0909090909090908 1.6363636363636365 1.292929292929293 2.0 1.7777777777777777 1.494949494949495 1.595959595959596 1.1919191919191918 1.3333333333333333 1.3131313131313131 0.8686868686868687 1.1313131313131313 1.5353535353535352 1.7171717171717171 1.8181818181818181 1.8585858585858586  
45 359.4340872086782 2.8181818181818183 2.909090909090909 1.4545454545454546 2.5757575757575757 1.6363636363636365 2.4545454545454546 1.9393939393939394 3.0 2.6666666666666665 2.242424242424242 2.393939393939394 1.7878787878787878 2.0 1.9696969696969697 1.303030303030303 1.696969696969697 2.303030303030303 2.5757575757575757 2.727272727272727 2.787878787878788  
25 66.95976143400263 1.878787878787879 1.9393939393939394 0.9696969696969697 1.7171717171717171 1.0909090909090908 1.6363636363636365 1.292929292929293 2.0 1.7777777777777777 1.494949494949495 1.595959595959596 1.1919191919191918 1.3333333333333333 1.3131313131313131 0.8686868686868687 1.1313131313131313 1.5353535353535352 1.7171717171717171 1.8181818181818181 1.8585858585858586  
148 762.0 2.8181818181818183 2.909090909090909 1.4545454545454546 2.5757575757575757 1.6363636363636365 2.4545454545454546 1.9393939393939394 3.0 2.6666666666666665 2.242424242424242 2.393939393939394 1.7878787878787878 2.0 1.9696969696969697 1.303030303030303 1.696969696969697 2.303030303030303 2.5757575757575757 2.727272727272727 2.787878787878788  
59 171.4899113096519 1.878787878787879 1.9393939393939394 0.9696969696969697 1.7171717171717171 1.0909090909090908 1.6363636363636365 1.292929292929293 2.0 1.7777777777777777 1.494949494949495 1.595959595959596 1.1919191919191918 1.3333333333333333 1.3131313131313131 0.8686868686868687 1.1313131313131313 1.5353535353535352 1.7171717171717171 1.8181818181818181 1.8585858585858586  
28 354.76370575397766 2.8181818181818183 2.909090909090909 1.4545454545454546 2.5757575757575757 1.6363636363636365 2.4545454545454546 1.9393939393939394 3.0 2.6666666666666665 2.242424242424242 2.393939393939394 1.7878787878787878 2.0 1.9696969696969697 1.303030303030303 1.696969696969697 2.303030303030303 2.5757575757575757 2.727272727272727 2.787878787878788  
6 15.97144705549093 2.8181818181818183 2.909090909090909 1.4545454545454546 2.5757575757575757 1.6363636363636365 2.4545454545454546 1.9393939393939394 3.0 2.6666666666666665 2.242424242424242 2.393939393939394 1.7878787878787878 2.0 1.9696969696969697 1.303030303030303 1.696969696969697 2.303030303030303 2.5757575757575757 2.727272727272727 2.787878787878788  
85 443.0 2.8181818181818183 2.909090909090909 1.4545454545454546 2.5757575757575757 1.6363636363636365 2.4545454545454546 1.9393939393939394 3.0 2.6666666666666665 2.242424242424242 2.393939393939394 1.7878787878787878 2.0 1.9696969696969697 1.303030303030303 1.696969696969697 2.303030303030303 2.5757575757575757 2.727272727272727 2.787878787878788  
95 92.72408192817367 2.8181818181818183 2.909090909090909 1.4545454545454546 2.5757575757575757 1.6363636363636365 2.4545454545454546 1.9393939393939394 3.0 2.6666666666666665 2.242424242424242 2.393939393939394 1.7878787878787878 2.0 1.9696969696969697 1.303030303030303 1.696969696969697 2.303030303030303 2.5757575757575757 2.727272727272727 2.787878787878788  
83 124.56572718779287 1.878787878787879 1.9393939393939394 0.9696969696969697 1.7171717171717171 1.0909090909090908 1.6363636363636365 1.292929292929293 2.0 1.7777777777777777 1.494949494949495 1.595959595959596 1.1919191919191918 1.3333333333333333 1.3131313131313131 0.8686868686868687 1.1313131313131313 1.5353535353535352 1.7171717171717171 1.8181818181818181 1.8585858585858586  
164 45.47002072764538 2.8181818181818183 2.909090909090909 1.4545454545454546 2.5757575757575757 1.6363636363636365 2.4545454545454546 1.9393939393939394 3.0 2.6666666666666665 2.242424242424242 2.393939393939394 1.7878787878787878 2.0 1.9696969696969697 1.303030303030303 1.696969696969697 2.303030303030303 2.5757575757575757 2.727272727272727 2.787878787878788  
91 186.02176559654612 1.878787878787879 1.9393939393939394 0.9696969696969697 1.7171717171717171 1.0909090909090908 1.6363636363636365 1.292929292929293 2.0 1.7777777777777777 1.494949494949495 1.595959595959596 1.1919191919191918 1.3333333333333333 1.3131313131313131 0.8686868686868687 1.1313131313131313 1.5353535353535352 1.7171717171717171 1.8181818181818181 1.8585858585858586  
49 36.2886901993156 1.878787878787879 1.9393939393939394 0.9696969696969697 1.7171717171717171 1.0909090909090908 1.6363636363636365 1.292929292929293 2.0 1.7777777777777777 1.494949494949495 1.595959595959596 1.1919191919191918 1.3333333333333333 1.3131313131313131 0.8686868686868687 1.1313131313131313 1.5353535353535352 1.7171717171717171 1.8181818181818181 1.8585858585858586  
92 85.60098118090977 1.878787878787879 1.9393939393939394 0.9696969696969697 1.7171717171717171 1.0909090909090908 1.6363636363636365 1.292929292929293 2.0 1.7777777777777777 1.494949494949495 1.595959595959596 1.1919191919191918 1.3333333333333333 1.3131313131313131 0.8686868686868687 1.1313131313131313 1.5353535353535352 1.7171717171717171 1.8181818181818181 1.8585858585858586  
84 257.0 2.8181818181818183 2.909090909090909 1.4545454545454546 2.5757575757575757 1.6363636363636365 2.4545454545454546 1.9393939393939394 3.0 2.6666666666666665 2.242424242424242 2.393939393939394 1.7878787878787878 2.0 1.9696969696969697 1.303030303030303 1.696969696969697 2.303030303030303 2.5757575757575757 2.727272727272727 2.787878787878788  
134 235.88121721397516 2.8181818181818183 2.909090909090909 1.4545454545454546 2.5757575757575757 1.6363636363636365 2.4545454545454546 1.9393939393939394 3.0 2.6666666666666665 2.242424242424242 2.393939393939394 1.7878787878787878 2.0 1.9696969696969697 1.303030303030303 1.696969696969697 2.303030303030303 2.5757575757575757 2.727272727272727 2.787878787878788  
18 270.1030269290806 2.8181818181818183 2.909090909090909 1.4545454545454546 2.5757575757575757 1.6363636363636365 2.4545454545454546 1.9393939393939394 3.0 2.6666666666666665 2.242424242424242 2.393939393939394 1.7878787878787878 2.0 1.9696969696969697 1.303030303030303 1.696969696969697 2.303030303030303 2.5757575757575757 2.727272727272727 2.787878787878788  
88 143.15748680252844 2.8181818181818183 2.909090909090909 1.4545454545454546 2.5757575757575757 1.6363636363636365 2.4545454545454546 1.9393939393939394 3.0 2.6666666666666665 2.242424242424242 2.393939393939394 1.7878787878787878 2.0 1.9696969696969697 1.303030303030303 1.696969696969697 2.303030303030303 2.5757575757575757 2.727272727272727 2.787878787878788  
160 103.08259641152412 1.878787878787879 1.9393939393939394 0.9696969696969697 1.7171717171717171 1.0909090909090908 1.6363636363636365 1.292929292929293 2.0 1.7777777777777777 1.494949494949495 1.595959595959596 1.1919191919191918 1.3333333333333333 1.3131313131313131 0.8686868686868687 1.1313131313131313 1.5353535353535352 1.7171717171717171 1.8181818181818181 1.8585858585858586  
1 316.0 2.8181818181818183 2.909090909090909 1.4545454545454546 2.5757575757575757 1.6363636363636365 2.4545454545454546 1.9393939393939394 3.0 2.6666666666666665 2.242424242424242 2.393939393939394 1.7878787878787878 2.0 1.9696969696969697 1.303030303030303 1.696969696969697 2.303030303030303 2.5757575757575757 2.727272727272727 2.787878787878788  
50 171.7447980611434 1.878787878787879 1.9393939393939394 0.9696969696969697 1.7171717171717171 1.0909090909090908 1.6363636363636365 1.292929292929293 2.0 1.7777777777777777 1.494949494949495 1.595959595959596 1.1919191919191918 1.3333333333333333 1.3131313131313131 0.8686868686868687 1.1313131313131313 1.5353535353535352 1.7171717171717171 1.8181818181818181 1.8585858585858586  
116 257.0029550201851 2.8181818181818183 2.909090909090909 1.4545454545454546 2.5757575757575757 1.6363636363636365 2.4545454545454546 1.9393939393939394 3.0 2.6666666666666665 2.242424242424242 2.393939393939394 1.7878787878787878 2.0 1.9696969696969697 1.303030303030303 1.696969696969697 2.303030303030303 2.5757575757575757 2.727272727272727 2.787878787878788  
4 118.72304371386973 2.8181818181818183 2.909090909090909 1.4545454545454546 2.5757575757575757 1.6363636363636365 2.4545454545454546 1.9393939393939394 3.0 2.6666666666666665 2.242424242424242 2.393939393939394 1.7878787878787878 2.0 1.9696969696969697 1.303030303030303 1.696969696969697 2.303030303030303 2.5757575757575757 2.727272727272727 2.787878787878788  
39 457.4412832094689 1.878787878787879 1.9393939393939394 0.9696969696969697 1.7171717171717171 1.0909090909090908 1.6363636363636365 1.292929292929293 2.0 1.7777777777777777 1.494949494949495 1.595959595959596 1.1919191919191918 1.3333333333333333 1.3131313131313131 0.8686868686868687 1.1313131313131313 1.5353535353535352 1.7171717171717171 1.8181818181818181 1.8585858585858586  
106 139.18960052994964 1.878787878787879 1.9393939393939394 0.9696969696969697 1.7171717171717171 1.0909090909090908 1.6363636363636365 1.292929292929293 2.0 1.7777777777777777 1.494949494949495 1.595959595959596 1.1919191919191918 1.3333333333333333 1.3131313131313131 0.8686868686868687 1.1313131313131313 1.5353535353535352 1.7171717171717171 1.8181818181818181 1.8585858585858586  
140 73.40637415540803 2.8181818181818183 2.909090909090909 1.4545454545454546 2.5757575757575757 1.6363636363636365 2.4545454545454546 1.9393939393939394 3.0 2.6666666666666665 2.242424242424242 2.393939393939394 1.7878787878787878 2.0 1.9696969696969697 1.303030303030303 1.696969696969697 2.303030303030303 2.5757575757575757 2.727272727272727 2.787878787878788  
80 177.75223494834754 1.878787878787879 1.9393939393939394 0.9696969696969697 1.7171717171717171 1.0909090909090908 1.6363636363636365 1.292929292929293 2.0 1.7777777777777777 1.494949494949495 1.595959595959596 1.1919191919191918 1.3333333333333333 1.3131313131313131 0.8686868686868687 1.1313131313131313 1.5353535353535352 1.7171717171717171 1.8181818181818181 1.8585858585858586  
42 209.1549796898189 1.878787878787879 1.9393939393939394 0.9696969696969697 1.7171717171717171 1.0909090909090908 1.6363636363636365 1.292929292929293 2.0 1.7777777777777777 1.494949494949495 1.595959595959596 1.1919191919191918 1.3333333333333333 1.3131313131313131 0.8686868686868687 1.1313131313131313 1.5353535353535352 1.7171717171717171 1.8181818181818181 1.8585858585858586  
64 299.34824183442765 2.8181818181818183 2.909090909090909 1.4545454545454546 2.5757575757575757 1.6363636363636365 2.4545454545454546 1.9393939393939394 3.0 2.6666666666666665 2.242424242424242 2.393939393939394 1.7878787878787878 2.0 1.9696969696969697 1.303030303030303 1.696969696969697 2.303030303030303 2.5757575757575757 2.727272727272727 2.787878787878788  
38 450.5758910325898 2.8181818181818183 2.909090909090909 1.4545454545454546 2.5757575757575757 1.6363636363636365 2.4545454545454546 1.9393939393939394 3.0 2.6666666666666665 2.242424242424242 2.393939393939394 1.7878787878787878 2.0 1.9696969696969697 1.303030303030303 1.696969696969697 2.303030303030303 2.5757575757575757 2.727272727272727 2.787878787878788  
14 337.3587819346536 2.8181818181818183 2.909090909090909 1.4545454545454546 2.5757575757575757 1.6363636363636365 2.4545454545454546 1.9393939393939394 3.0 2.6666666666666665 2.242424242424242 2.393939393939394 1.7878787878787878 2.0 1.9696969696969697 1.303030303030303 1.696969696969697 2.303030303030303 2.5757575757575757 2.727272727272727 2.787878787878788  
136 280.3554136840412 2.8181818181818183 2.909090909090909 1.4545454545454546 2.5757575757575757 1.6363636363636365 2.4545454545454546 1.9393939393939394 3.0 2.6666666666666665 2.242424242424242 2.393939393939394 1.7878787878787878 2.0 1.9696969696969697 1.303030303030303 1.696969696969697 2.303030303030303 2.5757575757575757 2.727272727272727 2.787878787878788  
142 858.0 2.8181818181818183 2.909090909090909 1.4545454545454546 2.5757575757575757 1.6363636363636365 2.4545454545454546 1.9393939393939394 3.0 2.6666666666666665 2.242424242424242 2.393939393939394 1.7878787878787878 2.0 1.9696969696969697 1.303030303030303 1.696969696969697 2.303030303030303 2.5757575757575757 2.727272727272727 2.787878787878788  
66 26.844548808662257 1.878787878787879 1.9393939393939394 0.9696969696969697 1.7171717171717171 1.0909090909090908 1.6363636363636365 1.292929292929293 2.0 1.7777777777777777 1.494949494949495 1.595959595959596 1.1919191919191918 1.3333333333333333 1.3131313131313131 0.8686868686868687 1.1313131313131313 1.5353535353535352 1.7171717171717171 1.8181818181818181 1.8585858585858586  
121 33.75390496975949 2.8181818181818183 2.909090909090909 1.4545454545454546 2.5757575757575757 1.6363636363636365 2.4545454545454546 1.9393939393939394 3.0 2.6666666666666665 2.242424242424242 2.393939393939394 1.7878787878787878 2.0 1.9696969696969697 1.303030303030303 1.696969696969697 2.303030303030303 2.5757575757575757 2.727272727272727 2.787878787878788  
117 92.49824320918911 2.8181818181818183 2.909090909090909 1.4545454545454546 2.5757575757575757 1.6363636363636365 2.4545454545454546 1.9393939393939394 3.0 2.6666666666666665 2.242424242424242 2.393939393939394 1.7878787878787878 2.0 1.9696969696969697 1.303030303030303 1.696969696969697 2.303030303030303 2.5757575757575757 2.727272727272727 2.787878787878788  
137 172.80179115692033 2.8181818181818183 2.909090909090909 1.4545454545454546 2.5757575757575757 1.6363636363636365 2.4545454545454546 1.9393939393939394 3.0 2.6666666666666665 2.242424242424242 2.393939393939394 1.7878787878787878 2.0 1.9696969696969697 1.303030303030303 1.696969696969697 2.303030303030303 2.5757575757575757 2.727272727272727 2.787878787878788  
141 26.186912236652883 2.8181818181818183 2.909090909090909 1.4545454545454546 2.5757575757575757 1.6363636363636365 2.4545454545454546 1.9393939393939394 3.0 2.6666666666666665 2.242424242424242 2.393939393939394 1.7878787878787878 2.0 1.9696969696969697 1.303030303030303 1.696969696969697 2.303030303030303 2.5757575757575757 2.727272727272727 2.787878787878788  
79 77.29609412967471 1.878787878787879 1.9393939393939394 0.9696969696969697 1.7171717171717171 1.0909090909090908 1.6363636363636365 1.292929292929293 2.0 1.7777777777777777 1.494949494949495 1.595959595959596 1.1919191919191918 1.3333333333333333 1.3131313131313131 0.8686868686868687 1.1313131313131313 1.5353535353535352 1.7171717171717171 1.8181818181818181 1.8585858585858586  
126 57.90582937419208 1.878787878787879 1.9393939393939394 0.9696969696969697 1.7171717171717171 1.0909090909090908 1.6363636363636365 1.292929292929293 2.0 1.7777777777777777 1.494949494949495 1.595959595959596 1.1919191919191918 1.3333333333333333 1.3131313131313131 0.8686868686868687 1.1313131313131313 1.5353535353535352 1.7171717171717171 1.8181818181818181 1.8585858585858586  
166 41.29507465627593 1.878787878787879 1.9393939393939394 0.9696969696969697 1.7171717171717171 1.0909090909090908 1.6363636363636365 1.292929292929293 2.0 1.7777777777777777 1.494949494949495 1.595959595959596 1.1919191919191918 1.3333333333333333 1.3131313131313131 0.8686868686868687 1.1313131313131313 1.5353535353535352 1.7171717171717171 1.8181818181818181 1.8585858585858586  
152 116.69181879652173 2.8181818181818183 2.909090909090909 1.4545454545454546 2.5757575757575757 1.6363636363636365 2.4545454545454546 1.9393939393939394 3.0 2.6666666666666665 2.242424242424242 2.393939393939394 1.7878787878787878 2.0 1.9696969696969697 1.303030303030303 1.696969696969697 2.303030303030303 2.5757575757575757 2.727272727272727 2.787878787878788  
60 273.302743264171 1.878787878787879 1.9393939393939394 0.9696969696969697 1.7171717171717171 1.0909090909090908 1.6363636363636365 1.292929292929293 2.0 1.7777777777777777 1.494949494949495 1.595959595959596 1.1919191919191918 1.3333333333333333 1.3131313131313131 0.8686868686868687 1.1313131313131313 1.5353535353535352 1.7171717171717171 1.8181818181818181 1.8585858585858586  
54 151.11043701154398 1.878787878787879 1.9393939393939394 0.9696969696969697 1.7171717171717171 1.0909090909090908 1.6363636363636365 1.292929292929293 2.0 1.7777777777777777 1.494949494949495 1.595959595959596 1.1919191919191918 1.3333333333333333 1.3131313131313131 0.8686868686868687 1.1313131313131313 1.5353535353535352 1.7171717171717171 1.8181818181818181 1.8585858585858586  
159 56.21575236169547 2.8181818181818183 2.909090909090909 1.4545454545454546 2.5757575757575757 1.6363636363636365 2.4545454545454546 1.9393939393939394 3.0 2.6666666666666665 2.242424242424242 2.393939393939394 1.7878787878787878 2.0 1.9696969696969697 1.303030303030303 1.696969696969697 2.303030303030303 2.5757575757575757 2.727272727272727 2.787878787878788  
87 226.24642813585942 2.8181818181818183 2.909090909090909 1.4545454545454546 2.5757575757575757 1.6363636363636365 2.4545454545454546 1.9393939393939394 3.0 2.6666666666666665 2.242424242424242 2.393939393939394 1.7878787878787878 2.0 1.9696969696969697 1.303030303030303 1.696969696969697 2.303030303030303 2.5757575757575757 2.727272727272727 2.787878787878788  
101 208.2004877540643 1.878787878787879 1.9393939393939394 0.9696969696969697 1.7171717171717171 1.0909090909090908 1.6363636363636365 1.292929292929293 2.0 1.7777777777777777 1.494949494949495 1.595959595959596 1.1919191919191918 1.3333333333333333 1.3131313131313131 0.8686868686868687 1.1313131313131313 1.5353535353535352 1.7171717171717171 1.8181818181818181 1.8585858585858586  
20 105.97225490944304 2.8181818181818183 2.909090909090909 1.4545454545454546 2.5757575757575757 1.6363636363636365 2.4545454545454546 1.9393939393939394 3.0 2.6666666666666665 2.242424242424242 2.393939393939394 1.7878787878787878 2.0 1.9696969696969697 1.303030303030303 1.696969696969697 2.303030303030303 2.5757575757575757 2.727272727272727 2.787878787878788  
30 227.3261755888601 2.8181818181818183 2.909090909090909 1.4545454545454546 2.5757575757575757 1.6363636363636365 2.4545454545454546 1.9393939393939394 3.0 2.6666666666666665 2.242424242424242 2.393939393939394 1.7878787878787878 2.0 1.9696969696969697 1.303030303030303 1.696969696969697 2.303030303030303 2.5757575757575757 2.727272727272727 2.787878787878788  
147 265.40657111406597 1.878787878787879 1.9393939393939394 0.9696969696969697 1.7171717171717171 1.0909090909090908 1.6363636363636365 1.292929292929293 2.0 1.7777777777777777 1.494949494949495 1.595959595959596 1.1919191919191918 1.3333333333333333 1.3131313131313131 0.8686868686868687 1.1313131313131313 1.5353535353535352 1.7171717171717171 1.8181818181818181 1.8585858585858586  
44 388.285554817774 1.878787878787879 1.9393939393939394 0.9696969696969697 1.7171717171717171 1.0909090909090908 1.6363636363636365 1.292929292929293 2.0 1.7777777777777777 1.494949494949495 1.595959595959596 1.1919191919191918 1.3333333333333333 1.3131313131313131 0.8686868686868687 1.1313131313131313 1.5353535353535352 1.7171717171717171 1.8181818181818181 1.8585858585858586  
130 106.99777301797836 1.878787878787879 1.9393939393939394 0.9696969696969697 1.7171717171717171 1.0909090909090908 1.6363636363636365 1.292929292929293 2.0 1.7777777777777777 1.494949494949495 1.595959595959596 1.1919191919191918 1.3333333333333333 1.3131313131313131 0.8686868686868687 1.1313131313131313 1.5353535353535352 1.7171717171717171 1.8181818181818181 1.8585858585858586  
26 194.01794019876857 2.8181818181818183 2.909090909090909 1.4545454545454546 2.5757575757575757 1.6363636363636365 2.4545454545454546 1.9393939393939394 3.0 2.6666666666666665 2.242424242424242 2.393939393939394 1.7878787878787878 2.0 1.9696969696969697 1.303030303030303 1.696969696969697 2.303030303030303 2.5757575757575757 2.727272727272727 2.787878787878788  
96 16.72379457217554 2.8181818181818183 2.909090909090909 1.4545454545454546 2.5757575757575757 1.6363636363636365 2.4545454545454546 1.9393939393939394 3.0 2.6666666666666665 2.242424242424242 2.393939393939394 1.7878787878787878 2.0 1.9696969696969697 1.303030303030303 1.696969696969697 2.303030303030303 2.5757575757575757 2.727272727272727 2.787878787878788  
113 92.22079349421149 1.878787878787879 1.9393939393939394 0.9696969696969697 1.7171717171717171 1.0909090909090908 1.6363636363636365 1.292929292929293 2.0 1.7777777777777777 1.494949494949495 1.595959595959596 1.1919191919191918 1.3333333333333333 1.3131313131313131 0.8686868686868687 1.1313131313131313 1.5353535353535352 1.7171717171717171 1.8181818181818181 1.8585858585858586  
22 431.40035827547774 2.8181818181818183 2.909090909090909 1.4545454545454546 2.5757575757575757 1.6363636363636365 2.4545454545454546 1.9393939393939394 3.0 2.6666666666666665 2.242424242424242 2.393939393939394 1.7878787878787878 2.0 1.9696969696969697 1.303030303030303 1.696969696969697 2.303030303030303 2.5757575757575757 2.727272727272727 2.787878787878788  
167 115.14265768555165 1.878787878787879 1.9393939393939394 0.9696969696969697 1.7171717171717171 1.0909090909090908 1.6363636363636365 1.292929292929293 2.0 1.7777777777777777 1.494949494949495 1.595959595959596 1.1919191919191918 1.3333333333333333 1.3131313131313131 0.8686868686868687 1.1313131313131313 1.5353535353535352 1.7171717171717171 1.8181818181818181 1.8585858585858586  
12 190.44980244767527 1.878787878787879 1.9393939393939394 0.9696969696969697 1.7171717171717171 1.0909090909090908 1.6363636363636365 1.292929292929293 2.0 1.7777777777777777 1.494949494949495 1.595959595959596 1.1919191919191918 1.3333333333333333 1.3131313131313131 0.8686868686868687 1.1313131313131313 1.5353535353535352 1.7171717171717171 1.8181818181818181 1.8585858585858586  
124 41.85040044379618 2.8181818181818183 2.909090909090909 1.4545454545454546 2.5757575757575757 1.6363636363636365 2.4545454545454546 1.9393939393939394 3.0 2.6666666666666665 2.242424242424242 2.393939393939394 1.7878787878787878 2.0 1.9696969696969697 1.303030303030303 1.696969696969697 2.303030303030303 2.5757575757575757 2.727272727272727 2.787878787878788  
81 258.2758321977367 1.878787878787879 1.9393939393939394 0.9696969696969697 1.7171717171717171 1.0909090909090908 1.6363636363636365 1.292929292929293 2.0 1.7777777777777777 1.494949494949495 1.595959595959596 1.1919191919191918 1.3333333333333333 1.3131313131313131 0.8686868686868687 1.1313131313131313 1.5353535353535352 1.7171717171717171 1.8181818181818181 1.8585858585858586  
94 112.71003332918943 2.8181818181818183 2.909090909090909 1.4545454545454546 2.5757575757575757 1.6363636363636365 2.4545454545454546 1.9393939393939394 3.0 2.6666666666666665 2.242424242424242 2.393939393939394 1.7878787878787878 2.0 1.9696969696969697 1.303030303030303 1.696969696969697 2.303030303030303 2.5757575757575757 2.727272727272727 2.787878787878788  
40 468.2318387221467 2.8181818181818183 2.909090909090909 1.4545454545454546 2.5757575757575757 1.6363636363636365 2.4545454545454546 1.9393939393939394 3.0 2.6666666666666665 2.242424242424242 2.393939393939394 1.7878787878787878 2.0 1.9696969696969697 1.303030303030303 1.696969696969697 2.303030303030303 2.5757575757575757 2.727272727272727 2.787878787878788  
111 53.43654071906634 2.8181818181818183 2.909090909090909 1.4545454545454546 2.5757575757575757 1.6363636363636365 2.4545454545454546 1.9393939393939394 3.0 2.6666666666666665 2.242424242424242 2.393939393939394 1.7878787878787878 2.0 1.9696969696969697 1.303030303030303 1.696969696969697 2.303030303030303 2.5757575757575757 2.727272727272727 2.787878787878788  
17 205.19664049566717 2.8181818181818183 2.909090909090909 1.4545454545454546 2.5757575757575757 1.6363636363636365 2.4545454545454546 1.9393939393939394 3.0 2.6666666666666665 2.242424242424242 2.393939393939394 1.7878787878787878 2.0 1.9696969696969697 1.303030303030303 1.696969696969697 2.303030303030303 2.5757575757575757 2.727272727272727 2.787878787878788  
53 96.6889712085922 1.878787878787879 1.9393939393939394 0.9696969696969697 1.7171717171717171 1.0909090909090908 1.6363636363636365 1.292929292929293 2.0 1.7777777777777777 1.494949494949495 1.595959595959596 1.1919191919191918 1.3333333333333333 1.3131313131313131 0.8686868686868687 1.1313131313131313 1.5353535353535352 1.7171717171717171 1.8181818181818181 1.8585858585858586  
