50 40
TREE NETWORK (nID nID Weight):
1 0 30.0 
2 1 34.0 
34 1 53.0 
3 2 49.0 
13 2 55.0 
21 2 42.0 
4 3 43.0 
41 1 36.0 
9 3 58.0 
24 2 37.0 
22 21 47.0 
44 1 59.0 
42 41 43.0 
26 2 34.0 
35 34 38.0 
27 2 55.0 
10 9 46.0 
36 35 57.0 
45 1 33.0 
23 22 48.0 
5 4 42.0 
7 4 35.0 
30 2 53.0 
37 35 40.0 
46 45 55.0 
14 13 54.0 
48 0 40.0 
31 30 40.0 
15 13 42.0 
18 13 58.0 
6 5 58.0 
28 27 46.0 
16 15 38.0 
38 37 36.0 
12 3 59.0 
43 41 31.0 
11 9 40.0 
19 18 30.0 
20 18 45.0 
25 24 52.0 
8 4 56.0 
39 35 42.0 
40 34 43.0 
29 27 54.0 
32 2 55.0 
33 2 54.0 
17 15 51.0 
47 46 59.0 
49 48 59.0 
PROGRAMS ASSIGNED TO NODES (nID pID1 pID2 ...):
0 1 2 3 4 5 6 7 8 9 10 11 12 13 14 15 16 17 18 19 20 21 22 23 24 25 26 27 28 29 30 31 32 33 34 35 36 37 38 39 40  
7 1 2 4 5 6 7 8 9 10 11 12 15 16 19 20 22 24 25 26 27 28 30 31 32 33 34 35 36 37 39 40  
32 3 17 20 34 35 37  
24 13 14 18 21 22 25 31 34 35 38  
35 2 4 5 11 14 16 20 22 25 29  
49 7 14  
23 4 7 13 17 19 22 24 27 29 31 32 33 38 39  
20 1 2 3 4 7 9 11 12 13 14 15 18 24 27 28 29 31 33 37 38 40  
42 6 21 23 25 28 30 37  
29 3 4 5 10 11 13 15 16 17 19 21 24 27 28 33 35 36 37 38 39  
41 1 2 3 5 6 7 9 10 11 12 14 16 21 23 26 28 29 30 32 33 34 35 36 37 38  
33 2 3 4 5 6 8 9 10 11 12 13 14 15 16 17 18 19 20 21 22 23 24 25 26 27 28 29 30 32 33 34 35 36 37 38 39 40  
6 3 9 12 13 24 25  
48  
8 35  
37 17  
28 1 2 3 5 6 8 11 15 16 17 18 20 23 24 26 30 33 34 35 37 40  
27 2 3 4 5 6 10 11 15 17 19 20 21 22 27 30 31 32 34 35 36 40  
34 3 8 16 22 23 26 31 34 35 39  
26 1 2 3 8 9 10 11 12 13 15 18 19 20 23 24 25 26 28 29 30 31 32 33 34 37 38 39 40  
11 2 7 8 15 16 22 31 32 33 36 37 38 39  
12 1 3 6 7 8 9 11 15 16 17 18 22 27 29 30 33 34 35 37 40  
25 1 2 5 6 7 8 9 10 11 12 13 14 15 16 18 19 21 23 24 25 27 28 29 30 31 32 33 34 35 37 38 39 40  
31 2 4 6 10 11 12 14 15 16 18 19 20 22 23 26 27 28 30 31 35 36 38 40  
3 1 3 6 9 11 12 13 14 17 18 19 20 22 23 24 26 30 33 36 38 39 40  
2 2 3 4 5 6 7 8 9 10 11 12 13 14 15 16 17 18 19 20 21 22 23 24 25 26 27 28 29 30 31 32 33 34 35 36 37 38 39 40  
36 5 9 18 36 37  
40 32  
22 2 3 4 5 6 7 8 10 11 12 13 15 17 18 19 20 21 22 23 27 28 29 32 33 34 36 38 39 40  
45 1 2 6 7 9 10 12 15 17 18 21 22 23 25 26 27 29 31 32 33 34 35 40  
10 1 10 22 28  
43 1 2 4 6 7 8 9 10 12 13 14 15 17 18 20 21 22 24 25 26 27 32 34 35 38 39  
30 3 8 9 10 17 20 28 30 33  
46 1 2 4 6 7 9 10 11 12 13 15 16 17 19 20 21 22 23 24 25 27 28 29 31 32 34 35 36 38 39 40  
15 4 5 11 23 26 27 29 32 35 37 40  
13 7 21 29 33  
9 2 7 8 9 11 14 15 16 19 25 27 28 30 33 35 39  
1 6 12 15 27 30 32  
18 1 4 5 6 8 12 13 15 18 20 21 23 24 25 26 27 29 32 35 36 39  
44 2 3 5 7 8 15 17 20 21 23 25 33 34 36 39  
17 1 4 6 8 9 10 11 14 15 16 17 18 22 23 24 25 26 29 31 32 35 37 38 39  
21 1 2 3 5 6 7 9 10 11 12 13 14 15 16 18 19 20 21 22 23 24 25 26 27 28 30 31 32 33 35 36 37 38 39 40  
19 2 3 5 15 16 17 19 23 27 29 31 39  
16 4 9 29 30 31  
39 3 19  
38 2 3 4 5 6 7 8 9 12 14 17 19 21 22 23 24 26 27 28 29 31 33 34 35 36 37 39  
14 1 2 3 4 9 10 11 12 13 15 16 18 19 20 21 22 24 26 27 28 29 30 32 34 35 36 37 38 39 40  
5 7 9 12 13 15 17 19 20 23 25 26 28 29 31 32 35 36 37 38 39 40  
4 1 2 3 4 5 7 8 9 10 11 12 13 14 16 17 18 19 21 22 23 25 26 28 29 30 31 32 33 35 36 37 38 39 40  
47 1 2 4 5 8 9 10 11 12 13 15 16 17 18 19 20 21 22 24 25 26 27 29 30 32 33 34 35 36 37 40  
SIZE OF PROGRAMS (pID SIZE):
1 55.0 
2 67.0 
3 84.0 
4 86.0 
5 64.0 
6 81.0 
7 85.0 
8 49.0 
9 56.0 
10 82.0 
11 84.0 
12 82.0 
13 70.0 
14 40.0 
15 93.0 
16 87.0 
17 55.0 
18 90.0 
19 83.0 
20 67.0 
21 94.0 
22 90.0 
23 89.0 
24 95.0 
25 88.0 
26 56.0 
27 72.0 
28 78.0 
29 40.0 
30 40.0 
31 60.0 
32 86.0 
33 81.0 
34 81.0 
35 65.0 
36 84.0 
37 56.0 
38 55.0 
39 51.0 
40 82.0 
COST_INSTALL_SERVER_AND_PROGRAMS :
0 7111.57894736842 1.1578947368421053 1.4105263157894736 1.768421052631579 1.8105263157894738 1.3473684210526315 1.7052631578947368 1.7894736842105263 1.0315789473684212 1.1789473684210525 1.7263157894736842 1.768421052631579 1.7263157894736842 1.4736842105263157 0.8421052631578947 1.9578947368421054 1.831578947368421 1.1578947368421053 1.894736842105263 1.7473684210526317 1.4105263157894736 1.9789473684210526 1.894736842105263 1.8736842105263158 2.0 1.8526315789473684 1.1789473684210525 1.5157894736842106 1.6421052631578947 0.8421052631578947 0.8421052631578947 1.263157894736842 1.8105263157894738 1.7052631578947368 1.7052631578947368 1.368421052631579 1.768421052631579 1.1789473684210525 1.1578947368421053 1.0736842105263158 1.7263157894736842  
7 470.5791826952394 1.736842105263158 2.1157894736842104 2.6526315789473682 2.7157894736842105 2.0210526315789474 2.557894736842105 2.6842105263157894 1.5473684210526315 1.768421052631579 2.5894736842105264 2.6526315789473682 2.5894736842105264 2.210526315789474 1.263157894736842 2.9368421052631577 2.7473684210526317 1.736842105263158 2.8421052631578947 2.6210526315789475 2.1157894736842104 2.968421052631579 2.8421052631578947 2.8105263157894735 3.0 2.778947368421053 1.768421052631579 2.2736842105263158 2.463157894736842 1.263157894736842 1.263157894736842 1.894736842105263 2.7157894736842105 2.557894736842105 2.557894736842105 2.0526315789473686 2.6526315789473682 1.768421052631579 1.736842105263158 1.6105263157894736 2.5894736842105264  
32 27.675576045951868 1.736842105263158 2.1157894736842104 2.6526315789473682 2.7157894736842105 2.0210526315789474 2.557894736842105 2.6842105263157894 1.5473684210526315 1.768421052631579 2.5894736842105264 2.6526315789473682 2.5894736842105264 2.210526315789474 1.263157894736842 2.9368421052631577 2.7473684210526317 1.736842105263158 2.8421052631578947 2.6210526315789475 2.1157894736842104 2.968421052631579 2.8421052631578947 2.8105263157894735 3.0 2.778947368421053 1.768421052631579 2.2736842105263158 2.463157894736842 1.263157894736842 1.263157894736842 1.894736842105263 2.7157894736842105 2.557894736842105 2.557894736842105 2.0526315789473686 2.6526315789473682 1.768421052631579 1.736842105263158 1.6105263157894736 2.5894736842105264  
24 194.80872773166476 1.736842105263158 2.1157894736842104 2.6526315789473682 2.7157894736842105 2.0210526315789474 2.557894736842105 2.6842105263157894 1.5473684210526315 1.768421052631579 2.5894736842105264 2.6526315789473682 2.5894736842105264 2.210526315789474 1.263157894736842 2.9368421052631577 2.7473684210526317 1.736842105263158 2.8421052631578947 2.6210526315789475 2.1157894736842104 2.968421052631579 2.8421052631578947 2.8105263157894735 3.0 2.778947368421053 1.768421052631579 2.2736842105263158 2.463157894736842 1.263157894736842 1.263157894736842 1.894736842105263 2.7157894736842105 2.557894736842105 2.557894736842105 2.0526315789473686 2.6526315789473682 1.768421052631579 1.736842105263158 1.6105263157894736 2.5894736842105264  
35 146.05240579337334 1.736842105263158 2.1157894736842104 2.6526315789473682 2.7157894736842105 2.0210526315789474 2.557894736842105 2.6842105263157894 1.5473684210526315 1.768421052631579 2.5894736842105264 2.6526315789473682 2.5894736842105264 2.210526315789474 1.263157894736842 2.9368421052631577 2.7473684210526317 1.736842105263158 2.8421052631578947 2.6210526315789475 2.1157894736842104 2.968421052631579 2.8421052631578947 2.8105263157894735 3.0 2.778947368421053 1.768421052631579 2.2736842105263158 2.463157894736842 1.263157894736842 1.263157894736842 1.894736842105263 2.7157894736842105 2.557894736842105 2.557894736842105 2.0526315789473686 2.6526315789473682 1.768421052631579 1.736842105263158 1.6105263157894736 2.5894736842105264  
49 6.246303729650796 1.1578947368421053 1.4105263157894736 1.768421052631579 1.8105263157894738 1.3473684210526315 1.7052631578947368 1.7894736842105263 1.0315789473684212 1.1789473684210525 1.7263157894736842 1.768421052631579 1.7263157894736842 1.4736842105263157 0.8421052631578947 1.9578947368421054 1.831578947368421 1.1578947368421053 1.894736842105263 1.7473684210526317 1.4105263157894736 1.9789473684210526 1.894736842105263 1.8736842105263158 2.0 1.8526315789473684 1.1789473684210525 1.5157894736842106 1.6421052631578947 0.8421052631578947 0.8421052631578947 1.263157894736842 1.8105263157894738 1.7052631578947368 1.7052631578947368 1.368421052631579 1.768421052631579 1.1789473684210525 1.1578947368421053 1.0736842105263158 1.7263157894736842  
23 122.72305488003539 1.1578947368421053 1.4105263157894736 1.768421052631579 1.8105263157894738 1.3473684210526315 1.7052631578947368 1.7894736842105263 1.0315789473684212 1.1789473684210525 1.7263157894736842 1.768421052631579 1.7263157894736842 1.4736842105263157 0.8421052631578947 1.9578947368421054 1.831578947368421 1.1578947368421053 1.894736842105263 1.7473684210526317 1.4105263157894736 1.9789473684210526 1.894736842105263 1.8736842105263158 2.0 1.8526315789473684 1.1789473684210525 1.5157894736842106 1.6421052631578947 0.8421052631578947 0.8421052631578947 1.263157894736842 1.8105263157894738 1.7052631578947368 1.7052631578947368 1.368421052631579 1.768421052631579 1.1789473684210525 1.1578947368421053 1.0736842105263158 1.7263157894736842  
20 256.5100227913115 1.1578947368421053 1.4105263157894736 1.768421052631579 1.8105263157894738 1.3473684210526315 1.7052631578947368 1.7894736842105263 1.0315789473684212 1.1789473684210525 1.7263157894736842 1.768421052631579 1.7263157894736842 1.4736842105263157 0.8421052631578947 1.9578947368421054 1.831578947368421 1.1578947368421053 1.894736842105263 1.7473684210526317 1.4105263157894736 1.9789473684210526 1.894736842105263 1.8736842105263158 2.0 1.8526315789473684 1.1789473684210525 1.5157894736842106 1.6421052631578947 0.8421052631578947 0.8421052631578947 1.263157894736842 1.8105263157894738 1.7052631578947368 1.7052631578947368 1.368421052631579 1.768421052631579 1.1789473684210525 1.1578947368421053 1.0736842105263158 1.7263157894736842  
42 35.790443996554494 1.1578947368421053 1.4105263157894736 1.768421052631579 1.8105263157894738 1.3473684210526315 1.7052631578947368 1.7894736842105263 1.0315789473684212 1.1789473684210525 1.7263157894736842 1.768421052631579 1.7263157894736842 1.4736842105263157 0.8421052631578947 1.9578947368421054 1.831578947368421 1.1578947368421053 1.894736842105263 1.7473684210526317 1.4105263157894736 1.9789473684210526 1.894736842105263 1.8736842105263158 2.0 1.8526315789473684 1.1789473684210525 1.5157894736842106 1.6421052631578947 0.8421052631578947 0.8421052631578947 1.263157894736842 1.8105263157894738 1.7052631578947368 1.7052631578947368 1.368421052631579 1.768421052631579 1.1789473684210525 1.1578947368421053 1.0736842105263158 1.7263157894736842  
29 195.41293435836295 1.736842105263158 2.1157894736842104 2.6526315789473682 2.7157894736842105 2.0210526315789474 2.557894736842105 2.6842105263157894 1.5473684210526315 1.768421052631579 2.5894736842105264 2.6526315789473682 2.5894736842105264 2.210526315789474 1.263157894736842 2.9368421052631577 2.7473684210526317 1.736842105263158 2.8421052631578947 2.6210526315789475 2.1157894736842104 2.968421052631579 2.8421052631578947 2.8105263157894735 3.0 2.778947368421053 1.768421052631579 2.2736842105263158 2.463157894736842 1.263157894736842 1.263157894736842 1.894736842105263 2.7157894736842105 2.557894736842105 2.557894736842105 2.0526315789473686 2.6526315789473682 1.768421052631579 1.736842105263158 1.6105263157894736 2.5894736842105264  
41 124.9637854773465 1.1578947368421053 1.4105263157894736 1.768421052631579 1.8105263157894738 1.3473684210526315 1.7052631578947368 1.7894736842105263 1.0315789473684212 1.1789473684210525 1.7263157894736842 1.768421052631579 1.7263157894736842 1.4736842105263157 0.8421052631578947 1.9578947368421054 1.831578947368421 1.1578947368421053 1.894736842105263 1.7473684210526317 1.4105263157894736 1.9789473684210526 1.894736842105263 1.8736842105263158 2.0 1.8526315789473684 1.1789473684210525 1.5157894736842106 1.6421052631578947 0.8421052631578947 0.8421052631578947 1.263157894736842 1.8105263157894738 1.7052631578947368 1.7052631578947368 1.368421052631579 1.768421052631579 1.1789473684210525 1.1578947368421053 1.0736842105263158 1.7263157894736842  
33 300.5304789256674 1.1578947368421053 1.4105263157894736 1.768421052631579 1.8105263157894738 1.3473684210526315 1.7052631578947368 1.7894736842105263 1.0315789473684212 1.1789473684210525 1.7263157894736842 1.768421052631579 1.7263157894736842 1.4736842105263157 0.8421052631578947 1.9578947368421054 1.831578947368421 1.1578947368421053 1.894736842105263 1.7473684210526317 1.4105263157894736 1.9789473684210526 1.894736842105263 1.8736842105263158 2.0 1.8526315789473684 1.1789473684210525 1.5157894736842106 1.6421052631578947 0.8421052631578947 0.8421052631578947 1.263157894736842 1.8105263157894738 1.7052631578947368 1.7052631578947368 1.368421052631579 1.768421052631579 1.1789473684210525 1.1578947368421053 1.0736842105263158 1.7263157894736842  
6 64.40356888617262 1.1578947368421053 1.4105263157894736 1.768421052631579 1.8105263157894738 1.3473684210526315 1.7052631578947368 1.7894736842105263 1.0315789473684212 1.1789473684210525 1.7263157894736842 1.768421052631579 1.7263157894736842 1.4736842105263157 0.8421052631578947 1.9578947368421054 1.831578947368421 1.1578947368421053 1.894736842105263 1.7473684210526317 1.4105263157894736 1.9789473684210526 1.894736842105263 1.8736842105263158 2.0 1.8526315789473684 1.1789473684210525 1.5157894736842106 1.6421052631578947 0.8421052631578947 0.8421052631578947 1.263157894736842 1.8105263157894738 1.7052631578947368 1.7052631578947368 1.368421052631579 1.768421052631579 1.1789473684210525 1.1578947368421053 1.0736842105263158 1.7263157894736842  
48 4.821564236337631 1.1578947368421053 1.4105263157894736 1.768421052631579 1.8105263157894738 1.3473684210526315 1.7052631578947368 1.7894736842105263 1.0315789473684212 1.1789473684210525 1.7263157894736842 1.768421052631579 1.7263157894736842 1.4736842105263157 0.8421052631578947 1.9578947368421054 1.831578947368421 1.1578947368421053 1.894736842105263 1.7473684210526317 1.4105263157894736 1.9789473684210526 1.894736842105263 1.8736842105263158 2.0 1.8526315789473684 1.1789473684210525 1.5157894736842106 1.6421052631578947 0.8421052631578947 0.8421052631578947 1.263157894736842 1.8105263157894738 1.7052631578947368 1.7052631578947368 1.368421052631579 1.768421052631579 1.1789473684210525 1.1578947368421053 1.0736842105263158 1.7263157894736842  
8 6.669625452403999 1.1578947368421053 1.4105263157894736 1.768421052631579 1.8105263157894738 1.3473684210526315 1.7052631578947368 1.7894736842105263 1.0315789473684212 1.1789473684210525 1.7263157894736842 1.768421052631579 1.7263157894736842 1.4736842105263157 0.8421052631578947 1.9578947368421054 1.831578947368421 1.1578947368421053 1.894736842105263 1.7473684210526317 1.4105263157894736 1.9789473684210526 1.894736842105263 1.8736842105263158 2.0 1.8526315789473684 1.1789473684210525 1.5157894736842106 1.6421052631578947 0.8421052631578947 0.8421052631578947 1.263157894736842 1.8105263157894738 1.7052631578947368 1.7052631578947368 1.368421052631579 1.768421052631579 1.1789473684210525 1.1578947368421053 1.0736842105263158 1.7263157894736842  
37 280.14360357868804 1.1578947368421053 1.4105263157894736 1.768421052631579 1.8105263157894738 1.3473684210526315 1.7052631578947368 1.7894736842105263 1.0315789473684212 1.1789473684210525 1.7263157894736842 1.768421052631579 1.7263157894736842 1.4736842105263157 0.8421052631578947 1.9578947368421054 1.831578947368421 1.1578947368421053 1.894736842105263 1.7473684210526317 1.4105263157894736 1.9789473684210526 1.894736842105263 1.8736842105263158 2.0 1.8526315789473684 1.1789473684210525 1.5157894736842106 1.6421052631578947 0.8421052631578947 0.8421052631578947 1.263157894736842 1.8105263157894738 1.7052631578947368 1.7052631578947368 1.368421052631579 1.768421052631579 1.1789473684210525 1.1578947368421053 1.0736842105263158 1.7263157894736842  
28 91.63444227717676 1.736842105263158 2.1157894736842104 2.6526315789473682 2.7157894736842105 2.0210526315789474 2.557894736842105 2.6842105263157894 1.5473684210526315 1.768421052631579 2.5894736842105264 2.6526315789473682 2.5894736842105264 2.210526315789474 1.263157894736842 2.9368421052631577 2.7473684210526317 1.736842105263158 2.8421052631578947 2.6210526315789475 2.1157894736842104 2.968421052631579 2.8421052631578947 2.8105263157894735 3.0 2.778947368421053 1.768421052631579 2.2736842105263158 2.463157894736842 1.263157894736842 1.263157894736842 1.894736842105263 2.7157894736842105 2.557894736842105 2.557894736842105 2.0526315789473686 2.6526315789473682 1.768421052631579 1.736842105263158 1.6105263157894736 2.5894736842105264  
27 208.76866070645167 1.1578947368421053 1.4105263157894736 1.768421052631579 1.8105263157894738 1.3473684210526315 1.7052631578947368 1.7894736842105263 1.0315789473684212 1.1789473684210525 1.7263157894736842 1.768421052631579 1.7263157894736842 1.4736842105263157 0.8421052631578947 1.9578947368421054 1.831578947368421 1.1578947368421053 1.894736842105263 1.7473684210526317 1.4105263157894736 1.9789473684210526 1.894736842105263 1.8736842105263158 2.0 1.8526315789473684 1.1789473684210525 1.5157894736842106 1.6421052631578947 0.8421052631578947 0.8421052631578947 1.263157894736842 1.8105263157894738 1.7052631578947368 1.7052631578947368 1.368421052631579 1.768421052631579 1.1789473684210525 1.1578947368421053 1.0736842105263158 1.7263157894736842  
34 135.71257406955652 1.1578947368421053 1.4105263157894736 1.768421052631579 1.8105263157894738 1.3473684210526315 1.7052631578947368 1.7894736842105263 1.0315789473684212 1.1789473684210525 1.7263157894736842 1.768421052631579 1.7263157894736842 1.4736842105263157 0.8421052631578947 1.9578947368421054 1.831578947368421 1.1578947368421053 1.894736842105263 1.7473684210526317 1.4105263157894736 1.9789473684210526 1.894736842105263 1.8736842105263158 2.0 1.8526315789473684 1.1789473684210525 1.5157894736842106 1.6421052631578947 0.8421052631578947 0.8421052631578947 1.263157894736842 1.8105263157894738 1.7052631578947368 1.7052631578947368 1.368421052631579 1.768421052631579 1.1789473684210525 1.1578947368421053 1.0736842105263158 1.7263157894736842  
26 259.5451610387045 1.736842105263158 2.1157894736842104 2.6526315789473682 2.7157894736842105 2.0210526315789474 2.557894736842105 2.6842105263157894 1.5473684210526315 1.768421052631579 2.5894736842105264 2.6526315789473682 2.5894736842105264 2.210526315789474 1.263157894736842 2.9368421052631577 2.7473684210526317 1.736842105263158 2.8421052631578947 2.6210526315789475 2.1157894736842104 2.968421052631579 2.8421052631578947 2.8105263157894735 3.0 2.778947368421053 1.768421052631579 2.2736842105263158 2.463157894736842 1.263157894736842 1.263157894736842 1.894736842105263 2.7157894736842105 2.557894736842105 2.557894736842105 2.0526315789473686 2.6526315789473682 1.768421052631579 1.736842105263158 1.6105263157894736 2.5894736842105264  
11 149.97738419523017 1.736842105263158 2.1157894736842104 2.6526315789473682 2.7157894736842105 2.0210526315789474 2.557894736842105 2.6842105263157894 1.5473684210526315 1.768421052631579 2.5894736842105264 2.6526315789473682 2.5894736842105264 2.210526315789474 1.263157894736842 2.9368421052631577 2.7473684210526317 1.736842105263158 2.8421052631578947 2.6210526315789475 2.1157894736842104 2.968421052631579 2.8421052631578947 2.8105263157894735 3.0 2.778947368421053 1.768421052631579 2.2736842105263158 2.463157894736842 1.263157894736842 1.263157894736842 1.894736842105263 2.7157894736842105 2.557894736842105 2.557894736842105 2.0526315789473686 2.6526315789473682 1.768421052631579 1.736842105263158 1.6105263157894736 2.5894736842105264  
12 156.10080049795945 1.736842105263158 2.1157894736842104 2.6526315789473682 2.7157894736842105 2.0210526315789474 2.557894736842105 2.6842105263157894 1.5473684210526315 1.768421052631579 2.5894736842105264 2.6526315789473682 2.5894736842105264 2.210526315789474 1.263157894736842 2.9368421052631577 2.7473684210526317 1.736842105263158 2.8421052631578947 2.6210526315789475 2.1157894736842104 2.968421052631579 2.8421052631578947 2.8105263157894735 3.0 2.778947368421053 1.768421052631579 2.2736842105263158 2.463157894736842 1.263157894736842 1.263157894736842 1.894736842105263 2.7157894736842105 2.557894736842105 2.557894736842105 2.0526315789473686 2.6526315789473682 1.768421052631579 1.736842105263158 1.6105263157894736 2.5894736842105264  
25 242.3182879470274 1.1578947368421053 1.4105263157894736 1.768421052631579 1.8105263157894738 1.3473684210526315 1.7052631578947368 1.7894736842105263 1.0315789473684212 1.1789473684210525 1.7263157894736842 1.768421052631579 1.7263157894736842 1.4736842105263157 0.8421052631578947 1.9578947368421054 1.831578947368421 1.1578947368421053 1.894736842105263 1.7473684210526317 1.4105263157894736 1.9789473684210526 1.894736842105263 1.8736842105263158 2.0 1.8526315789473684 1.1789473684210525 1.5157894736842106 1.6421052631578947 0.8421052631578947 0.8421052631578947 1.263157894736842 1.8105263157894738 1.7052631578947368 1.7052631578947368 1.368421052631579 1.768421052631579 1.1789473684210525 1.1578947368421053 1.0736842105263158 1.7263157894736842  
31 289.0390754621099 1.736842105263158 2.1157894736842104 2.6526315789473682 2.7157894736842105 2.0210526315789474 2.557894736842105 2.6842105263157894 1.5473684210526315 1.768421052631579 2.5894736842105264 2.6526315789473682 2.5894736842105264 2.210526315789474 1.263157894736842 2.9368421052631577 2.7473684210526317 1.736842105263158 2.8421052631578947 2.6210526315789475 2.1157894736842104 2.968421052631579 2.8421052631578947 2.8105263157894735 3.0 2.778947368421053 1.768421052631579 2.2736842105263158 2.463157894736842 1.263157894736842 1.263157894736842 1.894736842105263 2.7157894736842105 2.557894736842105 2.557894736842105 2.0526315789473686 2.6526315789473682 1.768421052631579 1.736842105263158 1.6105263157894736 2.5894736842105264  
3 323.3132883926427 1.1578947368421053 1.4105263157894736 1.768421052631579 1.8105263157894738 1.3473684210526315 1.7052631578947368 1.7894736842105263 1.0315789473684212 1.1789473684210525 1.7263157894736842 1.768421052631579 1.7263157894736842 1.4736842105263157 0.8421052631578947 1.9578947368421054 1.831578947368421 1.1578947368421053 1.894736842105263 1.7473684210526317 1.4105263157894736 1.9789473684210526 1.894736842105263 1.8736842105263158 2.0 1.8526315789473684 1.1789473684210525 1.5157894736842106 1.6421052631578947 0.8421052631578947 0.8421052631578947 1.263157894736842 1.8105263157894738 1.7052631578947368 1.7052631578947368 1.368421052631579 1.768421052631579 1.1789473684210525 1.1578947368421053 1.0736842105263158 1.7263157894736842  
2 63.818052559050926 1.736842105263158 2.1157894736842104 2.6526315789473682 2.7157894736842105 2.0210526315789474 2.557894736842105 2.6842105263157894 1.5473684210526315 1.768421052631579 2.5894736842105264 2.6526315789473682 2.5894736842105264 2.210526315789474 1.263157894736842 2.9368421052631577 2.7473684210526317 1.736842105263158 2.8421052631578947 2.6210526315789475 2.1157894736842104 2.968421052631579 2.8421052631578947 2.8105263157894735 3.0 2.778947368421053 1.768421052631579 2.2736842105263158 2.463157894736842 1.263157894736842 1.263157894736842 1.894736842105263 2.7157894736842105 2.557894736842105 2.557894736842105 2.0526315789473686 2.6526315789473682 1.768421052631579 1.736842105263158 1.6105263157894736 2.5894736842105264  
36 44.60388764919052 1.736842105263158 2.1157894736842104 2.6526315789473682 2.7157894736842105 2.0210526315789474 2.557894736842105 2.6842105263157894 1.5473684210526315 1.768421052631579 2.5894736842105264 2.6526315789473682 2.5894736842105264 2.210526315789474 1.263157894736842 2.9368421052631577 2.7473684210526317 1.736842105263158 2.8421052631578947 2.6210526315789475 2.1157894736842104 2.968421052631579 2.8421052631578947 2.8105263157894735 3.0 2.778947368421053 1.768421052631579 2.2736842105263158 2.463157894736842 1.263157894736842 1.263157894736842 1.894736842105263 2.7157894736842105 2.557894736842105 2.557894736842105 2.0526315789473686 2.6526315789473682 1.768421052631579 1.736842105263158 1.6105263157894736 2.5894736842105264  
40 9.339861688465946 1.736842105263158 2.1157894736842104 2.6526315789473682 2.7157894736842105 2.0210526315789474 2.557894736842105 2.6842105263157894 1.5473684210526315 1.768421052631579 2.5894736842105264 2.6526315789473682 2.5894736842105264 2.210526315789474 1.263157894736842 2.9368421052631577 2.7473684210526317 1.736842105263158 2.8421052631578947 2.6210526315789475 2.1157894736842104 2.968421052631579 2.8421052631578947 2.8105263157894735 3.0 2.778947368421053 1.768421052631579 2.2736842105263158 2.463157894736842 1.263157894736842 1.263157894736842 1.894736842105263 2.7157894736842105 2.557894736842105 2.557894736842105 2.0526315789473686 2.6526315789473682 1.768421052631579 1.736842105263158 1.6105263157894736 2.5894736842105264  
22 257.03152705005357 1.736842105263158 2.1157894736842104 2.6526315789473682 2.7157894736842105 2.0210526315789474 2.557894736842105 2.6842105263157894 1.5473684210526315 1.768421052631579 2.5894736842105264 2.6526315789473682 2.5894736842105264 2.210526315789474 1.263157894736842 2.9368421052631577 2.7473684210526317 1.736842105263158 2.8421052631578947 2.6210526315789475 2.1157894736842104 2.968421052631579 2.8421052631578947 2.8105263157894735 3.0 2.778947368421053 1.768421052631579 2.2736842105263158 2.463157894736842 1.263157894736842 1.263157894736842 1.894736842105263 2.7157894736842105 2.557894736842105 2.557894736842105 2.0526315789473686 2.6526315789473682 1.768421052631579 1.736842105263158 1.6105263157894736 2.5894736842105264  
45 196.2374809023063 1.736842105263158 2.1157894736842104 2.6526315789473682 2.7157894736842105 2.0210526315789474 2.557894736842105 2.6842105263157894 1.5473684210526315 1.768421052631579 2.5894736842105264 2.6526315789473682 2.5894736842105264 2.210526315789474 1.263157894736842 2.9368421052631577 2.7473684210526317 1.736842105263158 2.8421052631578947 2.6210526315789475 2.1157894736842104 2.968421052631579 2.8421052631578947 2.8105263157894735 3.0 2.778947368421053 1.768421052631579 2.2736842105263158 2.463157894736842 1.263157894736842 1.263157894736842 1.894736842105263 2.7157894736842105 2.557894736842105 2.557894736842105 2.0526315789473686 2.6526315789473682 1.768421052631579 1.736842105263158 1.6105263157894736 2.5894736842105264  
10 42.289934657864436 1.1578947368421053 1.4105263157894736 1.768421052631579 1.8105263157894738 1.3473684210526315 1.7052631578947368 1.7894736842105263 1.0315789473684212 1.1789473684210525 1.7263157894736842 1.768421052631579 1.7263157894736842 1.4736842105263157 0.8421052631578947 1.9578947368421054 1.831578947368421 1.1578947368421053 1.894736842105263 1.7473684210526317 1.4105263157894736 1.9789473684210526 1.894736842105263 1.8736842105263158 2.0 1.8526315789473684 1.1789473684210525 1.5157894736842106 1.6421052631578947 0.8421052631578947 0.8421052631578947 1.263157894736842 1.8105263157894738 1.7052631578947368 1.7052631578947368 1.368421052631579 1.768421052631579 1.1789473684210525 1.1578947368421053 1.0736842105263158 1.7263157894736842  
43 92.96385102550111 1.1578947368421053 1.4105263157894736 1.768421052631579 1.8105263157894738 1.3473684210526315 1.7052631578947368 1.7894736842105263 1.0315789473684212 1.1789473684210525 1.7263157894736842 1.768421052631579 1.7263157894736842 1.4736842105263157 0.8421052631578947 1.9578947368421054 1.831578947368421 1.1578947368421053 1.894736842105263 1.7473684210526317 1.4105263157894736 1.9789473684210526 1.894736842105263 1.8736842105263158 2.0 1.8526315789473684 1.1789473684210525 1.5157894736842106 1.6421052631578947 0.8421052631578947 0.8421052631578947 1.263157894736842 1.8105263157894738 1.7052631578947368 1.7052631578947368 1.368421052631579 1.768421052631579 1.1789473684210525 1.1578947368421053 1.0736842105263158 1.7263157894736842  
30 261.59490448556375 1.1578947368421053 1.4105263157894736 1.768421052631579 1.8105263157894738 1.3473684210526315 1.7052631578947368 1.7894736842105263 1.0315789473684212 1.1789473684210525 1.7263157894736842 1.768421052631579 1.7263157894736842 1.4736842105263157 0.8421052631578947 1.9578947368421054 1.831578947368421 1.1578947368421053 1.894736842105263 1.7473684210526317 1.4105263157894736 1.9789473684210526 1.894736842105263 1.8736842105263158 2.0 1.8526315789473684 1.1789473684210525 1.5157894736842106 1.6421052631578947 0.8421052631578947 0.8421052631578947 1.263157894736842 1.8105263157894738 1.7052631578947368 1.7052631578947368 1.368421052631579 1.768421052631579 1.1789473684210525 1.1578947368421053 1.0736842105263158 1.7263157894736842  
46 246.72878031966002 1.736842105263158 2.1157894736842104 2.6526315789473682 2.7157894736842105 2.0210526315789474 2.557894736842105 2.6842105263157894 1.5473684210526315 1.768421052631579 2.5894736842105264 2.6526315789473682 2.5894736842105264 2.210526315789474 1.263157894736842 2.9368421052631577 2.7473684210526317 1.736842105263158 2.8421052631578947 2.6210526315789475 2.1157894736842104 2.968421052631579 2.8421052631578947 2.8105263157894735 3.0 2.778947368421053 1.768421052631579 2.2736842105263158 2.463157894736842 1.263157894736842 1.263157894736842 1.894736842105263 2.7157894736842105 2.557894736842105 2.557894736842105 2.0526315789473686 2.6526315789473682 1.768421052631579 1.736842105263158 1.6105263157894736 2.5894736842105264  
15 212.7668554022291 1.1578947368421053 1.4105263157894736 1.768421052631579 1.8105263157894738 1.3473684210526315 1.7052631578947368 1.7894736842105263 1.0315789473684212 1.1789473684210525 1.7263157894736842 1.768421052631579 1.7263157894736842 1.4736842105263157 0.8421052631578947 1.9578947368421054 1.831578947368421 1.1578947368421053 1.894736842105263 1.7473684210526317 1.4105263157894736 1.9789473684210526 1.894736842105263 1.8736842105263158 2.0 1.8526315789473684 1.1789473684210525 1.5157894736842106 1.6421052631578947 0.8421052631578947 0.8421052631578947 1.263157894736842 1.8105263157894738 1.7052631578947368 1.7052631578947368 1.368421052631579 1.768421052631579 1.1789473684210525 1.1578947368421053 1.0736842105263158 1.7263157894736842  
13 263.34602394087705 1.736842105263158 2.1157894736842104 2.6526315789473682 2.7157894736842105 2.0210526315789474 2.557894736842105 2.6842105263157894 1.5473684210526315 1.768421052631579 2.5894736842105264 2.6526315789473682 2.5894736842105264 2.210526315789474 1.263157894736842 2.9368421052631577 2.7473684210526317 1.736842105263158 2.8421052631578947 2.6210526315789475 2.1157894736842104 2.968421052631579 2.8421052631578947 2.8105263157894735 3.0 2.778947368421053 1.768421052631579 2.2736842105263158 2.463157894736842 1.263157894736842 1.263157894736842 1.894736842105263 2.7157894736842105 2.557894736842105 2.557894736842105 2.0526315789473686 2.6526315789473682 1.768421052631579 1.736842105263158 1.6105263157894736 2.5894736842105264  
9 252.2626482193575 1.736842105263158 2.1157894736842104 2.6526315789473682 2.7157894736842105 2.0210526315789474 2.557894736842105 2.6842105263157894 1.5473684210526315 1.768421052631579 2.5894736842105264 2.6526315789473682 2.5894736842105264 2.210526315789474 1.263157894736842 2.9368421052631577 2.7473684210526317 1.736842105263158 2.8421052631578947 2.6210526315789475 2.1157894736842104 2.968421052631579 2.8421052631578947 2.8105263157894735 3.0 2.778947368421053 1.768421052631579 2.2736842105263158 2.463157894736842 1.263157894736842 1.263157894736842 1.894736842105263 2.7157894736842105 2.557894736842105 2.557894736842105 2.0526315789473686 2.6526315789473682 1.768421052631579 1.736842105263158 1.6105263157894736 2.5894736842105264  
1 61.78836735020569 1.736842105263158 2.1157894736842104 2.6526315789473682 2.7157894736842105 2.0210526315789474 2.557894736842105 2.6842105263157894 1.5473684210526315 1.768421052631579 2.5894736842105264 2.6526315789473682 2.5894736842105264 2.210526315789474 1.263157894736842 2.9368421052631577 2.7473684210526317 1.736842105263158 2.8421052631578947 2.6210526315789475 2.1157894736842104 2.968421052631579 2.8421052631578947 2.8105263157894735 3.0 2.778947368421053 1.768421052631579 2.2736842105263158 2.463157894736842 1.263157894736842 1.263157894736842 1.894736842105263 2.7157894736842105 2.557894736842105 2.557894736842105 2.0526315789473686 2.6526315789473682 1.768421052631579 1.736842105263158 1.6105263157894736 2.5894736842105264  
18 277.4463457090181 1.736842105263158 2.1157894736842104 2.6526315789473682 2.7157894736842105 2.0210526315789474 2.557894736842105 2.6842105263157894 1.5473684210526315 1.768421052631579 2.5894736842105264 2.6526315789473682 2.5894736842105264 2.210526315789474 1.263157894736842 2.9368421052631577 2.7473684210526317 1.736842105263158 2.8421052631578947 2.6210526315789475 2.1157894736842104 2.968421052631579 2.8421052631578947 2.8105263157894735 3.0 2.778947368421053 1.768421052631579 2.2736842105263158 2.463157894736842 1.263157894736842 1.263157894736842 1.894736842105263 2.7157894736842105 2.557894736842105 2.557894736842105 2.0526315789473686 2.6526315789473682 1.768421052631579 1.736842105263158 1.6105263157894736 2.5894736842105264  
44 34.038445859231885 1.736842105263158 2.1157894736842104 2.6526315789473682 2.7157894736842105 2.0210526315789474 2.557894736842105 2.6842105263157894 1.5473684210526315 1.768421052631579 2.5894736842105264 2.6526315789473682 2.5894736842105264 2.210526315789474 1.263157894736842 2.9368421052631577 2.7473684210526317 1.736842105263158 2.8421052631578947 2.6210526315789475 2.1157894736842104 2.968421052631579 2.8421052631578947 2.8105263157894735 3.0 2.778947368421053 1.768421052631579 2.2736842105263158 2.463157894736842 1.263157894736842 1.263157894736842 1.894736842105263 2.7157894736842105 2.557894736842105 2.557894736842105 2.0526315789473686 2.6526315789473682 1.768421052631579 1.736842105263158 1.6105263157894736 2.5894736842105264  
17 209.1271236546388 1.736842105263158 2.1157894736842104 2.6526315789473682 2.7157894736842105 2.0210526315789474 2.557894736842105 2.6842105263157894 1.5473684210526315 1.768421052631579 2.5894736842105264 2.6526315789473682 2.5894736842105264 2.210526315789474 1.263157894736842 2.9368421052631577 2.7473684210526317 1.736842105263158 2.8421052631578947 2.6210526315789475 2.1157894736842104 2.968421052631579 2.8421052631578947 2.8105263157894735 3.0 2.778947368421053 1.768421052631579 2.2736842105263158 2.463157894736842 1.263157894736842 1.263157894736842 1.894736842105263 2.7157894736842105 2.557894736842105 2.557894736842105 2.0526315789473686 2.6526315789473682 1.768421052631579 1.736842105263158 1.6105263157894736 2.5894736842105264  
21 352.9262315626531 1.1578947368421053 1.4105263157894736 1.768421052631579 1.8105263157894738 1.3473684210526315 1.7052631578947368 1.7894736842105263 1.0315789473684212 1.1789473684210525 1.7263157894736842 1.768421052631579 1.7263157894736842 1.4736842105263157 0.8421052631578947 1.9578947368421054 1.831578947368421 1.1578947368421053 1.894736842105263 1.7473684210526317 1.4105263157894736 1.9789473684210526 1.894736842105263 1.8736842105263158 2.0 1.8526315789473684 1.1789473684210525 1.5157894736842106 1.6421052631578947 0.8421052631578947 0.8421052631578947 1.263157894736842 1.8105263157894738 1.7052631578947368 1.7052631578947368 1.368421052631579 1.768421052631579 1.1789473684210525 1.1578947368421053 1.0736842105263158 1.7263157894736842  
19 105.529574454294 1.736842105263158 2.1157894736842104 2.6526315789473682 2.7157894736842105 2.0210526315789474 2.557894736842105 2.6842105263157894 1.5473684210526315 1.768421052631579 2.5894736842105264 2.6526315789473682 2.5894736842105264 2.210526315789474 1.263157894736842 2.9368421052631577 2.7473684210526317 1.736842105263158 2.8421052631578947 2.6210526315789475 2.1157894736842104 2.968421052631579 2.8421052631578947 2.8105263157894735 3.0 2.778947368421053 1.768421052631579 2.2736842105263158 2.463157894736842 1.263157894736842 1.263157894736842 1.894736842105263 2.7157894736842105 2.557894736842105 2.557894736842105 2.0526315789473686 2.6526315789473682 1.768421052631579 1.736842105263158 1.6105263157894736 2.5894736842105264  
16 56.83317141498266 1.736842105263158 2.1157894736842104 2.6526315789473682 2.7157894736842105 2.0210526315789474 2.557894736842105 2.6842105263157894 1.5473684210526315 1.768421052631579 2.5894736842105264 2.6526315789473682 2.5894736842105264 2.210526315789474 1.263157894736842 2.9368421052631577 2.7473684210526317 1.736842105263158 2.8421052631578947 2.6210526315789475 2.1157894736842104 2.968421052631579 2.8421052631578947 2.8105263157894735 3.0 2.778947368421053 1.768421052631579 2.2736842105263158 2.463157894736842 1.263157894736842 1.263157894736842 1.894736842105263 2.7157894736842105 2.557894736842105 2.557894736842105 2.0526315789473686 2.6526315789473682 1.768421052631579 1.736842105263158 1.6105263157894736 2.5894736842105264  
39 14.271077172842293 1.1578947368421053 1.4105263157894736 1.768421052631579 1.8105263157894738 1.3473684210526315 1.7052631578947368 1.7894736842105263 1.0315789473684212 1.1789473684210525 1.7263157894736842 1.768421052631579 1.7263157894736842 1.4736842105263157 0.8421052631578947 1.9578947368421054 1.831578947368421 1.1578947368421053 1.894736842105263 1.7473684210526317 1.4105263157894736 1.9789473684210526 1.894736842105263 1.8736842105263158 2.0 1.8526315789473684 1.1789473684210525 1.5157894736842106 1.6421052631578947 0.8421052631578947 0.8421052631578947 1.263157894736842 1.8105263157894738 1.7052631578947368 1.7052631578947368 1.368421052631579 1.768421052631579 1.1789473684210525 1.1578947368421053 1.0736842105263158 1.7263157894736842  
38 312.6847414959007 1.736842105263158 2.1157894736842104 2.6526315789473682 2.7157894736842105 2.0210526315789474 2.557894736842105 2.6842105263157894 1.5473684210526315 1.768421052631579 2.5894736842105264 2.6526315789473682 2.5894736842105264 2.210526315789474 1.263157894736842 2.9368421052631577 2.7473684210526317 1.736842105263158 2.8421052631578947 2.6210526315789475 2.1157894736842104 2.968421052631579 2.8421052631578947 2.8105263157894735 3.0 2.778947368421053 1.768421052631579 2.2736842105263158 2.463157894736842 1.263157894736842 1.263157894736842 1.894736842105263 2.7157894736842105 2.557894736842105 2.557894736842105 2.0526315789473686 2.6526315789473682 1.768421052631579 1.736842105263158 1.6105263157894736 2.5894736842105264  
14 161.20524925627333 1.1578947368421053 1.4105263157894736 1.768421052631579 1.8105263157894738 1.3473684210526315 1.7052631578947368 1.7894736842105263 1.0315789473684212 1.1789473684210525 1.7263157894736842 1.768421052631579 1.7263157894736842 1.4736842105263157 0.8421052631578947 1.9578947368421054 1.831578947368421 1.1578947368421053 1.894736842105263 1.7473684210526317 1.4105263157894736 1.9789473684210526 1.894736842105263 1.8736842105263158 2.0 1.8526315789473684 1.1789473684210525 1.5157894736842106 1.6421052631578947 0.8421052631578947 0.8421052631578947 1.263157894736842 1.8105263157894738 1.7052631578947368 1.7052631578947368 1.368421052631579 1.768421052631579 1.1789473684210525 1.1578947368421053 1.0736842105263158 1.7263157894736842  
5 307.4508155351413 1.1578947368421053 1.4105263157894736 1.768421052631579 1.8105263157894738 1.3473684210526315 1.7052631578947368 1.7894736842105263 1.0315789473684212 1.1789473684210525 1.7263157894736842 1.768421052631579 1.7263157894736842 1.4736842105263157 0.8421052631578947 1.9578947368421054 1.831578947368421 1.1578947368421053 1.894736842105263 1.7473684210526317 1.4105263157894736 1.9789473684210526 1.894736842105263 1.8736842105263158 2.0 1.8526315789473684 1.1789473684210525 1.5157894736842106 1.6421052631578947 0.8421052631578947 0.8421052631578947 1.263157894736842 1.8105263157894738 1.7052631578947368 1.7052631578947368 1.368421052631579 1.768421052631579 1.1789473684210525 1.1578947368421053 1.0736842105263158 1.7263157894736842  
4 323.55245747773216 1.1578947368421053 1.4105263157894736 1.768421052631579 1.8105263157894738 1.3473684210526315 1.7052631578947368 1.7894736842105263 1.0315789473684212 1.1789473684210525 1.7263157894736842 1.768421052631579 1.7263157894736842 1.4736842105263157 0.8421052631578947 1.9578947368421054 1.831578947368421 1.1578947368421053 1.894736842105263 1.7473684210526317 1.4105263157894736 1.9789473684210526 1.894736842105263 1.8736842105263158 2.0 1.8526315789473684 1.1789473684210525 1.5157894736842106 1.6421052631578947 0.8421052631578947 0.8421052631578947 1.263157894736842 1.8105263157894738 1.7052631578947368 1.7052631578947368 1.368421052631579 1.768421052631579 1.1789473684210525 1.1578947368421053 1.0736842105263158 1.7263157894736842  
47 204.10545219365545 1.1578947368421053 1.4105263157894736 1.768421052631579 1.8105263157894738 1.3473684210526315 1.7052631578947368 1.7894736842105263 1.0315789473684212 1.1789473684210525 1.7263157894736842 1.768421052631579 1.7263157894736842 1.4736842105263157 0.8421052631578947 1.9578947368421054 1.831578947368421 1.1578947368421053 1.894736842105263 1.7473684210526317 1.4105263157894736 1.9789473684210526 1.894736842105263 1.8736842105263158 2.0 1.8526315789473684 1.1789473684210525 1.5157894736842106 1.6421052631578947 0.8421052631578947 0.8421052631578947 1.263157894736842 1.8105263157894738 1.7052631578947368 1.7052631578947368 1.368421052631579 1.768421052631579 1.1789473684210525 1.1578947368421053 1.0736842105263158 1.7263157894736842  
