130 20
TREE NETWORK (nID nID Weight):
1 0 37.0 
2 1 38.0 
13 0 46.0 
43 0 50.0 
44 43 50.0 
91 0 41.0 
54 43 30.0 
114 0 59.0 
14 13 33.0 
115 114 30.0 
116 115 38.0 
16 13 32.0 
120 114 56.0 
55 54 50.0 
67 43 42.0 
92 91 47.0 
68 67 45.0 
81 43 32.0 
100 91 50.0 
76 67 53.0 
106 91 40.0 
17 16 52.0 
82 81 46.0 
23 13 46.0 
107 106 58.0 
101 100 32.0 
89 43 44.0 
93 92 43.0 
56 54 58.0 
125 114 52.0 
18 17 34.0 
69 68 41.0 
45 44 32.0 
94 93 54.0 
50 44 50.0 
62 54 44.0 
3 2 53.0 
7 2 47.0 
63 62 39.0 
24 23 31.0 
121 120 53.0 
83 82 57.0 
98 92 46.0 
108 91 33.0 
4 3 53.0 
65 54 45.0 
31 23 36.0 
109 108 37.0 
25 24 57.0 
77 76 54.0 
96 93 47.0 
78 77 41.0 
46 45 35.0 
51 50 32.0 
122 121 34.0 
70 69 31.0 
48 45 49.0 
117 115 51.0 
32 31 35.0 
84 81 59.0 
8 7 43.0 
90 43 37.0 
26 24 39.0 
57 56 52.0 
53 44 42.0 
128 114 57.0 
71 68 31.0 
41 13 53.0 
9 7 49.0 
27 26 37.0 
129 0 55.0 
118 115 56.0 
42 13 33.0 
10 9 44.0 
34 31 56.0 
19 18 38.0 
104 100 38.0 
105 104 59.0 
35 31 35.0 
123 120 41.0 
110 108 44.0 
49 48 58.0 
95 94 45.0 
102 101 59.0 
87 81 55.0 
5 3 36.0 
111 91 54.0 
119 115 37.0 
99 98 44.0 
60 56 51.0 
47 46 35.0 
36 23 31.0 
15 14 58.0 
28 27 52.0 
61 60 47.0 
112 111 32.0 
22 18 43.0 
80 76 56.0 
72 71 56.0 
73 68 36.0 
97 93 53.0 
79 78 42.0 
85 84 50.0 
66 54 52.0 
20 19 57.0 
126 125 58.0 
37 36 35.0 
64 62 38.0 
58 57 49.0 
38 37 43.0 
40 36 57.0 
74 73 52.0 
29 28 38.0 
75 73 35.0 
113 111 41.0 
39 38 48.0 
12 2 37.0 
127 125 50.0 
52 50 37.0 
30 28 54.0 
21 19 35.0 
124 123 52.0 
6 5 53.0 
86 84 53.0 
33 32 49.0 
11 7 39.0 
88 87 31.0 
103 102 36.0 
59 57 40.0 
PROGRAMS ASSIGNED TO NODES (nID pID1 pID2 ...):
0 1 2 3 4 5 6 7 8 9 10 11 12 13 14 15 16 17 18 19 20  
19 1 2 3 4 5 6 7 9 10 11 12 13 15 16 17 18 19 20  
105 4 5 7 10 13 14 16 17 18  
29 12  
63 3 9  
72 2 5 7 8 10 11 15  
95 1 2 3 4 6 10 12 15 20  
103  
6 1 2 3 4 5 6 9 10 11 13 14 15 16 17 18 19 20  
44 1 2 3 4 5 6 7 8 9 10 11 12 15 16 17 19 20  
55 2 3 6 7 9 10 12 13 14 15 16 17 18 19 20  
67 1 3 8 11 15 16 18  
68 1 2 3 5 6 9 10 11 13 14 15 20  
69 1 2 3 4 5 6 7 8 9 10 11 14 15 16 17 19 20  
109 13 19  
3 1 2 5 10 12 14 15 18  
32 2 3 5 6 7 8 10 11 12 13 14 17 18 19  
2 1 2 3 4 5 6 7 8 10 12 15 18 19 20  
90 1 2 3 5 6 7 8 9 10 11 12 13 14 16 17 18 19 20  
10 1 2 3 4 5 6 9 10 11 13 15 16 17 18 19 20  
75  
16 1 2 3 5 7 9 13  
118 7 14  
21 2 3 4 5 7 8 9 10 13 14 15 16 17 18 20  
88 4 11 13 16 19  
70 8 16  
11 2 5 11 16 17  
58 10 18 20  
34 1 2 4 6 7 8 11 13 14 15 17 19 20  
76 5 11 13 14 15 17  
54 1 2 3 6 8 9 10 13 14 15 16 17 18 19 20  
84 1 4 5 6 9 10 12 13 14 15 16 20  
18 2 3 4 7 9 13 15 16 19 20  
99 3  
5 2 3 5 6 12 18 19 20  
104 1 2 3 6 7 8 9 10 11 12 13 14 15 16 17 18 19 20  
56 15  
25 1 2 3 4 5 6 7 8 9 11 12 13 15 16 18 20  
60 2 5 9  
7 4 5 9 13  
110 6 11 14 19  
23 3 4 7 10 11 13 14 15 16 18 19 20  
121 4 10 11 14 16 17  
57 5 14 15 19  
102 1 3 4 6 7 8 10 11 12 14 15 16 17 19 20  
14 2 3 4 5 6 7 8 9 10 11 12 13 14 15 16 17 18 19 20  
85 1 2 4 6 10 11 17  
49 2 4 5 6 7 10 11 12 19  
86 2 3 4 5 6 8 10 13 15 20  
93 1 3 4 5 6 7 8 9 10 11 12 13 14 16 17 18 19 20  
35 1 3 5 9 10 11 12 18 20  
13 2 12  
36 1 3 5 6 7 8 9 11 12 15 16 17 19 20  
100 1 2 3 4 5 6 7 8 9 10 11 13 14 15 16 17 18 19 20  
33 4 6 7 8 20  
97 1 4 6 9 12 13 17 19 20  
115 1 3 5 6 7 12 13 14 15 16 17 18 19 20  
114 5 12  
22 1 2 3 4 5 6 7 8 9 10 11 12 13 14 15 16 17 19  
9 1 2 3 4 6 7 8 11 12 13 14 15 16 17 19 20  
52 2 3 4 6 7 8 9 10 11 12 14 16 17 18 19 20  
92  
8 1 2 3 4 6 8 9 10 11 12 14 15 17 18 19 20  
50 1 2 3 5 10 11 12 14 15 17 18 20  
83 1 3 4 5 7 8 9 11 12 13 14 15 16 17 19 20  
128 1 2 3 4 7 8 11 12 13 14 15 18 19 20  
116 3 5 9 10 11 13 14 15 16 19 20  
106 4 12 15 18 19  
39 1 2 4 5 6 7 8 9 10 11 12 13 14 15 16 17 18 19 20  
30 1 4 5 6 7 8 9 10 11 12 14 18 19  
53 1 2 3 5 6 7 8 9 10 12 15 17 19  
81 1 4 10 13 15 17 19  
4 4 5 6 7 8 9 10 11 12 13 14 16 17 18 19 20  
62 3 5 12 18  
111 9 13  
117 3 9 10 12 14 20  
94 2 3 5 6 7 8 9 10 15 16 18  
47 2 4 5 15 19  
119 1 2 3 4 5 6 7 8 11 12 13 14 15 16 17 18 19  
20  
43 1 2 3 4 5 6 7 9 10 11 12 13 14 15 16 17 18 19 20  
45 6 9 13 20  
40 6 7 11 14 18 19 20  
48 1 14  
24 1 2 4 7 8 10 12 13 16 17 18 20  
89 1 2 3 5 6 9 11 13 14 16 17 19 20  
129 1 3 4 5 8 13 15 17 18  
46 4 6 8 9 14 15 16 17 20  
71 2 9 17  
77 1 2 3 4 5 6 7 8 9 10 11 12 13 16 18 19 20  
17 1 2 3 4 5 7 8 9 10 11 12 13 16 17 18  
38 1 2 4 10 13 14 19 20  
96 1 2 3 4 5 6 7 10 11 12 13 14 15 16 17 18  
122 3 7 8 9 10 12 13 14 16 17 19  
65 1 4 10 12 13 14 16 18  
87 1 5 18 20  
126 1 2 5 8 11 14 17 20  
73 1 3 4 5 7 8 9 10 11 12 13 14 15 16 17 18 19 20  
27 5 11 16 20  
79  
80 2 7 14  
124 6 10 11  
41 2 4 6 8 11 12 15 16 17 18  
101 2 3 4 6 7 9 10 11 12 14 16 17 18 19 20  
108 1 2 3 4 5 6 7 8 9 10 11 12 13 14 15 16 17 19 20  
26 2 3 4 5 10 11 13 15 16 17 19  
12  
15 2 12 20  
37 1 2 3 5 6 7 8 9 11 12 13 14 15 16 18 19 20  
42 5 14 19 20  
113 2 8 9 12 14 15 18 19  
127 1 2 4 5 8 9 10 11 12 16 18 20  
1 8 17 19  
91 1 2 4 5 6  
120 1 3 4 5 6 7 8 9 10 11 12 13 14 15 16 17 18 19 20  
31 1 2 3 4 5 7 8 9 10 12 13 15 16 17 18 19  
98 1 2 4 5 6 7 8 9 10 11 12 13 14 15 16 17 18 20  
78 1 2 3 4 5 7 9 10 11 12 13 14 15 16 17 18 19 20  
112 6 7 8 12 20  
74 1 2 3 4 5 6 7 8 9 10 11 12 13 14 15 16 18 19 20  
123 1 5 10 11 13 16 19  
59 3 6 7 8 9 16 19  
28  
107 3 5 7 10 12 13 14 17 19  
125 1 5 6 8 9 10 12 13 15 18 19  
51 2 7 9 10 14 18  
82 19  
66 2 6 10  
64 3 6 10 12 14 18 20  
61 7 14 15  
SIZE OF PROGRAMS (pID SIZE):
1 93.0 
2 41.0 
3 51.0 
4 71.0 
5 71.0 
6 97.0 
7 46.0 
8 65.0 
9 58.0 
10 72.0 
11 85.0 
12 53.0 
13 40.0 
14 60.0 
15 56.0 
16 95.0 
17 60.0 
18 99.0 
19 75.0 
20 85.0 
COST_INSTALL_SERVER_AND_PROGRAMS :
0 5160.60606060606 2.8181818181818183 1.2424242424242424 1.5454545454545454 2.1515151515151514 2.1515151515151514 2.9393939393939394 1.393939393939394 1.9696969696969697 1.7575757575757576 2.1818181818181817 2.5757575757575757 1.606060606060606 1.2121212121212122 1.8181818181818181 1.696969696969697 2.878787878787879 1.8181818181818181 3.0 2.272727272727273 2.5757575757575757  
19 207.14272528561963 1.878787878787879 0.8282828282828283 1.0303030303030303 1.4343434343434343 1.4343434343434343 1.9595959595959596 0.9292929292929293 1.3131313131313131 1.1717171717171717 1.4545454545454546 1.7171717171717171 1.0707070707070707 0.8080808080808081 1.2121212121212122 1.1313131313131313 1.9191919191919191 1.2121212121212122 2.0 1.5151515151515151 1.7171717171717171  
105 77.41225451073191 2.8181818181818183 1.2424242424242424 1.5454545454545454 2.1515151515151514 2.1515151515151514 2.9393939393939394 1.393939393939394 1.9696969696969697 1.7575757575757576 2.1818181818181817 2.5757575757575757 1.606060606060606 1.2121212121212122 1.8181818181818181 1.696969696969697 2.878787878787879 1.8181818181818181 3.0 2.272727272727273 2.5757575757575757  
29 7.6782424445424935 2.8181818181818183 1.2424242424242424 1.5454545454545454 2.1515151515151514 2.1515151515151514 2.9393939393939394 1.393939393939394 1.9696969696969697 1.7575757575757576 2.1818181818181817 2.5757575757575757 1.606060606060606 1.2121212121212122 1.8181818181818181 1.696969696969697 2.878787878787879 1.8181818181818181 3.0 2.272727272727273 2.5757575757575757  
63 11.963783362534771 2.8181818181818183 1.2424242424242424 1.5454545454545454 2.1515151515151514 2.1515151515151514 2.9393939393939394 1.393939393939394 1.9696969696969697 1.7575757575757576 2.1818181818181817 2.5757575757575757 1.606060606060606 1.2121212121212122 1.8181818181818181 1.696969696969697 2.878787878787879 1.8181818181818181 3.0 2.272727272727273 2.5757575757575757  
72 30.147537917825737 1.878787878787879 0.8282828282828283 1.0303030303030303 1.4343434343434343 1.4343434343434343 1.9595959595959596 0.9292929292929293 1.3131313131313131 1.1717171717171717 1.4545454545454546 1.7171717171717171 1.0707070707070707 0.8080808080808081 1.2121212121212122 1.1313131313131313 1.9191919191919191 1.2121212121212122 2.0 1.5151515151515151 1.7171717171717171  
95 87.3994077447759 1.878787878787879 0.8282828282828283 1.0303030303030303 1.4343434343434343 1.4343434343434343 1.9595959595959596 0.9292929292929293 1.3131313131313131 1.1717171717171717 1.4545454545454546 1.7171717171717171 1.0707070707070707 0.8080808080808081 1.2121212121212122 1.1313131313131313 1.9191919191919191 1.2121212121212122 2.0 1.5151515151515151 1.7171717171717171  
103 171.0 2.8181818181818183 1.2424242424242424 1.5454545454545454 2.1515151515151514 2.1515151515151514 2.9393939393939394 1.393939393939394 1.9696969696969697 1.7575757575757576 2.1818181818181817 2.5757575757575757 1.606060606060606 1.2121212121212122 1.8181818181818181 1.696969696969697 2.878787878787879 1.8181818181818181 3.0 2.272727272727273 2.5757575757575757  
6 197.01329542650737 1.878787878787879 0.8282828282828283 1.0303030303030303 1.4343434343434343 1.4343434343434343 1.9595959595959596 0.9292929292929293 1.3131313131313131 1.1717171717171717 1.4545454545454546 1.7171717171717171 1.0707070707070707 0.8080808080808081 1.2121212121212122 1.1313131313131313 1.9191919191919191 1.2121212121212122 2.0 1.5151515151515151 1.7171717171717171  
44 27.076408931314372 1.878787878787879 0.8282828282828283 1.0303030303030303 1.4343434343434343 1.4343434343434343 1.9595959595959596 0.9292929292929293 1.3131313131313131 1.1717171717171717 1.4545454545454546 1.7171717171717171 1.0707070707070707 0.8080808080808081 1.2121212121212122 1.1313131313131313 1.9191919191919191 1.2121212121212122 2.0 1.5151515151515151 1.7171717171717171  
55 105.54024445544627 2.8181818181818183 1.2424242424242424 1.5454545454545454 2.1515151515151514 2.1515151515151514 2.9393939393939394 1.393939393939394 1.9696969696969697 1.7575757575757576 2.1818181818181817 2.5757575757575757 1.606060606060606 1.2121212121212122 1.8181818181818181 1.696969696969697 2.878787878787879 1.8181818181818181 3.0 2.272727272727273 2.5757575757575757  
67 69.61711134910486 2.8181818181818183 1.2424242424242424 1.5454545454545454 2.1515151515151514 2.1515151515151514 2.9393939393939394 1.393939393939394 1.9696969696969697 1.7575757575757576 2.1818181818181817 2.5757575757575757 1.606060606060606 1.2121212121212122 1.8181818181818181 1.696969696969697 2.878787878787879 1.8181818181818181 3.0 2.272727272727273 2.5757575757575757  
68 111.25908813722675 2.8181818181818183 1.2424242424242424 1.5454545454545454 2.1515151515151514 2.1515151515151514 2.9393939393939394 1.393939393939394 1.9696969696969697 1.7575757575757576 2.1818181818181817 2.5757575757575757 1.606060606060606 1.2121212121212122 1.8181818181818181 1.696969696969697 2.878787878787879 1.8181818181818181 3.0 2.272727272727273 2.5757575757575757  
69 149.42270791573395 1.878787878787879 0.8282828282828283 1.0303030303030303 1.4343434343434343 1.4343434343434343 1.9595959595959596 0.9292929292929293 1.3131313131313131 1.1717171717171717 1.4545454545454546 1.7171717171717171 1.0707070707070707 0.8080808080808081 1.2121212121212122 1.1313131313131313 1.9191919191919191 1.2121212121212122 2.0 1.5151515151515151 1.7171717171717171  
109 12.576250003985578 2.8181818181818183 1.2424242424242424 1.5454545454545454 2.1515151515151514 2.1515151515151514 2.9393939393939394 1.393939393939394 1.9696969696969697 1.7575757575757576 2.1818181818181817 2.5757575757575757 1.606060606060606 1.2121212121212122 1.8181818181818181 1.696969696969697 2.878787878787879 1.8181818181818181 3.0 2.272727272727273 2.5757575757575757  
3 57.60198395191371 1.878787878787879 0.8282828282828283 1.0303030303030303 1.4343434343434343 1.4343434343434343 1.9595959595959596 0.9292929292929293 1.3131313131313131 1.1717171717171717 1.4545454545454546 1.7171717171717171 1.0707070707070707 0.8080808080808081 1.2121212121212122 1.1313131313131313 1.9191919191919191 1.2121212121212122 2.0 1.5151515151515151 1.7171717171717171  
32 129.23966990782117 2.8181818181818183 1.2424242424242424 1.5454545454545454 2.1515151515151514 2.1515151515151514 2.9393939393939394 1.393939393939394 1.9696969696969697 1.7575757575757576 2.1818181818181817 2.5757575757575757 1.606060606060606 1.2121212121212122 1.8181818181818181 1.696969696969697 2.878787878787879 1.8181818181818181 3.0 2.272727272727273 2.5757575757575757  
2 40.566654303626215 2.8181818181818183 1.2424242424242424 1.5454545454545454 2.1515151515151514 2.1515151515151514 2.9393939393939394 1.393939393939394 1.9696969696969697 1.7575757575757576 2.1818181818181817 2.5757575757575757 1.606060606060606 1.2121212121212122 1.8181818181818181 1.696969696969697 2.878787878787879 1.8181818181818181 3.0 2.272727272727273 2.5757575757575757  
90 75.77278008551323 2.8181818181818183 1.2424242424242424 1.5454545454545454 2.1515151515151514 2.1515151515151514 2.9393939393939394 1.393939393939394 1.9696969696969697 1.7575757575757576 2.1818181818181817 2.5757575757575757 1.606060606060606 1.2121212121212122 1.8181818181818181 1.696969696969697 2.878787878787879 1.8181818181818181 3.0 2.272727272727273 2.5757575757575757  
10 207.79359221916044 1.878787878787879 0.8282828282828283 1.0303030303030303 1.4343434343434343 1.4343434343434343 1.9595959595959596 0.9292929292929293 1.3131313131313131 1.1717171717171717 1.4545454545454546 1.7171717171717171 1.0707070707070707 0.8080808080808081 1.2121212121212122 1.1313131313131313 1.9191919191919191 1.2121212121212122 2.0 1.5151515151515151 1.7171717171717171  
75 408.0 1.878787878787879 0.8282828282828283 1.0303030303030303 1.4343434343434343 1.4343434343434343 1.9595959595959596 0.9292929292929293 1.3131313131313131 1.1717171717171717 1.4545454545454546 1.7171717171717171 1.0707070707070707 0.8080808080808081 1.2121212121212122 1.1313131313131313 1.9191919191919191 1.2121212121212122 2.0 1.5151515151515151 1.7171717171717171  
16 68.14480264296212 2.8181818181818183 1.2424242424242424 1.5454545454545454 2.1515151515151514 2.1515151515151514 2.9393939393939394 1.393939393939394 1.9696969696969697 1.7575757575757576 2.1818181818181817 2.5757575757575757 1.606060606060606 1.2121212121212122 1.8181818181818181 1.696969696969697 2.878787878787879 1.8181818181818181 3.0 2.272727272727273 2.5757575757575757  
118 5.876508413754363 1.878787878787879 0.8282828282828283 1.0303030303030303 1.4343434343434343 1.4343434343434343 1.9595959595959596 0.9292929292929293 1.3131313131313131 1.1717171717171717 1.4545454545454546 1.7171717171717171 1.0707070707070707 0.8080808080808081 1.2121212121212122 1.1313131313131313 1.9191919191919191 1.2121212121212122 2.0 1.5151515151515151 1.7171717171717171  
21 143.961064301703 1.878787878787879 0.8282828282828283 1.0303030303030303 1.4343434343434343 1.4343434343434343 1.9595959595959596 0.9292929292929293 1.3131313131313131 1.1717171717171717 1.4545454545454546 1.7171717171717171 1.0707070707070707 0.8080808080808081 1.2121212121212122 1.1313131313131313 1.9191919191919191 1.2121212121212122 2.0 1.5151515151515151 1.7171717171717171  
88 62.39617126663389 1.878787878787879 0.8282828282828283 1.0303030303030303 1.4343434343434343 1.4343434343434343 1.9595959595959596 0.9292929292929293 1.3131313131313131 1.1717171717171717 1.4545454545454546 1.7171717171717171 1.0707070707070707 0.8080808080808081 1.2121212121212122 1.1313131313131313 1.9191919191919191 1.2121212121212122 2.0 1.5151515151515151 1.7171717171717171  
70 31.71860681398343 2.8181818181818183 1.2424242424242424 1.5454545454545454 2.1515151515151514 2.1515151515151514 2.9393939393939394 1.393939393939394 1.9696969696969697 1.7575757575757576 2.1818181818181817 2.5757575757575757 1.606060606060606 1.2121212121212122 1.8181818181818181 1.696969696969697 2.878787878787879 1.8181818181818181 3.0 2.272727272727273 2.5757575757575757  
11 55.71517806874123 2.8181818181818183 1.2424242424242424 1.5454545454545454 2.1515151515151514 2.1515151515151514 2.9393939393939394 1.393939393939394 1.9696969696969697 1.7575757575757576 2.1818181818181817 2.5757575757575757 1.606060606060606 1.2121212121212122 1.8181818181818181 1.696969696969697 2.878787878787879 1.8181818181818181 3.0 2.272727272727273 2.5757575757575757  
58 41.366494875219104 2.8181818181818183 1.2424242424242424 1.5454545454545454 2.1515151515151514 2.1515151515151514 2.9393939393939394 1.393939393939394 1.9696969696969697 1.7575757575757576 2.1818181818181817 2.5757575757575757 1.606060606060606 1.2121212121212122 1.8181818181818181 1.696969696969697 2.878787878787879 1.8181818181818181 3.0 2.272727272727273 2.5757575757575757  
34 54.90483727351869 1.878787878787879 0.8282828282828283 1.0303030303030303 1.4343434343434343 1.4343434343434343 1.9595959595959596 0.9292929292929293 1.3131313131313131 1.1717171717171717 1.4545454545454546 1.7171717171717171 1.0707070707070707 0.8080808080808081 1.2121212121212122 1.1313131313131313 1.9191919191919191 1.2121212121212122 2.0 1.5151515151515151 1.7171717171717171  
76 44.01424058350422 2.8181818181818183 1.2424242424242424 1.5454545454545454 2.1515151515151514 2.1515151515151514 2.9393939393939394 1.393939393939394 1.9696969696969697 1.7575757575757576 2.1818181818181817 2.5757575757575757 1.606060606060606 1.2121212121212122 1.8181818181818181 1.696969696969697 2.878787878787879 1.8181818181818181 3.0 2.272727272727273 2.5757575757575757  
54 38.156661938240575 1.878787878787879 0.8282828282828283 1.0303030303030303 1.4343434343434343 1.4343434343434343 1.9595959595959596 0.9292929292929293 1.3131313131313131 1.1717171717171717 1.4545454545454546 1.7171717171717171 1.0707070707070707 0.8080808080808081 1.2121212121212122 1.1313131313131313 1.9191919191919191 1.2121212121212122 2.0 1.5151515151515151 1.7171717171717171  
84 71.76451908477739 1.878787878787879 0.8282828282828283 1.0303030303030303 1.4343434343434343 1.4343434343434343 1.9595959595959596 0.9292929292929293 1.3131313131313131 1.1717171717171717 1.4545454545454546 1.7171717171717171 1.0707070707070707 0.8080808080808081 1.2121212121212122 1.1313131313131313 1.9191919191919191 1.2121212121212122 2.0 1.5151515151515151 1.7171717171717171  
18 115.95566697625486 1.878787878787879 0.8282828282828283 1.0303030303030303 1.4343434343434343 1.4343434343434343 1.9595959595959596 0.9292929292929293 1.3131313131313131 1.1717171717171717 1.4545454545454546 1.7171717171717171 1.0707070707070707 0.8080808080808081 1.2121212121212122 1.1313131313131313 1.9191919191919191 1.2121212121212122 2.0 1.5151515151515151 1.7171717171717171  
99 5.056130407596964 1.878787878787879 0.8282828282828283 1.0303030303030303 1.4343434343434343 1.4343434343434343 1.9595959595959596 0.9292929292929293 1.3131313131313131 1.1717171717171717 1.4545454545454546 1.7171717171717171 1.0707070707070707 0.8080808080808081 1.2121212121212122 1.1313131313131313 1.9191919191919191 1.2121212121212122 2.0 1.5151515151515151 1.7171717171717171  
5 163.081282533296 1.878787878787879 0.8282828282828283 1.0303030303030303 1.4343434343434343 1.4343434343434343 1.9595959595959596 0.9292929292929293 1.3131313131313131 1.1717171717171717 1.4545454545454546 1.7171717171717171 1.0707070707070707 0.8080808080808081 1.2121212121212122 1.1313131313131313 1.9191919191919191 1.2121212121212122 2.0 1.5151515151515151 1.7171717171717171  
104 107.62548903743536 2.8181818181818183 1.2424242424242424 1.5454545454545454 2.1515151515151514 2.1515151515151514 2.9393939393939394 1.393939393939394 1.9696969696969697 1.7575757575757576 2.1818181818181817 2.5757575757575757 1.606060606060606 1.2121212121212122 1.8181818181818181 1.696969696969697 2.878787878787879 1.8181818181818181 3.0 2.272727272727273 2.5757575757575757  
56 38.92112260508247 2.8181818181818183 1.2424242424242424 1.5454545454545454 2.1515151515151514 2.1515151515151514 2.9393939393939394 1.393939393939394 1.9696969696969697 1.7575757575757576 2.1818181818181817 2.5757575757575757 1.606060606060606 1.2121212121212122 1.8181818181818181 1.696969696969697 2.878787878787879 1.8181818181818181 3.0 2.272727272727273 2.5757575757575757  
25 161.06552642065293 2.8181818181818183 1.2424242424242424 1.5454545454545454 2.1515151515151514 2.1515151515151514 2.9393939393939394 1.393939393939394 1.9696969696969697 1.7575757575757576 2.1818181818181817 2.5757575757575757 1.606060606060606 1.2121212121212122 1.8181818181818181 1.696969696969697 2.878787878787879 1.8181818181818181 3.0 2.272727272727273 2.5757575757575757  
60 28.048133655848616 2.8181818181818183 1.2424242424242424 1.5454545454545454 2.1515151515151514 2.1515151515151514 2.9393939393939394 1.393939393939394 1.9696969696969697 1.7575757575757576 2.1818181818181817 2.5757575757575757 1.606060606060606 1.2121212121212122 1.8181818181818181 1.696969696969697 2.878787878787879 1.8181818181818181 3.0 2.272727272727273 2.5757575757575757  
7 156.32678409223394 1.878787878787879 0.8282828282828283 1.0303030303030303 1.4343434343434343 1.4343434343434343 1.9595959595959596 0.9292929292929293 1.3131313131313131 1.1717171717171717 1.4545454545454546 1.7171717171717171 1.0707070707070707 0.8080808080808081 1.2121212121212122 1.1313131313131313 1.9191919191919191 1.2121212121212122 2.0 1.5151515151515151 1.7171717171717171  
110 30.444107049718223 1.878787878787879 0.8282828282828283 1.0303030303030303 1.4343434343434343 1.4343434343434343 1.9595959595959596 0.9292929292929293 1.3131313131313131 1.1717171717171717 1.4545454545454546 1.7171717171717171 1.0707070707070707 0.8080808080808081 1.2121212121212122 1.1313131313131313 1.9191919191919191 1.2121212121212122 2.0 1.5151515151515151 1.7171717171717171  
23 39.90575303514461 2.8181818181818183 1.2424242424242424 1.5454545454545454 2.1515151515151514 2.1515151515151514 2.9393939393939394 1.393939393939394 1.9696969696969697 1.7575757575757576 2.1818181818181817 2.5757575757575757 1.606060606060606 1.2121212121212122 1.8181818181818181 1.696969696969697 2.878787878787879 1.8181818181818181 3.0 2.272727272727273 2.5757575757575757  
121 62.78995919416182 1.878787878787879 0.8282828282828283 1.0303030303030303 1.4343434343434343 1.4343434343434343 1.9595959595959596 0.9292929292929293 1.3131313131313131 1.1717171717171717 1.4545454545454546 1.7171717171717171 1.0707070707070707 0.8080808080808081 1.2121212121212122 1.1313131313131313 1.9191919191919191 1.2121212121212122 2.0 1.5151515151515151 1.7171717171717171  
57 114.55054978189321 2.8181818181818183 1.2424242424242424 1.5454545454545454 2.1515151515151514 2.1515151515151514 2.9393939393939394 1.393939393939394 1.9696969696969697 1.7575757575757576 2.1818181818181817 2.5757575757575757 1.606060606060606 1.2121212121212122 1.8181818181818181 1.696969696969697 2.878787878787879 1.8181818181818181 3.0 2.272727272727273 2.5757575757575757  
102 156.95900936438474 2.8181818181818183 1.2424242424242424 1.5454545454545454 2.1515151515151514 2.1515151515151514 2.9393939393939394 1.393939393939394 1.9696969696969697 1.7575757575757576 2.1818181818181817 2.5757575757575757 1.606060606060606 1.2121212121212122 1.8181818181818181 1.696969696969697 2.878787878787879 1.8181818181818181 3.0 2.272727272727273 2.5757575757575757  
14 87.80669145641983 1.878787878787879 0.8282828282828283 1.0303030303030303 1.4343434343434343 1.4343434343434343 1.9595959595959596 0.9292929292929293 1.3131313131313131 1.1717171717171717 1.4545454545454546 1.7171717171717171 1.0707070707070707 0.8080808080808081 1.2121212121212122 1.1313131313131313 1.9191919191919191 1.2121212121212122 2.0 1.5151515151515151 1.7171717171717171  
85 20.1554513860082 2.8181818181818183 1.2424242424242424 1.5454545454545454 2.1515151515151514 2.1515151515151514 2.9393939393939394 1.393939393939394 1.9696969696969697 1.7575757575757576 2.1818181818181817 2.5757575757575757 1.606060606060606 1.2121212121212122 1.8181818181818181 1.696969696969697 2.878787878787879 1.8181818181818181 3.0 2.272727272727273 2.5757575757575757  
49 67.905447324226 1.878787878787879 0.8282828282828283 1.0303030303030303 1.4343434343434343 1.4343434343434343 1.9595959595959596 0.9292929292929293 1.3131313131313131 1.1717171717171717 1.4545454545454546 1.7171717171717171 1.0707070707070707 0.8080808080808081 1.2121212121212122 1.1313131313131313 1.9191919191919191 1.2121212121212122 2.0 1.5151515151515151 1.7171717171717171  
86 95.44485843215911 1.878787878787879 0.8282828282828283 1.0303030303030303 1.4343434343434343 1.4343434343434343 1.9595959595959596 0.9292929292929293 1.3131313131313131 1.1717171717171717 1.4545454545454546 1.7171717171717171 1.0707070707070707 0.8080808080808081 1.2121212121212122 1.1313131313131313 1.9191919191919191 1.2121212121212122 2.0 1.5151515151515151 1.7171717171717171  
93 63.259682654405566 1.878787878787879 0.8282828282828283 1.0303030303030303 1.4343434343434343 1.4343434343434343 1.9595959595959596 0.9292929292929293 1.3131313131313131 1.1717171717171717 1.4545454545454546 1.7171717171717171 1.0707070707070707 0.8080808080808081 1.2121212121212122 1.1313131313131313 1.9191919191919191 1.2121212121212122 2.0 1.5151515151515151 1.7171717171717171  
35 81.26395562485752 1.878787878787879 0.8282828282828283 1.0303030303030303 1.4343434343434343 1.4343434343434343 1.9595959595959596 0.9292929292929293 1.3131313131313131 1.1717171717171717 1.4545454545454546 1.7171717171717171 1.0707070707070707 0.8080808080808081 1.2121212121212122 1.1313131313131313 1.9191919191919191 1.2121212121212122 2.0 1.5151515151515151 1.7171717171717171  
13 14.266674957389231 2.8181818181818183 1.2424242424242424 1.5454545454545454 2.1515151515151514 2.1515151515151514 2.9393939393939394 1.393939393939394 1.9696969696969697 1.7575757575757576 2.1818181818181817 2.5757575757575757 1.606060606060606 1.2121212121212122 1.8181818181818181 1.696969696969697 2.878787878787879 1.8181818181818181 3.0 2.272727272727273 2.5757575757575757  
36 104.13039923902556 2.8181818181818183 1.2424242424242424 1.5454545454545454 2.1515151515151514 2.1515151515151514 2.9393939393939394 1.393939393939394 1.9696969696969697 1.7575757575757576 2.1818181818181817 2.5757575757575757 1.606060606060606 1.2121212121212122 1.8181818181818181 1.696969696969697 2.878787878787879 1.8181818181818181 3.0 2.272727272727273 2.5757575757575757  
100 27.643519312350406 2.8181818181818183 1.2424242424242424 1.5454545454545454 2.1515151515151514 2.1515151515151514 2.9393939393939394 1.393939393939394 1.9696969696969697 1.7575757575757576 2.1818181818181817 2.5757575757575757 1.606060606060606 1.2121212121212122 1.8181818181818181 1.696969696969697 2.878787878787879 1.8181818181818181 3.0 2.272727272727273 2.5757575757575757  
33 32.25250335451706 1.878787878787879 0.8282828282828283 1.0303030303030303 1.4343434343434343 1.4343434343434343 1.9595959595959596 0.9292929292929293 1.3131313131313131 1.1717171717171717 1.4545454545454546 1.7171717171717171 1.0707070707070707 0.8080808080808081 1.2121212121212122 1.1313131313131313 1.9191919191919191 1.2121212121212122 2.0 1.5151515151515151 1.7171717171717171  
97 48.80506969149155 1.878787878787879 0.8282828282828283 1.0303030303030303 1.4343434343434343 1.4343434343434343 1.9595959595959596 0.9292929292929293 1.3131313131313131 1.1717171717171717 1.4545454545454546 1.7171717171717171 1.0707070707070707 0.8080808080808081 1.2121212121212122 1.1313131313131313 1.9191919191919191 1.2121212121212122 2.0 1.5151515151515151 1.7171717171717171  
115 57.69133323545601 1.878787878787879 0.8282828282828283 1.0303030303030303 1.4343434343434343 1.4343434343434343 1.9595959595959596 0.9292929292929293 1.3131313131313131 1.1717171717171717 1.4545454545454546 1.7171717171717171 1.0707070707070707 0.8080808080808081 1.2121212121212122 1.1313131313131313 1.9191919191919191 1.2121212121212122 2.0 1.5151515151515151 1.7171717171717171  
114 20.795833187683293 2.8181818181818183 1.2424242424242424 1.5454545454545454 2.1515151515151514 2.1515151515151514 2.9393939393939394 1.393939393939394 1.9696969696969697 1.7575757575757576 2.1818181818181817 2.5757575757575757 1.606060606060606 1.2121212121212122 1.8181818181818181 1.696969696969697 2.878787878787879 1.8181818181818181 3.0 2.272727272727273 2.5757575757575757  
22 159.97283324059222 2.8181818181818183 1.2424242424242424 1.5454545454545454 2.1515151515151514 2.1515151515151514 2.9393939393939394 1.393939393939394 1.9696969696969697 1.7575757575757576 2.1818181818181817 2.5757575757575757 1.606060606060606 1.2121212121212122 1.8181818181818181 1.696969696969697 2.878787878787879 1.8181818181818181 3.0 2.272727272727273 2.5757575757575757  
9 191.7216939401086 2.8181818181818183 1.2424242424242424 1.5454545454545454 2.1515151515151514 2.1515151515151514 2.9393939393939394 1.393939393939394 1.9696969696969697 1.7575757575757576 2.1818181818181817 2.5757575757575757 1.606060606060606 1.2121212121212122 1.8181818181818181 1.696969696969697 2.878787878787879 1.8181818181818181 3.0 2.272727272727273 2.5757575757575757  
52 92.86474614529683 1.878787878787879 0.8282828282828283 1.0303030303030303 1.4343434343434343 1.4343434343434343 1.9595959595959596 0.9292929292929293 1.3131313131313131 1.1717171717171717 1.4545454545454546 1.7171717171717171 1.0707070707070707 0.8080808080808081 1.2121212121212122 1.1313131313131313 1.9191919191919191 1.2121212121212122 2.0 1.5151515151515151 1.7171717171717171  
92 63.49133236759641 1.878787878787879 0.8282828282828283 1.0303030303030303 1.4343434343434343 1.4343434343434343 1.9595959595959596 0.9292929292929293 1.3131313131313131 1.1717171717171717 1.4545454545454546 1.7171717171717171 1.0707070707070707 0.8080808080808081 1.2121212121212122 1.1313131313131313 1.9191919191919191 1.2121212121212122 2.0 1.5151515151515151 1.7171717171717171  
8 132.1755852607631 1.878787878787879 0.8282828282828283 1.0303030303030303 1.4343434343434343 1.4343434343434343 1.9595959595959596 0.9292929292929293 1.3131313131313131 1.1717171717171717 1.4545454545454546 1.7171717171717171 1.0707070707070707 0.8080808080808081 1.2121212121212122 1.1313131313131313 1.9191919191919191 1.2121212121212122 2.0 1.5151515151515151 1.7171717171717171  
50 47.89147739918446 1.878787878787879 0.8282828282828283 1.0303030303030303 1.4343434343434343 1.4343434343434343 1.9595959595959596 0.9292929292929293 1.3131313131313131 1.1717171717171717 1.4545454545454546 1.7171717171717171 1.0707070707070707 0.8080808080808081 1.2121212121212122 1.1313131313131313 1.9191919191919191 1.2121212121212122 2.0 1.5151515151515151 1.7171717171717171  
83 135.85854192002662 1.878787878787879 0.8282828282828283 1.0303030303030303 1.4343434343434343 1.4343434343434343 1.9595959595959596 0.9292929292929293 1.3131313131313131 1.1717171717171717 1.4545454545454546 1.7171717171717171 1.0707070707070707 0.8080808080808081 1.2121212121212122 1.1313131313131313 1.9191919191919191 1.2121212121212122 2.0 1.5151515151515151 1.7171717171717171  
128 21.74231438078477 2.8181818181818183 1.2424242424242424 1.5454545454545454 2.1515151515151514 2.1515151515151514 2.9393939393939394 1.393939393939394 1.9696969696969697 1.7575757575757576 2.1818181818181817 2.5757575757575757 1.606060606060606 1.2121212121212122 1.8181818181818181 1.696969696969697 2.878787878787879 1.8181818181818181 3.0 2.272727272727273 2.5757575757575757  
116 76.17611646583522 1.878787878787879 0.8282828282828283 1.0303030303030303 1.4343434343434343 1.4343434343434343 1.9595959595959596 0.9292929292929293 1.3131313131313131 1.1717171717171717 1.4545454545454546 1.7171717171717171 1.0707070707070707 0.8080808080808081 1.2121212121212122 1.1313131313131313 1.9191919191919191 1.2121212121212122 2.0 1.5151515151515151 1.7171717171717171  
106 35.87612684133448 2.8181818181818183 1.2424242424242424 1.5454545454545454 2.1515151515151514 2.1515151515151514 2.9393939393939394 1.393939393939394 1.9696969696969697 1.7575757575757576 2.1818181818181817 2.5757575757575757 1.606060606060606 1.2121212121212122 1.8181818181818181 1.696969696969697 2.878787878787879 1.8181818181818181 3.0 2.272727272727273 2.5757575757575757  
39 164.5151556893757 1.878787878787879 0.8282828282828283 1.0303030303030303 1.4343434343434343 1.4343434343434343 1.9595959595959596 0.9292929292929293 1.3131313131313131 1.1717171717171717 1.4545454545454546 1.7171717171717171 1.0707070707070707 0.8080808080808081 1.2121212121212122 1.1313131313131313 1.9191919191919191 1.2121212121212122 2.0 1.5151515151515151 1.7171717171717171  
30 90.10406349726273 2.8181818181818183 1.2424242424242424 1.5454545454545454 2.1515151515151514 2.1515151515151514 2.9393939393939394 1.393939393939394 1.9696969696969697 1.7575757575757576 2.1818181818181817 2.5757575757575757 1.606060606060606 1.2121212121212122 1.8181818181818181 1.696969696969697 2.878787878787879 1.8181818181818181 3.0 2.272727272727273 2.5757575757575757  
53 34.222905827405555 1.878787878787879 0.8282828282828283 1.0303030303030303 1.4343434343434343 1.4343434343434343 1.9595959595959596 0.9292929292929293 1.3131313131313131 1.1717171717171717 1.4545454545454546 1.7171717171717171 1.0707070707070707 0.8080808080808081 1.2121212121212122 1.1313131313131313 1.9191919191919191 1.2121212121212122 2.0 1.5151515151515151 1.7171717171717171  
81 95.16294696021623 1.878787878787879 0.8282828282828283 1.0303030303030303 1.4343434343434343 1.4343434343434343 1.9595959595959596 0.9292929292929293 1.3131313131313131 1.1717171717171717 1.4545454545454546 1.7171717171717171 1.0707070707070707 0.8080808080808081 1.2121212121212122 1.1313131313131313 1.9191919191919191 1.2121212121212122 2.0 1.5151515151515151 1.7171717171717171  
4 136.38810797464862 2.8181818181818183 1.2424242424242424 1.5454545454545454 2.1515151515151514 2.1515151515151514 2.9393939393939394 1.393939393939394 1.9696969696969697 1.7575757575757576 2.1818181818181817 2.5757575757575757 1.606060606060606 1.2121212121212122 1.8181818181818181 1.696969696969697 2.878787878787879 1.8181818181818181 3.0 2.272727272727273 2.5757575757575757  
62 61.882541667797085 1.878787878787879 0.8282828282828283 1.0303030303030303 1.4343434343434343 1.4343434343434343 1.9595959595959596 0.9292929292929293 1.3131313131313131 1.1717171717171717 1.4545454545454546 1.7171717171717171 1.0707070707070707 0.8080808080808081 1.2121212121212122 1.1313131313131313 1.9191919191919191 1.2121212121212122 2.0 1.5151515151515151 1.7171717171717171  
111 19.243002739797113 1.878787878787879 0.8282828282828283 1.0303030303030303 1.4343434343434343 1.4343434343434343 1.9595959595959596 0.9292929292929293 1.3131313131313131 1.1717171717171717 1.4545454545454546 1.7171717171717171 1.0707070707070707 0.8080808080808081 1.2121212121212122 1.1313131313131313 1.9191919191919191 1.2121212121212122 2.0 1.5151515151515151 1.7171717171717171  
117 20.986635496345606 2.8181818181818183 1.2424242424242424 1.5454545454545454 2.1515151515151514 2.1515151515151514 2.9393939393939394 1.393939393939394 1.9696969696969697 1.7575757575757576 2.1818181818181817 2.5757575757575757 1.606060606060606 1.2121212121212122 1.8181818181818181 1.696969696969697 2.878787878787879 1.8181818181818181 3.0 2.272727272727273 2.5757575757575757  
94 135.04357385763643 1.878787878787879 0.8282828282828283 1.0303030303030303 1.4343434343434343 1.4343434343434343 1.9595959595959596 0.9292929292929293 1.3131313131313131 1.1717171717171717 1.4545454545454546 1.7171717171717171 1.0707070707070707 0.8080808080808081 1.2121212121212122 1.1313131313131313 1.9191919191919191 1.2121212121212122 2.0 1.5151515151515151 1.7171717171717171  
47 32.885514907419115 2.8181818181818183 1.2424242424242424 1.5454545454545454 2.1515151515151514 2.1515151515151514 2.9393939393939394 1.393939393939394 1.9696969696969697 1.7575757575757576 2.1818181818181817 2.5757575757575757 1.606060606060606 1.2121212121212122 1.8181818181818181 1.696969696969697 2.878787878787879 1.8181818181818181 3.0 2.272727272727273 2.5757575757575757  
119 128.24286440588844 1.878787878787879 0.8282828282828283 1.0303030303030303 1.4343434343434343 1.4343434343434343 1.9595959595959596 0.9292929292929293 1.3131313131313131 1.1717171717171717 1.4545454545454546 1.7171717171717171 1.0707070707070707 0.8080808080808081 1.2121212121212122 1.1313131313131313 1.9191919191919191 1.2121212121212122 2.0 1.5151515151515151 1.7171717171717171  
20 666.0 2.8181818181818183 1.2424242424242424 1.5454545454545454 2.1515151515151514 2.1515151515151514 2.9393939393939394 1.393939393939394 1.9696969696969697 1.7575757575757576 2.1818181818181817 2.5757575757575757 1.606060606060606 1.2121212121212122 1.8181818181818181 1.696969696969697 2.878787878787879 1.8181818181818181 3.0 2.272727272727273 2.5757575757575757  
43 441.0 2.8181818181818183 1.2424242424242424 1.5454545454545454 2.1515151515151514 2.1515151515151514 2.9393939393939394 1.393939393939394 1.9696969696969697 1.7575757575757576 2.1818181818181817 2.5757575757575757 1.606060606060606 1.2121212121212122 1.8181818181818181 1.696969696969697 2.878787878787879 1.8181818181818181 3.0 2.272727272727273 2.5757575757575757  
45 93.52113449742924 1.878787878787879 0.8282828282828283 1.0303030303030303 1.4343434343434343 1.4343434343434343 1.9595959595959596 0.9292929292929293 1.3131313131313131 1.1717171717171717 1.4545454545454546 1.7171717171717171 1.0707070707070707 0.8080808080808081 1.2121212121212122 1.1313131313131313 1.9191919191919191 1.2121212121212122 2.0 1.5151515151515151 1.7171717171717171  
40 60.99314696684282 1.878787878787879 0.8282828282828283 1.0303030303030303 1.4343434343434343 1.4343434343434343 1.9595959595959596 0.9292929292929293 1.3131313131313131 1.1717171717171717 1.4545454545454546 1.7171717171717171 1.0707070707070707 0.8080808080808081 1.2121212121212122 1.1313131313131313 1.9191919191919191 1.2121212121212122 2.0 1.5151515151515151 1.7171717171717171  
48 83.66794096896297 1.878787878787879 0.8282828282828283 1.0303030303030303 1.4343434343434343 1.4343434343434343 1.9595959595959596 0.9292929292929293 1.3131313131313131 1.1717171717171717 1.4545454545454546 1.7171717171717171 1.0707070707070707 0.8080808080808081 1.2121212121212122 1.1313131313131313 1.9191919191919191 1.2121212121212122 2.0 1.5151515151515151 1.7171717171717171  
24 106.73940811718487 2.8181818181818183 1.2424242424242424 1.5454545454545454 2.1515151515151514 2.1515151515151514 2.9393939393939394 1.393939393939394 1.9696969696969697 1.7575757575757576 2.1818181818181817 2.5757575757575757 1.606060606060606 1.2121212121212122 1.8181818181818181 1.696969696969697 2.878787878787879 1.8181818181818181 3.0 2.272727272727273 2.5757575757575757  
89 27.21751246994043 2.8181818181818183 1.2424242424242424 1.5454545454545454 2.1515151515151514 2.1515151515151514 2.9393939393939394 1.393939393939394 1.9696969696969697 1.7575757575757576 2.1818181818181817 2.5757575757575757 1.606060606060606 1.2121212121212122 1.8181818181818181 1.696969696969697 2.878787878787879 1.8181818181818181 3.0 2.272727272727273 2.5757575757575757  
129 514.0 2.8181818181818183 1.2424242424242424 1.5454545454545454 2.1515151515151514 2.1515151515151514 2.9393939393939394 1.393939393939394 1.9696969696969697 1.7575757575757576 2.1818181818181817 2.5757575757575757 1.606060606060606 1.2121212121212122 1.8181818181818181 1.696969696969697 2.878787878787879 1.8181818181818181 3.0 2.272727272727273 2.5757575757575757  
46 80.47443553308813 2.8181818181818183 1.2424242424242424 1.5454545454545454 2.1515151515151514 2.1515151515151514 2.9393939393939394 1.393939393939394 1.9696969696969697 1.7575757575757576 2.1818181818181817 2.5757575757575757 1.606060606060606 1.2121212121212122 1.8181818181818181 1.696969696969697 2.878787878787879 1.8181818181818181 3.0 2.272727272727273 2.5757575757575757  
71 61.67503016138973 1.878787878787879 0.8282828282828283 1.0303030303030303 1.4343434343434343 1.4343434343434343 1.9595959595959596 0.9292929292929293 1.3131313131313131 1.1717171717171717 1.4545454545454546 1.7171717171717171 1.0707070707070707 0.8080808080808081 1.2121212121212122 1.1313131313131313 1.9191919191919191 1.2121212121212122 2.0 1.5151515151515151 1.7171717171717171  
77 111.86154892655274 1.878787878787879 0.8282828282828283 1.0303030303030303 1.4343434343434343 1.4343434343434343 1.9595959595959596 0.9292929292929293 1.3131313131313131 1.1717171717171717 1.4545454545454546 1.7171717171717171 1.0707070707070707 0.8080808080808081 1.2121212121212122 1.1313131313131313 1.9191919191919191 1.2121212121212122 2.0 1.5151515151515151 1.7171717171717171  
17 63.84760080052674 2.8181818181818183 1.2424242424242424 1.5454545454545454 2.1515151515151514 2.1515151515151514 2.9393939393939394 1.393939393939394 1.9696969696969697 1.7575757575757576 2.1818181818181817 2.5757575757575757 1.606060606060606 1.2121212121212122 1.8181818181818181 1.696969696969697 2.878787878787879 1.8181818181818181 3.0 2.272727272727273 2.5757575757575757  
38 210.77534476811084 2.8181818181818183 1.2424242424242424 1.5454545454545454 2.1515151515151514 2.1515151515151514 2.9393939393939394 1.393939393939394 1.9696969696969697 1.7575757575757576 2.1818181818181817 2.5757575757575757 1.606060606060606 1.2121212121212122 1.8181818181818181 1.696969696969697 2.878787878787879 1.8181818181818181 3.0 2.272727272727273 2.5757575757575757  
96 118.82509014015493 1.878787878787879 0.8282828282828283 1.0303030303030303 1.4343434343434343 1.4343434343434343 1.9595959595959596 0.9292929292929293 1.3131313131313131 1.1717171717171717 1.4545454545454546 1.7171717171717171 1.0707070707070707 0.8080808080808081 1.2121212121212122 1.1313131313131313 1.9191919191919191 1.2121212121212122 2.0 1.5151515151515151 1.7171717171717171  
122 88.78330459125351 2.8181818181818183 1.2424242424242424 1.5454545454545454 2.1515151515151514 2.1515151515151514 2.9393939393939394 1.393939393939394 1.9696969696969697 1.7575757575757576 2.1818181818181817 2.5757575757575757 1.606060606060606 1.2121212121212122 1.8181818181818181 1.696969696969697 2.878787878787879 1.8181818181818181 3.0 2.272727272727273 2.5757575757575757  
65 36.1601693260656 2.8181818181818183 1.2424242424242424 1.5454545454545454 2.1515151515151514 2.1515151515151514 2.9393939393939394 1.393939393939394 1.9696969696969697 1.7575757575757576 2.1818181818181817 2.5757575757575757 1.606060606060606 1.2121212121212122 1.8181818181818181 1.696969696969697 2.878787878787879 1.8181818181818181 3.0 2.272727272727273 2.5757575757575757  
87 68.3301619527389 2.8181818181818183 1.2424242424242424 1.5454545454545454 2.1515151515151514 2.1515151515151514 2.9393939393939394 1.393939393939394 1.9696969696969697 1.7575757575757576 2.1818181818181817 2.5757575757575757 1.606060606060606 1.2121212121212122 1.8181818181818181 1.696969696969697 2.878787878787879 1.8181818181818181 3.0 2.272727272727273 2.5757575757575757  
126 25.35163494709115 1.878787878787879 0.8282828282828283 1.0303030303030303 1.4343434343434343 1.4343434343434343 1.9595959595959596 0.9292929292929293 1.3131313131313131 1.1717171717171717 1.4545454545454546 1.7171717171717171 1.0707070707070707 0.8080808080808081 1.2121212121212122 1.1313131313131313 1.9191919191919191 1.2121212121212122 2.0 1.5151515151515151 1.7171717171717171  
73 100.87002788483812 2.8181818181818183 1.2424242424242424 1.5454545454545454 2.1515151515151514 2.1515151515151514 2.9393939393939394 1.393939393939394 1.9696969696969697 1.7575757575757576 2.1818181818181817 2.5757575757575757 1.606060606060606 1.2121212121212122 1.8181818181818181 1.696969696969697 2.878787878787879 1.8181818181818181 3.0 2.272727272727273 2.5757575757575757  
27 198.6412342265315 1.878787878787879 0.8282828282828283 1.0303030303030303 1.4343434343434343 1.4343434343434343 1.9595959595959596 0.9292929292929293 1.3131313131313131 1.1717171717171717 1.4545454545454546 1.7171717171717171 1.0707070707070707 0.8080808080808081 1.2121212121212122 1.1313131313131313 1.9191919191919191 1.2121212121212122 2.0 1.5151515151515151 1.7171717171717171  
79 865.0 1.878787878787879 0.8282828282828283 1.0303030303030303 1.4343434343434343 1.4343434343434343 1.9595959595959596 0.9292929292929293 1.3131313131313131 1.1717171717171717 1.4545454545454546 1.7171717171717171 1.0707070707070707 0.8080808080808081 1.2121212121212122 1.1313131313131313 1.9191919191919191 1.2121212121212122 2.0 1.5151515151515151 1.7171717171717171  
80 9.291623440461336 1.878787878787879 0.8282828282828283 1.0303030303030303 1.4343434343434343 1.4343434343434343 1.9595959595959596 0.9292929292929293 1.3131313131313131 1.1717171717171717 1.4545454545454546 1.7171717171717171 1.0707070707070707 0.8080808080808081 1.2121212121212122 1.1313131313131313 1.9191919191919191 1.2121212121212122 2.0 1.5151515151515151 1.7171717171717171  
124 24.92933590109957 1.878787878787879 0.8282828282828283 1.0303030303030303 1.4343434343434343 1.4343434343434343 1.9595959595959596 0.9292929292929293 1.3131313131313131 1.1717171717171717 1.4545454545454546 1.7171717171717171 1.0707070707070707 0.8080808080808081 1.2121212121212122 1.1313131313131313 1.9191919191919191 1.2121212121212122 2.0 1.5151515151515151 1.7171717171717171  
41 22.793464968120933 2.8181818181818183 1.2424242424242424 1.5454545454545454 2.1515151515151514 2.1515151515151514 2.9393939393939394 1.393939393939394 1.9696969696969697 1.7575757575757576 2.1818181818181817 2.5757575757575757 1.606060606060606 1.2121212121212122 1.8181818181818181 1.696969696969697 2.878787878787879 1.8181818181818181 3.0 2.272727272727273 2.5757575757575757  
101 66.8227290678093 2.8181818181818183 1.2424242424242424 1.5454545454545454 2.1515151515151514 2.1515151515151514 2.9393939393939394 1.393939393939394 1.9696969696969697 1.7575757575757576 2.1818181818181817 2.5757575757575757 1.606060606060606 1.2121212121212122 1.8181818181818181 1.696969696969697 2.878787878787879 1.8181818181818181 3.0 2.272727272727273 2.5757575757575757  
108 27.432811105825728 2.8181818181818183 1.2424242424242424 1.5454545454545454 2.1515151515151514 2.1515151515151514 2.9393939393939394 1.393939393939394 1.9696969696969697 1.7575757575757576 2.1818181818181817 2.5757575757575757 1.606060606060606 1.2121212121212122 1.8181818181818181 1.696969696969697 2.878787878787879 1.8181818181818181 3.0 2.272727272727273 2.5757575757575757  
26 173.57605406117523 1.878787878787879 0.8282828282828283 1.0303030303030303 1.4343434343434343 1.4343434343434343 1.9595959595959596 0.9292929292929293 1.3131313131313131 1.1717171717171717 1.4545454545454546 1.7171717171717171 1.0707070707070707 0.8080808080808081 1.2121212121212122 1.1313131313131313 1.9191919191919191 1.2121212121212122 2.0 1.5151515151515151 1.7171717171717171  
12 367.0 2.8181818181818183 1.2424242424242424 1.5454545454545454 2.1515151515151514 2.1515151515151514 2.9393939393939394 1.393939393939394 1.9696969696969697 1.7575757575757576 2.1818181818181817 2.5757575757575757 1.606060606060606 1.2121212121212122 1.8181818181818181 1.696969696969697 2.878787878787879 1.8181818181818181 3.0 2.272727272727273 2.5757575757575757  
15 6.870560702659914 2.8181818181818183 1.2424242424242424 1.5454545454545454 2.1515151515151514 2.1515151515151514 2.9393939393939394 1.393939393939394 1.9696969696969697 1.7575757575757576 2.1818181818181817 2.5757575757575757 1.606060606060606 1.2121212121212122 1.8181818181818181 1.696969696969697 2.878787878787879 1.8181818181818181 3.0 2.272727272727273 2.5757575757575757  
37 71.11848434799548 2.8181818181818183 1.2424242424242424 1.5454545454545454 2.1515151515151514 2.1515151515151514 2.9393939393939394 1.393939393939394 1.9696969696969697 1.7575757575757576 2.1818181818181817 2.5757575757575757 1.606060606060606 1.2121212121212122 1.8181818181818181 1.696969696969697 2.878787878787879 1.8181818181818181 3.0 2.272727272727273 2.5757575757575757  
42 19.04942608036732 1.878787878787879 0.8282828282828283 1.0303030303030303 1.4343434343434343 1.4343434343434343 1.9595959595959596 0.9292929292929293 1.3131313131313131 1.1717171717171717 1.4545454545454546 1.7171717171717171 1.0707070707070707 0.8080808080808081 1.2121212121212122 1.1313131313131313 1.9191919191919191 1.2121212121212122 2.0 1.5151515151515151 1.7171717171717171  
113 43.710076416313925 2.8181818181818183 1.2424242424242424 1.5454545454545454 2.1515151515151514 2.1515151515151514 2.9393939393939394 1.393939393939394 1.9696969696969697 1.7575757575757576 2.1818181818181817 2.5757575757575757 1.606060606060606 1.2121212121212122 1.8181818181818181 1.696969696969697 2.878787878787879 1.8181818181818181 3.0 2.272727272727273 2.5757575757575757  
127 48.014757166063724 2.8181818181818183 1.2424242424242424 1.5454545454545454 2.1515151515151514 2.1515151515151514 2.9393939393939394 1.393939393939394 1.9696969696969697 1.7575757575757576 2.1818181818181817 2.5757575757575757 1.606060606060606 1.2121212121212122 1.8181818181818181 1.696969696969697 2.878787878787879 1.8181818181818181 3.0 2.272727272727273 2.5757575757575757  
1 44.74482207012036 2.8181818181818183 1.2424242424242424 1.5454545454545454 2.1515151515151514 2.1515151515151514 2.9393939393939394 1.393939393939394 1.9696969696969697 1.7575757575757576 2.1818181818181817 2.5757575757575757 1.606060606060606 1.2121212121212122 1.8181818181818181 1.696969696969697 2.878787878787879 1.8181818181818181 3.0 2.272727272727273 2.5757575757575757  
91 114.0 2.8181818181818183 1.2424242424242424 1.5454545454545454 2.1515151515151514 2.1515151515151514 2.9393939393939394 1.393939393939394 1.9696969696969697 1.7575757575757576 2.1818181818181817 2.5757575757575757 1.606060606060606 1.2121212121212122 1.8181818181818181 1.696969696969697 2.878787878787879 1.8181818181818181 3.0 2.272727272727273 2.5757575757575757  
120 23.284081011732717 2.8181818181818183 1.2424242424242424 1.5454545454545454 2.1515151515151514 2.1515151515151514 2.9393939393939394 1.393939393939394 1.9696969696969697 1.7575757575757576 2.1818181818181817 2.5757575757575757 1.606060606060606 1.2121212121212122 1.8181818181818181 1.696969696969697 2.878787878787879 1.8181818181818181 3.0 2.272727272727273 2.5757575757575757  
31 101.70672373529726 1.878787878787879 0.8282828282828283 1.0303030303030303 1.4343434343434343 1.4343434343434343 1.9595959595959596 0.9292929292929293 1.3131313131313131 1.1717171717171717 1.4545454545454546 1.7171717171717171 1.0707070707070707 0.8080808080808081 1.2121212121212122 1.1313131313131313 1.9191919191919191 1.2121212121212122 2.0 1.5151515151515151 1.7171717171717171  
98 69.42688248719136 1.878787878787879 0.8282828282828283 1.0303030303030303 1.4343434343434343 1.4343434343434343 1.9595959595959596 0.9292929292929293 1.3131313131313131 1.1717171717171717 1.4545454545454546 1.7171717171717171 1.0707070707070707 0.8080808080808081 1.2121212121212122 1.1313131313131313 1.9191919191919191 1.2121212121212122 2.0 1.5151515151515151 1.7171717171717171  
78 94.81961689891405 2.8181818181818183 1.2424242424242424 1.5454545454545454 2.1515151515151514 2.1515151515151514 2.9393939393939394 1.393939393939394 1.9696969696969697 1.7575757575757576 2.1818181818181817 2.5757575757575757 1.606060606060606 1.2121212121212122 1.8181818181818181 1.696969696969697 2.878787878787879 1.8181818181818181 3.0 2.272727272727273 2.5757575757575757  
112 26.982950436888487 1.878787878787879 0.8282828282828283 1.0303030303030303 1.4343434343434343 1.4343434343434343 1.9595959595959596 0.9292929292929293 1.3131313131313131 1.1717171717171717 1.4545454545454546 1.7171717171717171 1.0707070707070707 0.8080808080808081 1.2121212121212122 1.1313131313131313 1.9191919191919191 1.2121212121212122 2.0 1.5151515151515151 1.7171717171717171  
74 94.1104792764054 1.878787878787879 0.8282828282828283 1.0303030303030303 1.4343434343434343 1.4343434343434343 1.9595959595959596 0.9292929292929293 1.3131313131313131 1.1717171717171717 1.4545454545454546 1.7171717171717171 1.0707070707070707 0.8080808080808081 1.2121212121212122 1.1313131313131313 1.9191919191919191 1.2121212121212122 2.0 1.5151515151515151 1.7171717171717171  
123 30.572604491476525 1.878787878787879 0.8282828282828283 1.0303030303030303 1.4343434343434343 1.4343434343434343 1.9595959595959596 0.9292929292929293 1.3131313131313131 1.1717171717171717 1.4545454545454546 1.7171717171717171 1.0707070707070707 0.8080808080808081 1.2121212121212122 1.1313131313131313 1.9191919191919191 1.2121212121212122 2.0 1.5151515151515151 1.7171717171717171  
59 74.4641291361793 2.8181818181818183 1.2424242424242424 1.5454545454545454 2.1515151515151514 2.1515151515151514 2.9393939393939394 1.393939393939394 1.9696969696969697 1.7575757575757576 2.1818181818181817 2.5757575757575757 1.606060606060606 1.2121212121212122 1.8181818181818181 1.696969696969697 2.878787878787879 1.8181818181818181 3.0 2.272727272727273 2.5757575757575757  
28 168.35899434536216 1.878787878787879 0.8282828282828283 1.0303030303030303 1.4343434343434343 1.4343434343434343 1.9595959595959596 0.9292929292929293 1.3131313131313131 1.1717171717171717 1.4545454545454546 1.7171717171717171 1.0707070707070707 0.8080808080808081 1.2121212121212122 1.1313131313131313 1.9191919191919191 1.2121212121212122 2.0 1.5151515151515151 1.7171717171717171  
107 55.901207581791226 1.878787878787879 0.8282828282828283 1.0303030303030303 1.4343434343434343 1.4343434343434343 1.9595959595959596 0.9292929292929293 1.3131313131313131 1.1717171717171717 1.4545454545454546 1.7171717171717171 1.0707070707070707 0.8080808080808081 1.2121212121212122 1.1313131313131313 1.9191919191919191 1.2121212121212122 2.0 1.5151515151515151 1.7171717171717171  
125 30.191615682152857 1.878787878787879 0.8282828282828283 1.0303030303030303 1.4343434343434343 1.4343434343434343 1.9595959595959596 0.9292929292929293 1.3131313131313131 1.1717171717171717 1.4545454545454546 1.7171717171717171 1.0707070707070707 0.8080808080808081 1.2121212121212122 1.1313131313131313 1.9191919191919191 1.2121212121212122 2.0 1.5151515151515151 1.7171717171717171  
51 25.47510844177766 1.878787878787879 0.8282828282828283 1.0303030303030303 1.4343434343434343 1.4343434343434343 1.9595959595959596 0.9292929292929293 1.3131313131313131 1.1717171717171717 1.4545454545454546 1.7171717171717171 1.0707070707070707 0.8080808080808081 1.2121212121212122 1.1313131313131313 1.9191919191919191 1.2121212121212122 2.0 1.5151515151515151 1.7171717171717171  
82 73.46964639815863 2.8181818181818183 1.2424242424242424 1.5454545454545454 2.1515151515151514 2.1515151515151514 2.9393939393939394 1.393939393939394 1.9696969696969697 1.7575757575757576 2.1818181818181817 2.5757575757575757 1.606060606060606 1.2121212121212122 1.8181818181818181 1.696969696969697 2.878787878787879 1.8181818181818181 3.0 2.272727272727273 2.5757575757575757  
66 9.05671369046977 1.878787878787879 0.8282828282828283 1.0303030303030303 1.4343434343434343 1.4343434343434343 1.9595959595959596 0.9292929292929293 1.3131313131313131 1.1717171717171717 1.4545454545454546 1.7171717171717171 1.0707070707070707 0.8080808080808081 1.2121212121212122 1.1313131313131313 1.9191919191919191 1.2121212121212122 2.0 1.5151515151515151 1.7171717171717171  
64 47.61275987316921 2.8181818181818183 1.2424242424242424 1.5454545454545454 2.1515151515151514 2.1515151515151514 2.9393939393939394 1.393939393939394 1.9696969696969697 1.7575757575757576 2.1818181818181817 2.5757575757575757 1.606060606060606 1.2121212121212122 1.8181818181818181 1.696969696969697 2.878787878787879 1.8181818181818181 3.0 2.272727272727273 2.5757575757575757  
61 29.49048956617843 1.878787878787879 0.8282828282828283 1.0303030303030303 1.4343434343434343 1.4343434343434343 1.9595959595959596 0.9292929292929293 1.3131313131313131 1.1717171717171717 1.4545454545454546 1.7171717171717171 1.0707070707070707 0.8080808080808081 1.2121212121212122 1.1313131313131313 1.9191919191919191 1.2121212121212122 2.0 1.5151515151515151 1.7171717171717171  
