170 10
TREE NETWORK (nID nID Weight):
1 0 57.0 
2 1 50.0 
3 2 51.0 
106 1 58.0 
4 3 51.0 
139 1 39.0 
44 2 46.0 
45 44 50.0 
107 106 52.0 
93 2 59.0 
140 139 49.0 
152 1 52.0 
153 152 51.0 
141 140 39.0 
46 45 49.0 
50 45 41.0 
73 44 34.0 
47 46 31.0 
81 44 48.0 
125 106 32.0 
57 45 37.0 
74 73 37.0 
108 107 38.0 
126 125 41.0 
5 4 53.0 
51 50 40.0 
87 44 53.0 
99 2 36.0 
58 57 59.0 
35 3 52.0 
6 5 55.0 
11 5 34.0 
128 106 46.0 
21 5 32.0 
52 51 51.0 
40 3 53.0 
12 11 48.0 
94 93 59.0 
157 152 55.0 
75 74 31.0 
22 21 49.0 
36 35 57.0 
109 108 56.0 
101 2 44.0 
160 1 35.0 
110 109 53.0 
82 81 57.0 
111 110 41.0 
129 128 49.0 
112 110 33.0 
7 6 31.0 
53 52 49.0 
85 81 37.0 
146 139 45.0 
64 45 47.0 
130 128 43.0 
41 40 50.0 
117 107 55.0 
23 22 39.0 
78 73 35.0 
54 50 32.0 
17 11 32.0 
86 81 49.0 
59 58 52.0 
60 57 48.0 
80 73 42.0 
144 140 36.0 
137 128 35.0 
31 4 51.0 
119 107 36.0 
120 107 48.0 
115 109 36.0 
131 130 54.0 
65 64 57.0 
102 101 31.0 
95 93 57.0 
26 22 52.0 
123 107 58.0 
121 120 52.0 
88 44 37.0 
13 12 39.0 
122 121 40.0 
132 131 36.0 
89 88 36.0 
90 88 48.0 
18 17 39.0 
66 65 45.0 
30 5 55.0 
15 12 59.0 
49 46 39.0 
76 74 56.0 
147 146 57.0 
68 64 57.0 
42 40 36.0 
116 108 46.0 
16 15 41.0 
161 160 33.0 
61 60 45.0 
32 31 33.0 
43 40 35.0 
113 112 38.0 
138 106 38.0 
27 26 40.0 
166 1 43.0 
98 93 30.0 
55 54 52.0 
154 153 38.0 
91 90 54.0 
83 82 32.0 
62 61 46.0 
92 44 58.0 
56 54 56.0 
84 82 34.0 
96 95 30.0 
148 147 37.0 
8 7 50.0 
37 36 32.0 
145 140 32.0 
79 78 37.0 
136 131 45.0 
164 160 32.0 
159 152 46.0 
19 18 56.0 
33 32 32.0 
127 126 43.0 
133 132 34.0 
48 47 57.0 
134 133 44.0 
104 2 47.0 
124 107 30.0 
168 1 33.0 
149 146 43.0 
38 35 35.0 
63 57 42.0 
162 161 58.0 
156 153 46.0 
39 35 50.0 
165 160 53.0 
150 149 41.0 
100 99 48.0 
20 19 33.0 
10 6 46.0 
167 166 32.0 
24 23 54.0 
28 26 30.0 
142 141 54.0 
143 142 57.0 
151 149 30.0 
69 68 46.0 
72 64 32.0 
9 8 57.0 
34 33 51.0 
14 13 39.0 
71 68 38.0 
118 117 46.0 
29 28 41.0 
114 110 46.0 
103 101 59.0 
70 69 53.0 
169 1 57.0 
158 157 44.0 
163 162 58.0 
135 134 36.0 
105 104 55.0 
77 76 59.0 
97 96 46.0 
67 66 38.0 
25 23 51.0 
155 154 53.0 
PROGRAMS ASSIGNED TO NODES (nID pID1 pID2 ...):
0 1 2 3 4 5 6 7 8 9 10  
83 1 2 3 4 5 6 7 9 10  
78 1 2 3 4 5 7 8 9 10  
127 1 2 3 4 5 6 8 9 10  
136 3 5 6 7  
51  
17 1 2 3 4 6 9  
9 1 2 4 5 6 8 9  
111 2 7 9 10  
66 1 6 7 9  
112 4 5 8 9 10  
48 1 4 5 6 10  
145 2 3 5 6 8 9 10  
6 1 5 6 10  
135 10  
146 2 3 5 6 8  
2 4 6 10  
110 1 3 5 7 8  
77  
148 1 2 5 6  
99 1 2 3 4 5 6 7 8 9  
11 5  
42 8  
70 1 2 4 5 7 8 9  
64 4 5 10  
73 6  
130  
159 2 3 4 5 6 7 8 9 10  
102 2 4 5 6 7 9 10  
36 2 3 7  
47 3 6 9  
32 4 8 10  
143 7 9  
101 2 3 4 7  
23 2 3 5 6 7 8 9  
100 2 5 6 7 8 9 10  
75 6  
93 1 2  
60 3 5 7 8  
118 2 4 10  
153 2 3 4 6 8 10  
169 1 4 5 9  
81 4 5 7 8 9 10  
43 1 2 3 5 6 7 8  
84 1 3 5 8 9 10  
155 1 2 3 4 6 8 9 10  
109 1 2 3 4 5 6 7 9 10  
16 5 10  
129 2 3 4 5 6 7 8 9 10  
28 1 6 10  
3 3 8  
125 1 4 7 8 9 10  
20 3 4 8  
69 1 3 5 6 7 8 9 10  
59 1 2 4 6 7 8 10  
10 3 4  
154 1 2 3 5 6 7 8 9  
96 7  
67 1 2 4 6 7  
34 6 7 8 10  
25  
126 2 3 5 6 8 9 10  
105 1 3 4 5 6 7 8 9 10  
85 1 2 4 5 6 7 8 9 10  
74 3 4 6 7 8 10  
138 3 4 5 6 7 8 9  
18 5  
108 1 3 4 5 6 7 8 10  
90 1 2 3 5 6 7 8 9 10  
162 5 7 8  
95 1 2 3 5 7 8 9 10  
31 1 4 5 7 8 9  
117 3  
152  
132 10  
22 3 4 7 8 9 10  
147 1 2 3 6  
14 1 3 4 7 8 9 10  
40 5  
5 2 4 5 6 7 8 9 10  
164  
72 5  
56 1 2 3 4 5 7 8 9 10  
21 10  
57 1 2 3 8  
80 1 2 3 4 6 7 8 9 10  
123 1 2 3 4 5 8 9 10  
97 4 8 9  
122 3 4  
133 2 3 4 5 6 8 9 10  
27 1 2 3 4 5 6 7 9 10  
168 1 2 5 6 7 8 9 10  
65 7  
54 4 5 6 7 8 9  
106  
55 3 9  
160 1 2 4 6 7 8  
137 4  
144 4 5 6 8  
71 2 9  
33 2 3 4 5 6 8 10  
121 1 2 3 4 6 8 9  
114 2 7  
87 6 9 10  
35 1 2 3 5 6 7 8 9 10  
165 5 10  
107 3 4 5 6 7 8 9 10  
116  
37 2 4 7 9  
86 1 2 4 5 6 7 8 9 10  
39 2 8 10  
94 1 3 4 6 7 8 9  
149 3 5 8  
1 1 2 3 4 5 6 7 10  
19 2 3 5 6 10  
8 1 3 5 9 10  
63 2 3 6 7 8 9 10  
161 1 3 4 5 6 7 8 9 10  
103 10  
140 1 2 3 4 5 7 8 9  
62 1 2 4 5 6 8 9 10  
82 6 10  
4 3 4 6 8 10  
115 1 3 4 9 10  
131 2  
26 2 3 4 6  
44 1 2 3 4 5 6 8 10  
104 1 2 3 4 5 6 7 9 10  
150 1 3 4 6 8 10  
88 1 2 3 4 6 7 8 9  
163 10  
92 3 8 10  
24 1 3 4 6 7 8 9  
58  
30 2 4 6 7 8 9  
13 3 4  
142 1 2 3 4 5 6 7 8  
41  
12 1 2 3 5 6 7 8 10  
134 1 2 5  
120 4 6  
157 1 6 7 8 9  
151 1 2 5 7 8 9 10  
156 1 2 3 4 5 6 7 8 9  
167 1 2 3 4 5 6 7 8 9  
45 1 2 3 4 5 7 8 9 10  
49  
128 9 10  
113  
158 1 2 5 6 8 9 10  
7  
119 3 9  
61 1 2 3 4 5 6 8  
98 2 3  
53 5 7 9  
15 2 3 4 5 7 9 10  
139 1 4 5 7 8 9  
76 1 2 3 4 5 6 7 8 9  
50 2 4 8 10  
91 1 3 5 7 8  
141 1 2 4 10  
46 2 3 4 5 6 7 9 10  
124  
68 1 2 3 7 8 10  
166 3 5 7 9  
79 1 2 3 4 5 6 7 8 10  
38 3 4  
29 1 7 8 9 10  
89 2 3 4 5 6 7 8 9 10  
52 1 2 4 5 6 7 10  
SIZE OF PROGRAMS (pID SIZE):
1 56.0 
2 93.0 
3 58.0 
4 70.0 
5 80.0 
6 92.0 
7 46.0 
8 87.0 
9 41.0 
10 76.0 
COST_INSTALL_SERVER_AND_PROGRAMS :
0 3254.8387096774195 1.8064516129032258 3.0 1.8709677419354838 2.2580645161290325 2.5806451612903225 2.967741935483871 1.4838709677419355 2.806451612903226 1.3225806451612903 2.4516129032258065  
83 107.16978969864435 1.8064516129032258 3.0 1.8709677419354838 2.2580645161290325 2.5806451612903225 2.967741935483871 1.4838709677419355 2.806451612903226 1.3225806451612903 2.4516129032258065  
78 119.4573504682232 1.2043010752688172 2.0 1.2473118279569892 1.5053763440860215 1.7204301075268817 1.978494623655914 0.989247311827957 1.8709677419354838 0.8817204301075269 1.6344086021505377  
127 86.60919972875465 1.8064516129032258 3.0 1.8709677419354838 2.2580645161290325 2.5806451612903225 2.967741935483871 1.4838709677419355 2.806451612903226 1.3225806451612903 2.4516129032258065  
136 25.54693416185247 1.8064516129032258 3.0 1.8709677419354838 2.2580645161290325 2.5806451612903225 2.967741935483871 1.4838709677419355 2.806451612903226 1.3225806451612903 2.4516129032258065  
51 46.97260306879791 1.8064516129032258 3.0 1.8709677419354838 2.2580645161290325 2.5806451612903225 2.967741935483871 1.4838709677419355 2.806451612903226 1.3225806451612903 2.4516129032258065  
17 134.85442539962725 1.8064516129032258 3.0 1.8709677419354838 2.2580645161290325 2.5806451612903225 2.967741935483871 1.4838709677419355 2.806451612903226 1.3225806451612903 2.4516129032258065  
9 105.14363171071274 1.8064516129032258 3.0 1.8709677419354838 2.2580645161290325 2.5806451612903225 2.967741935483871 1.4838709677419355 2.806451612903226 1.3225806451612903 2.4516129032258065  
111 25.83805092652763 1.2043010752688172 2.0 1.2473118279569892 1.5053763440860215 1.7204301075268817 1.978494623655914 0.989247311827957 1.8709677419354838 0.8817204301075269 1.6344086021505377  
66 75.53658941662012 1.8064516129032258 3.0 1.8709677419354838 2.2580645161290325 2.5806451612903225 2.967741935483871 1.4838709677419355 2.806451612903226 1.3225806451612903 2.4516129032258065  
112 42.75935754076552 1.2043010752688172 2.0 1.2473118279569892 1.5053763440860215 1.7204301075268817 1.978494623655914 0.989247311827957 1.8709677419354838 0.8817204301075269 1.6344086021505377  
48 78.30816027669496 1.8064516129032258 3.0 1.8709677419354838 2.2580645161290325 2.5806451612903225 2.967741935483871 1.4838709677419355 2.806451612903226 1.3225806451612903 2.4516129032258065  
145 64.65674533552405 1.2043010752688172 2.0 1.2473118279569892 1.5053763440860215 1.7204301075268817 1.978494623655914 0.989247311827957 1.8709677419354838 0.8817204301075269 1.6344086021505377  
6 70.66267496892605 1.8064516129032258 3.0 1.8709677419354838 2.2580645161290325 2.5806451612903225 2.967741935483871 1.4838709677419355 2.806451612903226 1.3225806451612903 2.4516129032258065  
135 24.341416939825997 1.8064516129032258 3.0 1.8709677419354838 2.2580645161290325 2.5806451612903225 2.967741935483871 1.4838709677419355 2.806451612903226 1.3225806451612903 2.4516129032258065  
146 28.223522999037996 1.8064516129032258 3.0 1.8709677419354838 2.2580645161290325 2.5806451612903225 2.967741935483871 1.4838709677419355 2.806451612903226 1.3225806451612903 2.4516129032258065  
2 0.845466540642434 1.8064516129032258 3.0 1.8709677419354838 2.2580645161290325 2.5806451612903225 2.967741935483871 1.4838709677419355 2.806451612903226 1.3225806451612903 2.4516129032258065  
110 49.48220587633127 1.8064516129032258 3.0 1.8709677419354838 2.2580645161290325 2.5806451612903225 2.967741935483871 1.4838709677419355 2.806451612903226 1.3225806451612903 2.4516129032258065  
77 702.0 1.8064516129032258 3.0 1.8709677419354838 2.2580645161290325 2.5806451612903225 2.967741935483871 1.4838709677419355 2.806451612903226 1.3225806451612903 2.4516129032258065  
148 48.047067470244635 1.2043010752688172 2.0 1.2473118279569892 1.5053763440860215 1.7204301075268817 1.978494623655914 0.989247311827957 1.8709677419354838 0.8817204301075269 1.6344086021505377  
99 57.399826995669216 1.2043010752688172 2.0 1.2473118279569892 1.5053763440860215 1.7204301075268817 1.978494623655914 0.989247311827957 1.8709677419354838 0.8817204301075269 1.6344086021505377  
11 112.54166271231574 1.8064516129032258 3.0 1.8709677419354838 2.2580645161290325 2.5806451612903225 2.967741935483871 1.4838709677419355 2.806451612903226 1.3225806451612903 2.4516129032258065  
42 8.872360905705609 1.8064516129032258 3.0 1.8709677419354838 2.2580645161290325 2.5806451612903225 2.967741935483871 1.4838709677419355 2.806451612903226 1.3225806451612903 2.4516129032258065  
70 78.32477754803546 1.2043010752688172 2.0 1.2473118279569892 1.5053763440860215 1.7204301075268817 1.978494623655914 0.989247311827957 1.8709677419354838 0.8817204301075269 1.6344086021505377  
64 39.016272085514174 1.8064516129032258 3.0 1.8709677419354838 2.2580645161290325 2.5806451612903225 2.967741935483871 1.4838709677419355 2.806451612903226 1.3225806451612903 2.4516129032258065  
73 87.11037329818667 1.8064516129032258 3.0 1.8709677419354838 2.2580645161290325 2.5806451612903225 2.967741935483871 1.4838709677419355 2.806451612903226 1.3225806451612903 2.4516129032258065  
130 41.49055664860224 1.2043010752688172 2.0 1.2473118279569892 1.5053763440860215 1.7204301075268817 1.978494623655914 0.989247311827957 1.8709677419354838 0.8817204301075269 1.6344086021505377  
159 23.64868083140857 1.2043010752688172 2.0 1.2473118279569892 1.5053763440860215 1.7204301075268817 1.978494623655914 0.989247311827957 1.8709677419354838 0.8817204301075269 1.6344086021505377  
102 29.488003325032373 1.8064516129032258 3.0 1.8709677419354838 2.2580645161290325 2.5806451612903225 2.967741935483871 1.4838709677419355 2.806451612903226 1.3225806451612903 2.4516129032258065  
36 40.21542993491431 1.2043010752688172 2.0 1.2473118279569892 1.5053763440860215 1.7204301075268817 1.978494623655914 0.989247311827957 1.8709677419354838 0.8817204301075269 1.6344086021505377  
47 87.96539558833992 1.8064516129032258 3.0 1.8709677419354838 2.2580645161290325 2.5806451612903225 2.967741935483871 1.4838709677419355 2.806451612903226 1.3225806451612903 2.4516129032258065  
32 90.95594417615484 1.2043010752688172 2.0 1.2473118279569892 1.5053763440860215 1.7204301075268817 1.978494623655914 0.989247311827957 1.8709677419354838 0.8817204301075269 1.6344086021505377  
143 15.906036705444903 1.8064516129032258 3.0 1.8709677419354838 2.2580645161290325 2.5806451612903225 2.967741935483871 1.4838709677419355 2.806451612903226 1.3225806451612903 2.4516129032258065  
101 21.15218223244532 1.8064516129032258 3.0 1.8709677419354838 2.2580645161290325 2.5806451612903225 2.967741935483871 1.4838709677419355 2.806451612903226 1.3225806451612903 2.4516129032258065  
23 96.36295200207907 1.8064516129032258 3.0 1.8709677419354838 2.2580645161290325 2.5806451612903225 2.967741935483871 1.4838709677419355 2.806451612903226 1.3225806451612903 2.4516129032258065  
100 56.68221984101181 1.8064516129032258 3.0 1.8709677419354838 2.2580645161290325 2.5806451612903225 2.967741935483871 1.4838709677419355 2.806451612903226 1.3225806451612903 2.4516129032258065  
75 21.592829801041788 1.2043010752688172 2.0 1.2473118279569892 1.5053763440860215 1.7204301075268817 1.978494623655914 0.989247311827957 1.8709677419354838 0.8817204301075269 1.6344086021505377  
93 36.02265707166604 1.8064516129032258 3.0 1.8709677419354838 2.2580645161290325 2.5806451612903225 2.967741935483871 1.4838709677419355 2.806451612903226 1.3225806451612903 2.4516129032258065  
60 132.30466493070594 1.2043010752688172 2.0 1.2473118279569892 1.5053763440860215 1.7204301075268817 1.978494623655914 0.989247311827957 1.8709677419354838 0.8817204301075269 1.6344086021505377  
118 31.99815855989119 1.8064516129032258 3.0 1.8709677419354838 2.2580645161290325 2.5806451612903225 2.967741935483871 1.4838709677419355 2.806451612903226 1.3225806451612903 2.4516129032258065  
153 50.38655819209097 1.8064516129032258 3.0 1.8709677419354838 2.2580645161290325 2.5806451612903225 2.967741935483871 1.4838709677419355 2.806451612903226 1.3225806451612903 2.4516129032258065  
169 8.058876264377067 1.2043010752688172 2.0 1.2473118279569892 1.5053763440860215 1.7204301075268817 1.978494623655914 0.989247311827957 1.8709677419354838 0.8817204301075269 1.6344086021505377  
81 61.155530130157075 1.2043010752688172 2.0 1.2473118279569892 1.5053763440860215 1.7204301075268817 1.978494623655914 0.989247311827957 1.8709677419354838 0.8817204301075269 1.6344086021505377  
43 78.21597502136498 1.2043010752688172 2.0 1.2473118279569892 1.5053763440860215 1.7204301075268817 1.978494623655914 0.989247311827957 1.8709677419354838 0.8817204301075269 1.6344086021505377  
84 70.17800943737184 1.2043010752688172 2.0 1.2473118279569892 1.5053763440860215 1.7204301075268817 1.978494623655914 0.989247311827957 1.8709677419354838 0.8817204301075269 1.6344086021505377  
155 63.93004986597234 1.2043010752688172 2.0 1.2473118279569892 1.5053763440860215 1.7204301075268817 1.978494623655914 0.989247311827957 1.8709677419354838 0.8817204301075269 1.6344086021505377  
109 64.01254577664231 1.2043010752688172 2.0 1.2473118279569892 1.5053763440860215 1.7204301075268817 1.978494623655914 0.989247311827957 1.8709677419354838 0.8817204301075269 1.6344086021505377  
16 31.5658985228059 1.8064516129032258 3.0 1.8709677419354838 2.2580645161290325 2.5806451612903225 2.967741935483871 1.4838709677419355 2.806451612903226 1.3225806451612903 2.4516129032258065  
129 62.69243962186631 1.8064516129032258 3.0 1.8709677419354838 2.2580645161290325 2.5806451612903225 2.967741935483871 1.4838709677419355 2.806451612903226 1.3225806451612903 2.4516129032258065  
28 87.25002496763906 1.2043010752688172 2.0 1.2473118279569892 1.5053763440860215 1.7204301075268817 1.978494623655914 0.989247311827957 1.8709677419354838 0.8817204301075269 1.6344086021505377  
3 28.746137818231244 1.2043010752688172 2.0 1.2473118279569892 1.5053763440860215 1.7204301075268817 1.978494623655914 0.989247311827957 1.8709677419354838 0.8817204301075269 1.6344086021505377  
125 43.64471403142183 1.8064516129032258 3.0 1.8709677419354838 2.2580645161290325 2.5806451612903225 2.967741935483871 1.4838709677419355 2.806451612903226 1.3225806451612903 2.4516129032258065  
20 49.86244951587345 1.8064516129032258 3.0 1.8709677419354838 2.2580645161290325 2.5806451612903225 2.967741935483871 1.4838709677419355 2.806451612903226 1.3225806451612903 2.4516129032258065  
69 68.98472966253205 1.8064516129032258 3.0 1.8709677419354838 2.2580645161290325 2.5806451612903225 2.967741935483871 1.4838709677419355 2.806451612903226 1.3225806451612903 2.4516129032258065  
59 53.745384661648316 1.8064516129032258 3.0 1.8709677419354838 2.2580645161290325 2.5806451612903225 2.967741935483871 1.4838709677419355 2.806451612903226 1.3225806451612903 2.4516129032258065  
10 22.483716941554427 1.8064516129032258 3.0 1.8709677419354838 2.2580645161290325 2.5806451612903225 2.967741935483871 1.4838709677419355 2.806451612903226 1.3225806451612903 2.4516129032258065  
154 40.95842154031213 1.8064516129032258 3.0 1.8709677419354838 2.2580645161290325 2.5806451612903225 2.967741935483871 1.4838709677419355 2.806451612903226 1.3225806451612903 2.4516129032258065  
96 25.08330904304067 1.8064516129032258 3.0 1.8709677419354838 2.2580645161290325 2.5806451612903225 2.967741935483871 1.4838709677419355 2.806451612903226 1.3225806451612903 2.4516129032258065  
67 80.63092879008798 1.2043010752688172 2.0 1.2473118279569892 1.5053763440860215 1.7204301075268817 1.978494623655914 0.989247311827957 1.8709677419354838 0.8817204301075269 1.6344086021505377  
34 43.32310337503579 1.8064516129032258 3.0 1.8709677419354838 2.2580645161290325 2.5806451612903225 2.967741935483871 1.4838709677419355 2.806451612903226 1.3225806451612903 2.4516129032258065  
25 772.0 1.8064516129032258 3.0 1.8709677419354838 2.2580645161290325 2.5806451612903225 2.967741935483871 1.4838709677419355 2.806451612903226 1.3225806451612903 2.4516129032258065  
126 54.86475474758288 1.2043010752688172 2.0 1.2473118279569892 1.5053763440860215 1.7204301075268817 1.978494623655914 0.989247311827957 1.8709677419354838 0.8817204301075269 1.6344086021505377  
105 43.43240608086699 1.2043010752688172 2.0 1.2473118279569892 1.5053763440860215 1.7204301075268817 1.978494623655914 0.989247311827957 1.8709677419354838 0.8817204301075269 1.6344086021505377  
85 41.4212690843552 1.8064516129032258 3.0 1.8709677419354838 2.2580645161290325 2.5806451612903225 2.967741935483871 1.4838709677419355 2.806451612903226 1.3225806451612903 2.4516129032258065  
74 60.414456489328124 1.2043010752688172 2.0 1.2473118279569892 1.5053763440860215 1.7204301075268817 1.978494623655914 0.989247311827957 1.8709677419354838 0.8817204301075269 1.6344086021505377  
138 20.939506877576612 1.8064516129032258 3.0 1.8709677419354838 2.2580645161290325 2.5806451612903225 2.967741935483871 1.4838709677419355 2.806451612903226 1.3225806451612903 2.4516129032258065  
18 167.70975184432996 1.8064516129032258 3.0 1.8709677419354838 2.2580645161290325 2.5806451612903225 2.967741935483871 1.4838709677419355 2.806451612903226 1.3225806451612903 2.4516129032258065  
108 59.37949574288069 1.8064516129032258 3.0 1.8709677419354838 2.2580645161290325 2.5806451612903225 2.967741935483871 1.4838709677419355 2.806451612903226 1.3225806451612903 2.4516129032258065  
90 51.80507239392506 1.8064516129032258 3.0 1.8709677419354838 2.2580645161290325 2.5806451612903225 2.967741935483871 1.4838709677419355 2.806451612903226 1.3225806451612903 2.4516129032258065  
162 32.46214703957408 1.2043010752688172 2.0 1.2473118279569892 1.5053763440860215 1.7204301075268817 1.978494623655914 0.989247311827957 1.8709677419354838 0.8817204301075269 1.6344086021505377  
95 50.70433964192422 1.8064516129032258 3.0 1.8709677419354838 2.2580645161290325 2.5806451612903225 2.967741935483871 1.4838709677419355 2.806451612903226 1.3225806451612903 2.4516129032258065  
31 90.83782523868301 1.2043010752688172 2.0 1.2473118279569892 1.5053763440860215 1.7204301075268817 1.978494623655914 0.989247311827957 1.8709677419354838 0.8817204301075269 1.6344086021505377  
117 14.001284176783823 1.2043010752688172 2.0 1.2473118279569892 1.5053763440860215 1.7204301075268817 1.978494623655914 0.989247311827957 1.8709677419354838 0.8817204301075269 1.6344086021505377  
152 20.061036108653063 1.8064516129032258 3.0 1.8709677419354838 2.2580645161290325 2.5806451612903225 2.967741935483871 1.4838709677419355 2.806451612903226 1.3225806451612903 2.4516129032258065  
132 125.9448478995929 1.8064516129032258 3.0 1.8709677419354838 2.2580645161290325 2.5806451612903225 2.967741935483871 1.4838709677419355 2.806451612903226 1.3225806451612903 2.4516129032258065  
22 94.33799624717022 1.2043010752688172 2.0 1.2473118279569892 1.5053763440860215 1.7204301075268817 1.978494623655914 0.989247311827957 1.8709677419354838 0.8817204301075269 1.6344086021505377  
147 36.529131806901546 1.2043010752688172 2.0 1.2473118279569892 1.5053763440860215 1.7204301075268817 1.978494623655914 0.989247311827957 1.8709677419354838 0.8817204301075269 1.6344086021505377  
14 121.100758219124 1.2043010752688172 2.0 1.2473118279569892 1.5053763440860215 1.7204301075268817 1.978494623655914 0.989247311827957 1.8709677419354838 0.8817204301075269 1.6344086021505377  
40 32.01330102870155 1.2043010752688172 2.0 1.2473118279569892 1.5053763440860215 1.7204301075268817 1.978494623655914 0.989247311827957 1.8709677419354838 0.8817204301075269 1.6344086021505377  
5 59.66612619125209 1.8064516129032258 3.0 1.8709677419354838 2.2580645161290325 2.5806451612903225 2.967741935483871 1.4838709677419355 2.806451612903226 1.3225806451612903 2.4516129032258065  
164 778.0 1.2043010752688172 2.0 1.2473118279569892 1.5053763440860215 1.7204301075268817 1.978494623655914 0.989247311827957 1.8709677419354838 0.8817204301075269 1.6344086021505377  
72 9.945017254644167 1.2043010752688172 2.0 1.2473118279569892 1.5053763440860215 1.7204301075268817 1.978494623655914 0.989247311827957 1.8709677419354838 0.8817204301075269 1.6344086021505377  
56 100.15634166595606 1.8064516129032258 3.0 1.8709677419354838 2.2580645161290325 2.5806451612903225 2.967741935483871 1.4838709677419355 2.806451612903226 1.3225806451612903 2.4516129032258065  
21 95.30647775135463 1.2043010752688172 2.0 1.2473118279569892 1.5053763440860215 1.7204301075268817 1.978494623655914 0.989247311827957 1.8709677419354838 0.8817204301075269 1.6344086021505377  
57 98.50493629441189 1.8064516129032258 3.0 1.8709677419354838 2.2580645161290325 2.5806451612903225 2.967741935483871 1.4838709677419355 2.806451612903226 1.3225806451612903 2.4516129032258065  
80 93.53734682033644 1.8064516129032258 3.0 1.8709677419354838 2.2580645161290325 2.5806451612903225 2.967741935483871 1.4838709677419355 2.806451612903226 1.3225806451612903 2.4516129032258065  
123 44.98793091233054 1.2043010752688172 2.0 1.2473118279569892 1.5053763440860215 1.7204301075268817 1.978494623655914 0.989247311827957 1.8709677419354838 0.8817204301075269 1.6344086021505377  
97 31.73485526998005 1.8064516129032258 3.0 1.8709677419354838 2.2580645161290325 2.5806451612903225 2.967741935483871 1.4838709677419355 2.806451612903226 1.3225806451612903 2.4516129032258065  
122 8.583419866685041 1.8064516129032258 3.0 1.8709677419354838 2.2580645161290325 2.5806451612903225 2.967741935483871 1.4838709677419355 2.806451612903226 1.3225806451612903 2.4516129032258065  
133 147.7254508680358 1.8064516129032258 3.0 1.8709677419354838 2.2580645161290325 2.5806451612903225 2.967741935483871 1.4838709677419355 2.806451612903226 1.3225806451612903 2.4516129032258065  
27 153.68497760219515 1.8064516129032258 3.0 1.8709677419354838 2.2580645161290325 2.5806451612903225 2.967741935483871 1.4838709677419355 2.806451612903226 1.3225806451612903 2.4516129032258065  
168 22.83865612403639 1.8064516129032258 3.0 1.8709677419354838 2.2580645161290325 2.5806451612903225 2.967741935483871 1.4838709677419355 2.806451612903226 1.3225806451612903 2.4516129032258065  
65 41.86743939383748 1.2043010752688172 2.0 1.2473118279569892 1.5053763440860215 1.7204301075268817 1.978494623655914 0.989247311827957 1.8709677419354838 0.8817204301075269 1.6344086021505377  
54 131.10818401932917 1.2043010752688172 2.0 1.2473118279569892 1.5053763440860215 1.7204301075268817 1.978494623655914 0.989247311827957 1.8709677419354838 0.8817204301075269 1.6344086021505377  
106 33.880238321478274 1.2043010752688172 2.0 1.2473118279569892 1.5053763440860215 1.7204301075268817 1.978494623655914 0.989247311827957 1.8709677419354838 0.8817204301075269 1.6344086021505377  
55 24.171544927639136 1.8064516129032258 3.0 1.8709677419354838 2.2580645161290325 2.5806451612903225 2.967741935483871 1.4838709677419355 2.806451612903226 1.3225806451612903 2.4516129032258065  
160 28.70544752528959 1.8064516129032258 3.0 1.8709677419354838 2.2580645161290325 2.5806451612903225 2.967741935483871 1.4838709677419355 2.806451612903226 1.3225806451612903 2.4516129032258065  
137 6.802956015987541 1.8064516129032258 3.0 1.8709677419354838 2.2580645161290325 2.5806451612903225 2.967741935483871 1.4838709677419355 2.806451612903226 1.3225806451612903 2.4516129032258065  
144 39.59472267624588 1.8064516129032258 3.0 1.8709677419354838 2.2580645161290325 2.5806451612903225 2.967741935483871 1.4838709677419355 2.806451612903226 1.3225806451612903 2.4516129032258065  
71 25.065080230503337 1.2043010752688172 2.0 1.2473118279569892 1.5053763440860215 1.7204301075268817 1.978494623655914 0.989247311827957 1.8709677419354838 0.8817204301075269 1.6344086021505377  
33 140.9868452313529 1.2043010752688172 2.0 1.2473118279569892 1.5053763440860215 1.7204301075268817 1.978494623655914 0.989247311827957 1.8709677419354838 0.8817204301075269 1.6344086021505377  
121 68.66561487723376 1.8064516129032258 3.0 1.8709677419354838 2.2580645161290325 2.5806451612903225 2.967741935483871 1.4838709677419355 2.806451612903226 1.3225806451612903 2.4516129032258065  
114 25.389813046104376 1.2043010752688172 2.0 1.2473118279569892 1.5053763440860215 1.7204301075268817 1.978494623655914 0.989247311827957 1.8709677419354838 0.8817204301075269 1.6344086021505377  
87 17.772288811688057 1.2043010752688172 2.0 1.2473118279569892 1.5053763440860215 1.7204301075268817 1.978494623655914 0.989247311827957 1.8709677419354838 0.8817204301075269 1.6344086021505377  
35 61.54069182398196 1.8064516129032258 3.0 1.8709677419354838 2.2580645161290325 2.5806451612903225 2.967741935483871 1.4838709677419355 2.806451612903226 1.3225806451612903 2.4516129032258065  
165 8.510012156501176 1.2043010752688172 2.0 1.2473118279569892 1.5053763440860215 1.7204301075268817 1.978494623655914 0.989247311827957 1.8709677419354838 0.8817204301075269 1.6344086021505377  
107 40.88028134705088 1.8064516129032258 3.0 1.8709677419354838 2.2580645161290325 2.5806451612903225 2.967741935483871 1.4838709677419355 2.806451612903226 1.3225806451612903 2.4516129032258065  
116 219.0 1.8064516129032258 3.0 1.8709677419354838 2.2580645161290325 2.5806451612903225 2.967741935483871 1.4838709677419355 2.806451612903226 1.3225806451612903 2.4516129032258065  
37 48.80521038508157 1.2043010752688172 2.0 1.2473118279569892 1.5053763440860215 1.7204301075268817 1.978494623655914 0.989247311827957 1.8709677419354838 0.8817204301075269 1.6344086021505377  
86 44.923900598625295 1.8064516129032258 3.0 1.8709677419354838 2.2580645161290325 2.5806451612903225 2.967741935483871 1.4838709677419355 2.806451612903226 1.3225806451612903 2.4516129032258065  
39 19.711221938394353 1.8064516129032258 3.0 1.8709677419354838 2.2580645161290325 2.5806451612903225 2.967741935483871 1.4838709677419355 2.806451612903226 1.3225806451612903 2.4516129032258065  
94 48.90351752711911 1.8064516129032258 3.0 1.8709677419354838 2.2580645161290325 2.5806451612903225 2.967741935483871 1.4838709677419355 2.806451612903226 1.3225806451612903 2.4516129032258065  
149 97.00057215383711 1.2043010752688172 2.0 1.2473118279569892 1.5053763440860215 1.7204301075268817 1.978494623655914 0.989247311827957 1.8709677419354838 0.8817204301075269 1.6344086021505377  
1 16.562691685491103 1.2043010752688172 2.0 1.2473118279569892 1.5053763440860215 1.7204301075268817 1.978494623655914 0.989247311827957 1.8709677419354838 0.8817204301075269 1.6344086021505377  
19 171.8172759563085 1.2043010752688172 2.0 1.2473118279569892 1.5053763440860215 1.7204301075268817 1.978494623655914 0.989247311827957 1.8709677419354838 0.8817204301075269 1.6344086021505377  
8 132.2302403448266 1.8064516129032258 3.0 1.8709677419354838 2.2580645161290325 2.5806451612903225 2.967741935483871 1.4838709677419355 2.806451612903226 1.3225806451612903 2.4516129032258065  
63 35.43315760398407 1.8064516129032258 3.0 1.8709677419354838 2.2580645161290325 2.5806451612903225 2.967741935483871 1.4838709677419355 2.806451612903226 1.3225806451612903 2.4516129032258065  
161 25.472711417914596 1.8064516129032258 3.0 1.8709677419354838 2.2580645161290325 2.5806451612903225 2.967741935483871 1.4838709677419355 2.806451612903226 1.3225806451612903 2.4516129032258065  
103 8.10533202849982 1.8064516129032258 3.0 1.8709677419354838 2.2580645161290325 2.5806451612903225 2.967741935483871 1.4838709677419355 2.806451612903226 1.3225806451612903 2.4516129032258065  
140 42.13335818736403 1.2043010752688172 2.0 1.2473118279569892 1.5053763440860215 1.7204301075268817 1.978494623655914 0.989247311827957 1.8709677419354838 0.8817204301075269 1.6344086021505377  
62 120.88399240848571 1.2043010752688172 2.0 1.2473118279569892 1.5053763440860215 1.7204301075268817 1.978494623655914 0.989247311827957 1.8709677419354838 0.8817204301075269 1.6344086021505377  
82 49.074750390780764 1.8064516129032258 3.0 1.8709677419354838 2.2580645161290325 2.5806451612903225 2.967741935483871 1.4838709677419355 2.806451612903226 1.3225806451612903 2.4516129032258065  
4 81.65831723161051 1.2043010752688172 2.0 1.2473118279569892 1.5053763440860215 1.7204301075268817 1.978494623655914 0.989247311827957 1.8709677419354838 0.8817204301075269 1.6344086021505377  
115 35.284928628830315 1.8064516129032258 3.0 1.8709677419354838 2.2580645161290325 2.5806451612903225 2.967741935483871 1.4838709677419355 2.806451612903226 1.3225806451612903 2.4516129032258065  
131 100.53267440334199 1.8064516129032258 3.0 1.8709677419354838 2.2580645161290325 2.5806451612903225 2.967741935483871 1.4838709677419355 2.806451612903226 1.3225806451612903 2.4516129032258065  
26 102.17365189221188 1.2043010752688172 2.0 1.2473118279569892 1.5053763440860215 1.7204301075268817 1.978494623655914 0.989247311827957 1.8709677419354838 0.8817204301075269 1.6344086021505377  
44 56.70449503366035 1.2043010752688172 2.0 1.2473118279569892 1.5053763440860215 1.7204301075268817 1.978494623655914 0.989247311827957 1.8709677419354838 0.8817204301075269 1.6344086021505377  
104 17.817306346526895 1.8064516129032258 3.0 1.8709677419354838 2.2580645161290325 2.5806451612903225 2.967741935483871 1.4838709677419355 2.806451612903226 1.3225806451612903 2.4516129032258065  
150 52.23859555922542 1.8064516129032258 3.0 1.8709677419354838 2.2580645161290325 2.5806451612903225 2.967741935483871 1.4838709677419355 2.806451612903226 1.3225806451612903 2.4516129032258065  
88 67.60537772472884 1.2043010752688172 2.0 1.2473118279569892 1.5053763440860215 1.7204301075268817 1.978494623655914 0.989247311827957 1.8709677419354838 0.8817204301075269 1.6344086021505377  
163 9.210784007185392 1.2043010752688172 2.0 1.2473118279569892 1.5053763440860215 1.7204301075268817 1.978494623655914 0.989247311827957 1.8709677419354838 0.8817204301075269 1.6344086021505377  
92 11.52081693940194 1.8064516129032258 3.0 1.8709677419354838 2.2580645161290325 2.5806451612903225 2.967741935483871 1.4838709677419355 2.806451612903226 1.3225806451612903 2.4516129032258065  
24 71.18479693177272 1.8064516129032258 3.0 1.8709677419354838 2.2580645161290325 2.5806451612903225 2.967741935483871 1.4838709677419355 2.806451612903226 1.3225806451612903 2.4516129032258065  
58 37.01774051368014 1.8064516129032258 3.0 1.8709677419354838 2.2580645161290325 2.5806451612903225 2.967741935483871 1.4838709677419355 2.806451612903226 1.3225806451612903 2.4516129032258065  
30 35.24431152789846 1.2043010752688172 2.0 1.2473118279569892 1.5053763440860215 1.7204301075268817 1.978494623655914 0.989247311827957 1.8709677419354838 0.8817204301075269 1.6344086021505377  
13 84.41533891591018 1.8064516129032258 3.0 1.8709677419354838 2.2580645161290325 2.5806451612903225 2.967741935483871 1.4838709677419355 2.806451612903226 1.3225806451612903 2.4516129032258065  
142 37.847479599753605 1.8064516129032258 3.0 1.8709677419354838 2.2580645161290325 2.5806451612903225 2.967741935483871 1.4838709677419355 2.806451612903226 1.3225806451612903 2.4516129032258065  
41 229.0 1.8064516129032258 3.0 1.8709677419354838 2.2580645161290325 2.5806451612903225 2.967741935483871 1.4838709677419355 2.806451612903226 1.3225806451612903 2.4516129032258065  
12 113.06921875929244 1.2043010752688172 2.0 1.2473118279569892 1.5053763440860215 1.7204301075268817 1.978494623655914 0.989247311827957 1.8709677419354838 0.8817204301075269 1.6344086021505377  
134 81.7420939184372 1.2043010752688172 2.0 1.2473118279569892 1.5053763440860215 1.7204301075268817 1.978494623655914 0.989247311827957 1.8709677419354838 0.8817204301075269 1.6344086021505377  
120 20.16779111946787 1.8064516129032258 3.0 1.8709677419354838 2.2580645161290325 2.5806451612903225 2.967741935483871 1.4838709677419355 2.806451612903226 1.3225806451612903 2.4516129032258065  
157 17.99005716486015 1.2043010752688172 2.0 1.2473118279569892 1.5053763440860215 1.7204301075268817 1.978494623655914 0.989247311827957 1.8709677419354838 0.8817204301075269 1.6344086021505377  
151 40.4269795593591 1.8064516129032258 3.0 1.8709677419354838 2.2580645161290325 2.5806451612903225 2.967741935483871 1.4838709677419355 2.806451612903226 1.3225806451612903 2.4516129032258065  
156 69.79864348093325 1.2043010752688172 2.0 1.2473118279569892 1.5053763440860215 1.7204301075268817 1.978494623655914 0.989247311827957 1.8709677419354838 0.8817204301075269 1.6344086021505377  
167 54.315471686224974 1.2043010752688172 2.0 1.2473118279569892 1.5053763440860215 1.7204301075268817 1.978494623655914 0.989247311827957 1.8709677419354838 0.8817204301075269 1.6344086021505377  
45 40.884212477962144 1.2043010752688172 2.0 1.2473118279569892 1.5053763440860215 1.7204301075268817 1.978494623655914 0.989247311827957 1.8709677419354838 0.8817204301075269 1.6344086021505377  
49 558.0 1.8064516129032258 3.0 1.8709677419354838 2.2580645161290325 2.5806451612903225 2.967741935483871 1.4838709677419355 2.806451612903226 1.3225806451612903 2.4516129032258065  
128 19.41235316969783 1.8064516129032258 3.0 1.8709677419354838 2.2580645161290325 2.5806451612903225 2.967741935483871 1.4838709677419355 2.806451612903226 1.3225806451612903 2.4516129032258065  
113 307.0 1.2043010752688172 2.0 1.2473118279569892 1.5053763440860215 1.7204301075268817 1.978494623655914 0.989247311827957 1.8709677419354838 0.8817204301075269 1.6344086021505377  
158 59.601395754770806 1.8064516129032258 3.0 1.8709677419354838 2.2580645161290325 2.5806451612903225 2.967741935483871 1.4838709677419355 2.806451612903226 1.3225806451612903 2.4516129032258065  
7 98.96282377399233 1.8064516129032258 3.0 1.8709677419354838 2.2580645161290325 2.5806451612903225 2.967741935483871 1.4838709677419355 2.806451612903226 1.3225806451612903 2.4516129032258065  
119 9.834565964329085 1.2043010752688172 2.0 1.2473118279569892 1.5053763440860215 1.7204301075268817 1.978494623655914 0.989247311827957 1.8709677419354838 0.8817204301075269 1.6344086021505377  
61 97.11687204323925 1.2043010752688172 2.0 1.2473118279569892 1.5053763440860215 1.7204301075268817 1.978494623655914 0.989247311827957 1.8709677419354838 0.8817204301075269 1.6344086021505377  
98 11.741652920411234 1.8064516129032258 3.0 1.8709677419354838 2.2580645161290325 2.5806451612903225 2.967741935483871 1.4838709677419355 2.806451612903226 1.3225806451612903 2.4516129032258065  
53 36.641231529972075 1.8064516129032258 3.0 1.8709677419354838 2.2580645161290325 2.5806451612903225 2.967741935483871 1.4838709677419355 2.806451612903226 1.3225806451612903 2.4516129032258065  
15 99.87989315824142 1.8064516129032258 3.0 1.8709677419354838 2.2580645161290325 2.5806451612903225 2.967741935483871 1.4838709677419355 2.806451612903226 1.3225806451612903 2.4516129032258065  
139 29.470215146055168 1.8064516129032258 3.0 1.8709677419354838 2.2580645161290325 2.5806451612903225 2.967741935483871 1.4838709677419355 2.806451612903226 1.3225806451612903 2.4516129032258065  
76 85.73262383459203 1.2043010752688172 2.0 1.2473118279569892 1.5053763440860215 1.7204301075268817 1.978494623655914 0.989247311827957 1.8709677419354838 0.8817204301075269 1.6344086021505377  
50 57.01889151195472 1.8064516129032258 3.0 1.8709677419354838 2.2580645161290325 2.5806451612903225 2.967741935483871 1.4838709677419355 2.806451612903226 1.3225806451612903 2.4516129032258065  
91 31.376296579959504 1.8064516129032258 3.0 1.8709677419354838 2.2580645161290325 2.5806451612903225 2.967741935483871 1.4838709677419355 2.806451612903226 1.3225806451612903 2.4516129032258065  
141 101.21483276575464 1.2043010752688172 2.0 1.2473118279569892 1.5053763440860215 1.7204301075268817 1.978494623655914 0.989247311827957 1.8709677419354838 0.8817204301075269 1.6344086021505377  
46 69.83628194098819 1.8064516129032258 3.0 1.8709677419354838 2.2580645161290325 2.5806451612903225 2.967741935483871 1.4838709677419355 2.806451612903226 1.3225806451612903 2.4516129032258065  
124 283.0 1.8064516129032258 3.0 1.8709677419354838 2.2580645161290325 2.5806451612903225 2.967741935483871 1.4838709677419355 2.806451612903226 1.3225806451612903 2.4516129032258065  
68 89.98752917200166 1.2043010752688172 2.0 1.2473118279569892 1.5053763440860215 1.7204301075268817 1.978494623655914 0.989247311827957 1.8709677419354838 0.8817204301075269 1.6344086021505377  
166 22.997934379908827 1.8064516129032258 3.0 1.8709677419354838 2.2580645161290325 2.5806451612903225 2.967741935483871 1.4838709677419355 2.806451612903226 1.3225806451612903 2.4516129032258065  
79 61.58058689538315 1.2043010752688172 2.0 1.2473118279569892 1.5053763440860215 1.7204301075268817 1.978494623655914 0.989247311827957 1.8709677419354838 0.8817204301075269 1.6344086021505377  
38 17.818973772993917 1.8064516129032258 3.0 1.8709677419354838 2.2580645161290325 2.5806451612903225 2.967741935483871 1.4838709677419355 2.806451612903226 1.3225806451612903 2.4516129032258065  
29 53.0110396518096 1.2043010752688172 2.0 1.2473118279569892 1.5053763440860215 1.7204301075268817 1.978494623655914 0.989247311827957 1.8709677419354838 0.8817204301075269 1.6344086021505377  
89 89.97029490576453 1.8064516129032258 3.0 1.8709677419354838 2.2580645161290325 2.5806451612903225 2.967741935483871 1.4838709677419355 2.806451612903226 1.3225806451612903 2.4516129032258065  
52 99.11694383459562 1.8064516129032258 3.0 1.8709677419354838 2.2580645161290325 2.5806451612903225 2.967741935483871 1.4838709677419355 2.806451612903226 1.3225806451612903 2.4516129032258065  
