130 10
TREE NETWORK (nID nID Weight):
1 0 34.0 
2 1 47.0 
7 1 58.0 
8 7 49.0 
68 1 52.0 
77 1 37.0 
69 68 39.0 
9 8 54.0 
62 7 38.0 
88 1 47.0 
97 0 52.0 
92 1 48.0 
10 9 39.0 
11 10 45.0 
78 77 56.0 
52 8 31.0 
28 9 55.0 
3 2 52.0 
12 11 59.0 
13 12 44.0 
79 78 52.0 
29 28 32.0 
20 11 49.0 
63 62 49.0 
14 13 43.0 
37 28 45.0 
83 77 54.0 
66 62 33.0 
42 9 33.0 
30 29 50.0 
43 42 35.0 
98 97 59.0 
33 29 37.0 
44 43 37.0 
4 3 55.0 
80 79 33.0 
70 69 46.0 
93 92 39.0 
99 98 39.0 
53 52 57.0 
116 97 50.0 
89 88 59.0 
16 12 49.0 
72 68 30.0 
100 99 43.0 
104 98 32.0 
34 33 58.0 
35 33 55.0 
81 80 41.0 
94 93 36.0 
58 52 37.0 
75 68 59.0 
107 98 49.0 
123 0 45.0 
124 123 51.0 
110 98 49.0 
90 89 35.0 
119 97 45.0 
21 20 32.0 
39 28 46.0 
18 12 35.0 
17 16 41.0 
51 9 39.0 
102 99 36.0 
126 123 37.0 
31 30 50.0 
64 63 33.0 
73 72 43.0 
15 13 51.0 
67 62 55.0 
40 39 36.0 
117 116 56.0 
113 98 49.0 
54 53 32.0 
84 83 49.0 
65 64 47.0 
76 68 50.0 
38 37 39.0 
85 84 46.0 
86 84 42.0 
59 58 31.0 
45 44 36.0 
120 97 55.0 
115 98 41.0 
101 100 37.0 
121 120 43.0 
95 92 57.0 
23 11 30.0 
24 11 37.0 
71 70 31.0 
41 40 51.0 
111 110 52.0 
91 89 46.0 
127 126 31.0 
26 10 47.0 
122 97 46.0 
128 127 49.0 
27 10 57.0 
46 44 55.0 
32 31 35.0 
55 53 32.0 
118 116 30.0 
125 124 43.0 
105 104 31.0 
87 77 32.0 
56 53 57.0 
19 12 49.0 
47 44 39.0 
48 44 58.0 
74 72 56.0 
60 58 43.0 
108 107 33.0 
5 4 31.0 
103 102 51.0 
96 92 51.0 
57 53 51.0 
61 52 35.0 
109 107 58.0 
82 81 50.0 
49 43 44.0 
50 43 36.0 
112 110 56.0 
36 29 46.0 
6 4 38.0 
106 104 46.0 
25 11 54.0 
114 113 39.0 
129 128 43.0 
22 20 32.0 
PROGRAMS ASSIGNED TO NODES (nID pID1 pID2 ...):
0 1 2 3 4 5 6 7 8 9 10  
15 1 2 9 10  
49 4  
60 1 4 5 6 7 9 10  
100 2 4 6  
32 1 2 5 6 7 8 9 10  
63 1 3 4 5 6 7 8 9 10  
102 3 5  
33 2 3 4 5 6 7 8 9 10  
40 1 2 3 4 6 7 9 10  
5 1 9  
1 1 3 4 6 7 8 9 10  
73 3 6  
66 2 3 7  
8 1 3 4 5 6 7 8 9 10  
129  
125 4  
95 1 2 3 4 5 7 8 9 10  
14 1 3 4 10  
97 3 5 6 7 9  
81 1 2 3 4 5 6 7 9  
121 10  
20 1 2 3 4 5 6 7 8  
50 1 2 3 5 6 8 9  
21 1 3  
126 2 3 5 8  
22  
44 2 5 6 7 8  
84 3 5  
92 4 5 6  
106 2 4 6 7  
79 2 6 7  
78  
17 2 6  
39 1  
82  
104 10  
53 2 3  
112 4 8 10  
23 1 3 4 6 7 8 9 10  
116 1 2 3 8 10  
34 2 3 5 7 9  
101 1 2 4 6 7 8  
76 1 2 3 4 5 6 7 8 10  
12 1 2 3 4 5 6 7 9 10  
41 2 9  
83 1 5 10  
114 1 7  
57 2 7 9  
122 2 10  
43 8 10  
31 5 7 9 10  
38 1 4 6 7 9 10  
113 1 3 4 5 6 7 8 9 10  
67 1 2 4 7 8 9 10  
25 1 7 9 10  
75 3 5  
65  
96 1 2 3  
6 4  
52 1 2 3 5 7 8 9 10  
16 2 5 6 7  
48 1 4 6 7 8  
69 3 5 9  
42 1  
54 1 2 3 4 7 9 10  
120  
91 3 6  
46 1 2 9 10  
9 1 2 3 4 5 7 8 9 10  
35 1 2 5 6 7 8 9 10  
86 2 5 8 10  
93 7  
98 2 3 5 9 10  
110  
18 6  
107 9  
45  
68 2 5 6 8 9 10  
99 1 2 3 4 5 6 7 10  
3 1 2 4 5 6 7 8 9 10  
85 5 6 7  
11 7  
61 1 2 4 5 7 10  
56 1 4 5 6 10  
28 9 10  
74 1 5 6 10  
29 1 2 3 4 7 8 9 10  
58 2 4  
123 9  
36  
119 2 3 4 5 7 9 10  
80  
77 2 3  
7 1 4 5 7 8 10  
118 1 4 5 6 8 9  
4 4  
87 1 4 5 6 8 9 10  
70  
108 2 3 5 7 8 10  
19 1 2 5 6 8 9  
62 1 4 5 6 8 9 10  
94 7 8 9 10  
90 1 2 4 5 6 7 8 9  
117  
72 1 2 3 4 5 6 7 10  
71 2 5  
124 1 3 4 7 9  
37 2 3 4 5 6 7 9  
128 2 4 5 7 8  
51 7 8  
59 1 5 6 7 8 9  
2 1 2 5 9  
55 1 2 5 9  
24 1 2 4 5 6 7 8 9 10  
10 1 2 4 5 6 8 9 10  
13 2 6 8  
109  
111 1 2 3 4 5 6 9 10  
47 1 2 4 5 6 7 8 9 10  
115 1 6 7 9  
103 2 3 5 6 7 8 9  
26 1 2 3 6 7 8 10  
89 2 3  
27 1 2 3 4 5 9 10  
88 2 3 4 9  
127  
105 1 2 3 4 5 6 8 9 10  
30 1 5 8 9 10  
64 5  
SIZE OF PROGRAMS (pID SIZE):
1 76.0 
2 93.0 
3 61.0 
4 93.0 
5 57.0 
6 44.0 
7 57.0 
8 42.0 
9 70.0 
10 57.0 
COST_INSTALL_SERVER_AND_PROGRAMS :
0 3096.774193548387 2.4516129032258065 3.0 1.967741935483871 3.0 1.8387096774193548 1.4193548387096775 1.8387096774193548 1.3548387096774193 2.2580645161290325 1.8387096774193548  
15 80.26511798449904 1.6344086021505377 2.0 1.3118279569892473 2.0 1.2258064516129032 0.946236559139785 1.2258064516129032 0.9032258064516129 1.5053763440860215 1.2258064516129032  
49 23.30680596101009 2.4516129032258065 3.0 1.967741935483871 3.0 1.8387096774193548 1.4193548387096775 1.8387096774193548 1.3548387096774193 2.2580645161290325 1.8387096774193548  
60 67.75628580042756 1.6344086021505377 2.0 1.3118279569892473 2.0 1.2258064516129032 0.946236559139785 1.2258064516129032 0.9032258064516129 1.5053763440860215 1.2258064516129032  
100 22.76608818497403 1.6344086021505377 2.0 1.3118279569892473 2.0 1.2258064516129032 0.946236559139785 1.2258064516129032 0.9032258064516129 1.5053763440860215 1.2258064516129032  
32 100.91486998828807 1.6344086021505377 2.0 1.3118279569892473 2.0 1.2258064516129032 0.946236559139785 1.2258064516129032 0.9032258064516129 1.5053763440860215 1.2258064516129032  
63 81.07962782366803 1.6344086021505377 2.0 1.3118279569892473 2.0 1.2258064516129032 0.946236559139785 1.2258064516129032 0.9032258064516129 1.5053763440860215 1.2258064516129032  
102 27.402563236677082 1.6344086021505377 2.0 1.3118279569892473 2.0 1.2258064516129032 0.946236559139785 1.2258064516129032 0.9032258064516129 1.5053763440860215 1.2258064516129032  
33 149.79525511395255 1.6344086021505377 2.0 1.3118279569892473 2.0 1.2258064516129032 0.946236559139785 1.2258064516129032 0.9032258064516129 1.5053763440860215 1.2258064516129032  
40 57.666119239534495 2.4516129032258065 3.0 1.967741935483871 3.0 1.8387096774193548 1.4193548387096775 1.8387096774193548 1.3548387096774193 2.2580645161290325 1.8387096774193548  
5 12.982678878214694 2.4516129032258065 3.0 1.967741935483871 3.0 1.8387096774193548 1.4193548387096775 1.8387096774193548 1.3548387096774193 2.2580645161290325 1.8387096774193548  
1 21.574858140005823 1.6344086021505377 2.0 1.3118279569892473 2.0 1.2258064516129032 0.946236559139785 1.2258064516129032 0.9032258064516129 1.5053763440860215 1.2258064516129032  
73 6.999779930378365 2.4516129032258065 3.0 1.967741935483871 3.0 1.8387096774193548 1.4193548387096775 1.8387096774193548 1.3548387096774193 2.2580645161290325 1.8387096774193548  
66 28.870663622911586 1.6344086021505377 2.0 1.3118279569892473 2.0 1.2258064516129032 0.946236559139785 1.2258064516129032 0.9032258064516129 1.5053763440860215 1.2258064516129032  
8 60.03706479647823 1.6344086021505377 2.0 1.3118279569892473 2.0 1.2258064516129032 0.946236559139785 1.2258064516129032 0.9032258064516129 1.5053763440860215 1.2258064516129032  
129 211.0 2.4516129032258065 3.0 1.967741935483871 3.0 1.8387096774193548 1.4193548387096775 1.8387096774193548 1.3548387096774193 2.2580645161290325 1.8387096774193548  
125 6.918426594581719 1.6344086021505377 2.0 1.3118279569892473 2.0 1.2258064516129032 0.946236559139785 1.2258064516129032 0.9032258064516129 1.5053763440860215 1.2258064516129032  
95 27.653116489703574 2.4516129032258065 3.0 1.967741935483871 3.0 1.8387096774193548 1.4193548387096775 1.8387096774193548 1.3548387096774193 2.2580645161290325 1.8387096774193548  
14 68.98012449410562 1.6344086021505377 2.0 1.3118279569892473 2.0 1.2258064516129032 0.946236559139785 1.2258064516129032 0.9032258064516129 1.5053763440860215 1.2258064516129032  
97 11.95720083689067 1.6344086021505377 2.0 1.3118279569892473 2.0 1.2258064516129032 0.946236559139785 1.2258064516129032 0.9032258064516129 1.5053763440860215 1.2258064516129032  
81 115.37092482013965 2.4516129032258065 3.0 1.967741935483871 3.0 1.8387096774193548 1.4193548387096775 1.8387096774193548 1.3548387096774193 2.2580645161290325 1.8387096774193548  
121 3.6190210619852152 1.6344086021505377 2.0 1.3118279569892473 2.0 1.2258064516129032 0.946236559139785 1.2258064516129032 0.9032258064516129 1.5053763440860215 1.2258064516129032  
20 92.34396197925285 1.6344086021505377 2.0 1.3118279569892473 2.0 1.2258064516129032 0.946236559139785 1.2258064516129032 0.9032258064516129 1.5053763440860215 1.2258064516129032  
50 101.90891306802912 2.4516129032258065 3.0 1.967741935483871 3.0 1.8387096774193548 1.4193548387096775 1.8387096774193548 1.3548387096774193 2.2580645161290325 1.8387096774193548  
21 34.38677387300115 1.6344086021505377 2.0 1.3118279569892473 2.0 1.2258064516129032 0.946236559139785 1.2258064516129032 0.9032258064516129 1.5053763440860215 1.2258064516129032  
126 12.547871008268926 1.6344086021505377 2.0 1.3118279569892473 2.0 1.2258064516129032 0.946236559139785 1.2258064516129032 0.9032258064516129 1.5053763440860215 1.2258064516129032  
22 807.0 2.4516129032258065 3.0 1.967741935483871 3.0 1.8387096774193548 1.4193548387096775 1.8387096774193548 1.3548387096774193 2.2580645161290325 1.8387096774193548  
44 152.413427585775 2.4516129032258065 3.0 1.967741935483871 3.0 1.8387096774193548 1.4193548387096775 1.8387096774193548 1.3548387096774193 2.2580645161290325 1.8387096774193548  
84 20.82153559329147 2.4516129032258065 3.0 1.967741935483871 3.0 1.8387096774193548 1.4193548387096775 1.8387096774193548 1.3548387096774193 2.2580645161290325 1.8387096774193548  
92 20.43534002608027 1.6344086021505377 2.0 1.3118279569892473 2.0 1.2258064516129032 0.946236559139785 1.2258064516129032 0.9032258064516129 1.5053763440860215 1.2258064516129032  
106 15.976664693650662 1.6344086021505377 2.0 1.3118279569892473 2.0 1.2258064516129032 0.946236559139785 1.2258064516129032 0.9032258064516129 1.5053763440860215 1.2258064516129032  
79 24.1262103185285 2.4516129032258065 3.0 1.967741935483871 3.0 1.8387096774193548 1.4193548387096775 1.8387096774193548 1.3548387096774193 2.2580645161290325 1.8387096774193548  
78 48.18511268421903 1.6344086021505377 2.0 1.3118279569892473 2.0 1.2258064516129032 0.946236559139785 1.2258064516129032 0.9032258064516129 1.5053763440860215 1.2258064516129032  
17 41.14991219880599 2.4516129032258065 3.0 1.967741935483871 3.0 1.8387096774193548 1.4193548387096775 1.8387096774193548 1.3548387096774193 2.2580645161290325 1.8387096774193548  
39 63.08089919076644 1.6344086021505377 2.0 1.3118279569892473 2.0 1.2258064516129032 0.946236559139785 1.2258064516129032 0.9032258064516129 1.5053763440860215 1.2258064516129032  
82 479.0 1.6344086021505377 2.0 1.3118279569892473 2.0 1.2258064516129032 0.946236559139785 1.2258064516129032 0.9032258064516129 1.5053763440860215 1.2258064516129032  
104 46.50127420870529 1.6344086021505377 2.0 1.3118279569892473 2.0 1.2258064516129032 0.946236559139785 1.2258064516129032 0.9032258064516129 1.5053763440860215 1.2258064516129032  
53 63.36050217495064 2.4516129032258065 3.0 1.967741935483871 3.0 1.8387096774193548 1.4193548387096775 1.8387096774193548 1.3548387096774193 2.2580645161290325 1.8387096774193548  
112 18.151814595095072 2.4516129032258065 3.0 1.967741935483871 3.0 1.8387096774193548 1.4193548387096775 1.8387096774193548 1.3548387096774193 2.2580645161290325 1.8387096774193548  
23 139.99218735413197 2.4516129032258065 3.0 1.967741935483871 3.0 1.8387096774193548 1.4193548387096775 1.8387096774193548 1.3548387096774193 2.2580645161290325 1.8387096774193548  
116 25.835277919887357 1.6344086021505377 2.0 1.3118279569892473 2.0 1.2258064516129032 0.946236559139785 1.2258064516129032 0.9032258064516129 1.5053763440860215 1.2258064516129032  
34 92.18504904428569 2.4516129032258065 3.0 1.967741935483871 3.0 1.8387096774193548 1.4193548387096775 1.8387096774193548 1.3548387096774193 2.2580645161290325 1.8387096774193548  
101 52.175809093914204 2.4516129032258065 3.0 1.967741935483871 3.0 1.8387096774193548 1.4193548387096775 1.8387096774193548 1.3548387096774193 2.2580645161290325 1.8387096774193548  
76 31.05940890345617 1.6344086021505377 2.0 1.3118279569892473 2.0 1.2258064516129032 0.946236559139785 1.2258064516129032 0.9032258064516129 1.5053763440860215 1.2258064516129032  
12 91.26735807493056 2.4516129032258065 3.0 1.967741935483871 3.0 1.8387096774193548 1.4193548387096775 1.8387096774193548 1.3548387096774193 2.2580645161290325 1.8387096774193548  
41 41.93024573500434 1.6344086021505377 2.0 1.3118279569892473 2.0 1.2258064516129032 0.946236559139785 1.2258064516129032 0.9032258064516129 1.5053763440860215 1.2258064516129032  
83 30.446945586234058 2.4516129032258065 3.0 1.967741935483871 3.0 1.8387096774193548 1.4193548387096775 1.8387096774193548 1.3548387096774193 2.2580645161290325 1.8387096774193548  
114 9.830689533612409 1.6344086021505377 2.0 1.3118279569892473 2.0 1.2258064516129032 0.946236559139785 1.2258064516129032 0.9032258064516129 1.5053763440860215 1.2258064516129032  
57 39.21493552478747 1.6344086021505377 2.0 1.3118279569892473 2.0 1.2258064516129032 0.946236559139785 1.2258064516129032 0.9032258064516129 1.5053763440860215 1.2258064516129032  
122 10.171132623855865 1.6344086021505377 2.0 1.3118279569892473 2.0 1.2258064516129032 0.946236559139785 1.2258064516129032 0.9032258064516129 1.5053763440860215 1.2258064516129032  
43 70.4451212386152 2.4516129032258065 3.0 1.967741935483871 3.0 1.8387096774193548 1.4193548387096775 1.8387096774193548 1.3548387096774193 2.2580645161290325 1.8387096774193548  
31 85.31839823868391 2.4516129032258065 3.0 1.967741935483871 3.0 1.8387096774193548 1.4193548387096775 1.8387096774193548 1.3548387096774193 2.2580645161290325 1.8387096774193548  
38 87.63210121836138 1.6344086021505377 2.0 1.3118279569892473 2.0 1.2258064516129032 0.946236559139785 1.2258064516129032 0.9032258064516129 1.5053763440860215 1.2258064516129032  
113 32.39083066114243 2.4516129032258065 3.0 1.967741935483871 3.0 1.8387096774193548 1.4193548387096775 1.8387096774193548 1.3548387096774193 2.2580645161290325 1.8387096774193548  
67 59.00927712721144 1.6344086021505377 2.0 1.3118279569892473 2.0 1.2258064516129032 0.946236559139785 1.2258064516129032 0.9032258064516129 1.5053763440860215 1.2258064516129032  
25 42.267148494085355 1.6344086021505377 2.0 1.3118279569892473 2.0 1.2258064516129032 0.946236559139785 1.2258064516129032 0.9032258064516129 1.5053763440860215 1.2258064516129032  
75 11.32265557565789 1.6344086021505377 2.0 1.3118279569892473 2.0 1.2258064516129032 0.946236559139785 1.2258064516129032 0.9032258064516129 1.5053763440860215 1.2258064516129032  
65 811.0 2.4516129032258065 3.0 1.967741935483871 3.0 1.8387096774193548 1.4193548387096775 1.8387096774193548 1.3548387096774193 2.2580645161290325 1.8387096774193548  
96 15.793568751945983 1.6344086021505377 2.0 1.3118279569892473 2.0 1.2258064516129032 0.946236559139785 1.2258064516129032 0.9032258064516129 1.5053763440860215 1.2258064516129032  
6 11.402113932895622 1.6344086021505377 2.0 1.3118279569892473 2.0 1.2258064516129032 0.946236559139785 1.2258064516129032 0.9032258064516129 1.5053763440860215 1.2258064516129032  
52 39.61096755951396 2.4516129032258065 3.0 1.967741935483871 3.0 1.8387096774193548 1.4193548387096775 1.8387096774193548 1.3548387096774193 2.2580645161290325 1.8387096774193548  
16 36.565884294743604 2.4516129032258065 3.0 1.967741935483871 3.0 1.8387096774193548 1.4193548387096775 1.8387096774193548 1.3548387096774193 2.2580645161290325 1.8387096774193548  
48 46.28116536375596 1.6344086021505377 2.0 1.3118279569892473 2.0 1.2258064516129032 0.946236559139785 1.2258064516129032 0.9032258064516129 1.5053763440860215 1.2258064516129032  
69 30.22997271132074 2.4516129032258065 3.0 1.967741935483871 3.0 1.8387096774193548 1.4193548387096775 1.8387096774193548 1.3548387096774193 2.2580645161290325 1.8387096774193548  
42 95.54301801235503 1.6344086021505377 2.0 1.3118279569892473 2.0 1.2258064516129032 0.946236559139785 1.2258064516129032 0.9032258064516129 1.5053763440860215 1.2258064516129032  
54 60.25359836128785 1.6344086021505377 2.0 1.3118279569892473 2.0 1.2258064516129032 0.946236559139785 1.2258064516129032 0.9032258064516129 1.5053763440860215 1.2258064516129032  
120 2.237790439343516 1.6344086021505377 2.0 1.3118279569892473 2.0 1.2258064516129032 0.946236559139785 1.2258064516129032 0.9032258064516129 1.5053763440860215 1.2258064516129032  
91 9.533807918906858 1.6344086021505377 2.0 1.3118279569892473 2.0 1.2258064516129032 0.946236559139785 1.2258064516129032 0.9032258064516129 1.5053763440860215 1.2258064516129032  
46 63.150712978633955 2.4516129032258065 3.0 1.967741935483871 3.0 1.8387096774193548 1.4193548387096775 1.8387096774193548 1.3548387096774193 2.2580645161290325 1.8387096774193548  
9 79.92762989554528 1.6344086021505377 2.0 1.3118279569892473 2.0 1.2258064516129032 0.946236559139785 1.2258064516129032 0.9032258064516129 1.5053763440860215 1.2258064516129032  
35 64.4422709244176 1.6344086021505377 2.0 1.3118279569892473 2.0 1.2258064516129032 0.946236559139785 1.2258064516129032 0.9032258064516129 1.5053763440860215 1.2258064516129032  
86 45.01091620333112 2.4516129032258065 3.0 1.967741935483871 3.0 1.8387096774193548 1.4193548387096775 1.8387096774193548 1.3548387096774193 2.2580645161290325 1.8387096774193548  
93 21.0259693556845 1.6344086021505377 2.0 1.3118279569892473 2.0 1.2258064516129032 0.946236559139785 1.2258064516129032 0.9032258064516129 1.5053763440860215 1.2258064516129032  
98 22.719897727497763 1.6344086021505377 2.0 1.3118279569892473 2.0 1.2258064516129032 0.946236559139785 1.2258064516129032 0.9032258064516129 1.5053763440860215 1.2258064516129032  
110 28.36232720801709 2.4516129032258065 3.0 1.967741935483871 3.0 1.8387096774193548 1.4193548387096775 1.8387096774193548 1.3548387096774193 2.2580645161290325 1.8387096774193548  
18 13.28568236095209 1.6344086021505377 2.0 1.3118279569892473 2.0 1.2258064516129032 0.946236559139785 1.2258064516129032 0.9032258064516129 1.5053763440860215 1.2258064516129032  
107 15.272173350834024 1.6344086021505377 2.0 1.3118279569892473 2.0 1.2258064516129032 0.946236559139785 1.2258064516129032 0.9032258064516129 1.5053763440860215 1.2258064516129032  
45 105.0 2.4516129032258065 3.0 1.967741935483871 3.0 1.8387096774193548 1.4193548387096775 1.8387096774193548 1.3548387096774193 2.2580645161290325 1.8387096774193548  
68 50.71176209143076 1.6344086021505377 2.0 1.3118279569892473 2.0 1.2258064516129032 0.946236559139785 1.2258064516129032 0.9032258064516129 1.5053763440860215 1.2258064516129032  
99 34.58556040726957 1.6344086021505377 2.0 1.3118279569892473 2.0 1.2258064516129032 0.946236559139785 1.2258064516129032 0.9032258064516129 1.5053763440860215 1.2258064516129032  
3 21.23049343683682 1.6344086021505377 2.0 1.3118279569892473 2.0 1.2258064516129032 0.946236559139785 1.2258064516129032 0.9032258064516129 1.5053763440860215 1.2258064516129032  
85 13.687599378016374 2.4516129032258065 3.0 1.967741935483871 3.0 1.8387096774193548 1.4193548387096775 1.8387096774193548 1.3548387096774193 2.2580645161290325 1.8387096774193548  
11 125.12495192263246 1.6344086021505377 2.0 1.3118279569892473 2.0 1.2258064516129032 0.946236559139785 1.2258064516129032 0.9032258064516129 1.5053763440860215 1.2258064516129032  
61 79.4100858676314 1.6344086021505377 2.0 1.3118279569892473 2.0 1.2258064516129032 0.946236559139785 1.2258064516129032 0.9032258064516129 1.5053763440860215 1.2258064516129032  
56 49.746223186925945 1.6344086021505377 2.0 1.3118279569892473 2.0 1.2258064516129032 0.946236559139785 1.2258064516129032 0.9032258064516129 1.5053763440860215 1.2258064516129032  
28 78.5826186672476 2.4516129032258065 3.0 1.967741935483871 3.0 1.8387096774193548 1.4193548387096775 1.8387096774193548 1.3548387096774193 2.2580645161290325 1.8387096774193548  
74 32.24254892551848 1.6344086021505377 2.0 1.3118279569892473 2.0 1.2258064516129032 0.946236559139785 1.2258064516129032 0.9032258064516129 1.5053763440860215 1.2258064516129032  
29 135.7812323466495 1.6344086021505377 2.0 1.3118279569892473 2.0 1.2258064516129032 0.946236559139785 1.2258064516129032 0.9032258064516129 1.5053763440860215 1.2258064516129032  
58 110.74305966186976 1.6344086021505377 2.0 1.3118279569892473 2.0 1.2258064516129032 0.946236559139785 1.2258064516129032 0.9032258064516129 1.5053763440860215 1.2258064516129032  
123 15.670147972427339 2.4516129032258065 3.0 1.967741935483871 3.0 1.8387096774193548 1.4193548387096775 1.8387096774193548 1.3548387096774193 2.2580645161290325 1.8387096774193548  
36 397.0 1.6344086021505377 2.0 1.3118279569892473 2.0 1.2258064516129032 0.946236559139785 1.2258064516129032 0.9032258064516129 1.5053763440860215 1.2258064516129032  
119 8.435162739752613 2.4516129032258065 3.0 1.967741935483871 3.0 1.8387096774193548 1.4193548387096775 1.8387096774193548 1.3548387096774193 2.2580645161290325 1.8387096774193548  
80 98.18121950345079 1.6344086021505377 2.0 1.3118279569892473 2.0 1.2258064516129032 0.946236559139785 1.2258064516129032 0.9032258064516129 1.5053763440860215 1.2258064516129032  
77 36.31406765162478 2.4516129032258065 3.0 1.967741935483871 3.0 1.8387096774193548 1.4193548387096775 1.8387096774193548 1.3548387096774193 2.2580645161290325 1.8387096774193548  
7 16.54528452021104 2.4516129032258065 3.0 1.967741935483871 3.0 1.8387096774193548 1.4193548387096775 1.8387096774193548 1.3548387096774193 2.2580645161290325 1.8387096774193548  
118 34.75714060384638 2.4516129032258065 3.0 1.967741935483871 3.0 1.8387096774193548 1.4193548387096775 1.8387096774193548 1.3548387096774193 2.2580645161290325 1.8387096774193548  
4 29.373085635279267 1.6344086021505377 2.0 1.3118279569892473 2.0 1.2258064516129032 0.946236559139785 1.2258064516129032 0.9032258064516129 1.5053763440860215 1.2258064516129032  
87 56.443629754628404 2.4516129032258065 3.0 1.967741935483871 3.0 1.8387096774193548 1.4193548387096775 1.8387096774193548 1.3548387096774193 2.2580645161290325 1.8387096774193548  
70 10.76793912329331 1.6344086021505377 2.0 1.3118279569892473 2.0 1.2258064516129032 0.946236559139785 1.2258064516129032 0.9032258064516129 1.5053763440860215 1.2258064516129032  
108 49.18575112815095 1.6344086021505377 2.0 1.3118279569892473 2.0 1.2258064516129032 0.946236559139785 1.2258064516129032 0.9032258064516129 1.5053763440860215 1.2258064516129032  
19 44.12630121005515 1.6344086021505377 2.0 1.3118279569892473 2.0 1.2258064516129032 0.946236559139785 1.2258064516129032 0.9032258064516129 1.5053763440860215 1.2258064516129032  
62 51.627031061645965 2.4516129032258065 3.0 1.967741935483871 3.0 1.8387096774193548 1.4193548387096775 1.8387096774193548 1.3548387096774193 2.2580645161290325 1.8387096774193548  
94 26.216974460934207 1.6344086021505377 2.0 1.3118279569892473 2.0 1.2258064516129032 0.946236559139785 1.2258064516129032 0.9032258064516129 1.5053763440860215 1.2258064516129032  
90 29.528856695544917 1.6344086021505377 2.0 1.3118279569892473 2.0 1.2258064516129032 0.946236559139785 1.2258064516129032 0.9032258064516129 1.5053763440860215 1.2258064516129032  
117 115.0 2.4516129032258065 3.0 1.967741935483871 3.0 1.8387096774193548 1.4193548387096775 1.8387096774193548 1.3548387096774193 2.2580645161290325 1.8387096774193548  
72 34.34313856920143 2.4516129032258065 3.0 1.967741935483871 3.0 1.8387096774193548 1.4193548387096775 1.8387096774193548 1.3548387096774193 2.2580645161290325 1.8387096774193548  
71 26.955256575856666 1.6344086021505377 2.0 1.3118279569892473 2.0 1.2258064516129032 0.946236559139785 1.2258064516129032 0.9032258064516129 1.5053763440860215 1.2258064516129032  
124 14.758693334923871 2.4516129032258065 3.0 1.967741935483871 3.0 1.8387096774193548 1.4193548387096775 1.8387096774193548 1.3548387096774193 2.2580645161290325 1.8387096774193548  
37 58.519939902158846 2.4516129032258065 3.0 1.967741935483871 3.0 1.8387096774193548 1.4193548387096775 1.8387096774193548 1.3548387096774193 2.2580645161290325 1.8387096774193548  
128 32.9425178511128 2.4516129032258065 3.0 1.967741935483871 3.0 1.8387096774193548 1.4193548387096775 1.8387096774193548 1.3548387096774193 2.2580645161290325 1.8387096774193548  
51 13.830418104984405 1.6344086021505377 2.0 1.3118279569892473 2.0 1.2258064516129032 0.946236559139785 1.2258064516129032 0.9032258064516129 1.5053763440860215 1.2258064516129032  
59 39.05064204761418 2.4516129032258065 3.0 1.967741935483871 3.0 1.8387096774193548 1.4193548387096775 1.8387096774193548 1.3548387096774193 2.2580645161290325 1.8387096774193548  
2 26.588105025359628 2.4516129032258065 3.0 1.967741935483871 3.0 1.8387096774193548 1.4193548387096775 1.8387096774193548 1.3548387096774193 2.2580645161290325 1.8387096774193548  
55 36.92506967521943 1.6344086021505377 2.0 1.3118279569892473 2.0 1.2258064516129032 0.946236559139785 1.2258064516129032 0.9032258064516129 1.5053763440860215 1.2258064516129032  
24 138.47908564261274 1.6344086021505377 2.0 1.3118279569892473 2.0 1.2258064516129032 0.946236559139785 1.2258064516129032 0.9032258064516129 1.5053763440860215 1.2258064516129032  
10 107.56305138537105 1.6344086021505377 2.0 1.3118279569892473 2.0 1.2258064516129032 0.946236559139785 1.2258064516129032 0.9032258064516129 1.5053763440860215 1.2258064516129032  
13 57.59795600936809 2.4516129032258065 3.0 1.967741935483871 3.0 1.8387096774193548 1.4193548387096775 1.8387096774193548 1.3548387096774193 2.2580645161290325 1.8387096774193548  
109 1096.0 1.6344086021505377 2.0 1.3118279569892473 2.0 1.2258064516129032 0.946236559139785 1.2258064516129032 0.9032258064516129 1.5053763440860215 1.2258064516129032  
111 28.020413747372217 1.6344086021505377 2.0 1.3118279569892473 2.0 1.2258064516129032 0.946236559139785 1.2258064516129032 0.9032258064516129 1.5053763440860215 1.2258064516129032  
47 142.5430858893493 1.6344086021505377 2.0 1.3118279569892473 2.0 1.2258064516129032 0.946236559139785 1.2258064516129032 0.9032258064516129 1.5053763440860215 1.2258064516129032  
115 11.656013018493066 2.4516129032258065 3.0 1.967741935483871 3.0 1.8387096774193548 1.4193548387096775 1.8387096774193548 1.3548387096774193 2.2580645161290325 1.8387096774193548  
103 47.58911263278003 1.6344086021505377 2.0 1.3118279569892473 2.0 1.2258064516129032 0.946236559139785 1.2258064516129032 0.9032258064516129 1.5053763440860215 1.2258064516129032  
26 89.90291596354571 2.4516129032258065 3.0 1.967741935483871 3.0 1.8387096774193548 1.4193548387096775 1.8387096774193548 1.3548387096774193 2.2580645161290325 1.8387096774193548  
89 46.76800734477488 1.6344086021505377 2.0 1.3118279569892473 2.0 1.2258064516129032 0.946236559139785 1.2258064516129032 0.9032258064516129 1.5053763440860215 1.2258064516129032  
27 61.99599850933938 2.4516129032258065 3.0 1.967741935483871 3.0 1.8387096774193548 1.4193548387096775 1.8387096774193548 1.3548387096774193 2.2580645161290325 1.8387096774193548  
88 34.31860950707916 1.6344086021505377 2.0 1.3118279569892473 2.0 1.2258064516129032 0.946236559139785 1.2258064516129032 0.9032258064516129 1.5053763440860215 1.2258064516129032  
127 20.31897415352519 1.6344086021505377 2.0 1.3118279569892473 2.0 1.2258064516129032 0.946236559139785 1.2258064516129032 0.9032258064516129 1.5053763440860215 1.2258064516129032  
105 90.20636781598998 1.6344086021505377 2.0 1.3118279569892473 2.0 1.2258064516129032 0.946236559139785 1.2258064516129032 0.9032258064516129 1.5053763440860215 1.2258064516129032  
30 70.87972854907977 2.4516129032258065 3.0 1.967741935483871 3.0 1.8387096774193548 1.4193548387096775 1.8387096774193548 1.3548387096774193 2.2580645161290325 1.8387096774193548  
64 5.169784047588673 2.4516129032258065 3.0 1.967741935483871 3.0 1.8387096774193548 1.4193548387096775 1.8387096774193548 1.3548387096774193 2.2580645161290325 1.8387096774193548  
