70 40
TREE NETWORK (nID nID Weight):
1 0 55.0 
2 1 34.0 
14 0 49.0 
15 14 41.0 
24 0 55.0 
25 0 53.0 
5 1 57.0 
26 25 32.0 
35 0 39.0 
36 35 52.0 
37 36 59.0 
38 36 48.0 
39 38 47.0 
54 0 52.0 
60 0 50.0 
42 38 45.0 
29 25 55.0 
49 36 51.0 
40 39 48.0 
27 26 45.0 
43 42 48.0 
6 5 52.0 
7 6 50.0 
8 7 48.0 
46 42 48.0 
61 60 52.0 
10 5 45.0 
44 43 42.0 
3 2 59.0 
41 40 34.0 
62 61 49.0 
69 0 47.0 
64 60 54.0 
30 29 40.0 
67 60 49.0 
33 25 58.0 
55 54 34.0 
16 14 32.0 
57 54 55.0 
28 26 57.0 
17 16 57.0 
68 67 52.0 
20 16 59.0 
18 17 52.0 
58 54 34.0 
31 29 50.0 
50 49 44.0 
45 43 35.0 
21 16 45.0 
63 61 43.0 
19 17 51.0 
11 5 37.0 
9 8 33.0 
23 14 50.0 
12 11 52.0 
48 38 30.0 
56 55 55.0 
59 54 49.0 
47 46 51.0 
51 50 32.0 
4 3 41.0 
65 64 49.0 
32 31 50.0 
34 33 30.0 
52 50 56.0 
22 21 52.0 
66 65 49.0 
53 49 34.0 
13 12 38.0 
PROGRAMS ASSIGNED TO NODES (nID pID1 pID2 ...):
0 1 2 3 4 5 6 7 8 9 10 11 12 13 14 15 16 17 18 19 20 21 22 23 24 25 26 27 28 29 30 31 32 33 34 35 36 37 38 39 40  
8 1 3 8 12 14 19 21 22 28 32 34 36 38  
42 2 3 4 5 6 7 10 11 13 16 17 19 20 23 24 25 26 30 32 33 34 35 36 37 38 39 40  
27 2 5 6 7 8 9 11 12 13 14 15 16 18 20 21 22 24 25 26 27 29 30 32 34 35 36 37 38 39 40  
53  
57 5 8 21 25 26 30 36 37  
18 1 3 5 6 8 9 10 13 15 16 17 19 21 22 23 25 26 28 29 31 32 33 34 37 39  
45 1 2 8 10 17 18 21 22 24 25 26 29 36 38  
64 9 24 31 39  
69 3 4 6 7 8 9 10 13 14 17 19 20 22 23 24 25 28 30 31 34 36 38  
34 1 2 3 4 5 6 7 8 9 10 12 13 14 15 16 17 18 19 20 21 22 23 24 25 26 27 28 29 30 31 32 33 34 35 36 37 38 39 40  
7 1 6 8 14 15 17 19 29 30 31 33  
17 1 2 3 4 6 10 11 12 13 14 15 16 17 18 19 20 22 23 24 25 27 28 29 31 32 33 34 39  
11 38  
50 2 3 4 5 6 7 8 9 10 11 13 14 15 17 21 22 23 24 25 26 31 32 33 34 35 39 40  
55 1 2 4 5 16 22 35  
9 2 4 7 8 9 15 21 24 28 29 31 32 38  
52 8 14 16 18 19 23 28 32 33 38 39  
59 6 9 13 18 21 25 26 30 31 34 40  
40 1 2 6 7 9 11 12 14 15 16 17 18 19 23 24 26 28 29 30 31 33 34 35 37 38 39 40  
4 1 2 6 7 11 16 17 19 20 22 24 25 28 31 32 33 34 35 38 39  
38 2 4 7 14 21 22 27 30 32 35 36 37 38 39  
44 1 2 3 11 12 15 20 22 29 30 32 35 36  
24 2 4 5 6 9 11 13 14 15 16 17 19 20 21 22 24 25 26 28 29 31 32 33 38 39 40  
22 1 5 6 7 9 10 12 14 16 21 22 24 28 30 31 33 34 37 38 39 40  
6 5 8 9 10 13 15 17 18 20 21 23 29 32 39  
16 1 3 4 5 6 7 8 9 11 13 14 15 16 17 18 19 20 21 22 23 24 25 26 27 28 29 30 31 32 33 34 35 36 37 38 39  
66 2 3 7 11 13 16 17 34 35 36 39  
56 2 3 5 6 7 9 11 12 14 17 18 19 20 21 22 23 24 25 26 28 31 32 34 37 38 39  
67 2 3 5 7 9 13 14 16 20 21 22 28 29 32 36 38 39 40  
47 1 2 3 4 5 7 8 9 11 12 13 14 15 16 17 19 20 21 22 23 24 25 26 27 28 29 30 31 33 34 35 36 37 38 39 40  
49 1 6 7 9 10 12 13 14 16 17 22 23 24 25 27 29 32 34 37 38 39 40  
25 2 6 7 14 20 25 26 27 31 36 40  
51 1 2 5 8 9 11 12 13 14 15 17 18 19 20 21 22 25 26 28 31 33 34 35 36 37 38 40  
61 4 5 8 9 11 13 14 18 21 22 23 24 25 27 29 30 31 35 39  
30 1 7 8 14 16 19 26 33 37 40  
35 1 2 3 4 5 6 7 8 9 11 12 13 14 16 17 18 19 20 21 23 24 25 26 27 29 30 31 32 33 34 35 36 37 38 39 40  
39 1 2 4 5 6 7 8 9 10 11 12 13 14 15 16 17 18 20 21 22 24 25 26 27 28 29 30 31 32 34 35 37 38 40  
5 1 2 3 4 5 6 7 8 9 10 11 12 13 14 15 16 17 18 19 20 22 23 24 25 26 27 28 29 30 31 33 35 36 37 39 40  
62 30  
33 1 2 3 4 5 6 7 8 9 10 11 13 14 15 16 17 18 19 20 21 22 23 24 25 26 27 28 29 30 31 32 33 34 35 36 37 38 39 40  
10 1 2 3 4 5 6 7 8 9 11 12 13 14 15 16 17 19 20 21 22 23 24 25 26 27 28 29 30 31 32 33 34 35 36 37 38 40  
20 3 11 16 21 35  
13 3 4 6 17 27 36 40  
28 1 6 8 9 11 14 17 21 29 30 32 34 36 38 39  
2 6 13 23 31 33 35 39  
60 1 2 3 4 5 6 9 12 17 21 22 25 26 27 29 30 32 33 35 36 37 38  
68 1 2 3 4 5 7 8 9 10 11 12 14 16 18 19 20 23 24 25 26 27 28 29 30 31 32 33 34 35 37 38 40  
29 1 3 10 25  
48 2 4 10 12 13 14 25 27 28 30 31 32 34 38  
1 1 2 3 4 5 6 7 8 9 10 11 12 13 14 15 16 18 19 20 21 22 23 24 26 29 31 34 35 36 38 39 40  
63 5 6 7 10 13 14 15 18 19 20 21 22 23 25 26 28 31 33 34 36 39 40  
26 2 3 5 7 9 10 11 12 15 16 18 19 20 22 24 26 27 28 29 30 31 33 34 37 38 40  
41 1 3 8 10 20 23 25 30 31 32 33 34 38  
15 2 4 5 6 7 9 11 12 13 14 17 18 19 22 23 24 25 26 27 28 29 30 31 32 33 34 35 36 37 38 39 40  
32 1 4 13 18 20 24 28 30 34 35 36 40  
65 1 3 5 9 10 14 17 18 20 23 25 26 27 28 30 33 38 39  
54 3 4 6 9 10 20 25 34 36 39  
58 2 3 4 7 8 9 10 13 14 15 18 21 25 26 27 28 29 30 32 34 35 36 37 38  
21 2 3 4 6 7 9 11 15 18 19 20 21 24 25 28 30 32 34 35 36 39  
3 2 4 5 8 9 10 11 12 13 14 16 18 19 20 21 23 25 26 28 31 35 36 37  
12 1 2 3 4 5 7 11 13 14 15 16 17 19 20 24 26 27 28 29 31 32 33 35 37 38 39  
19  
14 1 2 3 4 5 6 7 8 10 11 12 13 14 15 16 17 18 19 20 21 22 23 24 25 27 28 29 30 31 32 33 34 35 36 37 38 39 40  
43 5 11 12 14 17 22 27 32 37 39  
23 1 2 5 12 18 19 22 26 29 39 40  
37 1 2 3 4 5 6 7 8 9 10 11 12 13 14 15 16 17 18 19 20 21 22 23 25 26 27 29 30 31 32 33 34 35 36 37 38 39 40  
46 17 20 24 25 27 28 29 33 38 39  
31 3 5 10 19 32 34 36  
36 2 6 9 16 19 24 35 39  
SIZE OF PROGRAMS (pID SIZE):
1 98.0 
2 88.0 
3 53.0 
4 49.0 
5 43.0 
6 53.0 
7 46.0 
8 48.0 
9 44.0 
10 70.0 
11 79.0 
12 81.0 
13 61.0 
14 44.0 
15 90.0 
16 74.0 
17 70.0 
18 95.0 
19 54.0 
20 63.0 
21 75.0 
22 99.0 
23 47.0 
24 92.0 
25 86.0 
26 68.0 
27 71.0 
28 44.0 
29 53.0 
30 56.0 
31 51.0 
32 56.0 
33 61.0 
34 77.0 
35 41.0 
36 64.0 
37 78.0 
38 82.0 
39 94.0 
40 44.0 
COST_INSTALL_SERVER_AND_PROGRAMS :
0 9006.060606060604 2.9696969696969697 2.6666666666666665 1.606060606060606 1.4848484848484849 1.303030303030303 1.606060606060606 1.393939393939394 1.4545454545454546 1.3333333333333333 2.121212121212121 2.393939393939394 2.4545454545454546 1.8484848484848484 1.3333333333333333 2.727272727272727 2.242424242424242 2.121212121212121 2.878787878787879 1.6363636363636365 1.9090909090909092 2.272727272727273 3.0 1.4242424242424243 2.787878787878788 2.606060606060606 2.0606060606060606 2.1515151515151514 1.3333333333333333 1.606060606060606 1.696969696969697 1.5454545454545454 1.696969696969697 1.8484848484848484 2.3333333333333335 1.2424242424242424 1.9393939393939394 2.3636363636363638 2.484848484848485 2.8484848484848486 1.3333333333333333  
8 189.24791970188352 2.9696969696969697 2.6666666666666665 1.606060606060606 1.4848484848484849 1.303030303030303 1.606060606060606 1.393939393939394 1.4545454545454546 1.3333333333333333 2.121212121212121 2.393939393939394 2.4545454545454546 1.8484848484848484 1.3333333333333333 2.727272727272727 2.242424242424242 2.121212121212121 2.878787878787879 1.6363636363636365 1.9090909090909092 2.272727272727273 3.0 1.4242424242424243 2.787878787878788 2.606060606060606 2.0606060606060606 2.1515151515151514 1.3333333333333333 1.606060606060606 1.696969696969697 1.5454545454545454 1.696969696969697 1.8484848484848484 2.3333333333333335 1.2424242424242424 1.9393939393939394 2.3636363636363638 2.484848484848485 2.8484848484848486 1.3333333333333333  
42 302.9720416263969 2.9696969696969697 2.6666666666666665 1.606060606060606 1.4848484848484849 1.303030303030303 1.606060606060606 1.393939393939394 1.4545454545454546 1.3333333333333333 2.121212121212121 2.393939393939394 2.4545454545454546 1.8484848484848484 1.3333333333333333 2.727272727272727 2.242424242424242 2.121212121212121 2.878787878787879 1.6363636363636365 1.9090909090909092 2.272727272727273 3.0 1.4242424242424243 2.787878787878788 2.606060606060606 2.0606060606060606 2.1515151515151514 1.3333333333333333 1.606060606060606 1.696969696969697 1.5454545454545454 1.696969696969697 1.8484848484848484 2.3333333333333335 1.2424242424242424 1.9393939393939394 2.3636363636363638 2.484848484848485 2.8484848484848486 1.3333333333333333  
27 121.42730471066366 1.97979797979798 1.7777777777777777 1.0707070707070707 0.98989898989899 0.8686868686868687 1.0707070707070707 0.9292929292929293 0.9696969696969697 0.8888888888888888 1.4141414141414141 1.595959595959596 1.6363636363636365 1.2323232323232323 0.8888888888888888 1.8181818181818181 1.494949494949495 1.4141414141414141 1.9191919191919191 1.0909090909090908 1.2727272727272727 1.5151515151515151 2.0 0.9494949494949495 1.8585858585858586 1.7373737373737375 1.3737373737373737 1.4343434343434343 0.8888888888888888 1.0707070707070707 1.1313131313131313 1.0303030303030303 1.1313131313131313 1.2323232323232323 1.5555555555555556 0.8282828282828283 1.292929292929293 1.5757575757575757 1.6565656565656566 1.898989898989899 0.8888888888888888  
53 909.0 1.97979797979798 1.7777777777777777 1.0707070707070707 0.98989898989899 0.8686868686868687 1.0707070707070707 0.9292929292929293 0.9696969696969697 0.8888888888888888 1.4141414141414141 1.595959595959596 1.6363636363636365 1.2323232323232323 0.8888888888888888 1.8181818181818181 1.494949494949495 1.4141414141414141 1.9191919191919191 1.0909090909090908 1.2727272727272727 1.5151515151515151 2.0 0.9494949494949495 1.8585858585858586 1.7373737373737375 1.3737373737373737 1.4343434343434343 0.8888888888888888 1.0707070707070707 1.1313131313131313 1.0303030303030303 1.1313131313131313 1.2323232323232323 1.5555555555555556 0.8282828282828283 1.292929292929293 1.5757575757575757 1.6565656565656566 1.898989898989899 0.8888888888888888  
57 20.846841058117768 1.97979797979798 1.7777777777777777 1.0707070707070707 0.98989898989899 0.8686868686868687 1.0707070707070707 0.9292929292929293 0.9696969696969697 0.8888888888888888 1.4141414141414141 1.595959595959596 1.6363636363636365 1.2323232323232323 0.8888888888888888 1.8181818181818181 1.494949494949495 1.4141414141414141 1.9191919191919191 1.0909090909090908 1.2727272727272727 1.5151515151515151 2.0 0.9494949494949495 1.8585858585858586 1.7373737373737375 1.3737373737373737 1.4343434343434343 0.8888888888888888 1.0707070707070707 1.1313131313131313 1.0303030303030303 1.1313131313131313 1.2323232323232323 1.5555555555555556 0.8282828282828283 1.292929292929293 1.5757575757575757 1.6565656565656566 1.898989898989899 0.8888888888888888  
18 191.37433341806394 2.9696969696969697 2.6666666666666665 1.606060606060606 1.4848484848484849 1.303030303030303 1.606060606060606 1.393939393939394 1.4545454545454546 1.3333333333333333 2.121212121212121 2.393939393939394 2.4545454545454546 1.8484848484848484 1.3333333333333333 2.727272727272727 2.242424242424242 2.121212121212121 2.878787878787879 1.6363636363636365 1.9090909090909092 2.272727272727273 3.0 1.4242424242424243 2.787878787878788 2.606060606060606 2.0606060606060606 2.1515151515151514 1.3333333333333333 1.606060606060606 1.696969696969697 1.5454545454545454 1.696969696969697 1.8484848484848484 2.3333333333333335 1.2424242424242424 1.9393939393939394 2.3636363636363638 2.484848484848485 2.8484848484848486 1.3333333333333333  
45 178.09510885908617 1.97979797979798 1.7777777777777777 1.0707070707070707 0.98989898989899 0.8686868686868687 1.0707070707070707 0.9292929292929293 0.9696969696969697 0.8888888888888888 1.4141414141414141 1.595959595959596 1.6363636363636365 1.2323232323232323 0.8888888888888888 1.8181818181818181 1.494949494949495 1.4141414141414141 1.9191919191919191 1.0909090909090908 1.2727272727272727 1.5151515151515151 2.0 0.9494949494949495 1.8585858585858586 1.7373737373737375 1.3737373737373737 1.4343434343434343 0.8888888888888888 1.0707070707070707 1.1313131313131313 1.0303030303030303 1.1313131313131313 1.2323232323232323 1.5555555555555556 0.8282828282828283 1.292929292929293 1.5757575757575757 1.6565656565656566 1.898989898989899 0.8888888888888888  
64 63.39193824811396 1.97979797979798 1.7777777777777777 1.0707070707070707 0.98989898989899 0.8686868686868687 1.0707070707070707 0.9292929292929293 0.9696969696969697 0.8888888888888888 1.4141414141414141 1.595959595959596 1.6363636363636365 1.2323232323232323 0.8888888888888888 1.8181818181818181 1.494949494949495 1.4141414141414141 1.9191919191919191 1.0909090909090908 1.2727272727272727 1.5151515151515151 2.0 0.9494949494949495 1.8585858585858586 1.7373737373737375 1.3737373737373737 1.4343434343434343 0.8888888888888888 1.0707070707070707 1.1313131313131313 1.0303030303030303 1.1313131313131313 1.2323232323232323 1.5555555555555556 0.8282828282828283 1.292929292929293 1.5757575757575757 1.6565656565656566 1.898989898989899 0.8888888888888888  
69 29.309760455321136 1.97979797979798 1.7777777777777777 1.0707070707070707 0.98989898989899 0.8686868686868687 1.0707070707070707 0.9292929292929293 0.9696969696969697 0.8888888888888888 1.4141414141414141 1.595959595959596 1.6363636363636365 1.2323232323232323 0.8888888888888888 1.8181818181818181 1.494949494949495 1.4141414141414141 1.9191919191919191 1.0909090909090908 1.2727272727272727 1.5151515151515151 2.0 0.9494949494949495 1.8585858585858586 1.7373737373737375 1.3737373737373737 1.4343434343434343 0.8888888888888888 1.0707070707070707 1.1313131313131313 1.0303030303030303 1.1313131313131313 1.2323232323232323 1.5555555555555556 0.8282828282828283 1.292929292929293 1.5757575757575757 1.6565656565656566 1.898989898989899 0.8888888888888888  
34 207.0378410870319 1.97979797979798 1.7777777777777777 1.0707070707070707 0.98989898989899 0.8686868686868687 1.0707070707070707 0.9292929292929293 0.9696969696969697 0.8888888888888888 1.4141414141414141 1.595959595959596 1.6363636363636365 1.2323232323232323 0.8888888888888888 1.8181818181818181 1.494949494949495 1.4141414141414141 1.9191919191919191 1.0909090909090908 1.2727272727272727 1.5151515151515151 2.0 0.9494949494949495 1.8585858585858586 1.7373737373737375 1.3737373737373737 1.4343434343434343 0.8888888888888888 1.0707070707070707 1.1313131313131313 1.0303030303030303 1.1313131313131313 1.2323232323232323 1.5555555555555556 0.8282828282828283 1.292929292929293 1.5757575757575757 1.6565656565656566 1.898989898989899 0.8888888888888888  
7 98.26387647908615 2.9696969696969697 2.6666666666666665 1.606060606060606 1.4848484848484849 1.303030303030303 1.606060606060606 1.393939393939394 1.4545454545454546 1.3333333333333333 2.121212121212121 2.393939393939394 2.4545454545454546 1.8484848484848484 1.3333333333333333 2.727272727272727 2.242424242424242 2.121212121212121 2.878787878787879 1.6363636363636365 1.9090909090909092 2.272727272727273 3.0 1.4242424242424243 2.787878787878788 2.606060606060606 2.0606060606060606 2.1515151515151514 1.3333333333333333 1.606060606060606 1.696969696969697 1.5454545454545454 1.696969696969697 1.8484848484848484 2.3333333333333335 1.2424242424242424 1.9393939393939394 2.3636363636363638 2.484848484848485 2.8484848484848486 1.3333333333333333  
17 155.14483186582424 2.9696969696969697 2.6666666666666665 1.606060606060606 1.4848484848484849 1.303030303030303 1.606060606060606 1.393939393939394 1.4545454545454546 1.3333333333333333 2.121212121212121 2.393939393939394 2.4545454545454546 1.8484848484848484 1.3333333333333333 2.727272727272727 2.242424242424242 2.121212121212121 2.878787878787879 1.6363636363636365 1.9090909090909092 2.272727272727273 3.0 1.4242424242424243 2.787878787878788 2.606060606060606 2.0606060606060606 2.1515151515151514 1.3333333333333333 1.606060606060606 1.696969696969697 1.5454545454545454 1.696969696969697 1.8484848484848484 2.3333333333333335 1.2424242424242424 1.9393939393939394 2.3636363636363638 2.484848484848485 2.8484848484848486 1.3333333333333333  
11 72.68105134165849 2.9696969696969697 2.6666666666666665 1.606060606060606 1.4848484848484849 1.303030303030303 1.606060606060606 1.393939393939394 1.4545454545454546 1.3333333333333333 2.121212121212121 2.393939393939394 2.4545454545454546 1.8484848484848484 1.3333333333333333 2.727272727272727 2.242424242424242 2.121212121212121 2.878787878787879 1.6363636363636365 1.9090909090909092 2.272727272727273 3.0 1.4242424242424243 2.787878787878788 2.606060606060606 2.0606060606060606 2.1515151515151514 1.3333333333333333 1.606060606060606 1.696969696969697 1.5454545454545454 1.696969696969697 1.8484848484848484 2.3333333333333335 1.2424242424242424 1.9393939393939394 2.3636363636363638 2.484848484848485 2.8484848484848486 1.3333333333333333  
50 228.3163784562278 2.9696969696969697 2.6666666666666665 1.606060606060606 1.4848484848484849 1.303030303030303 1.606060606060606 1.393939393939394 1.4545454545454546 1.3333333333333333 2.121212121212121 2.393939393939394 2.4545454545454546 1.8484848484848484 1.3333333333333333 2.727272727272727 2.242424242424242 2.121212121212121 2.878787878787879 1.6363636363636365 1.9090909090909092 2.272727272727273 3.0 1.4242424242424243 2.787878787878788 2.606060606060606 2.0606060606060606 2.1515151515151514 1.3333333333333333 1.606060606060606 1.696969696969697 1.5454545454545454 1.696969696969697 1.8484848484848484 2.3333333333333335 1.2424242424242424 1.9393939393939394 2.3636363636363638 2.484848484848485 2.8484848484848486 1.3333333333333333  
55 42.876928693816176 2.9696969696969697 2.6666666666666665 1.606060606060606 1.4848484848484849 1.303030303030303 1.606060606060606 1.393939393939394 1.4545454545454546 1.3333333333333333 2.121212121212121 2.393939393939394 2.4545454545454546 1.8484848484848484 1.3333333333333333 2.727272727272727 2.242424242424242 2.121212121212121 2.878787878787879 1.6363636363636365 1.9090909090909092 2.272727272727273 3.0 1.4242424242424243 2.787878787878788 2.606060606060606 2.0606060606060606 2.1515151515151514 1.3333333333333333 1.606060606060606 1.696969696969697 1.5454545454545454 1.696969696969697 1.8484848484848484 2.3333333333333335 1.2424242424242424 1.9393939393939394 2.3636363636363638 2.484848484848485 2.8484848484848486 1.3333333333333333  
9 154.7996783769566 1.97979797979798 1.7777777777777777 1.0707070707070707 0.98989898989899 0.8686868686868687 1.0707070707070707 0.9292929292929293 0.9696969696969697 0.8888888888888888 1.4141414141414141 1.595959595959596 1.6363636363636365 1.2323232323232323 0.8888888888888888 1.8181818181818181 1.494949494949495 1.4141414141414141 1.9191919191919191 1.0909090909090908 1.2727272727272727 1.5151515151515151 2.0 0.9494949494949495 1.8585858585858586 1.7373737373737375 1.3737373737373737 1.4343434343434343 0.8888888888888888 1.0707070707070707 1.1313131313131313 1.0303030303030303 1.1313131313131313 1.2323232323232323 1.5555555555555556 0.8282828282828283 1.292929292929293 1.5757575757575757 1.6565656565656566 1.898989898989899 0.8888888888888888  
52 42.014520686974926 2.9696969696969697 2.6666666666666665 1.606060606060606 1.4848484848484849 1.303030303030303 1.606060606060606 1.393939393939394 1.4545454545454546 1.3333333333333333 2.121212121212121 2.393939393939394 2.4545454545454546 1.8484848484848484 1.3333333333333333 2.727272727272727 2.242424242424242 2.121212121212121 2.878787878787879 1.6363636363636365 1.9090909090909092 2.272727272727273 3.0 1.4242424242424243 2.787878787878788 2.606060606060606 2.0606060606060606 2.1515151515151514 1.3333333333333333 1.606060606060606 1.696969696969697 1.5454545454545454 1.696969696969697 1.8484848484848484 2.3333333333333335 1.2424242424242424 1.9393939393939394 2.3636363636363638 2.484848484848485 2.8484848484848486 1.3333333333333333  
59 23.69502150033424 1.97979797979798 1.7777777777777777 1.0707070707070707 0.98989898989899 0.8686868686868687 1.0707070707070707 0.9292929292929293 0.9696969696969697 0.8888888888888888 1.4141414141414141 1.595959595959596 1.6363636363636365 1.2323232323232323 0.8888888888888888 1.8181818181818181 1.494949494949495 1.4141414141414141 1.9191919191919191 1.0909090909090908 1.2727272727272727 1.5151515151515151 2.0 0.9494949494949495 1.8585858585858586 1.7373737373737375 1.3737373737373737 1.4343434343434343 0.8888888888888888 1.0707070707070707 1.1313131313131313 1.0303030303030303 1.1313131313131313 1.2323232323232323 1.5555555555555556 0.8282828282828283 1.292929292929293 1.5757575757575757 1.6565656565656566 1.898989898989899 0.8888888888888888  
40 227.93017784215272 1.97979797979798 1.7777777777777777 1.0707070707070707 0.98989898989899 0.8686868686868687 1.0707070707070707 0.9292929292929293 0.9696969696969697 0.8888888888888888 1.4141414141414141 1.595959595959596 1.6363636363636365 1.2323232323232323 0.8888888888888888 1.8181818181818181 1.494949494949495 1.4141414141414141 1.9191919191919191 1.0909090909090908 1.2727272727272727 1.5151515151515151 2.0 0.9494949494949495 1.8585858585858586 1.7373737373737375 1.3737373737373737 1.4343434343434343 0.8888888888888888 1.0707070707070707 1.1313131313131313 1.0303030303030303 1.1313131313131313 1.2323232323232323 1.5555555555555556 0.8282828282828283 1.292929292929293 1.5757575757575757 1.6565656565656566 1.898989898989899 0.8888888888888888  
4 81.81666026350715 2.9696969696969697 2.6666666666666665 1.606060606060606 1.4848484848484849 1.303030303030303 1.606060606060606 1.393939393939394 1.4545454545454546 1.3333333333333333 2.121212121212121 2.393939393939394 2.4545454545454546 1.8484848484848484 1.3333333333333333 2.727272727272727 2.242424242424242 2.121212121212121 2.878787878787879 1.6363636363636365 1.9090909090909092 2.272727272727273 3.0 1.4242424242424243 2.787878787878788 2.606060606060606 2.0606060606060606 2.1515151515151514 1.3333333333333333 1.606060606060606 1.696969696969697 1.5454545454545454 1.696969696969697 1.8484848484848484 2.3333333333333335 1.2424242424242424 1.9393939393939394 2.3636363636363638 2.484848484848485 2.8484848484848486 1.3333333333333333  
38 150.3837012238245 2.9696969696969697 2.6666666666666665 1.606060606060606 1.4848484848484849 1.303030303030303 1.606060606060606 1.393939393939394 1.4545454545454546 1.3333333333333333 2.121212121212121 2.393939393939394 2.4545454545454546 1.8484848484848484 1.3333333333333333 2.727272727272727 2.242424242424242 2.121212121212121 2.878787878787879 1.6363636363636365 1.9090909090909092 2.272727272727273 3.0 1.4242424242424243 2.787878787878788 2.606060606060606 2.0606060606060606 2.1515151515151514 1.3333333333333333 1.606060606060606 1.696969696969697 1.5454545454545454 1.696969696969697 1.8484848484848484 2.3333333333333335 1.2424242424242424 1.9393939393939394 2.3636363636363638 2.484848484848485 2.8484848484848486 1.3333333333333333  
44 153.9855518390407 2.9696969696969697 2.6666666666666665 1.606060606060606 1.4848484848484849 1.303030303030303 1.606060606060606 1.393939393939394 1.4545454545454546 1.3333333333333333 2.121212121212121 2.393939393939394 2.4545454545454546 1.8484848484848484 1.3333333333333333 2.727272727272727 2.242424242424242 2.121212121212121 2.878787878787879 1.6363636363636365 1.9090909090909092 2.272727272727273 3.0 1.4242424242424243 2.787878787878788 2.606060606060606 2.0606060606060606 2.1515151515151514 1.3333333333333333 1.606060606060606 1.696969696969697 1.5454545454545454 1.696969696969697 1.8484848484848484 2.3333333333333335 1.2424242424242424 1.9393939393939394 2.3636363636363638 2.484848484848485 2.8484848484848486 1.3333333333333333  
24 239.0 2.9696969696969697 2.6666666666666665 1.606060606060606 1.4848484848484849 1.303030303030303 1.606060606060606 1.393939393939394 1.4545454545454546 1.3333333333333333 2.121212121212121 2.393939393939394 2.4545454545454546 1.8484848484848484 1.3333333333333333 2.727272727272727 2.242424242424242 2.121212121212121 2.878787878787879 1.6363636363636365 1.9090909090909092 2.272727272727273 3.0 1.4242424242424243 2.787878787878788 2.606060606060606 2.0606060606060606 2.1515151515151514 1.3333333333333333 1.606060606060606 1.696969696969697 1.5454545454545454 1.696969696969697 1.8484848484848484 2.3333333333333335 1.2424242424242424 1.9393939393939394 2.3636363636363638 2.484848484848485 2.8484848484848486 1.3333333333333333  
22 212.9549549600077 1.97979797979798 1.7777777777777777 1.0707070707070707 0.98989898989899 0.8686868686868687 1.0707070707070707 0.9292929292929293 0.9696969696969697 0.8888888888888888 1.4141414141414141 1.595959595959596 1.6363636363636365 1.2323232323232323 0.8888888888888888 1.8181818181818181 1.494949494949495 1.4141414141414141 1.9191919191919191 1.0909090909090908 1.2727272727272727 1.5151515151515151 2.0 0.9494949494949495 1.8585858585858586 1.7373737373737375 1.3737373737373737 1.4343434343434343 0.8888888888888888 1.0707070707070707 1.1313131313131313 1.0303030303030303 1.1313131313131313 1.2323232323232323 1.5555555555555556 0.8282828282828283 1.292929292929293 1.5757575757575757 1.6565656565656566 1.898989898989899 0.8888888888888888  
6 124.73198438524769 2.9696969696969697 2.6666666666666665 1.606060606060606 1.4848484848484849 1.303030303030303 1.606060606060606 1.393939393939394 1.4545454545454546 1.3333333333333333 2.121212121212121 2.393939393939394 2.4545454545454546 1.8484848484848484 1.3333333333333333 2.727272727272727 2.242424242424242 2.121212121212121 2.878787878787879 1.6363636363636365 1.9090909090909092 2.272727272727273 3.0 1.4242424242424243 2.787878787878788 2.606060606060606 2.0606060606060606 2.1515151515151514 1.3333333333333333 1.606060606060606 1.696969696969697 1.5454545454545454 1.696969696969697 1.8484848484848484 2.3333333333333335 1.2424242424242424 1.9393939393939394 2.3636363636363638 2.484848484848485 2.8484848484848486 1.3333333333333333  
16 145.19829273774806 2.9696969696969697 2.6666666666666665 1.606060606060606 1.4848484848484849 1.303030303030303 1.606060606060606 1.393939393939394 1.4545454545454546 1.3333333333333333 2.121212121212121 2.393939393939394 2.4545454545454546 1.8484848484848484 1.3333333333333333 2.727272727272727 2.242424242424242 2.121212121212121 2.878787878787879 1.6363636363636365 1.9090909090909092 2.272727272727273 3.0 1.4242424242424243 2.787878787878788 2.606060606060606 2.0606060606060606 2.1515151515151514 1.3333333333333333 1.606060606060606 1.696969696969697 1.5454545454545454 1.696969696969697 1.8484848484848484 2.3333333333333335 1.2424242424242424 1.9393939393939394 2.3636363636363638 2.484848484848485 2.8484848484848486 1.3333333333333333  
66 40.95442449104432 1.97979797979798 1.7777777777777777 1.0707070707070707 0.98989898989899 0.8686868686868687 1.0707070707070707 0.9292929292929293 0.9696969696969697 0.8888888888888888 1.4141414141414141 1.595959595959596 1.6363636363636365 1.2323232323232323 0.8888888888888888 1.8181818181818181 1.494949494949495 1.4141414141414141 1.9191919191919191 1.0909090909090908 1.2727272727272727 1.5151515151515151 2.0 0.9494949494949495 1.8585858585858586 1.7373737373737375 1.3737373737373737 1.4343434343434343 0.8888888888888888 1.0707070707070707 1.1313131313131313 1.0303030303030303 1.1313131313131313 1.2323232323232323 1.5555555555555556 0.8282828282828283 1.292929292929293 1.5757575757575757 1.6565656565656566 1.898989898989899 0.8888888888888888  
56 69.41553788606474 1.97979797979798 1.7777777777777777 1.0707070707070707 0.98989898989899 0.8686868686868687 1.0707070707070707 0.9292929292929293 0.9696969696969697 0.8888888888888888 1.4141414141414141 1.595959595959596 1.6363636363636365 1.2323232323232323 0.8888888888888888 1.8181818181818181 1.494949494949495 1.4141414141414141 1.9191919191919191 1.0909090909090908 1.2727272727272727 1.5151515151515151 2.0 0.9494949494949495 1.8585858585858586 1.7373737373737375 1.3737373737373737 1.4343434343434343 0.8888888888888888 1.0707070707070707 1.1313131313131313 1.0303030303030303 1.1313131313131313 1.2323232323232323 1.5555555555555556 0.8282828282828283 1.292929292929293 1.5757575757575757 1.6565656565656566 1.898989898989899 0.8888888888888888  
67 140.62062684640105 1.97979797979798 1.7777777777777777 1.0707070707070707 0.98989898989899 0.8686868686868687 1.0707070707070707 0.9292929292929293 0.9696969696969697 0.8888888888888888 1.4141414141414141 1.595959595959596 1.6363636363636365 1.2323232323232323 0.8888888888888888 1.8181818181818181 1.494949494949495 1.4141414141414141 1.9191919191919191 1.0909090909090908 1.2727272727272727 1.5151515151515151 2.0 0.9494949494949495 1.8585858585858586 1.7373737373737375 1.3737373737373737 1.4343434343434343 0.8888888888888888 1.0707070707070707 1.1313131313131313 1.0303030303030303 1.1313131313131313 1.2323232323232323 1.5555555555555556 0.8282828282828283 1.292929292929293 1.5757575757575757 1.6565656565656566 1.898989898989899 0.8888888888888888  
47 414.80700658399707 1.97979797979798 1.7777777777777777 1.0707070707070707 0.98989898989899 0.8686868686868687 1.0707070707070707 0.9292929292929293 0.9696969696969697 0.8888888888888888 1.4141414141414141 1.595959595959596 1.6363636363636365 1.2323232323232323 0.8888888888888888 1.8181818181818181 1.494949494949495 1.4141414141414141 1.9191919191919191 1.0909090909090908 1.2727272727272727 1.5151515151515151 2.0 0.9494949494949495 1.8585858585858586 1.7373737373737375 1.3737373737373737 1.4343434343434343 0.8888888888888888 1.0707070707070707 1.1313131313131313 1.0303030303030303 1.1313131313131313 1.2323232323232323 1.5555555555555556 0.8282828282828283 1.292929292929293 1.5757575757575757 1.6565656565656566 1.898989898989899 0.8888888888888888  
49 240.3082059168339 2.9696969696969697 2.6666666666666665 1.606060606060606 1.4848484848484849 1.303030303030303 1.606060606060606 1.393939393939394 1.4545454545454546 1.3333333333333333 2.121212121212121 2.393939393939394 2.4545454545454546 1.8484848484848484 1.3333333333333333 2.727272727272727 2.242424242424242 2.121212121212121 2.878787878787879 1.6363636363636365 1.9090909090909092 2.272727272727273 3.0 1.4242424242424243 2.787878787878788 2.606060606060606 2.0606060606060606 2.1515151515151514 1.3333333333333333 1.606060606060606 1.696969696969697 1.5454545454545454 1.696969696969697 1.8484848484848484 2.3333333333333335 1.2424242424242424 1.9393939393939394 2.3636363636363638 2.484848484848485 2.8484848484848486 1.3333333333333333  
25 44.86288136162791 1.97979797979798 1.7777777777777777 1.0707070707070707 0.98989898989899 0.8686868686868687 1.0707070707070707 0.9292929292929293 0.9696969696969697 0.8888888888888888 1.4141414141414141 1.595959595959596 1.6363636363636365 1.2323232323232323 0.8888888888888888 1.8181818181818181 1.494949494949495 1.4141414141414141 1.9191919191919191 1.0909090909090908 1.2727272727272727 1.5151515151515151 2.0 0.9494949494949495 1.8585858585858586 1.7373737373737375 1.3737373737373737 1.4343434343434343 0.8888888888888888 1.0707070707070707 1.1313131313131313 1.0303030303030303 1.1313131313131313 1.2323232323232323 1.5555555555555556 0.8282828282828283 1.292929292929293 1.5757575757575757 1.6565656565656566 1.898989898989899 0.8888888888888888  
51 189.69020598197835 1.97979797979798 1.7777777777777777 1.0707070707070707 0.98989898989899 0.8686868686868687 1.0707070707070707 0.9292929292929293 0.9696969696969697 0.8888888888888888 1.4141414141414141 1.595959595959596 1.6363636363636365 1.2323232323232323 0.8888888888888888 1.8181818181818181 1.494949494949495 1.4141414141414141 1.9191919191919191 1.0909090909090908 1.2727272727272727 1.5151515151515151 2.0 0.9494949494949495 1.8585858585858586 1.7373737373737375 1.3737373737373737 1.4343434343434343 0.8888888888888888 1.0707070707070707 1.1313131313131313 1.0303030303030303 1.1313131313131313 1.2323232323232323 1.5555555555555556 0.8282828282828283 1.292929292929293 1.5757575757575757 1.6565656565656566 1.898989898989899 0.8888888888888888  
61 43.30645869113386 1.97979797979798 1.7777777777777777 1.0707070707070707 0.98989898989899 0.8686868686868687 1.0707070707070707 0.9292929292929293 0.9696969696969697 0.8888888888888888 1.4141414141414141 1.595959595959596 1.6363636363636365 1.2323232323232323 0.8888888888888888 1.8181818181818181 1.494949494949495 1.4141414141414141 1.9191919191919191 1.0909090909090908 1.2727272727272727 1.5151515151515151 2.0 0.9494949494949495 1.8585858585858586 1.7373737373737375 1.3737373737373737 1.4343434343434343 0.8888888888888888 1.0707070707070707 1.1313131313131313 1.0303030303030303 1.1313131313131313 1.2323232323232323 1.5555555555555556 0.8282828282828283 1.292929292929293 1.5757575757575757 1.6565656565656566 1.898989898989899 0.8888888888888888  
30 29.923813870552834 1.97979797979798 1.7777777777777777 1.0707070707070707 0.98989898989899 0.8686868686868687 1.0707070707070707 0.9292929292929293 0.9696969696969697 0.8888888888888888 1.4141414141414141 1.595959595959596 1.6363636363636365 1.2323232323232323 0.8888888888888888 1.8181818181818181 1.494949494949495 1.4141414141414141 1.9191919191919191 1.0909090909090908 1.2727272727272727 1.5151515151515151 2.0 0.9494949494949495 1.8585858585858586 1.7373737373737375 1.3737373737373737 1.4343434343434343 0.8888888888888888 1.0707070707070707 1.1313131313131313 1.0303030303030303 1.1313131313131313 1.2323232323232323 1.5555555555555556 0.8282828282828283 1.292929292929293 1.5757575757575757 1.6565656565656566 1.898989898989899 0.8888888888888888  
35 73.38816767371603 1.97979797979798 1.7777777777777777 1.0707070707070707 0.98989898989899 0.8686868686868687 1.0707070707070707 0.9292929292929293 0.9696969696969697 0.8888888888888888 1.4141414141414141 1.595959595959596 1.6363636363636365 1.2323232323232323 0.8888888888888888 1.8181818181818181 1.494949494949495 1.4141414141414141 1.9191919191919191 1.0909090909090908 1.2727272727272727 1.5151515151515151 2.0 0.9494949494949495 1.8585858585858586 1.7373737373737375 1.3737373737373737 1.4343434343434343 0.8888888888888888 1.0707070707070707 1.1313131313131313 1.0303030303030303 1.1313131313131313 1.2323232323232323 1.5555555555555556 0.8282828282828283 1.292929292929293 1.5757575757575757 1.6565656565656566 1.898989898989899 0.8888888888888888  
39 273.30056826622956 1.97979797979798 1.7777777777777777 1.0707070707070707 0.98989898989899 0.8686868686868687 1.0707070707070707 0.9292929292929293 0.9696969696969697 0.8888888888888888 1.4141414141414141 1.595959595959596 1.6363636363636365 1.2323232323232323 0.8888888888888888 1.8181818181818181 1.494949494949495 1.4141414141414141 1.9191919191919191 1.0909090909090908 1.2727272727272727 1.5151515151515151 2.0 0.9494949494949495 1.8585858585858586 1.7373737373737375 1.3737373737373737 1.4343434343434343 0.8888888888888888 1.0707070707070707 1.1313131313131313 1.0303030303030303 1.1313131313131313 1.2323232323232323 1.5555555555555556 0.8282828282828283 1.292929292929293 1.5757575757575757 1.6565656565656566 1.898989898989899 0.8888888888888888  
5 83.68803613079469 2.9696969696969697 2.6666666666666665 1.606060606060606 1.4848484848484849 1.303030303030303 1.606060606060606 1.393939393939394 1.4545454545454546 1.3333333333333333 2.121212121212121 2.393939393939394 2.4545454545454546 1.8484848484848484 1.3333333333333333 2.727272727272727 2.242424242424242 2.121212121212121 2.878787878787879 1.6363636363636365 1.9090909090909092 2.272727272727273 3.0 1.4242424242424243 2.787878787878788 2.606060606060606 2.0606060606060606 2.1515151515151514 1.3333333333333333 1.606060606060606 1.696969696969697 1.5454545454545454 1.696969696969697 1.8484848484848484 2.3333333333333335 1.2424242424242424 1.9393939393939394 2.3636363636363638 2.484848484848485 2.8484848484848486 1.3333333333333333  
62 1.8007000111606883 1.97979797979798 1.7777777777777777 1.0707070707070707 0.98989898989899 0.8686868686868687 1.0707070707070707 0.9292929292929293 0.9696969696969697 0.8888888888888888 1.4141414141414141 1.595959595959596 1.6363636363636365 1.2323232323232323 0.8888888888888888 1.8181818181818181 1.494949494949495 1.4141414141414141 1.9191919191919191 1.0909090909090908 1.2727272727272727 1.5151515151515151 2.0 0.9494949494949495 1.8585858585858586 1.7373737373737375 1.3737373737373737 1.4343434343434343 0.8888888888888888 1.0707070707070707 1.1313131313131313 1.0303030303030303 1.1313131313131313 1.2323232323232323 1.5555555555555556 0.8282828282828283 1.292929292929293 1.5757575757575757 1.6565656565656566 1.898989898989899 0.8888888888888888  
33 102.99095904948344 2.9696969696969697 2.6666666666666665 1.606060606060606 1.4848484848484849 1.303030303030303 1.606060606060606 1.393939393939394 1.4545454545454546 1.3333333333333333 2.121212121212121 2.393939393939394 2.4545454545454546 1.8484848484848484 1.3333333333333333 2.727272727272727 2.242424242424242 2.121212121212121 2.878787878787879 1.6363636363636365 1.9090909090909092 2.272727272727273 3.0 1.4242424242424243 2.787878787878788 2.606060606060606 2.0606060606060606 2.1515151515151514 1.3333333333333333 1.606060606060606 1.696969696969697 1.5454545454545454 1.696969696969697 1.8484848484848484 2.3333333333333335 1.2424242424242424 1.9393939393939394 2.3636363636363638 2.484848484848485 2.8484848484848486 1.3333333333333333  
10 192.82417453118492 1.97979797979798 1.7777777777777777 1.0707070707070707 0.98989898989899 0.8686868686868687 1.0707070707070707 0.9292929292929293 0.9696969696969697 0.8888888888888888 1.4141414141414141 1.595959595959596 1.6363636363636365 1.2323232323232323 0.8888888888888888 1.8181818181818181 1.494949494949495 1.4141414141414141 1.9191919191919191 1.0909090909090908 1.2727272727272727 1.5151515151515151 2.0 0.9494949494949495 1.8585858585858586 1.7373737373737375 1.3737373737373737 1.4343434343434343 0.8888888888888888 1.0707070707070707 1.1313131313131313 1.0303030303030303 1.1313131313131313 1.2323232323232323 1.5555555555555556 0.8282828282828283 1.292929292929293 1.5757575757575757 1.6565656565656566 1.898989898989899 0.8888888888888888  
20 14.778942363423432 1.97979797979798 1.7777777777777777 1.0707070707070707 0.98989898989899 0.8686868686868687 1.0707070707070707 0.9292929292929293 0.9696969696969697 0.8888888888888888 1.4141414141414141 1.595959595959596 1.6363636363636365 1.2323232323232323 0.8888888888888888 1.8181818181818181 1.494949494949495 1.4141414141414141 1.9191919191919191 1.0909090909090908 1.2727272727272727 1.5151515151515151 2.0 0.9494949494949495 1.8585858585858586 1.7373737373737375 1.3737373737373737 1.4343434343434343 0.8888888888888888 1.0707070707070707 1.1313131313131313 1.0303030303030303 1.1313131313131313 1.2323232323232323 1.5555555555555556 0.8282828282828283 1.292929292929293 1.5757575757575757 1.6565656565656566 1.898989898989899 0.8888888888888888  
13 65.12118683647607 1.97979797979798 1.7777777777777777 1.0707070707070707 0.98989898989899 0.8686868686868687 1.0707070707070707 0.9292929292929293 0.9696969696969697 0.8888888888888888 1.4141414141414141 1.595959595959596 1.6363636363636365 1.2323232323232323 0.8888888888888888 1.8181818181818181 1.494949494949495 1.4141414141414141 1.9191919191919191 1.0909090909090908 1.2727272727272727 1.5151515151515151 2.0 0.9494949494949495 1.8585858585858586 1.7373737373737375 1.3737373737373737 1.4343434343434343 0.8888888888888888 1.0707070707070707 1.1313131313131313 1.0303030303030303 1.1313131313131313 1.2323232323232323 1.5555555555555556 0.8282828282828283 1.292929292929293 1.5757575757575757 1.6565656565656566 1.898989898989899 0.8888888888888888  
28 70.38497022995327 2.9696969696969697 2.6666666666666665 1.606060606060606 1.4848484848484849 1.303030303030303 1.606060606060606 1.393939393939394 1.4545454545454546 1.3333333333333333 2.121212121212121 2.393939393939394 2.4545454545454546 1.8484848484848484 1.3333333333333333 2.727272727272727 2.242424242424242 2.121212121212121 2.878787878787879 1.6363636363636365 1.9090909090909092 2.272727272727273 3.0 1.4242424242424243 2.787878787878788 2.606060606060606 2.0606060606060606 2.1515151515151514 1.3333333333333333 1.606060606060606 1.696969696969697 1.5454545454545454 1.696969696969697 1.8484848484848484 2.3333333333333335 1.2424242424242424 1.9393939393939394 2.3636363636363638 2.484848484848485 2.8484848484848486 1.3333333333333333  
2 136.77030264875498 1.97979797979798 1.7777777777777777 1.0707070707070707 0.98989898989899 0.8686868686868687 1.0707070707070707 0.9292929292929293 0.9696969696969697 0.8888888888888888 1.4141414141414141 1.595959595959596 1.6363636363636365 1.2323232323232323 0.8888888888888888 1.8181818181818181 1.494949494949495 1.4141414141414141 1.9191919191919191 1.0909090909090908 1.2727272727272727 1.5151515151515151 2.0 0.9494949494949495 1.8585858585858586 1.7373737373737375 1.3737373737373737 1.4343434343434343 0.8888888888888888 1.0707070707070707 1.1313131313131313 1.0303030303030303 1.1313131313131313 1.2323232323232323 1.5555555555555556 0.8282828282828283 1.292929292929293 1.5757575757575757 1.6565656565656566 1.898989898989899 0.8888888888888888  
60 3.4475593748397273 2.9696969696969697 2.6666666666666665 1.606060606060606 1.4848484848484849 1.303030303030303 1.606060606060606 1.393939393939394 1.4545454545454546 1.3333333333333333 2.121212121212121 2.393939393939394 2.4545454545454546 1.8484848484848484 1.3333333333333333 2.727272727272727 2.242424242424242 2.121212121212121 2.878787878787879 1.6363636363636365 1.9090909090909092 2.272727272727273 3.0 1.4242424242424243 2.787878787878788 2.606060606060606 2.0606060606060606 2.1515151515151514 1.3333333333333333 1.606060606060606 1.696969696969697 1.5454545454545454 1.696969696969697 1.8484848484848484 2.3333333333333335 1.2424242424242424 1.9393939393939394 2.3636363636363638 2.484848484848485 2.8484848484848486 1.3333333333333333  
68 94.0255375299598 1.97979797979798 1.7777777777777777 1.0707070707070707 0.98989898989899 0.8686868686868687 1.0707070707070707 0.9292929292929293 0.9696969696969697 0.8888888888888888 1.4141414141414141 1.595959595959596 1.6363636363636365 1.2323232323232323 0.8888888888888888 1.8181818181818181 1.494949494949495 1.4141414141414141 1.9191919191919191 1.0909090909090908 1.2727272727272727 1.5151515151515151 2.0 0.9494949494949495 1.8585858585858586 1.7373737373737375 1.3737373737373737 1.4343434343434343 0.8888888888888888 1.0707070707070707 1.1313131313131313 1.0303030303030303 1.1313131313131313 1.2323232323232323 1.5555555555555556 0.8282828282828283 1.292929292929293 1.5757575757575757 1.6565656565656566 1.898989898989899 0.8888888888888888  
29 36.195773916888264 1.97979797979798 1.7777777777777777 1.0707070707070707 0.98989898989899 0.8686868686868687 1.0707070707070707 0.9292929292929293 0.9696969696969697 0.8888888888888888 1.4141414141414141 1.595959595959596 1.6363636363636365 1.2323232323232323 0.8888888888888888 1.8181818181818181 1.494949494949495 1.4141414141414141 1.9191919191919191 1.0909090909090908 1.2727272727272727 1.5151515151515151 2.0 0.9494949494949495 1.8585858585858586 1.7373737373737375 1.3737373737373737 1.4343434343434343 0.8888888888888888 1.0707070707070707 1.1313131313131313 1.0303030303030303 1.1313131313131313 1.2323232323232323 1.5555555555555556 0.8282828282828283 1.292929292929293 1.5757575757575757 1.6565656565656566 1.898989898989899 0.8888888888888888  
48 147.21345467798233 1.97979797979798 1.7777777777777777 1.0707070707070707 0.98989898989899 0.8686868686868687 1.0707070707070707 0.9292929292929293 0.9696969696969697 0.8888888888888888 1.4141414141414141 1.595959595959596 1.6363636363636365 1.2323232323232323 0.8888888888888888 1.8181818181818181 1.494949494949495 1.4141414141414141 1.9191919191919191 1.0909090909090908 1.2727272727272727 1.5151515151515151 2.0 0.9494949494949495 1.8585858585858586 1.7373737373737375 1.3737373737373737 1.4343434343434343 0.8888888888888888 1.0707070707070707 1.1313131313131313 1.0303030303030303 1.1313131313131313 1.2323232323232323 1.5555555555555556 0.8282828282828283 1.292929292929293 1.5757575757575757 1.6565656565656566 1.898989898989899 0.8888888888888888  
1 46.91579420005196 1.97979797979798 1.7777777777777777 1.0707070707070707 0.98989898989899 0.8686868686868687 1.0707070707070707 0.9292929292929293 0.9696969696969697 0.8888888888888888 1.4141414141414141 1.595959595959596 1.6363636363636365 1.2323232323232323 0.8888888888888888 1.8181818181818181 1.494949494949495 1.4141414141414141 1.9191919191919191 1.0909090909090908 1.2727272727272727 1.5151515151515151 2.0 0.9494949494949495 1.8585858585858586 1.7373737373737375 1.3737373737373737 1.4343434343434343 0.8888888888888888 1.0707070707070707 1.1313131313131313 1.0303030303030303 1.1313131313131313 1.2323232323232323 1.5555555555555556 0.8282828282828283 1.292929292929293 1.5757575757575757 1.6565656565656566 1.898989898989899 0.8888888888888888  
63 148.3414744991789 1.97979797979798 1.7777777777777777 1.0707070707070707 0.98989898989899 0.8686868686868687 1.0707070707070707 0.9292929292929293 0.9696969696969697 0.8888888888888888 1.4141414141414141 1.595959595959596 1.6363636363636365 1.2323232323232323 0.8888888888888888 1.8181818181818181 1.494949494949495 1.4141414141414141 1.9191919191919191 1.0909090909090908 1.2727272727272727 1.5151515151515151 2.0 0.9494949494949495 1.8585858585858586 1.7373737373737375 1.3737373737373737 1.4343434343434343 0.8888888888888888 1.0707070707070707 1.1313131313131313 1.0303030303030303 1.1313131313131313 1.2323232323232323 1.5555555555555556 0.8282828282828283 1.292929292929293 1.5757575757575757 1.6565656565656566 1.898989898989899 0.8888888888888888  
26 123.260558654849 2.9696969696969697 2.6666666666666665 1.606060606060606 1.4848484848484849 1.303030303030303 1.606060606060606 1.393939393939394 1.4545454545454546 1.3333333333333333 2.121212121212121 2.393939393939394 2.4545454545454546 1.8484848484848484 1.3333333333333333 2.727272727272727 2.242424242424242 2.121212121212121 2.878787878787879 1.6363636363636365 1.9090909090909092 2.272727272727273 3.0 1.4242424242424243 2.787878787878788 2.606060606060606 2.0606060606060606 2.1515151515151514 1.3333333333333333 1.606060606060606 1.696969696969697 1.5454545454545454 1.696969696969697 1.8484848484848484 2.3333333333333335 1.2424242424242424 1.9393939393939394 2.3636363636363638 2.484848484848485 2.8484848484848486 1.3333333333333333  
41 116.9568523743493 1.97979797979798 1.7777777777777777 1.0707070707070707 0.98989898989899 0.8686868686868687 1.0707070707070707 0.9292929292929293 0.9696969696969697 0.8888888888888888 1.4141414141414141 1.595959595959596 1.6363636363636365 1.2323232323232323 0.8888888888888888 1.8181818181818181 1.494949494949495 1.4141414141414141 1.9191919191919191 1.0909090909090908 1.2727272727272727 1.5151515151515151 2.0 0.9494949494949495 1.8585858585858586 1.7373737373737375 1.3737373737373737 1.4343434343434343 0.8888888888888888 1.0707070707070707 1.1313131313131313 1.0303030303030303 1.1313131313131313 1.2323232323232323 1.5555555555555556 0.8282828282828283 1.292929292929293 1.5757575757575757 1.6565656565656566 1.898989898989899 0.8888888888888888  
15 133.52993932326362 2.9696969696969697 2.6666666666666665 1.606060606060606 1.4848484848484849 1.303030303030303 1.606060606060606 1.393939393939394 1.4545454545454546 1.3333333333333333 2.121212121212121 2.393939393939394 2.4545454545454546 1.8484848484848484 1.3333333333333333 2.727272727272727 2.242424242424242 2.121212121212121 2.878787878787879 1.6363636363636365 1.9090909090909092 2.272727272727273 3.0 1.4242424242424243 2.787878787878788 2.606060606060606 2.0606060606060606 2.1515151515151514 1.3333333333333333 1.606060606060606 1.696969696969697 1.5454545454545454 1.696969696969697 1.8484848484848484 2.3333333333333335 1.2424242424242424 1.9393939393939394 2.3636363636363638 2.484848484848485 2.8484848484848486 1.3333333333333333  
32 31.047203317720076 2.9696969696969697 2.6666666666666665 1.606060606060606 1.4848484848484849 1.303030303030303 1.606060606060606 1.393939393939394 1.4545454545454546 1.3333333333333333 2.121212121212121 2.393939393939394 2.4545454545454546 1.8484848484848484 1.3333333333333333 2.727272727272727 2.242424242424242 2.121212121212121 2.878787878787879 1.6363636363636365 1.9090909090909092 2.272727272727273 3.0 1.4242424242424243 2.787878787878788 2.606060606060606 2.0606060606060606 2.1515151515151514 1.3333333333333333 1.606060606060606 1.696969696969697 1.5454545454545454 1.696969696969697 1.8484848484848484 2.3333333333333335 1.2424242424242424 1.9393939393939394 2.3636363636363638 2.484848484848485 2.8484848484848486 1.3333333333333333  
65 30.477256572904267 2.9696969696969697 2.6666666666666665 1.606060606060606 1.4848484848484849 1.303030303030303 1.606060606060606 1.393939393939394 1.4545454545454546 1.3333333333333333 2.121212121212121 2.393939393939394 2.4545454545454546 1.8484848484848484 1.3333333333333333 2.727272727272727 2.242424242424242 2.121212121212121 2.878787878787879 1.6363636363636365 1.9090909090909092 2.272727272727273 3.0 1.4242424242424243 2.787878787878788 2.606060606060606 2.0606060606060606 2.1515151515151514 1.3333333333333333 1.606060606060606 1.696969696969697 1.5454545454545454 1.696969696969697 1.8484848484848484 2.3333333333333335 1.2424242424242424 1.9393939393939394 2.3636363636363638 2.484848484848485 2.8484848484848486 1.3333333333333333  
54 988.0 1.97979797979798 1.7777777777777777 1.0707070707070707 0.98989898989899 0.8686868686868687 1.0707070707070707 0.9292929292929293 0.9696969696969697 0.8888888888888888 1.4141414141414141 1.595959595959596 1.6363636363636365 1.2323232323232323 0.8888888888888888 1.8181818181818181 1.494949494949495 1.4141414141414141 1.9191919191919191 1.0909090909090908 1.2727272727272727 1.5151515151515151 2.0 0.9494949494949495 1.8585858585858586 1.7373737373737375 1.3737373737373737 1.4343434343434343 0.8888888888888888 1.0707070707070707 1.1313131313131313 1.0303030303030303 1.1313131313131313 1.2323232323232323 1.5555555555555556 0.8282828282828283 1.292929292929293 1.5757575757575757 1.6565656565656566 1.898989898989899 0.8888888888888888  
58 36.99490737891347 2.9696969696969697 2.6666666666666665 1.606060606060606 1.4848484848484849 1.303030303030303 1.606060606060606 1.393939393939394 1.4545454545454546 1.3333333333333333 2.121212121212121 2.393939393939394 2.4545454545454546 1.8484848484848484 1.3333333333333333 2.727272727272727 2.242424242424242 2.121212121212121 2.878787878787879 1.6363636363636365 1.9090909090909092 2.272727272727273 3.0 1.4242424242424243 2.787878787878788 2.606060606060606 2.0606060606060606 2.1515151515151514 1.3333333333333333 1.606060606060606 1.696969696969697 1.5454545454545454 1.696969696969697 1.8484848484848484 2.3333333333333335 1.2424242424242424 1.9393939393939394 2.3636363636363638 2.484848484848485 2.8484848484848486 1.3333333333333333  
21 228.56207442125464 2.9696969696969697 2.6666666666666665 1.606060606060606 1.4848484848484849 1.303030303030303 1.606060606060606 1.393939393939394 1.4545454545454546 1.3333333333333333 2.121212121212121 2.393939393939394 2.4545454545454546 1.8484848484848484 1.3333333333333333 2.727272727272727 2.242424242424242 2.121212121212121 2.878787878787879 1.6363636363636365 1.9090909090909092 2.272727272727273 3.0 1.4242424242424243 2.787878787878788 2.606060606060606 2.0606060606060606 2.1515151515151514 1.3333333333333333 1.606060606060606 1.696969696969697 1.5454545454545454 1.696969696969697 1.8484848484848484 2.3333333333333335 1.2424242424242424 1.9393939393939394 2.3636363636363638 2.484848484848485 2.8484848484848486 1.3333333333333333  
3 136.39513534076627 1.97979797979798 1.7777777777777777 1.0707070707070707 0.98989898989899 0.8686868686868687 1.0707070707070707 0.9292929292929293 0.9696969696969697 0.8888888888888888 1.4141414141414141 1.595959595959596 1.6363636363636365 1.2323232323232323 0.8888888888888888 1.8181818181818181 1.494949494949495 1.4141414141414141 1.9191919191919191 1.0909090909090908 1.2727272727272727 1.5151515151515151 2.0 0.9494949494949495 1.8585858585858586 1.7373737373737375 1.3737373737373737 1.4343434343434343 0.8888888888888888 1.0707070707070707 1.1313131313131313 1.0303030303030303 1.1313131313131313 1.2323232323232323 1.5555555555555556 0.8282828282828283 1.292929292929293 1.5757575757575757 1.6565656565656566 1.898989898989899 0.8888888888888888  
12 143.29625455694753 1.97979797979798 1.7777777777777777 1.0707070707070707 0.98989898989899 0.8686868686868687 1.0707070707070707 0.9292929292929293 0.9696969696969697 0.8888888888888888 1.4141414141414141 1.595959595959596 1.6363636363636365 1.2323232323232323 0.8888888888888888 1.8181818181818181 1.494949494949495 1.4141414141414141 1.9191919191919191 1.0909090909090908 1.2727272727272727 1.5151515151515151 2.0 0.9494949494949495 1.8585858585858586 1.7373737373737375 1.3737373737373737 1.4343434343434343 0.8888888888888888 1.0707070707070707 1.1313131313131313 1.0303030303030303 1.1313131313131313 1.2323232323232323 1.5555555555555556 0.8282828282828283 1.292929292929293 1.5757575757575757 1.6565656565656566 1.898989898989899 0.8888888888888888  
19 790.0 2.9696969696969697 2.6666666666666665 1.606060606060606 1.4848484848484849 1.303030303030303 1.606060606060606 1.393939393939394 1.4545454545454546 1.3333333333333333 2.121212121212121 2.393939393939394 2.4545454545454546 1.8484848484848484 1.3333333333333333 2.727272727272727 2.242424242424242 2.121212121212121 2.878787878787879 1.6363636363636365 1.9090909090909092 2.272727272727273 3.0 1.4242424242424243 2.787878787878788 2.606060606060606 2.0606060606060606 2.1515151515151514 1.3333333333333333 1.606060606060606 1.696969696969697 1.5454545454545454 1.696969696969697 1.8484848484848484 2.3333333333333335 1.2424242424242424 1.9393939393939394 2.3636363636363638 2.484848484848485 2.8484848484848486 1.3333333333333333  
14 14.769010489530729 1.97979797979798 1.7777777777777777 1.0707070707070707 0.98989898989899 0.8686868686868687 1.0707070707070707 0.9292929292929293 0.9696969696969697 0.8888888888888888 1.4141414141414141 1.595959595959596 1.6363636363636365 1.2323232323232323 0.8888888888888888 1.8181818181818181 1.494949494949495 1.4141414141414141 1.9191919191919191 1.0909090909090908 1.2727272727272727 1.5151515151515151 2.0 0.9494949494949495 1.8585858585858586 1.7373737373737375 1.3737373737373737 1.4343434343434343 0.8888888888888888 1.0707070707070707 1.1313131313131313 1.0303030303030303 1.1313131313131313 1.2323232323232323 1.5555555555555556 0.8282828282828283 1.292929292929293 1.5757575757575757 1.6565656565656566 1.898989898989899 0.8888888888888888  
43 308.67514203698556 2.9696969696969697 2.6666666666666665 1.606060606060606 1.4848484848484849 1.303030303030303 1.606060606060606 1.393939393939394 1.4545454545454546 1.3333333333333333 2.121212121212121 2.393939393939394 2.4545454545454546 1.8484848484848484 1.3333333333333333 2.727272727272727 2.242424242424242 2.121212121212121 2.878787878787879 1.6363636363636365 1.9090909090909092 2.272727272727273 3.0 1.4242424242424243 2.787878787878788 2.606060606060606 2.0606060606060606 2.1515151515151514 1.3333333333333333 1.606060606060606 1.696969696969697 1.5454545454545454 1.696969696969697 1.8484848484848484 2.3333333333333335 1.2424242424242424 1.9393939393939394 2.3636363636363638 2.484848484848485 2.8484848484848486 1.3333333333333333  
23 16.569403658933588 1.97979797979798 1.7777777777777777 1.0707070707070707 0.98989898989899 0.8686868686868687 1.0707070707070707 0.9292929292929293 0.9696969696969697 0.8888888888888888 1.4141414141414141 1.595959595959596 1.6363636363636365 1.2323232323232323 0.8888888888888888 1.8181818181818181 1.494949494949495 1.4141414141414141 1.9191919191919191 1.0909090909090908 1.2727272727272727 1.5151515151515151 2.0 0.9494949494949495 1.8585858585858586 1.7373737373737375 1.3737373737373737 1.4343434343434343 0.8888888888888888 1.0707070707070707 1.1313131313131313 1.0303030303030303 1.1313131313131313 1.2323232323232323 1.5555555555555556 0.8282828282828283 1.292929292929293 1.5757575757575757 1.6565656565656566 1.898989898989899 0.8888888888888888  
37 249.01760754666267 2.9696969696969697 2.6666666666666665 1.606060606060606 1.4848484848484849 1.303030303030303 1.606060606060606 1.393939393939394 1.4545454545454546 1.3333333333333333 2.121212121212121 2.393939393939394 2.4545454545454546 1.8484848484848484 1.3333333333333333 2.727272727272727 2.242424242424242 2.121212121212121 2.878787878787879 1.6363636363636365 1.9090909090909092 2.272727272727273 3.0 1.4242424242424243 2.787878787878788 2.606060606060606 2.0606060606060606 2.1515151515151514 1.3333333333333333 1.606060606060606 1.696969696969697 1.5454545454545454 1.696969696969697 1.8484848484848484 2.3333333333333335 1.2424242424242424 1.9393939393939394 2.3636363636363638 2.484848484848485 2.8484848484848486 1.3333333333333333  
46 307.22580666772 2.9696969696969697 2.6666666666666665 1.606060606060606 1.4848484848484849 1.303030303030303 1.606060606060606 1.393939393939394 1.4545454545454546 1.3333333333333333 2.121212121212121 2.393939393939394 2.4545454545454546 1.8484848484848484 1.3333333333333333 2.727272727272727 2.242424242424242 2.121212121212121 2.878787878787879 1.6363636363636365 1.9090909090909092 2.272727272727273 3.0 1.4242424242424243 2.787878787878788 2.606060606060606 2.0606060606060606 2.1515151515151514 1.3333333333333333 1.606060606060606 1.696969696969697 1.5454545454545454 1.696969696969697 1.8484848484848484 2.3333333333333335 1.2424242424242424 1.9393939393939394 2.3636363636363638 2.484848484848485 2.8484848484848486 1.3333333333333333  
31 86.63440151412797 1.97979797979798 1.7777777777777777 1.0707070707070707 0.98989898989899 0.8686868686868687 1.0707070707070707 0.9292929292929293 0.9696969696969697 0.8888888888888888 1.4141414141414141 1.595959595959596 1.6363636363636365 1.2323232323232323 0.8888888888888888 1.8181818181818181 1.494949494949495 1.4141414141414141 1.9191919191919191 1.0909090909090908 1.2727272727272727 1.5151515151515151 2.0 0.9494949494949495 1.8585858585858586 1.7373737373737375 1.3737373737373737 1.4343434343434343 0.8888888888888888 1.0707070707070707 1.1313131313131313 1.0303030303030303 1.1313131313131313 1.2323232323232323 1.5555555555555556 0.8282828282828283 1.292929292929293 1.5757575757575757 1.6565656565656566 1.898989898989899 0.8888888888888888  
36 103.08045581649765 2.9696969696969697 2.6666666666666665 1.606060606060606 1.4848484848484849 1.303030303030303 1.606060606060606 1.393939393939394 1.4545454545454546 1.3333333333333333 2.121212121212121 2.393939393939394 2.4545454545454546 1.8484848484848484 1.3333333333333333 2.727272727272727 2.242424242424242 2.121212121212121 2.878787878787879 1.6363636363636365 1.9090909090909092 2.272727272727273 3.0 1.4242424242424243 2.787878787878788 2.606060606060606 2.0606060606060606 2.1515151515151514 1.3333333333333333 1.606060606060606 1.696969696969697 1.5454545454545454 1.696969696969697 1.8484848484848484 2.3333333333333335 1.2424242424242424 1.9393939393939394 2.3636363636363638 2.484848484848485 2.8484848484848486 1.3333333333333333  
