180 30
TREE NETWORK (nID nID Weight):
1 0 56.0 
2 1 42.0 
52 0 52.0 
3 2 46.0 
73 0 42.0 
34 1 42.0 
148 0 51.0 
74 73 41.0 
154 0 54.0 
35 34 51.0 
53 52 34.0 
75 74 31.0 
121 74 57.0 
76 75 44.0 
77 76 57.0 
164 0 34.0 
36 35 31.0 
165 164 46.0 
78 77 49.0 
170 164 49.0 
46 34 32.0 
122 74 30.0 
175 0 56.0 
79 77 38.0 
80 79 56.0 
81 80 58.0 
12 2 31.0 
13 12 38.0 
173 164 39.0 
54 53 51.0 
171 170 52.0 
37 35 36.0 
155 154 39.0 
4 3 51.0 
142 73 53.0 
82 81 57.0 
89 81 37.0 
126 74 32.0 
97 79 51.0 
59 52 40.0 
47 34 50.0 
132 74 49.0 
83 82 35.0 
5 3 39.0 
166 165 34.0 
60 52 53.0 
23 2 34.0 
38 37 46.0 
55 54 36.0 
143 73 30.0 
6 5 52.0 
61 60 43.0 
115 75 38.0 
62 61 55.0 
145 73 57.0 
127 126 48.0 
14 12 50.0 
66 52 47.0 
42 35 48.0 
25 2 35.0 
167 166 58.0 
116 115 50.0 
117 116 54.0 
29 2 56.0 
26 25 42.0 
111 76 45.0 
133 132 59.0 
15 14 45.0 
120 116 48.0 
178 0 47.0 
118 117 50.0 
7 6 41.0 
31 2 47.0 
113 76 32.0 
40 37 38.0 
138 74 41.0 
63 60 35.0 
28 25 39.0 
56 55 36.0 
168 167 34.0 
39 38 34.0 
67 66 47.0 
92 81 43.0 
149 148 53.0 
139 138 38.0 
104 77 37.0 
146 145 59.0 
27 26 37.0 
119 117 51.0 
174 164 50.0 
44 35 47.0 
48 34 47.0 
158 154 38.0 
105 104 46.0 
85 82 44.0 
147 146 36.0 
17 14 53.0 
106 105 34.0 
11 3 49.0 
9 5 41.0 
134 133 36.0 
41 40 52.0 
151 148 41.0 
123 122 50.0 
19 14 35.0 
93 81 30.0 
86 85 50.0 
156 155 33.0 
172 171 56.0 
96 80 49.0 
43 42 33.0 
176 175 58.0 
88 82 55.0 
84 83 46.0 
94 93 31.0 
150 149 36.0 
71 52 49.0 
57 54 41.0 
65 60 51.0 
49 34 31.0 
95 81 39.0 
99 79 55.0 
32 31 47.0 
72 71 55.0 
109 77 34.0 
160 154 45.0 
90 89 34.0 
98 97 44.0 
124 123 44.0 
50 34 42.0 
10 9 35.0 
177 176 41.0 
69 66 34.0 
16 15 55.0 
159 158 53.0 
152 151 55.0 
22 12 56.0 
140 74 48.0 
114 113 51.0 
20 19 39.0 
87 86 48.0 
169 167 33.0 
100 99 49.0 
102 99 32.0 
136 132 31.0 
30 29 49.0 
103 99 32.0 
110 77 59.0 
162 154 50.0 
70 69 35.0 
18 17 36.0 
107 105 57.0 
135 134 38.0 
141 74 44.0 
64 63 57.0 
128 126 32.0 
24 23 51.0 
125 122 39.0 
129 126 49.0 
163 154 50.0 
21 19 35.0 
112 111 33.0 
157 156 31.0 
161 160 52.0 
153 151 51.0 
130 129 50.0 
91 89 46.0 
68 67 44.0 
144 143 42.0 
33 31 46.0 
45 35 44.0 
179 178 55.0 
58 53 56.0 
101 100 30.0 
131 126 44.0 
8 6 44.0 
108 107 36.0 
137 132 57.0 
51 34 54.0 
PROGRAMS ASSIGNED TO NODES (nID pID1 pID2 ...):
0 1 2 3 4 5 6 7 8 9 10 11 12 13 14 15 16 17 18 19 20 21 22 23 24 25 26 27 28 29 30  
77 1 2 3 4 5 6 7 9 10 11 12 13 14 15 16 17 19 20 21 22 23 24 25 26 27 28 29 30  
145 1 3 4 7 8 10 11 15 18 19 21 22 23 25 28  
127 1 4 19 20 21  
79 1 3 4 5 6 7 8 10 11 12 13 14 17 19 20 22 23 24 26 27 30  
75 1 2 3 4 6 8 9 10 12 13 14 15 16 17 18 19 20 21 22 23 24 26 27 28 29 30  
70 1 3 5 10 11 13 14 16 19 20 26 27 29  
133 3 5 6 7 8 9 12 13 14 17 18 19 20 21 22 24 26 27 28 29 30  
40 1 10 19 24  
134 8 9 20 29  
1 10 29  
43 11 12 15  
73 2 5 7 13 28 30  
129 3 4 5 8 9 10 11 13 18 20 23 24 26 30  
94 5 7 8 9 10 11 12 13 14 15 16 18 20 22 23 29 30  
159 1 2 3 4 5 7 8 9 10 11 12 13 14 15 16 18 19 22 23 25 26 27 28 29 30  
87 1 3 4 5 6 7 8 9 10 11 12 13 14 15 16 17 18 19 20 21 22 23 24 25 26 27 28 29 30  
52 1 3 4 7 14 17 18 20 21 22 23 24 25 26 27 29 30  
139 4 11 17  
147 1 4 7 10 15 17 18 20 25 27 29  
46 1 3 6 7 8 9 13 16 19 25 26  
160 2 3 5 7 9 12 13 14 16 19 20 25 29 30  
25 3 6 8 9 10 12 17 19 27  
48 1 5 6 7 10 11 12 13 15 16 17 18 20 21 23 24 25 26 27 28 29 30  
136 1 2 3 4 5 6 7 8 9 10 11 12 13 14 15 16 17 18 19 20 21 22 23 24 25 26 28 29 30  
37 2 3 4 6 7 8 9 11 13 14 16 17 18 19 20 21 23 24 25 30  
34 2 3 4 5 6 7 8 9 10 11 13 14 15 16 17 19 20 22 23 24 25 26 27 28 29 30  
126 3 8 19 21  
98 1 2 3 5 7 8 9 10 11 12 13 14 16 17 18 19 20 21 22 24 25 26 27 28 30  
41 1 2 3 4 5 6 9 10 11 13 14 15 16 19 20 21 23 24 27 29 30  
149 3 6 7 10 14 19 23 25 26 27  
19 10  
131 7 12 13 14 19 20 21 22 25 27 28  
65 1 5 7 8 10 14 15  
62 2 10 24 30  
103 1 2 4 5 7 10 11 12 13 14 16 17 18 19 20 21 22 23 24 25 26 27 28 29 30  
30 5 6 8 9 11 12 17 21 23 24 26 27 30  
3 2 6 12 15 17 18 20 21 23 26 27 28 29 30  
101 9 10 11 19 24 28 30  
23 7 12 16 23 25 26 29  
158 4 6 7 17 18 20 24 25 26 27 28 29 30  
176 2 4 6 7 17 19 27 28  
58 1 2 3 4 5 6 7 8 9 10 11 12 13 14 15 16 17 18 20 21 24 25 26 28 29 30  
122 1 2 3 4 5 6 7 8 10 11 12 13 14 15 16 19 20 22 23 24 25 26 28 29  
104  
18 5 7 21 29  
163 1 2 3 5 6 7 8 9 10 12 13 14 15 16 17 18 19 20 21 22 23 24 25 26 27 28 29 30  
152 2 3 4 7 8 9 11 12 13 15 17 18 26 27 29  
63 1 3 4 5 6 7 8 9 10 11 12 13 15 18 20 25 26 29  
60 2 4 6 7 8 9 10 15 18 22  
49 1 2 4 10 11 14 16 19 20 21 22 25 26 28 29  
66 1 2 3 4 6 7 8 9 10 11 12 13 14 15 16 18 19 20 21 22 23 24 25 26 27 28 29 30  
161 5 6 13 14 17 19 20 21 24 27 29 30  
156 1 2 3 4 5 6 7 8 9 10 12 13 14 15 16 17 18 19 20 22 23 24 25 26 27 28 29 30  
95 2 3 5 6 7 8 9 10 11 12 13 14 15 16 17 19 20 21 22 24 25 26 27 28 29  
111 2 3 4 12 22 23 28 29  
57 1 2 4 5 6 7 9 10 11 12 13 15 16 17 18 19 20 21 22 26 27 28 29 30  
178 2 3 5 11 12 13 17 19 25 26 28  
22 1 2 3 4 6 7 8 9 10 11 13 14 15 16 17 18 19 20 21 22 23 24 25 26 27 28 29 30  
166 10  
175 1 2 3 4 5 7 8 9 10 12 14 15 16 17 18 19 20 21 22 23 24 25 26 27 28 29 30  
141 1 10 17 24 29  
107 13 15 24 25 26  
67 8 10 13 17 23 29  
54 1 3 4 5 6 8 9 10 11 12 13 14 15 16 17 18 19 20 21 22 23 24 25 26 27 28 29 30  
105 10 11 13 18 20 21 23 28 29  
108 2 4 5 7 11 12 13 14 15 16 17 19 20 21 22 24 27 29  
90 2 3 7 20  
42 2 3 4 5 6 7 8 9 12 13 14 15 17 18 19 20 22 23 24 25 26 28 29  
12 1 2 3 4 5 6 7 11 14 15 18 21 22 23 24 26 28 29  
6 10 26 27 30  
11 4 13 19  
164  
51 1 2 4 5 6 7 8 9 10 11 12 14 15 16 17 18 19 20 21 22 24 25 28 29 30  
179 1 2 4 6 8 9 12 15 16 28  
53 4 6 7 11 12 17 21 25 28  
137 1 2 3 4 5 6 8 9 10 11 13 15 16 17 18 19 20 21 22 23 24 25 26 27 28 29 30  
169 2 30  
59 2 3 5 6 7 8 10 12 15 16 17 18 20 23 26 27 29  
83 2 4 5 10 11 12 15 18 22 23 24 27 28 30  
96 2 3 4 5 6 7 9 11 15 17 18 19 20 21 23 24 25 26 27 28 29 30  
64 1 6 10 12 14 18 24 28  
113 8 17 23  
112 1 2 3 4 5 6 8 9 11 15 16 17 18 19 20 22 23 24 27  
155 1 6 8 10 11 12 13 17 18 19 20 23 25 26  
15 4 6 14  
165 2 6 11 12 14 16 18 20 30  
72 1 7 12 13 19 20 25 29  
7 21 28  
69 2 8 12 15 16 20 21 23 28 29  
162 1 4 5 6 7 8 9 10 11 12 13 14 15 16 17 18 19 20 21 22 24 25 26 28 29 30  
45 4 7 9 13 14 16 19 20 21 22 26  
81 7 8 9 10 15 16 20 21 23 30  
61 11  
28 4 6 9 17 22 27  
33 1 3 5 6 8 9 11 15 16 17 18 19 20 21 22 23 24 27 28 29 30  
29 1 2 3 4 5 6 7 8 9 10 11 12 14 15 16 18 19 20 21 22 23 24 25 26 27 28 29 30  
84 6 7 9 10 15 19 21 24 27  
150 1 2 3 4 5 6 7 8 9 10 11 12 13 14 16 17 18 20 21 23 24 26 27 29 30  
100 1 2 3 5 8 9 13 14 15 17 18 19 20 21 22 23 24 26 27 28 29  
9 1 2 4 5 7 8 9 10 12 13 14 15 16 17 19 20 23 24 26 27  
120 1 3 4 5 6 7 8 9 11 12 15 16 17 18 19 20 21 23 24 25 26 27 28 30  
8 1 4 7 8 10 11 12 14 16 18 20  
99 1 2 3 4 5 6 7 8 9 10 11 12 13 15 16 18 19 22 23 25 26 27 28 29 30  
128 1 3 10 19 30  
24 1 2 3 6 8 10 11 12 14 18 21 22 24 27 28 29 30  
132 4  
26 4 8 10 11 12 15 17 18 23 24 28 30  
27 1 4 5 8 15 18 28  
172 2 18 21 25  
140 11 14 19 23 28  
110 3 4 5 7 11 14 15 16 19 20 22 23 24 25 29 30  
31 6 11 17 18 26 28 29  
88 1 2 3 4 5 7 8 9 10 11 12 15 16 17 20 21 23 24 25 26 27 28 29 30  
93 1 2 4 5 6 8 9 11 12 13 14 15 18 19 20 22 23 24 25 26 28 30  
114 2 3 12 16 20 26  
78 5 6 11 13 14 17 20 24 25 26 29  
17 1 2 4 5 6 7 9 11 12 13 15 16 17 18 20 21 22 23 24 25 26 27 28 30  
5 1 2 3 6 8 13 16 17 18 19 20 21 23 24 26 27 30  
157 1 2 3 7 8 9 10 11 12 15 16 17 19 20 21 22 23 24 26 27 28 29 30  
143 2 5  
102 1 2 3 4 6 7 9 10 11 12 13 14 15 16 17 18 19 20 21 23 24 25 26 27 28 29 30  
146 1 4 5 6 7 8 9 10 11 12 14 15 16 17 18 19 20 21 22 23 24 25 26 27 28 29 30  
138 3 4 6 7 9 11 12 16 17 21 23 24 28 29  
115 11 13  
121 6 7 8 18 19 25 29  
55 1 3 4 5 6 7 8 9 11 12 13 14 15 16 17 18 19 20 21 22 23 24 25 26 27 28 29 30  
82 6 8 12 22 29  
35 2 3 4 5 8 9 10 13 17 18 19 20 21 22 25 27 29 30  
125 2 4 5 6 7 8 9 10 12 13 15 16 17 18 19 20 22 23 24 25 26 27 28 29 30  
71 1 5 6 8 13 15 22 25 26 28 29  
174 1 2 3 4 5 7 8 9 10 11 12 14 16 20 24 30  
92 1 3 4 5 6 7 8 10 11 14 17 18 19 20 21 22 23 24 25 26 27 28  
151 2 4 5 6 7 8 10 11 12 13 15 16 17 20 21 23 24 25 26 28 29 30  
21 1 2 3 4 7 9 13 14 15 18 19 20 25 28 29 30  
2 4 5 12 16 21 22 24  
76 4 5 10 12 16 18 24 25  
177 9 14 19 23 24 29  
109 1 3 4 6 10 17 23  
68 1 2 3 4 5 6 7 8 10 12 13 14 16 17 18 19 20 22 23 24 25 27 28 30  
123 1 2 3 4 7 8 9 10 11 12 14 15 16 17 18 19 21 22 24 25 26 28 29 30  
142 1 2 3 4 5 6 7 9 10 11 12 13 14 15 17 18 19 20 21 22 23 24 25 26 27 28 29 30  
148 2 3 4 5 6 7 8 9 10 11 12 13 14 15 16 17 18 19 20 21 23 24 25 26 28 30  
36 2 3 6 7 11 19 23 24 26  
130 2 4 6 7 22 23 25 26  
39 6 7 8 13 14 15 16 18 20 22 25 26 27  
167 2 3 9 10 11 15 21 26 28  
135 1 2 3 4 5 6 7 8 9 10 11 12 13 14 15 16 17 18 20 21 22 24 26 27 28 29 30  
56 1 2 3 4 5 6 7 8 9 10 11 12 13 14 15 16 17 18 19 20 21 22 24 25 28 29 30  
20 1 3 6 7 8 9 10 11 12 14 15 16 17 23 24 25 27 30  
50 1 2 3 4 5 6 8 10 11 12 13 14 15 16 17 18 20 21 22 23 24 25 26 27 28 29  
144 1 5 6 8 9 11 13 14 15 17 18 19 20 21 24 25 28 29 30  
173 1 2 5 6 7 8 9 12 14 16 17 19 20 21 24 25 26  
171 1 2 3 4 5 6 9 10 12 16 18 20 21 23 25 26 27 30  
16 5 6 8 10 12 14 15 17 19 20 21 22 23 25 28 29 30  
154 2 3 4 5 6 7 8 10 11 12 13 14 15 16 17 18 19 20 21 24 25 27 28 29 30  
97 1 2 4 5 6 7 8 9 10 11 12 14 15 16 18 19 20 21 23 24 25 26 28 29 30  
89 1 2 3 4 5 6 7 8 9 11 12 13 15 16 17 18 19 21 22 23 24 25 26 28 29 30  
153 1 8 11 17 18 22 24 27 28  
86 2 4 5 6 9 11 16 17 18 19 21 22 24 25 26 28 29 30  
119 1 2 3 4 5 6 8 11 15 16 17 18 20 23 24 25 26 27 28 29 30  
118 7 8 30  
13 1 2 3 4 5 6 7 8 9 11 12 13 14 15 16 18 19 20 21 22 23 25 26 29 30  
74 1 2 4 5 6 7 9 11 13 14 15 17 19 21 22 24 26 29 30  
170 11  
91 5 6 14 18 19 20 23 24 29  
117 1 2 3 4 5 6 7 8 9 10 11 12 13 14 15 16 17 18 19 20 22 23 24 25 28 29 30  
47 1 6 9 21  
80 6 10 13 14 15 22  
14 2 5 6 8 12 13 16 17 19 21 25 26 28 30  
4 5 6 11 19 23 29  
168 3 10 11 12 13 16 22 24 25 29  
44 1 2 3 4 6 11 13 15 16 20 21 22 25 26 27 28 29  
32 2 3 4 5 7 8 10 11 12 13 15 16 17 18 19 21 22 23 24 26 27  
10 18  
38 29  
106 1 2 3 4 5 7 9 12 13 14 15 16 18 19 20 21 22 23 24 25 26 27 29 30  
124 1 2 3 4 6 7 8 9 10 11 13 15 16 18 20 22 23 24 27 29 30  
85 2 3 6 10 25 26  
116 1 2 3 4 6 7 8 9 10 11 12 14 15 16 17 19 20 22 23 24 25 26 27 29 30  
SIZE OF PROGRAMS (pID SIZE):
1 82.0 
2 76.0 
3 76.0 
4 59.0 
5 68.0 
6 55.0 
7 78.0 
8 67.0 
9 43.0 
10 90.0 
11 91.0 
12 63.0 
13 50.0 
14 46.0 
15 63.0 
16 54.0 
17 50.0 
18 67.0 
19 86.0 
20 81.0 
21 79.0 
22 59.0 
23 95.0 
24 86.0 
25 90.0 
26 43.0 
27 96.0 
28 44.0 
29 95.0 
30 91.0 
COST_INSTALL_SERVER_AND_PROGRAMS :
0 5422.916666666666 1.7083333333333333 1.5833333333333333 1.5833333333333333 1.2291666666666667 1.4166666666666667 1.1458333333333333 1.625 1.3958333333333333 0.8958333333333334 1.875 1.8958333333333333 1.3125 1.0416666666666667 0.9583333333333334 1.3125 1.125 1.0416666666666667 1.3958333333333333 1.7916666666666667 1.6875 1.6458333333333333 1.2291666666666667 1.9791666666666667 1.7916666666666667 1.875 0.8958333333333334 2.0 0.9166666666666666 1.9791666666666667 1.8958333333333333  
77 216.54921011397764 2.5625 2.375 2.375 1.84375 2.125 1.71875 2.4375 2.09375 1.34375 2.8125 2.84375 1.96875 1.5625 1.4375 1.96875 1.6875 1.5625 2.09375 2.6875 2.53125 2.46875 1.84375 2.96875 2.6875 2.8125 1.34375 3.0 1.375 2.96875 2.84375  
145 67.87148799587045 2.5625 2.375 2.375 1.84375 2.125 1.71875 2.4375 2.09375 1.34375 2.8125 2.84375 1.96875 1.5625 1.4375 1.96875 1.6875 1.5625 2.09375 2.6875 2.53125 2.46875 1.84375 2.96875 2.6875 2.8125 1.34375 3.0 1.375 2.96875 2.84375  
127 59.8019583722323 2.5625 2.375 2.375 1.84375 2.125 1.71875 2.4375 2.09375 1.34375 2.8125 2.84375 1.96875 1.5625 1.4375 1.96875 1.6875 1.5625 2.09375 2.6875 2.53125 2.46875 1.84375 2.96875 2.6875 2.8125 1.34375 3.0 1.375 2.96875 2.84375  
79 273.3702416833513 1.7083333333333333 1.5833333333333333 1.5833333333333333 1.2291666666666667 1.4166666666666667 1.1458333333333333 1.625 1.3958333333333333 0.8958333333333334 1.875 1.8958333333333333 1.3125 1.0416666666666667 0.9583333333333334 1.3125 1.125 1.0416666666666667 1.3958333333333333 1.7916666666666667 1.6875 1.6458333333333333 1.2291666666666667 1.9791666666666667 1.7916666666666667 1.875 0.8958333333333334 2.0 0.9166666666666666 1.9791666666666667 1.8958333333333333  
75 190.3085784793233 1.7083333333333333 1.5833333333333333 1.5833333333333333 1.2291666666666667 1.4166666666666667 1.1458333333333333 1.625 1.3958333333333333 0.8958333333333334 1.875 1.8958333333333333 1.3125 1.0416666666666667 0.9583333333333334 1.3125 1.125 1.0416666666666667 1.3958333333333333 1.7916666666666667 1.6875 1.6458333333333333 1.2291666666666667 1.9791666666666667 1.7916666666666667 1.875 0.8958333333333334 2.0 0.9166666666666666 1.9791666666666667 1.8958333333333333  
70 110.03799304066224 2.5625 2.375 2.375 1.84375 2.125 1.71875 2.4375 2.09375 1.34375 2.8125 2.84375 1.96875 1.5625 1.4375 1.96875 1.6875 1.5625 2.09375 2.6875 2.53125 2.46875 1.84375 2.96875 2.6875 2.8125 1.34375 3.0 1.375 2.96875 2.84375  
133 149.19862417888922 2.5625 2.375 2.375 1.84375 2.125 1.71875 2.4375 2.09375 1.34375 2.8125 2.84375 1.96875 1.5625 1.4375 1.96875 1.6875 1.5625 2.09375 2.6875 2.53125 2.46875 1.84375 2.96875 2.6875 2.8125 1.34375 3.0 1.375 2.96875 2.84375  
40 217.0466209597976 2.5625 2.375 2.375 1.84375 2.125 1.71875 2.4375 2.09375 1.34375 2.8125 2.84375 1.96875 1.5625 1.4375 1.96875 1.6875 1.5625 2.09375 2.6875 2.53125 2.46875 1.84375 2.96875 2.6875 2.8125 1.34375 3.0 1.375 2.96875 2.84375  
134 282.37583727897606 2.5625 2.375 2.375 1.84375 2.125 1.71875 2.4375 2.09375 1.34375 2.8125 2.84375 1.96875 1.5625 1.4375 1.96875 1.6875 1.5625 2.09375 2.6875 2.53125 2.46875 1.84375 2.96875 2.6875 2.8125 1.34375 3.0 1.375 2.96875 2.84375  
1 8.297740822548242 1.7083333333333333 1.5833333333333333 1.5833333333333333 1.2291666666666667 1.4166666666666667 1.1458333333333333 1.625 1.3958333333333333 0.8958333333333334 1.875 1.8958333333333333 1.3125 1.0416666666666667 0.9583333333333334 1.3125 1.125 1.0416666666666667 1.3958333333333333 1.7916666666666667 1.6875 1.6458333333333333 1.2291666666666667 1.9791666666666667 1.7916666666666667 1.875 0.8958333333333334 2.0 0.9166666666666666 1.9791666666666667 1.8958333333333333  
43 30.2714846989664 1.7083333333333333 1.5833333333333333 1.5833333333333333 1.2291666666666667 1.4166666666666667 1.1458333333333333 1.625 1.3958333333333333 0.8958333333333334 1.875 1.8958333333333333 1.3125 1.0416666666666667 0.9583333333333334 1.3125 1.125 1.0416666666666667 1.3958333333333333 1.7916666666666667 1.6875 1.6458333333333333 1.2291666666666667 1.9791666666666667 1.7916666666666667 1.875 0.8958333333333334 2.0 0.9166666666666666 1.9791666666666667 1.8958333333333333  
73 19.925837693626868 1.7083333333333333 1.5833333333333333 1.5833333333333333 1.2291666666666667 1.4166666666666667 1.1458333333333333 1.625 1.3958333333333333 0.8958333333333334 1.875 1.8958333333333333 1.3125 1.0416666666666667 0.9583333333333334 1.3125 1.125 1.0416666666666667 1.3958333333333333 1.7916666666666667 1.6875 1.6458333333333333 1.2291666666666667 1.9791666666666667 1.7916666666666667 1.875 0.8958333333333334 2.0 0.9166666666666666 1.9791666666666667 1.8958333333333333  
129 121.42936351594432 1.7083333333333333 1.5833333333333333 1.5833333333333333 1.2291666666666667 1.4166666666666667 1.1458333333333333 1.625 1.3958333333333333 0.8958333333333334 1.875 1.8958333333333333 1.3125 1.0416666666666667 0.9583333333333334 1.3125 1.125 1.0416666666666667 1.3958333333333333 1.7916666666666667 1.6875 1.6458333333333333 1.2291666666666667 1.9791666666666667 1.7916666666666667 1.875 0.8958333333333334 2.0 0.9166666666666666 1.9791666666666667 1.8958333333333333  
94 482.3491235300915 2.5625 2.375 2.375 1.84375 2.125 1.71875 2.4375 2.09375 1.34375 2.8125 2.84375 1.96875 1.5625 1.4375 1.96875 1.6875 1.5625 2.09375 2.6875 2.53125 2.46875 1.84375 2.96875 2.6875 2.8125 1.34375 3.0 1.375 2.96875 2.84375  
159 148.91438660988572 2.5625 2.375 2.375 1.84375 2.125 1.71875 2.4375 2.09375 1.34375 2.8125 2.84375 1.96875 1.5625 1.4375 1.96875 1.6875 1.5625 2.09375 2.6875 2.53125 2.46875 1.84375 2.96875 2.6875 2.8125 1.34375 3.0 1.375 2.96875 2.84375  
87 810.0634204208615 1.7083333333333333 1.5833333333333333 1.5833333333333333 1.2291666666666667 1.4166666666666667 1.1458333333333333 1.625 1.3958333333333333 0.8958333333333334 1.875 1.8958333333333333 1.3125 1.0416666666666667 0.9583333333333334 1.3125 1.125 1.0416666666666667 1.3958333333333333 1.7916666666666667 1.6875 1.6458333333333333 1.2291666666666667 1.9791666666666667 1.7916666666666667 1.875 0.8958333333333334 2.0 0.9166666666666666 1.9791666666666667 1.8958333333333333  
52 16.403662848277925 1.7083333333333333 1.5833333333333333 1.5833333333333333 1.2291666666666667 1.4166666666666667 1.1458333333333333 1.625 1.3958333333333333 0.8958333333333334 1.875 1.8958333333333333 1.3125 1.0416666666666667 0.9583333333333334 1.3125 1.125 1.0416666666666667 1.3958333333333333 1.7916666666666667 1.6875 1.6458333333333333 1.2291666666666667 1.9791666666666667 1.7916666666666667 1.875 0.8958333333333334 2.0 0.9166666666666666 1.9791666666666667 1.8958333333333333  
139 19.207344305191846 2.5625 2.375 2.375 1.84375 2.125 1.71875 2.4375 2.09375 1.34375 2.8125 2.84375 1.96875 1.5625 1.4375 1.96875 1.6875 1.5625 2.09375 2.6875 2.53125 2.46875 1.84375 2.96875 2.6875 2.8125 1.34375 3.0 1.375 2.96875 2.84375  
147 79.74202739041121 1.7083333333333333 1.5833333333333333 1.5833333333333333 1.2291666666666667 1.4166666666666667 1.1458333333333333 1.625 1.3958333333333333 0.8958333333333334 1.875 1.8958333333333333 1.3125 1.0416666666666667 0.9583333333333334 1.3125 1.125 1.0416666666666667 1.3958333333333333 1.7916666666666667 1.6875 1.6458333333333333 1.2291666666666667 1.9791666666666667 1.7916666666666667 1.875 0.8958333333333334 2.0 0.9166666666666666 1.9791666666666667 1.8958333333333333  
46 66.25774876898178 1.7083333333333333 1.5833333333333333 1.5833333333333333 1.2291666666666667 1.4166666666666667 1.1458333333333333 1.625 1.3958333333333333 0.8958333333333334 1.875 1.8958333333333333 1.3125 1.0416666666666667 0.9583333333333334 1.3125 1.125 1.0416666666666667 1.3958333333333333 1.7916666666666667 1.6875 1.6458333333333333 1.2291666666666667 1.9791666666666667 1.7916666666666667 1.875 0.8958333333333334 2.0 0.9166666666666666 1.9791666666666667 1.8958333333333333  
160 54.465385493923506 1.7083333333333333 1.5833333333333333 1.5833333333333333 1.2291666666666667 1.4166666666666667 1.1458333333333333 1.625 1.3958333333333333 0.8958333333333334 1.875 1.8958333333333333 1.3125 1.0416666666666667 0.9583333333333334 1.3125 1.125 1.0416666666666667 1.3958333333333333 1.7916666666666667 1.6875 1.6458333333333333 1.2291666666666667 1.9791666666666667 1.7916666666666667 1.875 0.8958333333333334 2.0 0.9166666666666666 1.9791666666666667 1.8958333333333333  
25 63.37387262677377 1.7083333333333333 1.5833333333333333 1.5833333333333333 1.2291666666666667 1.4166666666666667 1.1458333333333333 1.625 1.3958333333333333 0.8958333333333334 1.875 1.8958333333333333 1.3125 1.0416666666666667 0.9583333333333334 1.3125 1.125 1.0416666666666667 1.3958333333333333 1.7916666666666667 1.6875 1.6458333333333333 1.2291666666666667 1.9791666666666667 1.7916666666666667 1.875 0.8958333333333334 2.0 0.9166666666666666 1.9791666666666667 1.8958333333333333  
48 87.55576220510126 1.7083333333333333 1.5833333333333333 1.5833333333333333 1.2291666666666667 1.4166666666666667 1.1458333333333333 1.625 1.3958333333333333 0.8958333333333334 1.875 1.8958333333333333 1.3125 1.0416666666666667 0.9583333333333334 1.3125 1.125 1.0416666666666667 1.3958333333333333 1.7916666666666667 1.6875 1.6458333333333333 1.2291666666666667 1.9791666666666667 1.7916666666666667 1.875 0.8958333333333334 2.0 0.9166666666666666 1.9791666666666667 1.8958333333333333  
136 273.4197759840451 1.7083333333333333 1.5833333333333333 1.5833333333333333 1.2291666666666667 1.4166666666666667 1.1458333333333333 1.625 1.3958333333333333 0.8958333333333334 1.875 1.8958333333333333 1.3125 1.0416666666666667 0.9583333333333334 1.3125 1.125 1.0416666666666667 1.3958333333333333 1.7916666666666667 1.6875 1.6458333333333333 1.2291666666666667 1.9791666666666667 1.7916666666666667 1.875 0.8958333333333334 2.0 0.9166666666666666 1.9791666666666667 1.8958333333333333  
37 218.5501354834236 2.5625 2.375 2.375 1.84375 2.125 1.71875 2.4375 2.09375 1.34375 2.8125 2.84375 1.96875 1.5625 1.4375 1.96875 1.6875 1.5625 2.09375 2.6875 2.53125 2.46875 1.84375 2.96875 2.6875 2.8125 1.34375 3.0 1.375 2.96875 2.84375  
34 56.953738155815614 1.7083333333333333 1.5833333333333333 1.5833333333333333 1.2291666666666667 1.4166666666666667 1.1458333333333333 1.625 1.3958333333333333 0.8958333333333334 1.875 1.8958333333333333 1.3125 1.0416666666666667 0.9583333333333334 1.3125 1.125 1.0416666666666667 1.3958333333333333 1.7916666666666667 1.6875 1.6458333333333333 1.2291666666666667 1.9791666666666667 1.7916666666666667 1.875 0.8958333333333334 2.0 0.9166666666666666 1.9791666666666667 1.8958333333333333  
126 148.07561714015242 2.5625 2.375 2.375 1.84375 2.125 1.71875 2.4375 2.09375 1.34375 2.8125 2.84375 1.96875 1.5625 1.4375 1.96875 1.6875 1.5625 2.09375 2.6875 2.53125 2.46875 1.84375 2.96875 2.6875 2.8125 1.34375 3.0 1.375 2.96875 2.84375  
98 208.2199648620135 2.5625 2.375 2.375 1.84375 2.125 1.71875 2.4375 2.09375 1.34375 2.8125 2.84375 1.96875 1.5625 1.4375 1.96875 1.6875 1.5625 2.09375 2.6875 2.53125 2.46875 1.84375 2.96875 2.6875 2.8125 1.34375 3.0 1.375 2.96875 2.84375  
41 323.56350498684895 1.7083333333333333 1.5833333333333333 1.5833333333333333 1.2291666666666667 1.4166666666666667 1.1458333333333333 1.625 1.3958333333333333 0.8958333333333334 1.875 1.8958333333333333 1.3125 1.0416666666666667 0.9583333333333334 1.3125 1.125 1.0416666666666667 1.3958333333333333 1.7916666666666667 1.6875 1.6458333333333333 1.2291666666666667 1.9791666666666667 1.7916666666666667 1.875 0.8958333333333334 2.0 0.9166666666666666 1.9791666666666667 1.8958333333333333  
149 84.87212539494976 2.5625 2.375 2.375 1.84375 2.125 1.71875 2.4375 2.09375 1.34375 2.8125 2.84375 1.96875 1.5625 1.4375 1.96875 1.6875 1.5625 2.09375 2.6875 2.53125 2.46875 1.84375 2.96875 2.6875 2.8125 1.34375 3.0 1.375 2.96875 2.84375  
19 357.3004360463009 1.7083333333333333 1.5833333333333333 1.5833333333333333 1.2291666666666667 1.4166666666666667 1.1458333333333333 1.625 1.3958333333333333 0.8958333333333334 1.875 1.8958333333333333 1.3125 1.0416666666666667 0.9583333333333334 1.3125 1.125 1.0416666666666667 1.3958333333333333 1.7916666666666667 1.6875 1.6458333333333333 1.2291666666666667 1.9791666666666667 1.7916666666666667 1.875 0.8958333333333334 2.0 0.9166666666666666 1.9791666666666667 1.8958333333333333  
131 43.84285888215345 1.7083333333333333 1.5833333333333333 1.5833333333333333 1.2291666666666667 1.4166666666666667 1.1458333333333333 1.625 1.3958333333333333 0.8958333333333334 1.875 1.8958333333333333 1.3125 1.0416666666666667 0.9583333333333334 1.3125 1.125 1.0416666666666667 1.3958333333333333 1.7916666666666667 1.6875 1.6458333333333333 1.2291666666666667 1.9791666666666667 1.7916666666666667 1.875 0.8958333333333334 2.0 0.9166666666666666 1.9791666666666667 1.8958333333333333  
65 39.089954591674285 1.7083333333333333 1.5833333333333333 1.5833333333333333 1.2291666666666667 1.4166666666666667 1.1458333333333333 1.625 1.3958333333333333 0.8958333333333334 1.875 1.8958333333333333 1.3125 1.0416666666666667 0.9583333333333334 1.3125 1.125 1.0416666666666667 1.3958333333333333 1.7916666666666667 1.6875 1.6458333333333333 1.2291666666666667 1.9791666666666667 1.7916666666666667 1.875 0.8958333333333334 2.0 0.9166666666666666 1.9791666666666667 1.8958333333333333  
62 25.99810282755026 2.5625 2.375 2.375 1.84375 2.125 1.71875 2.4375 2.09375 1.34375 2.8125 2.84375 1.96875 1.5625 1.4375 1.96875 1.6875 1.5625 2.09375 2.6875 2.53125 2.46875 1.84375 2.96875 2.6875 2.8125 1.34375 3.0 1.375 2.96875 2.84375  
103 565.2679593121022 2.5625 2.375 2.375 1.84375 2.125 1.71875 2.4375 2.09375 1.34375 2.8125 2.84375 1.96875 1.5625 1.4375 1.96875 1.6875 1.5625 2.09375 2.6875 2.53125 2.46875 1.84375 2.96875 2.6875 2.8125 1.34375 3.0 1.375 2.96875 2.84375  
30 33.20066001246537 2.5625 2.375 2.375 1.84375 2.125 1.71875 2.4375 2.09375 1.34375 2.8125 2.84375 1.96875 1.5625 1.4375 1.96875 1.6875 1.5625 2.09375 2.6875 2.53125 2.46875 1.84375 2.96875 2.6875 2.8125 1.34375 3.0 1.375 2.96875 2.84375  
3 177.17272207406822 1.7083333333333333 1.5833333333333333 1.5833333333333333 1.2291666666666667 1.4166666666666667 1.1458333333333333 1.625 1.3958333333333333 0.8958333333333334 1.875 1.8958333333333333 1.3125 1.0416666666666667 0.9583333333333334 1.3125 1.125 1.0416666666666667 1.3958333333333333 1.7916666666666667 1.6875 1.6458333333333333 1.2291666666666667 1.9791666666666667 1.7916666666666667 1.875 0.8958333333333334 2.0 0.9166666666666666 1.9791666666666667 1.8958333333333333  
101 137.94559647746016 2.5625 2.375 2.375 1.84375 2.125 1.71875 2.4375 2.09375 1.34375 2.8125 2.84375 1.96875 1.5625 1.4375 1.96875 1.6875 1.5625 2.09375 2.6875 2.53125 2.46875 1.84375 2.96875 2.6875 2.8125 1.34375 3.0 1.375 2.96875 2.84375  
23 99.72170231952275 2.5625 2.375 2.375 1.84375 2.125 1.71875 2.4375 2.09375 1.34375 2.8125 2.84375 1.96875 1.5625 1.4375 1.96875 1.6875 1.5625 2.09375 2.6875 2.53125 2.46875 1.84375 2.96875 2.6875 2.8125 1.34375 3.0 1.375 2.96875 2.84375  
158 69.1218396216593 1.7083333333333333 1.5833333333333333 1.5833333333333333 1.2291666666666667 1.4166666666666667 1.1458333333333333 1.625 1.3958333333333333 0.8958333333333334 1.875 1.8958333333333333 1.3125 1.0416666666666667 0.9583333333333334 1.3125 1.125 1.0416666666666667 1.3958333333333333 1.7916666666666667 1.6875 1.6458333333333333 1.2291666666666667 1.9791666666666667 1.7916666666666667 1.875 0.8958333333333334 2.0 0.9166666666666666 1.9791666666666667 1.8958333333333333  
176 32.151322506641435 2.5625 2.375 2.375 1.84375 2.125 1.71875 2.4375 2.09375 1.34375 2.8125 2.84375 1.96875 1.5625 1.4375 1.96875 1.6875 1.5625 2.09375 2.6875 2.53125 2.46875 1.84375 2.96875 2.6875 2.8125 1.34375 3.0 1.375 2.96875 2.84375  
58 49.924410685651054 2.5625 2.375 2.375 1.84375 2.125 1.71875 2.4375 2.09375 1.34375 2.8125 2.84375 1.96875 1.5625 1.4375 1.96875 1.6875 1.5625 2.09375 2.6875 2.53125 2.46875 1.84375 2.96875 2.6875 2.8125 1.34375 3.0 1.375 2.96875 2.84375  
122 91.00555279694676 1.7083333333333333 1.5833333333333333 1.5833333333333333 1.2291666666666667 1.4166666666666667 1.1458333333333333 1.625 1.3958333333333333 0.8958333333333334 1.875 1.8958333333333333 1.3125 1.0416666666666667 0.9583333333333334 1.3125 1.125 1.0416666666666667 1.3958333333333333 1.7916666666666667 1.6875 1.6458333333333333 1.2291666666666667 1.9791666666666667 1.7916666666666667 1.875 0.8958333333333334 2.0 0.9166666666666666 1.9791666666666667 1.8958333333333333  
104 474.59786981553776 2.5625 2.375 2.375 1.84375 2.125 1.71875 2.4375 2.09375 1.34375 2.8125 2.84375 1.96875 1.5625 1.4375 1.96875 1.6875 1.5625 2.09375 2.6875 2.53125 2.46875 1.84375 2.96875 2.6875 2.8125 1.34375 3.0 1.375 2.96875 2.84375  
18 71.47584034068731 2.5625 2.375 2.375 1.84375 2.125 1.71875 2.4375 2.09375 1.34375 2.8125 2.84375 1.96875 1.5625 1.4375 1.96875 1.6875 1.5625 2.09375 2.6875 2.53125 2.46875 1.84375 2.96875 2.6875 2.8125 1.34375 3.0 1.375 2.96875 2.84375  
163 109.38595004096675 1.7083333333333333 1.5833333333333333 1.5833333333333333 1.2291666666666667 1.4166666666666667 1.1458333333333333 1.625 1.3958333333333333 0.8958333333333334 1.875 1.8958333333333333 1.3125 1.0416666666666667 0.9583333333333334 1.3125 1.125 1.0416666666666667 1.3958333333333333 1.7916666666666667 1.6875 1.6458333333333333 1.2291666666666667 1.9791666666666667 1.7916666666666667 1.875 0.8958333333333334 2.0 0.9166666666666666 1.9791666666666667 1.8958333333333333  
152 77.3205980462699 2.5625 2.375 2.375 1.84375 2.125 1.71875 2.4375 2.09375 1.34375 2.8125 2.84375 1.96875 1.5625 1.4375 1.96875 1.6875 1.5625 2.09375 2.6875 2.53125 2.46875 1.84375 2.96875 2.6875 2.8125 1.34375 3.0 1.375 2.96875 2.84375  
63 108.26202624698612 1.7083333333333333 1.5833333333333333 1.5833333333333333 1.2291666666666667 1.4166666666666667 1.1458333333333333 1.625 1.3958333333333333 0.8958333333333334 1.875 1.8958333333333333 1.3125 1.0416666666666667 0.9583333333333334 1.3125 1.125 1.0416666666666667 1.3958333333333333 1.7916666666666667 1.6875 1.6458333333333333 1.2291666666666667 1.9791666666666667 1.7916666666666667 1.875 0.8958333333333334 2.0 0.9166666666666666 1.9791666666666667 1.8958333333333333  
60 70.62629814390888 1.7083333333333333 1.5833333333333333 1.5833333333333333 1.2291666666666667 1.4166666666666667 1.1458333333333333 1.625 1.3958333333333333 0.8958333333333334 1.875 1.8958333333333333 1.3125 1.0416666666666667 0.9583333333333334 1.3125 1.125 1.0416666666666667 1.3958333333333333 1.7916666666666667 1.6875 1.6458333333333333 1.2291666666666667 1.9791666666666667 1.7916666666666667 1.875 0.8958333333333334 2.0 0.9166666666666666 1.9791666666666667 1.8958333333333333  
49 42.085468574447134 1.7083333333333333 1.5833333333333333 1.5833333333333333 1.2291666666666667 1.4166666666666667 1.1458333333333333 1.625 1.3958333333333333 0.8958333333333334 1.875 1.8958333333333333 1.3125 1.0416666666666667 0.9583333333333334 1.3125 1.125 1.0416666666666667 1.3958333333333333 1.7916666666666667 1.6875 1.6458333333333333 1.2291666666666667 1.9791666666666667 1.7916666666666667 1.875 0.8958333333333334 2.0 0.9166666666666666 1.9791666666666667 1.8958333333333333  
66 52.9830168396323 1.7083333333333333 1.5833333333333333 1.5833333333333333 1.2291666666666667 1.4166666666666667 1.1458333333333333 1.625 1.3958333333333333 0.8958333333333334 1.875 1.8958333333333333 1.3125 1.0416666666666667 0.9583333333333334 1.3125 1.125 1.0416666666666667 1.3958333333333333 1.7916666666666667 1.6875 1.6458333333333333 1.2291666666666667 1.9791666666666667 1.7916666666666667 1.875 0.8958333333333334 2.0 0.9166666666666666 1.9791666666666667 1.8958333333333333  
161 86.27476235338689 1.7083333333333333 1.5833333333333333 1.5833333333333333 1.2291666666666667 1.4166666666666667 1.1458333333333333 1.625 1.3958333333333333 0.8958333333333334 1.875 1.8958333333333333 1.3125 1.0416666666666667 0.9583333333333334 1.3125 1.125 1.0416666666666667 1.3958333333333333 1.7916666666666667 1.6875 1.6458333333333333 1.2291666666666667 1.9791666666666667 1.7916666666666667 1.875 0.8958333333333334 2.0 0.9166666666666666 1.9791666666666667 1.8958333333333333  
156 205.09830984251678 1.7083333333333333 1.5833333333333333 1.5833333333333333 1.2291666666666667 1.4166666666666667 1.1458333333333333 1.625 1.3958333333333333 0.8958333333333334 1.875 1.8958333333333333 1.3125 1.0416666666666667 0.9583333333333334 1.3125 1.125 1.0416666666666667 1.3958333333333333 1.7916666666666667 1.6875 1.6458333333333333 1.2291666666666667 1.9791666666666667 1.7916666666666667 1.875 0.8958333333333334 2.0 0.9166666666666666 1.9791666666666667 1.8958333333333333  
95 393.1506955675094 2.5625 2.375 2.375 1.84375 2.125 1.71875 2.4375 2.09375 1.34375 2.8125 2.84375 1.96875 1.5625 1.4375 1.96875 1.6875 1.5625 2.09375 2.6875 2.53125 2.46875 1.84375 2.96875 2.6875 2.8125 1.34375 3.0 1.375 2.96875 2.84375  
111 211.24371935526614 2.5625 2.375 2.375 1.84375 2.125 1.71875 2.4375 2.09375 1.34375 2.8125 2.84375 1.96875 1.5625 1.4375 1.96875 1.6875 1.5625 2.09375 2.6875 2.53125 2.46875 1.84375 2.96875 2.6875 2.8125 1.34375 3.0 1.375 2.96875 2.84375  
57 212.00987175981962 1.7083333333333333 1.5833333333333333 1.5833333333333333 1.2291666666666667 1.4166666666666667 1.1458333333333333 1.625 1.3958333333333333 0.8958333333333334 1.875 1.8958333333333333 1.3125 1.0416666666666667 0.9583333333333334 1.3125 1.125 1.0416666666666667 1.3958333333333333 1.7916666666666667 1.6875 1.6458333333333333 1.2291666666666667 1.9791666666666667 1.7916666666666667 1.875 0.8958333333333334 2.0 0.9166666666666666 1.9791666666666667 1.8958333333333333  
178 23.758284412092376 1.7083333333333333 1.5833333333333333 1.5833333333333333 1.2291666666666667 1.4166666666666667 1.1458333333333333 1.625 1.3958333333333333 0.8958333333333334 1.875 1.8958333333333333 1.3125 1.0416666666666667 0.9583333333333334 1.3125 1.125 1.0416666666666667 1.3958333333333333 1.7916666666666667 1.6875 1.6458333333333333 1.2291666666666667 1.9791666666666667 1.7916666666666667 1.875 0.8958333333333334 2.0 0.9166666666666666 1.9791666666666667 1.8958333333333333  
22 143.51654458988227 2.5625 2.375 2.375 1.84375 2.125 1.71875 2.4375 2.09375 1.34375 2.8125 2.84375 1.96875 1.5625 1.4375 1.96875 1.6875 1.5625 2.09375 2.6875 2.53125 2.46875 1.84375 2.96875 2.6875 2.8125 1.34375 3.0 1.375 2.96875 2.84375  
166 70.81179451277833 1.7083333333333333 1.5833333333333333 1.5833333333333333 1.2291666666666667 1.4166666666666667 1.1458333333333333 1.625 1.3958333333333333 0.8958333333333334 1.875 1.8958333333333333 1.3125 1.0416666666666667 0.9583333333333334 1.3125 1.125 1.0416666666666667 1.3958333333333333 1.7916666666666667 1.6875 1.6458333333333333 1.2291666666666667 1.9791666666666667 1.7916666666666667 1.875 0.8958333333333334 2.0 0.9166666666666666 1.9791666666666667 1.8958333333333333  
175 13.966328486915273 2.5625 2.375 2.375 1.84375 2.125 1.71875 2.4375 2.09375 1.34375 2.8125 2.84375 1.96875 1.5625 1.4375 1.96875 1.6875 1.5625 2.09375 2.6875 2.53125 2.46875 1.84375 2.96875 2.6875 2.8125 1.34375 3.0 1.375 2.96875 2.84375  
141 23.650662593296683 2.5625 2.375 2.375 1.84375 2.125 1.71875 2.4375 2.09375 1.34375 2.8125 2.84375 1.96875 1.5625 1.4375 1.96875 1.6875 1.5625 2.09375 2.6875 2.53125 2.46875 1.84375 2.96875 2.6875 2.8125 1.34375 3.0 1.375 2.96875 2.84375  
107 221.56643044739056 2.5625 2.375 2.375 1.84375 2.125 1.71875 2.4375 2.09375 1.34375 2.8125 2.84375 1.96875 1.5625 1.4375 1.96875 1.6875 1.5625 2.09375 2.6875 2.53125 2.46875 1.84375 2.96875 2.6875 2.8125 1.34375 3.0 1.375 2.96875 2.84375  
67 104.19200458513129 1.7083333333333333 1.5833333333333333 1.5833333333333333 1.2291666666666667 1.4166666666666667 1.1458333333333333 1.625 1.3958333333333333 0.8958333333333334 1.875 1.8958333333333333 1.3125 1.0416666666666667 0.9583333333333334 1.3125 1.125 1.0416666666666667 1.3958333333333333 1.7916666666666667 1.6875 1.6458333333333333 1.2291666666666667 1.9791666666666667 1.7916666666666667 1.875 0.8958333333333334 2.0 0.9166666666666666 1.9791666666666667 1.8958333333333333  
54 228.0153432067193 1.7083333333333333 1.5833333333333333 1.5833333333333333 1.2291666666666667 1.4166666666666667 1.1458333333333333 1.625 1.3958333333333333 0.8958333333333334 1.875 1.8958333333333333 1.3125 1.0416666666666667 0.9583333333333334 1.3125 1.125 1.0416666666666667 1.3958333333333333 1.7916666666666667 1.6875 1.6458333333333333 1.2291666666666667 1.9791666666666667 1.7916666666666667 1.875 0.8958333333333334 2.0 0.9166666666666666 1.9791666666666667 1.8958333333333333  
105 406.0022390512404 1.7083333333333333 1.5833333333333333 1.5833333333333333 1.2291666666666667 1.4166666666666667 1.1458333333333333 1.625 1.3958333333333333 0.8958333333333334 1.875 1.8958333333333333 1.3125 1.0416666666666667 0.9583333333333334 1.3125 1.125 1.0416666666666667 1.3958333333333333 1.7916666666666667 1.6875 1.6458333333333333 1.2291666666666667 1.9791666666666667 1.7916666666666667 1.875 0.8958333333333334 2.0 0.9166666666666666 1.9791666666666667 1.8958333333333333  
108 291.73702756649317 1.7083333333333333 1.5833333333333333 1.5833333333333333 1.2291666666666667 1.4166666666666667 1.1458333333333333 1.625 1.3958333333333333 0.8958333333333334 1.875 1.8958333333333333 1.3125 1.0416666666666667 0.9583333333333334 1.3125 1.125 1.0416666666666667 1.3958333333333333 1.7916666666666667 1.6875 1.6458333333333333 1.2291666666666667 1.9791666666666667 1.7916666666666667 1.875 0.8958333333333334 2.0 0.9166666666666666 1.9791666666666667 1.8958333333333333  
90 123.04563582389602 2.5625 2.375 2.375 1.84375 2.125 1.71875 2.4375 2.09375 1.34375 2.8125 2.84375 1.96875 1.5625 1.4375 1.96875 1.6875 1.5625 2.09375 2.6875 2.53125 2.46875 1.84375 2.96875 2.6875 2.8125 1.34375 3.0 1.375 2.96875 2.84375  
42 135.94227086576754 1.7083333333333333 1.5833333333333333 1.5833333333333333 1.2291666666666667 1.4166666666666667 1.1458333333333333 1.625 1.3958333333333333 0.8958333333333334 1.875 1.8958333333333333 1.3125 1.0416666666666667 0.9583333333333334 1.3125 1.125 1.0416666666666667 1.3958333333333333 1.7916666666666667 1.6875 1.6458333333333333 1.2291666666666667 1.9791666666666667 1.7916666666666667 1.875 0.8958333333333334 2.0 0.9166666666666666 1.9791666666666667 1.8958333333333333  
12 129.75051459809612 1.7083333333333333 1.5833333333333333 1.5833333333333333 1.2291666666666667 1.4166666666666667 1.1458333333333333 1.625 1.3958333333333333 0.8958333333333334 1.875 1.8958333333333333 1.3125 1.0416666666666667 0.9583333333333334 1.3125 1.125 1.0416666666666667 1.3958333333333333 1.7916666666666667 1.6875 1.6458333333333333 1.2291666666666667 1.9791666666666667 1.7916666666666667 1.875 0.8958333333333334 2.0 0.9166666666666666 1.9791666666666667 1.8958333333333333  
6 156.3112750938699 2.5625 2.375 2.375 1.84375 2.125 1.71875 2.4375 2.09375 1.34375 2.8125 2.84375 1.96875 1.5625 1.4375 1.96875 1.6875 1.5625 2.09375 2.6875 2.53125 2.46875 1.84375 2.96875 2.6875 2.8125 1.34375 3.0 1.375 2.96875 2.84375  
11 13.205804496309879 1.7083333333333333 1.5833333333333333 1.5833333333333333 1.2291666666666667 1.4166666666666667 1.1458333333333333 1.625 1.3958333333333333 0.8958333333333334 1.875 1.8958333333333333 1.3125 1.0416666666666667 0.9583333333333334 1.3125 1.125 1.0416666666666667 1.3958333333333333 1.7916666666666667 1.6875 1.6458333333333333 1.2291666666666667 1.9791666666666667 1.7916666666666667 1.875 0.8958333333333334 2.0 0.9166666666666666 1.9791666666666667 1.8958333333333333  
164 32.20290669491934 1.7083333333333333 1.5833333333333333 1.5833333333333333 1.2291666666666667 1.4166666666666667 1.1458333333333333 1.625 1.3958333333333333 0.8958333333333334 1.875 1.8958333333333333 1.3125 1.0416666666666667 0.9583333333333334 1.3125 1.125 1.0416666666666667 1.3958333333333333 1.7916666666666667 1.6875 1.6458333333333333 1.2291666666666667 1.9791666666666667 1.7916666666666667 1.875 0.8958333333333334 2.0 0.9166666666666666 1.9791666666666667 1.8958333333333333  
51 75.5241735446977 2.5625 2.375 2.375 1.84375 2.125 1.71875 2.4375 2.09375 1.34375 2.8125 2.84375 1.96875 1.5625 1.4375 1.96875 1.6875 1.5625 2.09375 2.6875 2.53125 2.46875 1.84375 2.96875 2.6875 2.8125 1.34375 3.0 1.375 2.96875 2.84375  
179 21.75572112961916 1.7083333333333333 1.5833333333333333 1.5833333333333333 1.2291666666666667 1.4166666666666667 1.1458333333333333 1.625 1.3958333333333333 0.8958333333333334 1.875 1.8958333333333333 1.3125 1.0416666666666667 0.9583333333333334 1.3125 1.125 1.0416666666666667 1.3958333333333333 1.7916666666666667 1.6875 1.6458333333333333 1.2291666666666667 1.9791666666666667 1.7916666666666667 1.875 0.8958333333333334 2.0 0.9166666666666666 1.9791666666666667 1.8958333333333333  
53 71.14044151806362 2.5625 2.375 2.375 1.84375 2.125 1.71875 2.4375 2.09375 1.34375 2.8125 2.84375 1.96875 1.5625 1.4375 1.96875 1.6875 1.5625 2.09375 2.6875 2.53125 2.46875 1.84375 2.96875 2.6875 2.8125 1.34375 3.0 1.375 2.96875 2.84375  
137 229.07320165613524 1.7083333333333333 1.5833333333333333 1.5833333333333333 1.2291666666666667 1.4166666666666667 1.1458333333333333 1.625 1.3958333333333333 0.8958333333333334 1.875 1.8958333333333333 1.3125 1.0416666666666667 0.9583333333333334 1.3125 1.125 1.0416666666666667 1.3958333333333333 1.7916666666666667 1.6875 1.6458333333333333 1.2291666666666667 1.9791666666666667 1.7916666666666667 1.875 0.8958333333333334 2.0 0.9166666666666666 1.9791666666666667 1.8958333333333333  
169 17.378673845549603 2.5625 2.375 2.375 1.84375 2.125 1.71875 2.4375 2.09375 1.34375 2.8125 2.84375 1.96875 1.5625 1.4375 1.96875 1.6875 1.5625 2.09375 2.6875 2.53125 2.46875 1.84375 2.96875 2.6875 2.8125 1.34375 3.0 1.375 2.96875 2.84375  
59 57.71935391011972 2.5625 2.375 2.375 1.84375 2.125 1.71875 2.4375 2.09375 1.34375 2.8125 2.84375 1.96875 1.5625 1.4375 1.96875 1.6875 1.5625 2.09375 2.6875 2.53125 2.46875 1.84375 2.96875 2.6875 2.8125 1.34375 3.0 1.375 2.96875 2.84375  
83 278.9922572181176 1.7083333333333333 1.5833333333333333 1.5833333333333333 1.2291666666666667 1.4166666666666667 1.1458333333333333 1.625 1.3958333333333333 0.8958333333333334 1.875 1.8958333333333333 1.3125 1.0416666666666667 0.9583333333333334 1.3125 1.125 1.0416666666666667 1.3958333333333333 1.7916666666666667 1.6875 1.6458333333333333 1.2291666666666667 1.9791666666666667 1.7916666666666667 1.875 0.8958333333333334 2.0 0.9166666666666666 1.9791666666666667 1.8958333333333333  
96 452.9485045959812 1.7083333333333333 1.5833333333333333 1.5833333333333333 1.2291666666666667 1.4166666666666667 1.1458333333333333 1.625 1.3958333333333333 0.8958333333333334 1.875 1.8958333333333333 1.3125 1.0416666666666667 0.9583333333333334 1.3125 1.125 1.0416666666666667 1.3958333333333333 1.7916666666666667 1.6875 1.6458333333333333 1.2291666666666667 1.9791666666666667 1.7916666666666667 1.875 0.8958333333333334 2.0 0.9166666666666666 1.9791666666666667 1.8958333333333333  
64 30.65118942966809 2.5625 2.375 2.375 1.84375 2.125 1.71875 2.4375 2.09375 1.34375 2.8125 2.84375 1.96875 1.5625 1.4375 1.96875 1.6875 1.5625 2.09375 2.6875 2.53125 2.46875 1.84375 2.96875 2.6875 2.8125 1.34375 3.0 1.375 2.96875 2.84375  
113 92.90025674609976 2.5625 2.375 2.375 1.84375 2.125 1.71875 2.4375 2.09375 1.34375 2.8125 2.84375 1.96875 1.5625 1.4375 1.96875 1.6875 1.5625 2.09375 2.6875 2.53125 2.46875 1.84375 2.96875 2.6875 2.8125 1.34375 3.0 1.375 2.96875 2.84375  
112 344.50531412254503 1.7083333333333333 1.5833333333333333 1.5833333333333333 1.2291666666666667 1.4166666666666667 1.1458333333333333 1.625 1.3958333333333333 0.8958333333333334 1.875 1.8958333333333333 1.3125 1.0416666666666667 0.9583333333333334 1.3125 1.125 1.0416666666666667 1.3958333333333333 1.7916666666666667 1.6875 1.6458333333333333 1.2291666666666667 1.9791666666666667 1.7916666666666667 1.875 0.8958333333333334 2.0 0.9166666666666666 1.9791666666666667 1.8958333333333333  
155 38.11486720756091 2.5625 2.375 2.375 1.84375 2.125 1.71875 2.4375 2.09375 1.34375 2.8125 2.84375 1.96875 1.5625 1.4375 1.96875 1.6875 1.5625 2.09375 2.6875 2.53125 2.46875 1.84375 2.96875 2.6875 2.8125 1.34375 3.0 1.375 2.96875 2.84375  
15 119.23839507455938 2.5625 2.375 2.375 1.84375 2.125 1.71875 2.4375 2.09375 1.34375 2.8125 2.84375 1.96875 1.5625 1.4375 1.96875 1.6875 1.5625 2.09375 2.6875 2.53125 2.46875 1.84375 2.96875 2.6875 2.8125 1.34375 3.0 1.375 2.96875 2.84375  
165 57.79860479050837 2.5625 2.375 2.375 1.84375 2.125 1.71875 2.4375 2.09375 1.34375 2.8125 2.84375 1.96875 1.5625 1.4375 1.96875 1.6875 1.5625 2.09375 2.6875 2.53125 2.46875 1.84375 2.96875 2.6875 2.8125 1.34375 3.0 1.375 2.96875 2.84375  
72 44.21728122188392 1.7083333333333333 1.5833333333333333 1.5833333333333333 1.2291666666666667 1.4166666666666667 1.1458333333333333 1.625 1.3958333333333333 0.8958333333333334 1.875 1.8958333333333333 1.3125 1.0416666666666667 0.9583333333333334 1.3125 1.125 1.0416666666666667 1.3958333333333333 1.7916666666666667 1.6875 1.6458333333333333 1.2291666666666667 1.9791666666666667 1.7916666666666667 1.875 0.8958333333333334 2.0 0.9166666666666666 1.9791666666666667 1.8958333333333333  
7 24.71754107061448 1.7083333333333333 1.5833333333333333 1.5833333333333333 1.2291666666666667 1.4166666666666667 1.1458333333333333 1.625 1.3958333333333333 0.8958333333333334 1.875 1.8958333333333333 1.3125 1.0416666666666667 0.9583333333333334 1.3125 1.125 1.0416666666666667 1.3958333333333333 1.7916666666666667 1.6875 1.6458333333333333 1.2291666666666667 1.9791666666666667 1.7916666666666667 1.875 0.8958333333333334 2.0 0.9166666666666666 1.9791666666666667 1.8958333333333333  
69 119.35876251054322 2.5625 2.375 2.375 1.84375 2.125 1.71875 2.4375 2.09375 1.34375 2.8125 2.84375 1.96875 1.5625 1.4375 1.96875 1.6875 1.5625 2.09375 2.6875 2.53125 2.46875 1.84375 2.96875 2.6875 2.8125 1.34375 3.0 1.375 2.96875 2.84375  
162 58.76944545147868 1.7083333333333333 1.5833333333333333 1.5833333333333333 1.2291666666666667 1.4166666666666667 1.1458333333333333 1.625 1.3958333333333333 0.8958333333333334 1.875 1.8958333333333333 1.3125 1.0416666666666667 0.9583333333333334 1.3125 1.125 1.0416666666666667 1.3958333333333333 1.7916666666666667 1.6875 1.6458333333333333 1.2291666666666667 1.9791666666666667 1.7916666666666667 1.875 0.8958333333333334 2.0 0.9166666666666666 1.9791666666666667 1.8958333333333333  
45 34.183047155406584 2.5625 2.375 2.375 1.84375 2.125 1.71875 2.4375 2.09375 1.34375 2.8125 2.84375 1.96875 1.5625 1.4375 1.96875 1.6875 1.5625 2.09375 2.6875 2.53125 2.46875 1.84375 2.96875 2.6875 2.8125 1.34375 3.0 1.375 2.96875 2.84375  
81 463.5937843255567 2.5625 2.375 2.375 1.84375 2.125 1.71875 2.4375 2.09375 1.34375 2.8125 2.84375 1.96875 1.5625 1.4375 1.96875 1.6875 1.5625 2.09375 2.6875 2.53125 2.46875 1.84375 2.96875 2.6875 2.8125 1.34375 3.0 1.375 2.96875 2.84375  
61 41.453272768493775 1.7083333333333333 1.5833333333333333 1.5833333333333333 1.2291666666666667 1.4166666666666667 1.1458333333333333 1.625 1.3958333333333333 0.8958333333333334 1.875 1.8958333333333333 1.3125 1.0416666666666667 0.9583333333333334 1.3125 1.125 1.0416666666666667 1.3958333333333333 1.7916666666666667 1.6875 1.6458333333333333 1.2291666666666667 1.9791666666666667 1.7916666666666667 1.875 0.8958333333333334 2.0 0.9166666666666666 1.9791666666666667 1.8958333333333333  
28 33.79024015188001 2.5625 2.375 2.375 1.84375 2.125 1.71875 2.4375 2.09375 1.34375 2.8125 2.84375 1.96875 1.5625 1.4375 1.96875 1.6875 1.5625 2.09375 2.6875 2.53125 2.46875 1.84375 2.96875 2.6875 2.8125 1.34375 3.0 1.375 2.96875 2.84375  
33 190.58019987363198 1.7083333333333333 1.5833333333333333 1.5833333333333333 1.2291666666666667 1.4166666666666667 1.1458333333333333 1.625 1.3958333333333333 0.8958333333333334 1.875 1.8958333333333333 1.3125 1.0416666666666667 0.9583333333333334 1.3125 1.125 1.0416666666666667 1.3958333333333333 1.7916666666666667 1.6875 1.6458333333333333 1.2291666666666667 1.9791666666666667 1.7916666666666667 1.875 0.8958333333333334 2.0 0.9166666666666666 1.9791666666666667 1.8958333333333333  
29 92.63940329991956 2.5625 2.375 2.375 1.84375 2.125 1.71875 2.4375 2.09375 1.34375 2.8125 2.84375 1.96875 1.5625 1.4375 1.96875 1.6875 1.5625 2.09375 2.6875 2.53125 2.46875 1.84375 2.96875 2.6875 2.8125 1.34375 3.0 1.375 2.96875 2.84375  
84 115.75184611947509 1.7083333333333333 1.5833333333333333 1.5833333333333333 1.2291666666666667 1.4166666666666667 1.1458333333333333 1.625 1.3958333333333333 0.8958333333333334 1.875 1.8958333333333333 1.3125 1.0416666666666667 0.9583333333333334 1.3125 1.125 1.0416666666666667 1.3958333333333333 1.7916666666666667 1.6875 1.6458333333333333 1.2291666666666667 1.9791666666666667 1.7916666666666667 1.875 0.8958333333333334 2.0 0.9166666666666666 1.9791666666666667 1.8958333333333333  
150 149.19187496310172 2.5625 2.375 2.375 1.84375 2.125 1.71875 2.4375 2.09375 1.34375 2.8125 2.84375 1.96875 1.5625 1.4375 1.96875 1.6875 1.5625 2.09375 2.6875 2.53125 2.46875 1.84375 2.96875 2.6875 2.8125 1.34375 3.0 1.375 2.96875 2.84375  
100 384.68644001106014 2.5625 2.375 2.375 1.84375 2.125 1.71875 2.4375 2.09375 1.34375 2.8125 2.84375 1.96875 1.5625 1.4375 1.96875 1.6875 1.5625 2.09375 2.6875 2.53125 2.46875 1.84375 2.96875 2.6875 2.8125 1.34375 3.0 1.375 2.96875 2.84375  
9 156.0258721915038 1.7083333333333333 1.5833333333333333 1.5833333333333333 1.2291666666666667 1.4166666666666667 1.1458333333333333 1.625 1.3958333333333333 0.8958333333333334 1.875 1.8958333333333333 1.3125 1.0416666666666667 0.9583333333333334 1.3125 1.125 1.0416666666666667 1.3958333333333333 1.7916666666666667 1.6875 1.6458333333333333 1.2291666666666667 1.9791666666666667 1.7916666666666667 1.875 0.8958333333333334 2.0 0.9166666666666666 1.9791666666666667 1.8958333333333333  
120 270.68684546814404 1.7083333333333333 1.5833333333333333 1.5833333333333333 1.2291666666666667 1.4166666666666667 1.1458333333333333 1.625 1.3958333333333333 0.8958333333333334 1.875 1.8958333333333333 1.3125 1.0416666666666667 0.9583333333333334 1.3125 1.125 1.0416666666666667 1.3958333333333333 1.7916666666666667 1.6875 1.6458333333333333 1.2291666666666667 1.9791666666666667 1.7916666666666667 1.875 0.8958333333333334 2.0 0.9166666666666666 1.9791666666666667 1.8958333333333333  
8 115.88502574070388 1.7083333333333333 1.5833333333333333 1.5833333333333333 1.2291666666666667 1.4166666666666667 1.1458333333333333 1.625 1.3958333333333333 0.8958333333333334 1.875 1.8958333333333333 1.3125 1.0416666666666667 0.9583333333333334 1.3125 1.125 1.0416666666666667 1.3958333333333333 1.7916666666666667 1.6875 1.6458333333333333 1.2291666666666667 1.9791666666666667 1.7916666666666667 1.875 0.8958333333333334 2.0 0.9166666666666666 1.9791666666666667 1.8958333333333333  
99 417.50713687127893 1.7083333333333333 1.5833333333333333 1.5833333333333333 1.2291666666666667 1.4166666666666667 1.1458333333333333 1.625 1.3958333333333333 0.8958333333333334 1.875 1.8958333333333333 1.3125 1.0416666666666667 0.9583333333333334 1.3125 1.125 1.0416666666666667 1.3958333333333333 1.7916666666666667 1.6875 1.6458333333333333 1.2291666666666667 1.9791666666666667 1.7916666666666667 1.875 0.8958333333333334 2.0 0.9166666666666666 1.9791666666666667 1.8958333333333333  
128 75.1786119269384 2.5625 2.375 2.375 1.84375 2.125 1.71875 2.4375 2.09375 1.34375 2.8125 2.84375 1.96875 1.5625 1.4375 1.96875 1.6875 1.5625 2.09375 2.6875 2.53125 2.46875 1.84375 2.96875 2.6875 2.8125 1.34375 3.0 1.375 2.96875 2.84375  
24 123.78444763837523 2.5625 2.375 2.375 1.84375 2.125 1.71875 2.4375 2.09375 1.34375 2.8125 2.84375 1.96875 1.5625 1.4375 1.96875 1.6875 1.5625 2.09375 2.6875 2.53125 2.46875 1.84375 2.96875 2.6875 2.8125 1.34375 3.0 1.375 2.96875 2.84375  
132 77.2313659155198 2.5625 2.375 2.375 1.84375 2.125 1.71875 2.4375 2.09375 1.34375 2.8125 2.84375 1.96875 1.5625 1.4375 1.96875 1.6875 1.5625 2.09375 2.6875 2.53125 2.46875 1.84375 2.96875 2.6875 2.8125 1.34375 3.0 1.375 2.96875 2.84375  
26 98.89517688188315 1.7083333333333333 1.5833333333333333 1.5833333333333333 1.2291666666666667 1.4166666666666667 1.1458333333333333 1.625 1.3958333333333333 0.8958333333333334 1.875 1.8958333333333333 1.3125 1.0416666666666667 0.9583333333333334 1.3125 1.125 1.0416666666666667 1.3958333333333333 1.7916666666666667 1.6875 1.6458333333333333 1.2291666666666667 1.9791666666666667 1.7916666666666667 1.875 0.8958333333333334 2.0 0.9166666666666666 1.9791666666666667 1.8958333333333333  
27 39.52019470622189 2.5625 2.375 2.375 1.84375 2.125 1.71875 2.4375 2.09375 1.34375 2.8125 2.84375 1.96875 1.5625 1.4375 1.96875 1.6875 1.5625 2.09375 2.6875 2.53125 2.46875 1.84375 2.96875 2.6875 2.8125 1.34375 3.0 1.375 2.96875 2.84375  
172 29.662050757104293 2.5625 2.375 2.375 1.84375 2.125 1.71875 2.4375 2.09375 1.34375 2.8125 2.84375 1.96875 1.5625 1.4375 1.96875 1.6875 1.5625 2.09375 2.6875 2.53125 2.46875 1.84375 2.96875 2.6875 2.8125 1.34375 3.0 1.375 2.96875 2.84375  
140 38.08541365533741 1.7083333333333333 1.5833333333333333 1.5833333333333333 1.2291666666666667 1.4166666666666667 1.1458333333333333 1.625 1.3958333333333333 0.8958333333333334 1.875 1.8958333333333333 1.3125 1.0416666666666667 0.9583333333333334 1.3125 1.125 1.0416666666666667 1.3958333333333333 1.7916666666666667 1.6875 1.6458333333333333 1.2291666666666667 1.9791666666666667 1.7916666666666667 1.875 0.8958333333333334 2.0 0.9166666666666666 1.9791666666666667 1.8958333333333333  
110 231.10092616346955 1.7083333333333333 1.5833333333333333 1.5833333333333333 1.2291666666666667 1.4166666666666667 1.1458333333333333 1.625 1.3958333333333333 0.8958333333333334 1.875 1.8958333333333333 1.3125 1.0416666666666667 0.9583333333333334 1.3125 1.125 1.0416666666666667 1.3958333333333333 1.7916666666666667 1.6875 1.6458333333333333 1.2291666666666667 1.9791666666666667 1.7916666666666667 1.875 0.8958333333333334 2.0 0.9166666666666666 1.9791666666666667 1.8958333333333333  
31 155.81767052909592 2.5625 2.375 2.375 1.84375 2.125 1.71875 2.4375 2.09375 1.34375 2.8125 2.84375 1.96875 1.5625 1.4375 1.96875 1.6875 1.5625 2.09375 2.6875 2.53125 2.46875 1.84375 2.96875 2.6875 2.8125 1.34375 3.0 1.375 2.96875 2.84375  
88 505.9346814257643 2.5625 2.375 2.375 1.84375 2.125 1.71875 2.4375 2.09375 1.34375 2.8125 2.84375 1.96875 1.5625 1.4375 1.96875 1.6875 1.5625 2.09375 2.6875 2.53125 2.46875 1.84375 2.96875 2.6875 2.8125 1.34375 3.0 1.375 2.96875 2.84375  
93 281.8070974175552 2.5625 2.375 2.375 1.84375 2.125 1.71875 2.4375 2.09375 1.34375 2.8125 2.84375 1.96875 1.5625 1.4375 1.96875 1.6875 1.5625 2.09375 2.6875 2.53125 2.46875 1.84375 2.96875 2.6875 2.8125 1.34375 3.0 1.375 2.96875 2.84375  
114 97.04103672432062 1.7083333333333333 1.5833333333333333 1.5833333333333333 1.2291666666666667 1.4166666666666667 1.1458333333333333 1.625 1.3958333333333333 0.8958333333333334 1.875 1.8958333333333333 1.3125 1.0416666666666667 0.9583333333333334 1.3125 1.125 1.0416666666666667 1.3958333333333333 1.7916666666666667 1.6875 1.6458333333333333 1.2291666666666667 1.9791666666666667 1.7916666666666667 1.875 0.8958333333333334 2.0 0.9166666666666666 1.9791666666666667 1.8958333333333333  
78 125.53420115732945 1.7083333333333333 1.5833333333333333 1.5833333333333333 1.2291666666666667 1.4166666666666667 1.1458333333333333 1.625 1.3958333333333333 0.8958333333333334 1.875 1.8958333333333333 1.3125 1.0416666666666667 0.9583333333333334 1.3125 1.125 1.0416666666666667 1.3958333333333333 1.7916666666666667 1.6875 1.6458333333333333 1.2291666666666667 1.9791666666666667 1.7916666666666667 1.875 0.8958333333333334 2.0 0.9166666666666666 1.9791666666666667 1.8958333333333333  
17 274.03830698109886 1.7083333333333333 1.5833333333333333 1.5833333333333333 1.2291666666666667 1.4166666666666667 1.1458333333333333 1.625 1.3958333333333333 0.8958333333333334 1.875 1.8958333333333333 1.3125 1.0416666666666667 0.9583333333333334 1.3125 1.125 1.0416666666666667 1.3958333333333333 1.7916666666666667 1.6875 1.6458333333333333 1.2291666666666667 1.9791666666666667 1.7916666666666667 1.875 0.8958333333333334 2.0 0.9166666666666666 1.9791666666666667 1.8958333333333333  
5 87.93430218239271 1.7083333333333333 1.5833333333333333 1.5833333333333333 1.2291666666666667 1.4166666666666667 1.1458333333333333 1.625 1.3958333333333333 0.8958333333333334 1.875 1.8958333333333333 1.3125 1.0416666666666667 0.9583333333333334 1.3125 1.125 1.0416666666666667 1.3958333333333333 1.7916666666666667 1.6875 1.6458333333333333 1.2291666666666667 1.9791666666666667 1.7916666666666667 1.875 0.8958333333333334 2.0 0.9166666666666666 1.9791666666666667 1.8958333333333333  
157 218.54882961576692 1.7083333333333333 1.5833333333333333 1.5833333333333333 1.2291666666666667 1.4166666666666667 1.1458333333333333 1.625 1.3958333333333333 0.8958333333333334 1.875 1.8958333333333333 1.3125 1.0416666666666667 0.9583333333333334 1.3125 1.125 1.0416666666666667 1.3958333333333333 1.7916666666666667 1.6875 1.6458333333333333 1.2291666666666667 1.9791666666666667 1.7916666666666667 1.875 0.8958333333333334 2.0 0.9166666666666666 1.9791666666666667 1.8958333333333333  
143 72.1530448721969 1.7083333333333333 1.5833333333333333 1.5833333333333333 1.2291666666666667 1.4166666666666667 1.1458333333333333 1.625 1.3958333333333333 0.8958333333333334 1.875 1.8958333333333333 1.3125 1.0416666666666667 0.9583333333333334 1.3125 1.125 1.0416666666666667 1.3958333333333333 1.7916666666666667 1.6875 1.6458333333333333 1.2291666666666667 1.9791666666666667 1.7916666666666667 1.875 0.8958333333333334 2.0 0.9166666666666666 1.9791666666666667 1.8958333333333333  
102 365.5263480196855 1.7083333333333333 1.5833333333333333 1.5833333333333333 1.2291666666666667 1.4166666666666667 1.1458333333333333 1.625 1.3958333333333333 0.8958333333333334 1.875 1.8958333333333333 1.3125 1.0416666666666667 0.9583333333333334 1.3125 1.125 1.0416666666666667 1.3958333333333333 1.7916666666666667 1.6875 1.6458333333333333 1.2291666666666667 1.9791666666666667 1.7916666666666667 1.875 0.8958333333333334 2.0 0.9166666666666666 1.9791666666666667 1.8958333333333333  
146 142.60342795653207 2.5625 2.375 2.375 1.84375 2.125 1.71875 2.4375 2.09375 1.34375 2.8125 2.84375 1.96875 1.5625 1.4375 1.96875 1.6875 1.5625 2.09375 2.6875 2.53125 2.46875 1.84375 2.96875 2.6875 2.8125 1.34375 3.0 1.375 2.96875 2.84375  
138 64.07418689217961 1.7083333333333333 1.5833333333333333 1.5833333333333333 1.2291666666666667 1.4166666666666667 1.1458333333333333 1.625 1.3958333333333333 0.8958333333333334 1.875 1.8958333333333333 1.3125 1.0416666666666667 0.9583333333333334 1.3125 1.125 1.0416666666666667 1.3958333333333333 1.7916666666666667 1.6875 1.6458333333333333 1.2291666666666667 1.9791666666666667 1.7916666666666667 1.875 0.8958333333333334 2.0 0.9166666666666666 1.9791666666666667 1.8958333333333333  
115 299.3352016857143 2.5625 2.375 2.375 1.84375 2.125 1.71875 2.4375 2.09375 1.34375 2.8125 2.84375 1.96875 1.5625 1.4375 1.96875 1.6875 1.5625 2.09375 2.6875 2.53125 2.46875 1.84375 2.96875 2.6875 2.8125 1.34375 3.0 1.375 2.96875 2.84375  
121 44.990913591952484 2.5625 2.375 2.375 1.84375 2.125 1.71875 2.4375 2.09375 1.34375 2.8125 2.84375 1.96875 1.5625 1.4375 1.96875 1.6875 1.5625 2.09375 2.6875 2.53125 2.46875 1.84375 2.96875 2.6875 2.8125 1.34375 3.0 1.375 2.96875 2.84375  
55 180.56632914299715 1.7083333333333333 1.5833333333333333 1.5833333333333333 1.2291666666666667 1.4166666666666667 1.1458333333333333 1.625 1.3958333333333333 0.8958333333333334 1.875 1.8958333333333333 1.3125 1.0416666666666667 0.9583333333333334 1.3125 1.125 1.0416666666666667 1.3958333333333333 1.7916666666666667 1.6875 1.6458333333333333 1.2291666666666667 1.9791666666666667 1.7916666666666667 1.875 0.8958333333333334 2.0 0.9166666666666666 1.9791666666666667 1.8958333333333333  
82 671.772683697752 1.7083333333333333 1.5833333333333333 1.5833333333333333 1.2291666666666667 1.4166666666666667 1.1458333333333333 1.625 1.3958333333333333 0.8958333333333334 1.875 1.8958333333333333 1.3125 1.0416666666666667 0.9583333333333334 1.3125 1.125 1.0416666666666667 1.3958333333333333 1.7916666666666667 1.6875 1.6458333333333333 1.2291666666666667 1.9791666666666667 1.7916666666666667 1.875 0.8958333333333334 2.0 0.9166666666666666 1.9791666666666667 1.8958333333333333  
35 44.9204314007442 2.5625 2.375 2.375 1.84375 2.125 1.71875 2.4375 2.09375 1.34375 2.8125 2.84375 1.96875 1.5625 1.4375 1.96875 1.6875 1.5625 2.09375 2.6875 2.53125 2.46875 1.84375 2.96875 2.6875 2.8125 1.34375 3.0 1.375 2.96875 2.84375  
125 250.81564766599104 1.7083333333333333 1.5833333333333333 1.5833333333333333 1.2291666666666667 1.4166666666666667 1.1458333333333333 1.625 1.3958333333333333 0.8958333333333334 1.875 1.8958333333333333 1.3125 1.0416666666666667 0.9583333333333334 1.3125 1.125 1.0416666666666667 1.3958333333333333 1.7916666666666667 1.6875 1.6458333333333333 1.2291666666666667 1.9791666666666667 1.7916666666666667 1.875 0.8958333333333334 2.0 0.9166666666666666 1.9791666666666667 1.8958333333333333  
71 31.35508604933939 1.7083333333333333 1.5833333333333333 1.5833333333333333 1.2291666666666667 1.4166666666666667 1.1458333333333333 1.625 1.3958333333333333 0.8958333333333334 1.875 1.8958333333333333 1.3125 1.0416666666666667 0.9583333333333334 1.3125 1.125 1.0416666666666667 1.3958333333333333 1.7916666666666667 1.6875 1.6458333333333333 1.2291666666666667 1.9791666666666667 1.7916666666666667 1.875 0.8958333333333334 2.0 0.9166666666666666 1.9791666666666667 1.8958333333333333  
174 76.6561965287226 2.5625 2.375 2.375 1.84375 2.125 1.71875 2.4375 2.09375 1.34375 2.8125 2.84375 1.96875 1.5625 1.4375 1.96875 1.6875 1.5625 2.09375 2.6875 2.53125 2.46875 1.84375 2.96875 2.6875 2.8125 1.34375 3.0 1.375 2.96875 2.84375  
92 321.7908753682617 2.5625 2.375 2.375 1.84375 2.125 1.71875 2.4375 2.09375 1.34375 2.8125 2.84375 1.96875 1.5625 1.4375 1.96875 1.6875 1.5625 2.09375 2.6875 2.53125 2.46875 1.84375 2.96875 2.6875 2.8125 1.34375 3.0 1.375 2.96875 2.84375  
151 111.55482873022503 1.7083333333333333 1.5833333333333333 1.5833333333333333 1.2291666666666667 1.4166666666666667 1.1458333333333333 1.625 1.3958333333333333 0.8958333333333334 1.875 1.8958333333333333 1.3125 1.0416666666666667 0.9583333333333334 1.3125 1.125 1.0416666666666667 1.3958333333333333 1.7916666666666667 1.6875 1.6458333333333333 1.2291666666666667 1.9791666666666667 1.7916666666666667 1.875 0.8958333333333334 2.0 0.9166666666666666 1.9791666666666667 1.8958333333333333  
21 159.02130328317605 1.7083333333333333 1.5833333333333333 1.5833333333333333 1.2291666666666667 1.4166666666666667 1.1458333333333333 1.625 1.3958333333333333 0.8958333333333334 1.875 1.8958333333333333 1.3125 1.0416666666666667 0.9583333333333334 1.3125 1.125 1.0416666666666667 1.3958333333333333 1.7916666666666667 1.6875 1.6458333333333333 1.2291666666666667 1.9791666666666667 1.7916666666666667 1.875 0.8958333333333334 2.0 0.9166666666666666 1.9791666666666667 1.8958333333333333  
2 104.46226878062295 1.7083333333333333 1.5833333333333333 1.5833333333333333 1.2291666666666667 1.4166666666666667 1.1458333333333333 1.625 1.3958333333333333 0.8958333333333334 1.875 1.8958333333333333 1.3125 1.0416666666666667 0.9583333333333334 1.3125 1.125 1.0416666666666667 1.3958333333333333 1.7916666666666667 1.6875 1.6458333333333333 1.2291666666666667 1.9791666666666667 1.7916666666666667 1.875 0.8958333333333334 2.0 0.9166666666666666 1.9791666666666667 1.8958333333333333  
76 199.0804404926012 2.5625 2.375 2.375 1.84375 2.125 1.71875 2.4375 2.09375 1.34375 2.8125 2.84375 1.96875 1.5625 1.4375 1.96875 1.6875 1.5625 2.09375 2.6875 2.53125 2.46875 1.84375 2.96875 2.6875 2.8125 1.34375 3.0 1.375 2.96875 2.84375  
177 35.01760154029273 1.7083333333333333 1.5833333333333333 1.5833333333333333 1.2291666666666667 1.4166666666666667 1.1458333333333333 1.625 1.3958333333333333 0.8958333333333334 1.875 1.8958333333333333 1.3125 1.0416666666666667 0.9583333333333334 1.3125 1.125 1.0416666666666667 1.3958333333333333 1.7916666666666667 1.6875 1.6458333333333333 1.2291666666666667 1.9791666666666667 1.7916666666666667 1.875 0.8958333333333334 2.0 0.9166666666666666 1.9791666666666667 1.8958333333333333  
109 93.68832824234893 1.7083333333333333 1.5833333333333333 1.5833333333333333 1.2291666666666667 1.4166666666666667 1.1458333333333333 1.625 1.3958333333333333 0.8958333333333334 1.875 1.8958333333333333 1.3125 1.0416666666666667 0.9583333333333334 1.3125 1.125 1.0416666666666667 1.3958333333333333 1.7916666666666667 1.6875 1.6458333333333333 1.2291666666666667 1.9791666666666667 1.7916666666666667 1.875 0.8958333333333334 2.0 0.9166666666666666 1.9791666666666667 1.8958333333333333  
68 132.12877543947502 2.5625 2.375 2.375 1.84375 2.125 1.71875 2.4375 2.09375 1.34375 2.8125 2.84375 1.96875 1.5625 1.4375 1.96875 1.6875 1.5625 2.09375 2.6875 2.53125 2.46875 1.84375 2.96875 2.6875 2.8125 1.34375 3.0 1.375 2.96875 2.84375  
123 190.82713363866054 2.5625 2.375 2.375 1.84375 2.125 1.71875 2.4375 2.09375 1.34375 2.8125 2.84375 1.96875 1.5625 1.4375 1.96875 1.6875 1.5625 2.09375 2.6875 2.53125 2.46875 1.84375 2.96875 2.6875 2.8125 1.34375 3.0 1.375 2.96875 2.84375  
142 98.95020460874161 1.7083333333333333 1.5833333333333333 1.5833333333333333 1.2291666666666667 1.4166666666666667 1.1458333333333333 1.625 1.3958333333333333 0.8958333333333334 1.875 1.8958333333333333 1.3125 1.0416666666666667 0.9583333333333334 1.3125 1.125 1.0416666666666667 1.3958333333333333 1.7916666666666667 1.6875 1.6458333333333333 1.2291666666666667 1.9791666666666667 1.7916666666666667 1.875 0.8958333333333334 2.0 0.9166666666666666 1.9791666666666667 1.8958333333333333  
148 45.13869847334981 1.7083333333333333 1.5833333333333333 1.5833333333333333 1.2291666666666667 1.4166666666666667 1.1458333333333333 1.625 1.3958333333333333 0.8958333333333334 1.875 1.8958333333333333 1.3125 1.0416666666666667 0.9583333333333334 1.3125 1.125 1.0416666666666667 1.3958333333333333 1.7916666666666667 1.6875 1.6458333333333333 1.2291666666666667 1.9791666666666667 1.7916666666666667 1.875 0.8958333333333334 2.0 0.9166666666666666 1.9791666666666667 1.8958333333333333  
36 39.745355075625895 1.7083333333333333 1.5833333333333333 1.5833333333333333 1.2291666666666667 1.4166666666666667 1.1458333333333333 1.625 1.3958333333333333 0.8958333333333334 1.875 1.8958333333333333 1.3125 1.0416666666666667 0.9583333333333334 1.3125 1.125 1.0416666666666667 1.3958333333333333 1.7916666666666667 1.6875 1.6458333333333333 1.2291666666666667 1.9791666666666667 1.7916666666666667 1.875 0.8958333333333334 2.0 0.9166666666666666 1.9791666666666667 1.8958333333333333  
130 59.63540137831952 1.7083333333333333 1.5833333333333333 1.5833333333333333 1.2291666666666667 1.4166666666666667 1.1458333333333333 1.625 1.3958333333333333 0.8958333333333334 1.875 1.8958333333333333 1.3125 1.0416666666666667 0.9583333333333334 1.3125 1.125 1.0416666666666667 1.3958333333333333 1.7916666666666667 1.6875 1.6458333333333333 1.2291666666666667 1.9791666666666667 1.7916666666666667 1.875 0.8958333333333334 2.0 0.9166666666666666 1.9791666666666667 1.8958333333333333  
39 198.05784830624472 2.5625 2.375 2.375 1.84375 2.125 1.71875 2.4375 2.09375 1.34375 2.8125 2.84375 1.96875 1.5625 1.4375 1.96875 1.6875 1.5625 2.09375 2.6875 2.53125 2.46875 1.84375 2.96875 2.6875 2.8125 1.34375 3.0 1.375 2.96875 2.84375  
167 117.78303126277183 1.7083333333333333 1.5833333333333333 1.5833333333333333 1.2291666666666667 1.4166666666666667 1.1458333333333333 1.625 1.3958333333333333 0.8958333333333334 1.875 1.8958333333333333 1.3125 1.0416666666666667 0.9583333333333334 1.3125 1.125 1.0416666666666667 1.3958333333333333 1.7916666666666667 1.6875 1.6458333333333333 1.2291666666666667 1.9791666666666667 1.7916666666666667 1.875 0.8958333333333334 2.0 0.9166666666666666 1.9791666666666667 1.8958333333333333  
135 244.42743373192982 2.5625 2.375 2.375 1.84375 2.125 1.71875 2.4375 2.09375 1.34375 2.8125 2.84375 1.96875 1.5625 1.4375 1.96875 1.6875 1.5625 2.09375 2.6875 2.53125 2.46875 1.84375 2.96875 2.6875 2.8125 1.34375 3.0 1.375 2.96875 2.84375  
56 170.3057330491389 1.7083333333333333 1.5833333333333333 1.5833333333333333 1.2291666666666667 1.4166666666666667 1.1458333333333333 1.625 1.3958333333333333 0.8958333333333334 1.875 1.8958333333333333 1.3125 1.0416666666666667 0.9583333333333334 1.3125 1.125 1.0416666666666667 1.3958333333333333 1.7916666666666667 1.6875 1.6458333333333333 1.2291666666666667 1.9791666666666667 1.7916666666666667 1.875 0.8958333333333334 2.0 0.9166666666666666 1.9791666666666667 1.8958333333333333  
20 327.42449073182536 2.5625 2.375 2.375 1.84375 2.125 1.71875 2.4375 2.09375 1.34375 2.8125 2.84375 1.96875 1.5625 1.4375 1.96875 1.6875 1.5625 2.09375 2.6875 2.53125 2.46875 1.84375 2.96875 2.6875 2.8125 1.34375 3.0 1.375 2.96875 2.84375  
50 151.49342117728304 2.5625 2.375 2.375 1.84375 2.125 1.71875 2.4375 2.09375 1.34375 2.8125 2.84375 1.96875 1.5625 1.4375 1.96875 1.6875 1.5625 2.09375 2.6875 2.53125 2.46875 1.84375 2.96875 2.6875 2.8125 1.34375 3.0 1.375 2.96875 2.84375  
144 145.6460720108354 2.5625 2.375 2.375 1.84375 2.125 1.71875 2.4375 2.09375 1.34375 2.8125 2.84375 1.96875 1.5625 1.4375 1.96875 1.6875 1.5625 2.09375 2.6875 2.53125 2.46875 1.84375 2.96875 2.6875 2.8125 1.34375 3.0 1.375 2.96875 2.84375  
173 82.80768994727418 2.5625 2.375 2.375 1.84375 2.125 1.71875 2.4375 2.09375 1.34375 2.8125 2.84375 1.96875 1.5625 1.4375 1.96875 1.6875 1.5625 2.09375 2.6875 2.53125 2.46875 1.84375 2.96875 2.6875 2.8125 1.34375 3.0 1.375 2.96875 2.84375  
171 39.09208962792502 2.5625 2.375 2.375 1.84375 2.125 1.71875 2.4375 2.09375 1.34375 2.8125 2.84375 1.96875 1.5625 1.4375 1.96875 1.6875 1.5625 2.09375 2.6875 2.53125 2.46875 1.84375 2.96875 2.6875 2.8125 1.34375 3.0 1.375 2.96875 2.84375  
16 203.85387917173693 1.7083333333333333 1.5833333333333333 1.5833333333333333 1.2291666666666667 1.4166666666666667 1.1458333333333333 1.625 1.3958333333333333 0.8958333333333334 1.875 1.8958333333333333 1.3125 1.0416666666666667 0.9583333333333334 1.3125 1.125 1.0416666666666667 1.3958333333333333 1.7916666666666667 1.6875 1.6458333333333333 1.2291666666666667 1.9791666666666667 1.7916666666666667 1.875 0.8958333333333334 2.0 0.9166666666666666 1.9791666666666667 1.8958333333333333  
154 15.995596355172559 1.7083333333333333 1.5833333333333333 1.5833333333333333 1.2291666666666667 1.4166666666666667 1.1458333333333333 1.625 1.3958333333333333 0.8958333333333334 1.875 1.8958333333333333 1.3125 1.0416666666666667 0.9583333333333334 1.3125 1.125 1.0416666666666667 1.3958333333333333 1.7916666666666667 1.6875 1.6458333333333333 1.2291666666666667 1.9791666666666667 1.7916666666666667 1.875 0.8958333333333334 2.0 0.9166666666666666 1.9791666666666667 1.8958333333333333  
97 284.47976615814986 1.7083333333333333 1.5833333333333333 1.5833333333333333 1.2291666666666667 1.4166666666666667 1.1458333333333333 1.625 1.3958333333333333 0.8958333333333334 1.875 1.8958333333333333 1.3125 1.0416666666666667 0.9583333333333334 1.3125 1.125 1.0416666666666667 1.3958333333333333 1.7916666666666667 1.6875 1.6458333333333333 1.2291666666666667 1.9791666666666667 1.7916666666666667 1.875 0.8958333333333334 2.0 0.9166666666666666 1.9791666666666667 1.8958333333333333  
89 543.3963151038593 2.5625 2.375 2.375 1.84375 2.125 1.71875 2.4375 2.09375 1.34375 2.8125 2.84375 1.96875 1.5625 1.4375 1.96875 1.6875 1.5625 2.09375 2.6875 2.53125 2.46875 1.84375 2.96875 2.6875 2.8125 1.34375 3.0 1.375 2.96875 2.84375  
153 43.56009291269055 2.5625 2.375 2.375 1.84375 2.125 1.71875 2.4375 2.09375 1.34375 2.8125 2.84375 1.96875 1.5625 1.4375 1.96875 1.6875 1.5625 2.09375 2.6875 2.53125 2.46875 1.84375 2.96875 2.6875 2.8125 1.34375 3.0 1.375 2.96875 2.84375  
86 737.8125376131949 1.7083333333333333 1.5833333333333333 1.5833333333333333 1.2291666666666667 1.4166666666666667 1.1458333333333333 1.625 1.3958333333333333 0.8958333333333334 1.875 1.8958333333333333 1.3125 1.0416666666666667 0.9583333333333334 1.3125 1.125 1.0416666666666667 1.3958333333333333 1.7916666666666667 1.6875 1.6458333333333333 1.2291666666666667 1.9791666666666667 1.7916666666666667 1.875 0.8958333333333334 2.0 0.9166666666666666 1.9791666666666667 1.8958333333333333  
119 287.4479352938705 1.7083333333333333 1.5833333333333333 1.5833333333333333 1.2291666666666667 1.4166666666666667 1.1458333333333333 1.625 1.3958333333333333 0.8958333333333334 1.875 1.8958333333333333 1.3125 1.0416666666666667 0.9583333333333334 1.3125 1.125 1.0416666666666667 1.3958333333333333 1.7916666666666667 1.6875 1.6458333333333333 1.2291666666666667 1.9791666666666667 1.7916666666666667 1.875 0.8958333333333334 2.0 0.9166666666666666 1.9791666666666667 1.8958333333333333  
118 45.10849331018053 1.7083333333333333 1.5833333333333333 1.5833333333333333 1.2291666666666667 1.4166666666666667 1.1458333333333333 1.625 1.3958333333333333 0.8958333333333334 1.875 1.8958333333333333 1.3125 1.0416666666666667 0.9583333333333334 1.3125 1.125 1.0416666666666667 1.3958333333333333 1.7916666666666667 1.6875 1.6458333333333333 1.2291666666666667 1.9791666666666667 1.7916666666666667 1.875 0.8958333333333334 2.0 0.9166666666666666 1.9791666666666667 1.8958333333333333  
13 117.22745850916036 2.5625 2.375 2.375 1.84375 2.125 1.71875 2.4375 2.09375 1.34375 2.8125 2.84375 1.96875 1.5625 1.4375 1.96875 1.6875 1.5625 2.09375 2.6875 2.53125 2.46875 1.84375 2.96875 2.6875 2.8125 1.34375 3.0 1.375 2.96875 2.84375  
74 121.82436911511286 2.5625 2.375 2.375 1.84375 2.125 1.71875 2.4375 2.09375 1.34375 2.8125 2.84375 1.96875 1.5625 1.4375 1.96875 1.6875 1.5625 2.09375 2.6875 2.53125 2.46875 1.84375 2.96875 2.6875 2.8125 1.34375 3.0 1.375 2.96875 2.84375  
170 68.52783625139693 2.5625 2.375 2.375 1.84375 2.125 1.71875 2.4375 2.09375 1.34375 2.8125 2.84375 1.96875 1.5625 1.4375 1.96875 1.6875 1.5625 2.09375 2.6875 2.53125 2.46875 1.84375 2.96875 2.6875 2.8125 1.34375 3.0 1.375 2.96875 2.84375  
91 220.68013591201694 2.5625 2.375 2.375 1.84375 2.125 1.71875 2.4375 2.09375 1.34375 2.8125 2.84375 1.96875 1.5625 1.4375 1.96875 1.6875 1.5625 2.09375 2.6875 2.53125 2.46875 1.84375 2.96875 2.6875 2.8125 1.34375 3.0 1.375 2.96875 2.84375  
117 320.74276534601273 2.5625 2.375 2.375 1.84375 2.125 1.71875 2.4375 2.09375 1.34375 2.8125 2.84375 1.96875 1.5625 1.4375 1.96875 1.6875 1.5625 2.09375 2.6875 2.53125 2.46875 1.84375 2.96875 2.6875 2.8125 1.34375 3.0 1.375 2.96875 2.84375  
47 11.347520967423158 1.7083333333333333 1.5833333333333333 1.5833333333333333 1.2291666666666667 1.4166666666666667 1.1458333333333333 1.625 1.3958333333333333 0.8958333333333334 1.875 1.8958333333333333 1.3125 1.0416666666666667 0.9583333333333334 1.3125 1.125 1.0416666666666667 1.3958333333333333 1.7916666666666667 1.6875 1.6458333333333333 1.2291666666666667 1.9791666666666667 1.7916666666666667 1.875 0.8958333333333334 2.0 0.9166666666666666 1.9791666666666667 1.8958333333333333  
80 338.0087360117152 2.5625 2.375 2.375 1.84375 2.125 1.71875 2.4375 2.09375 1.34375 2.8125 2.84375 1.96875 1.5625 1.4375 1.96875 1.6875 1.5625 2.09375 2.6875 2.53125 2.46875 1.84375 2.96875 2.6875 2.8125 1.34375 3.0 1.375 2.96875 2.84375  
14 202.91574858008346 2.5625 2.375 2.375 1.84375 2.125 1.71875 2.4375 2.09375 1.34375 2.8125 2.84375 1.96875 1.5625 1.4375 1.96875 1.6875 1.5625 2.09375 2.6875 2.53125 2.46875 1.84375 2.96875 2.6875 2.8125 1.34375 3.0 1.375 2.96875 2.84375  
4 23.033344772606632 2.5625 2.375 2.375 1.84375 2.125 1.71875 2.4375 2.09375 1.34375 2.8125 2.84375 1.96875 1.5625 1.4375 1.96875 1.6875 1.5625 2.09375 2.6875 2.53125 2.46875 1.84375 2.96875 2.6875 2.8125 1.34375 3.0 1.375 2.96875 2.84375  
168 72.59748784951049 2.5625 2.375 2.375 1.84375 2.125 1.71875 2.4375 2.09375 1.34375 2.8125 2.84375 1.96875 1.5625 1.4375 1.96875 1.6875 1.5625 2.09375 2.6875 2.53125 2.46875 1.84375 2.96875 2.6875 2.8125 1.34375 3.0 1.375 2.96875 2.84375  
44 47.67957386763973 2.5625 2.375 2.375 1.84375 2.125 1.71875 2.4375 2.09375 1.34375 2.8125 2.84375 1.96875 1.5625 1.4375 1.96875 1.6875 1.5625 2.09375 2.6875 2.53125 2.46875 1.84375 2.96875 2.6875 2.8125 1.34375 3.0 1.375 2.96875 2.84375  
32 90.9758836011446 1.7083333333333333 1.5833333333333333 1.5833333333333333 1.2291666666666667 1.4166666666666667 1.1458333333333333 1.625 1.3958333333333333 0.8958333333333334 1.875 1.8958333333333333 1.3125 1.0416666666666667 0.9583333333333334 1.3125 1.125 1.0416666666666667 1.3958333333333333 1.7916666666666667 1.6875 1.6458333333333333 1.2291666666666667 1.9791666666666667 1.7916666666666667 1.875 0.8958333333333334 2.0 0.9166666666666666 1.9791666666666667 1.8958333333333333  
10 9.614793486338542 2.5625 2.375 2.375 1.84375 2.125 1.71875 2.4375 2.09375 1.34375 2.8125 2.84375 1.96875 1.5625 1.4375 1.96875 1.6875 1.5625 2.09375 2.6875 2.53125 2.46875 1.84375 2.96875 2.6875 2.8125 1.34375 3.0 1.375 2.96875 2.84375  
38 149.97088301239205 2.5625 2.375 2.375 1.84375 2.125 1.71875 2.4375 2.09375 1.34375 2.8125 2.84375 1.96875 1.5625 1.4375 1.96875 1.6875 1.5625 2.09375 2.6875 2.53125 2.46875 1.84375 2.96875 2.6875 2.8125 1.34375 3.0 1.375 2.96875 2.84375  
106 233.2693574927677 2.5625 2.375 2.375 1.84375 2.125 1.71875 2.4375 2.09375 1.34375 2.8125 2.84375 1.96875 1.5625 1.4375 1.96875 1.6875 1.5625 2.09375 2.6875 2.53125 2.46875 1.84375 2.96875 2.6875 2.8125 1.34375 3.0 1.375 2.96875 2.84375  
124 266.95887542396156 1.7083333333333333 1.5833333333333333 1.5833333333333333 1.2291666666666667 1.4166666666666667 1.1458333333333333 1.625 1.3958333333333333 0.8958333333333334 1.875 1.8958333333333333 1.3125 1.0416666666666667 0.9583333333333334 1.3125 1.125 1.0416666666666667 1.3958333333333333 1.7916666666666667 1.6875 1.6458333333333333 1.2291666666666667 1.9791666666666667 1.7916666666666667 1.875 0.8958333333333334 2.0 0.9166666666666666 1.9791666666666667 1.8958333333333333  
85 719.9996959651876 2.5625 2.375 2.375 1.84375 2.125 1.71875 2.4375 2.09375 1.34375 2.8125 2.84375 1.96875 1.5625 1.4375 1.96875 1.6875 1.5625 2.09375 2.6875 2.53125 2.46875 1.84375 2.96875 2.6875 2.8125 1.34375 3.0 1.375 2.96875 2.84375  
116 306.2071486240298 1.7083333333333333 1.5833333333333333 1.5833333333333333 1.2291666666666667 1.4166666666666667 1.1458333333333333 1.625 1.3958333333333333 0.8958333333333334 1.875 1.8958333333333333 1.3125 1.0416666666666667 0.9583333333333334 1.3125 1.125 1.0416666666666667 1.3958333333333333 1.7916666666666667 1.6875 1.6458333333333333 1.2291666666666667 1.9791666666666667 1.7916666666666667 1.875 0.8958333333333334 2.0 0.9166666666666666 1.9791666666666667 1.8958333333333333  
