60 30
TREE NETWORK (nID nID Weight):
1 0 57.0 
2 1 55.0 
13 1 49.0 
14 13 53.0 
39 1 36.0 
3 2 40.0 
52 0 35.0 
15 14 48.0 
25 14 43.0 
40 39 40.0 
32 13 41.0 
4 2 45.0 
53 0 32.0 
5 4 51.0 
46 39 47.0 
16 15 36.0 
41 40 43.0 
19 15 33.0 
26 25 36.0 
54 53 37.0 
33 32 40.0 
20 19 42.0 
23 15 41.0 
34 33 32.0 
8 2 45.0 
12 2 33.0 
9 8 44.0 
6 5 39.0 
48 1 31.0 
50 1 34.0 
10 9 53.0 
17 16 54.0 
18 16 44.0 
43 40 41.0 
30 14 55.0 
42 41 44.0 
55 53 58.0 
11 9 58.0 
7 5 41.0 
35 32 43.0 
56 55 43.0 
37 32 59.0 
36 35 34.0 
44 40 55.0 
57 53 43.0 
29 25 50.0 
38 32 49.0 
58 53 57.0 
27 26 39.0 
21 19 56.0 
49 48 48.0 
51 1 36.0 
47 46 40.0 
31 14 37.0 
59 0 46.0 
24 15 52.0 
28 27 34.0 
22 21 37.0 
45 44 56.0 
PROGRAMS ASSIGNED TO NODES (nID pID1 pID2 ...):
0 1 2 3 4 5 6 7 8 9 10 11 12 13 14 15 16 17 18 19 20 21 22 23 24 25 26 27 28 29 30  
46 1 2 6 8 10 18 23 24 25 28 29 30  
32 1 4 5 6 10 12 13 14 16 18 19 20 21 22 23 24 25 27 30  
25 1 2 3 7 8 12 16 18 19 20 22 24 26 27 28 30  
5 2 3 6 7 9 11 14 15 17 18 21 22 26 28  
29 2 4 6 9 10 11 13 16 17 21 22 23 26 27 29  
4  
1 1 2 4 6 7 8 9 10 11 12 13 14 15 16 17 18 19 20 21 22 23 25 26 27 28 29 30  
23 1 4 5 6 7 10 11 12 14 15 16 18 20 21 22 23 24 25 26 28 30  
24 5 13 14 20 22  
58 1 4 5 6 9 11 12 13 14 16 17 18 19 20 22 23 24 26 29 30  
16 3 6 7 8 9 12 14 22 24 26 27 28 30  
35 12  
33 9 30  
7 2 3 4 5 6 7 8 9 11 12 14 15 17 18 19 20 21 22 23 24 25 26 27 28 29 30  
20 14  
53 4 11 14 21  
52 1 3 5 6 10 11 13 14 16 29  
50 13  
38 3 4 5 6 7 8 9 10 12 13 16 18 19 20 21 22 24 25 27  
27 1 2 3 4 5 6 7 8 9 10 11 12 13 15 16 17 18 19 20 21 22 23 24 25 26 27 28 29 30  
48 1 2 3 4 6 7 8 10 11 12 13 14 16 17 18 19 20 21 22 23 24 25 26 27 28 29 30  
6 4 6 8 9 12 14 16 18 25 29 30  
12 1 4 5 9 10 12 15 16 23 25 26 28 30  
9 1 3 6 8 11 12 14 16 17 18 20 25 27 29  
18 2  
13 1 19 20 26  
14 1 11 12 17 26 27 28 29  
26 4 5 6 11 12 15 16 18 19 22 25  
31 1 3 4 5 12 13 15 16 20 25 27 30  
56 2 4 5 7 8 9 10 12 13 17 18 20 21 23 26 27 28 29  
19 5  
17 6 14 24 26 30  
37 1 8 10 13 17 21 23 26 27  
43 1 2 3 4 5 6 7 8 9 10 11 12 13 14 15 16 17 18 19 20 21 22 23 24 25 26 27 28 29  
41 1 3 7 9 10 11 12 13 14 17 18 19 20 25 26 27 28 30  
21 4 5 7 10 11 20 21 27 28 30  
47 2 28  
44 2 5 7 8 12 15 20 24 30  
55 4 5 6 8 9 12 16 18 19 21 23 26 30  
3 3 4 6 14 16 17 23 29  
30 1 11 17 19 20 25 28  
45 1 2 3 4 5 6 7 8 9 10 11 12 13 14 15 16 17 18 20 21 22 23 24 25 26 27 28 29 30  
22 2 4 5 6 7 8 9 10 13 14 15 16 17 18 19 20 21 22 23 26 28  
2 1 4 5 6 7 8 9 10 12 13 14 15 17 18 19 20 21 22 23 25 26 27 29 30  
57 1 7 10 14 17 19 20 28 30  
36 1 3 4 5 6 7 8 10 11 13 14 16 17 19 20 21 22 23 24 25 26 28 29 30  
15 1 3 4 5 12 13 14 18 26  
49 1 4 6 7 8 9 10 11 12 13 14 16 17 19 20 23 24 25 27 28 30  
34 2 11 13 17 19 21 27  
28 2 3 4 5 6 8 9 10 11 12 13 15 16 17 18 19 20 21 22 24 25 26 27 28 29 30  
40 2 4 7 8 10 11 12 15 17 18 25 26 27 28 30  
39 4 5 6 17 20 21 22 24 29  
8 1 2 3 4 5 7 8 11 12 13 14 15 16 17 18 20 21 22 24 26 27 28 29 30  
11 2 3 4 6 7 8 9 10 11 12 13 14 15 17 18 19 24 25 28 29 30  
54 1 2 3 4 5 6 7 8 9 12 13 14 15 16 19 21 22 23 24 25 26 28 29 30  
51 1 2 5 8 9 11 13 16 17 23 25 26 30  
59 4 5 13 17 24 30  
42 6 13 19 29  
10 8 11 15 17 18 21 22  
SIZE OF PROGRAMS (pID SIZE):
1 60.0 
2 59.0 
3 76.0 
4 45.0 
5 82.0 
6 77.0 
7 61.0 
8 55.0 
9 47.0 
10 88.0 
11 98.0 
12 61.0 
13 94.0 
14 82.0 
15 74.0 
16 94.0 
17 47.0 
18 60.0 
19 42.0 
20 93.0 
21 92.0 
22 78.0 
23 57.0 
24 46.0 
25 61.0 
26 79.0 
27 71.0 
28 96.0 
29 78.0 
30 85.0 
COST_INSTALL_SERVER_AND_PROGRAMS :
0 5363.265306122449 1.2244897959183674 1.2040816326530612 1.5510204081632653 0.9183673469387755 1.6734693877551021 1.5714285714285714 1.2448979591836735 1.1224489795918366 0.9591836734693877 1.7959183673469388 2.0 1.2448979591836735 1.9183673469387754 1.6734693877551021 1.510204081632653 1.9183673469387754 0.9591836734693877 1.2244897959183674 0.8571428571428571 1.8979591836734695 1.8775510204081634 1.5918367346938775 1.163265306122449 0.9387755102040817 1.2448979591836735 1.6122448979591837 1.4489795918367347 1.9591836734693877 1.5918367346938775 1.7346938775510203  
46 60.604792009953165 1.836734693877551 1.8061224489795917 2.326530612244898 1.3775510204081634 2.510204081632653 2.357142857142857 1.8673469387755102 1.683673469387755 1.4387755102040816 2.693877551020408 3.0 1.8673469387755102 2.877551020408163 2.510204081632653 2.2653061224489797 2.877551020408163 1.4387755102040816 1.836734693877551 1.2857142857142858 2.8469387755102042 2.816326530612245 2.3877551020408165 1.7448979591836735 1.4081632653061225 1.8673469387755102 2.4183673469387754 2.173469387755102 2.938775510204082 2.3877551020408165 2.6020408163265305  
32 143.1665323828284 1.836734693877551 1.8061224489795917 2.326530612244898 1.3775510204081634 2.510204081632653 2.357142857142857 1.8673469387755102 1.683673469387755 1.4387755102040816 2.693877551020408 3.0 1.8673469387755102 2.877551020408163 2.510204081632653 2.2653061224489797 2.877551020408163 1.4387755102040816 1.836734693877551 1.2857142857142858 2.8469387755102042 2.816326530612245 2.3877551020408165 1.7448979591836735 1.4081632653061225 1.8673469387755102 2.4183673469387754 2.173469387755102 2.938775510204082 2.3877551020408165 2.6020408163265305  
25 256.4554361587404 1.836734693877551 1.8061224489795917 2.326530612244898 1.3775510204081634 2.510204081632653 2.357142857142857 1.8673469387755102 1.683673469387755 1.4387755102040816 2.693877551020408 3.0 1.8673469387755102 2.877551020408163 2.510204081632653 2.2653061224489797 2.877551020408163 1.4387755102040816 1.836734693877551 1.2857142857142858 2.8469387755102042 2.816326530612245 2.3877551020408165 1.7448979591836735 1.4081632653061225 1.8673469387755102 2.4183673469387754 2.173469387755102 2.938775510204082 2.3877551020408165 2.6020408163265305  
5 85.64634295960096 1.2244897959183674 1.2040816326530612 1.5510204081632653 0.9183673469387755 1.6734693877551021 1.5714285714285714 1.2448979591836735 1.1224489795918366 0.9591836734693877 1.7959183673469388 2.0 1.2448979591836735 1.9183673469387754 1.6734693877551021 1.510204081632653 1.9183673469387754 0.9591836734693877 1.2244897959183674 0.8571428571428571 1.8979591836734695 1.8775510204081634 1.5918367346938775 1.163265306122449 0.9387755102040817 1.2448979591836735 1.6122448979591837 1.4489795918367347 1.9591836734693877 1.5918367346938775 1.7346938775510203  
29 138.4051813427309 1.836734693877551 1.8061224489795917 2.326530612244898 1.3775510204081634 2.510204081632653 2.357142857142857 1.8673469387755102 1.683673469387755 1.4387755102040816 2.693877551020408 3.0 1.8673469387755102 2.877551020408163 2.510204081632653 2.2653061224489797 2.877551020408163 1.4387755102040816 1.836734693877551 1.2857142857142858 2.8469387755102042 2.816326530612245 2.3877551020408165 1.7448979591836735 1.4081632653061225 1.8673469387755102 2.4183673469387754 2.173469387755102 2.938775510204082 2.3877551020408165 2.6020408163265305  
4 57.41541192267753 1.2244897959183674 1.2040816326530612 1.5510204081632653 0.9183673469387755 1.6734693877551021 1.5714285714285714 1.2448979591836735 1.1224489795918366 0.9591836734693877 1.7959183673469388 2.0 1.2448979591836735 1.9183673469387754 1.6734693877551021 1.510204081632653 1.9183673469387754 0.9591836734693877 1.2244897959183674 0.8571428571428571 1.8979591836734695 1.8775510204081634 1.5918367346938775 1.163265306122449 0.9387755102040817 1.2448979591836735 1.6122448979591837 1.4489795918367347 1.9591836734693877 1.5918367346938775 1.7346938775510203  
1 40.80118541613938 1.2244897959183674 1.2040816326530612 1.5510204081632653 0.9183673469387755 1.6734693877551021 1.5714285714285714 1.2448979591836735 1.1224489795918366 0.9591836734693877 1.7959183673469388 2.0 1.2448979591836735 1.9183673469387754 1.6734693877551021 1.510204081632653 1.9183673469387754 0.9591836734693877 1.2244897959183674 0.8571428571428571 1.8979591836734695 1.8775510204081634 1.5918367346938775 1.163265306122449 0.9387755102040817 1.2448979591836735 1.6122448979591837 1.4489795918367347 1.9591836734693877 1.5918367346938775 1.7346938775510203  
23 128.49938425643336 1.836734693877551 1.8061224489795917 2.326530612244898 1.3775510204081634 2.510204081632653 2.357142857142857 1.8673469387755102 1.683673469387755 1.4387755102040816 2.693877551020408 3.0 1.8673469387755102 2.877551020408163 2.510204081632653 2.2653061224489797 2.877551020408163 1.4387755102040816 1.836734693877551 1.2857142857142858 2.8469387755102042 2.816326530612245 2.3877551020408165 1.7448979591836735 1.4081632653061225 1.8673469387755102 2.4183673469387754 2.173469387755102 2.938775510204082 2.3877551020408165 2.6020408163265305  
24 63.29786724366397 1.836734693877551 1.8061224489795917 2.326530612244898 1.3775510204081634 2.510204081632653 2.357142857142857 1.8673469387755102 1.683673469387755 1.4387755102040816 2.693877551020408 3.0 1.8673469387755102 2.877551020408163 2.510204081632653 2.2653061224489797 2.877551020408163 1.4387755102040816 1.836734693877551 1.2857142857142858 2.8469387755102042 2.816326530612245 2.3877551020408165 1.7448979591836735 1.4081632653061225 1.8673469387755102 2.4183673469387754 2.173469387755102 2.938775510204082 2.3877551020408165 2.6020408163265305  
58 63.64762936372873 1.2244897959183674 1.2040816326530612 1.5510204081632653 0.9183673469387755 1.6734693877551021 1.5714285714285714 1.2448979591836735 1.1224489795918366 0.9591836734693877 1.7959183673469388 2.0 1.2448979591836735 1.9183673469387754 1.6734693877551021 1.510204081632653 1.9183673469387754 0.9591836734693877 1.2244897959183674 0.8571428571428571 1.8979591836734695 1.8775510204081634 1.5918367346938775 1.163265306122449 0.9387755102040817 1.2448979591836735 1.6122448979591837 1.4489795918367347 1.9591836734693877 1.5918367346938775 1.7346938775510203  
16 70.70465117723022 1.836734693877551 1.8061224489795917 2.326530612244898 1.3775510204081634 2.510204081632653 2.357142857142857 1.8673469387755102 1.683673469387755 1.4387755102040816 2.693877551020408 3.0 1.8673469387755102 2.877551020408163 2.510204081632653 2.2653061224489797 2.877551020408163 1.4387755102040816 1.836734693877551 1.2857142857142858 2.8469387755102042 2.816326530612245 2.3877551020408165 1.7448979591836735 1.4081632653061225 1.8673469387755102 2.4183673469387754 2.173469387755102 2.938775510204082 2.3877551020408165 2.6020408163265305  
35 180.15015652830706 1.2244897959183674 1.2040816326530612 1.5510204081632653 0.9183673469387755 1.6734693877551021 1.5714285714285714 1.2448979591836735 1.1224489795918366 0.9591836734693877 1.7959183673469388 2.0 1.2448979591836735 1.9183673469387754 1.6734693877551021 1.510204081632653 1.9183673469387754 0.9591836734693877 1.2244897959183674 0.8571428571428571 1.8979591836734695 1.8775510204081634 1.5918367346938775 1.163265306122449 0.9387755102040817 1.2448979591836735 1.6122448979591837 1.4489795918367347 1.9591836734693877 1.5918367346938775 1.7346938775510203  
33 84.60797786478999 1.836734693877551 1.8061224489795917 2.326530612244898 1.3775510204081634 2.510204081632653 2.357142857142857 1.8673469387755102 1.683673469387755 1.4387755102040816 2.693877551020408 3.0 1.8673469387755102 2.877551020408163 2.510204081632653 2.2653061224489797 2.877551020408163 1.4387755102040816 1.836734693877551 1.2857142857142858 2.8469387755102042 2.816326530612245 2.3877551020408165 1.7448979591836735 1.4081632653061225 1.8673469387755102 2.4183673469387754 2.173469387755102 2.938775510204082 2.3877551020408165 2.6020408163265305  
7 119.01223716858979 1.2244897959183674 1.2040816326530612 1.5510204081632653 0.9183673469387755 1.6734693877551021 1.5714285714285714 1.2448979591836735 1.1224489795918366 0.9591836734693877 1.7959183673469388 2.0 1.2448979591836735 1.9183673469387754 1.6734693877551021 1.510204081632653 1.9183673469387754 0.9591836734693877 1.2244897959183674 0.8571428571428571 1.8979591836734695 1.8775510204081634 1.5918367346938775 1.163265306122449 0.9387755102040817 1.2448979591836735 1.6122448979591837 1.4489795918367347 1.9591836734693877 1.5918367346938775 1.7346938775510203  
20 11.337498495139803 1.2244897959183674 1.2040816326530612 1.5510204081632653 0.9183673469387755 1.6734693877551021 1.5714285714285714 1.2448979591836735 1.1224489795918366 0.9591836734693877 1.7959183673469388 2.0 1.2448979591836735 1.9183673469387754 1.6734693877551021 1.510204081632653 1.9183673469387754 0.9591836734693877 1.2244897959183674 0.8571428571428571 1.8979591836734695 1.8775510204081634 1.5918367346938775 1.163265306122449 0.9387755102040817 1.2448979591836735 1.6122448979591837 1.4489795918367347 1.9591836734693877 1.5918367346938775 1.7346938775510203  
53 44.3262131630867 1.2244897959183674 1.2040816326530612 1.5510204081632653 0.9183673469387755 1.6734693877551021 1.5714285714285714 1.2448979591836735 1.1224489795918366 0.9591836734693877 1.7959183673469388 2.0 1.2448979591836735 1.9183673469387754 1.6734693877551021 1.510204081632653 1.9183673469387754 0.9591836734693877 1.2244897959183674 0.8571428571428571 1.8979591836734695 1.8775510204081634 1.5918367346938775 1.163265306122449 0.9387755102040817 1.2448979591836735 1.6122448979591837 1.4489795918367347 1.9591836734693877 1.5918367346938775 1.7346938775510203  
52 24.868933770918346 1.836734693877551 1.8061224489795917 2.326530612244898 1.3775510204081634 2.510204081632653 2.357142857142857 1.8673469387755102 1.683673469387755 1.4387755102040816 2.693877551020408 3.0 1.8673469387755102 2.877551020408163 2.510204081632653 2.2653061224489797 2.877551020408163 1.4387755102040816 1.836734693877551 1.2857142857142858 2.8469387755102042 2.816326530612245 2.3877551020408165 1.7448979591836735 1.4081632653061225 1.8673469387755102 2.4183673469387754 2.173469387755102 2.938775510204082 2.3877551020408165 2.6020408163265305  
50 4.574243736756532 1.2244897959183674 1.2040816326530612 1.5510204081632653 0.9183673469387755 1.6734693877551021 1.5714285714285714 1.2448979591836735 1.1224489795918366 0.9591836734693877 1.7959183673469388 2.0 1.2448979591836735 1.9183673469387754 1.6734693877551021 1.510204081632653 1.9183673469387754 0.9591836734693877 1.2244897959183674 0.8571428571428571 1.8979591836734695 1.8775510204081634 1.5918367346938775 1.163265306122449 0.9387755102040817 1.2448979591836735 1.6122448979591837 1.4489795918367347 1.9591836734693877 1.5918367346938775 1.7346938775510203  
38 127.36558422242116 1.2244897959183674 1.2040816326530612 1.5510204081632653 0.9183673469387755 1.6734693877551021 1.5714285714285714 1.2448979591836735 1.1224489795918366 0.9591836734693877 1.7959183673469388 2.0 1.2448979591836735 1.9183673469387754 1.6734693877551021 1.510204081632653 1.9183673469387754 0.9591836734693877 1.2244897959183674 0.8571428571428571 1.8979591836734695 1.8775510204081634 1.5918367346938775 1.163265306122449 0.9387755102040817 1.2448979591836735 1.6122448979591837 1.4489795918367347 1.9591836734693877 1.5918367346938775 1.7346938775510203  
27 433.27380778703446 1.2244897959183674 1.2040816326530612 1.5510204081632653 0.9183673469387755 1.6734693877551021 1.5714285714285714 1.2448979591836735 1.1224489795918366 0.9591836734693877 1.7959183673469388 2.0 1.2448979591836735 1.9183673469387754 1.6734693877551021 1.510204081632653 1.9183673469387754 0.9591836734693877 1.2244897959183674 0.8571428571428571 1.8979591836734695 1.8775510204081634 1.5918367346938775 1.163265306122449 0.9387755102040817 1.2448979591836735 1.6122448979591837 1.4489795918367347 1.9591836734693877 1.5918367346938775 1.7346938775510203  
48 152.67870355341856 1.2244897959183674 1.2040816326530612 1.5510204081632653 0.9183673469387755 1.6734693877551021 1.5714285714285714 1.2448979591836735 1.1224489795918366 0.9591836734693877 1.7959183673469388 2.0 1.2448979591836735 1.9183673469387754 1.6734693877551021 1.510204081632653 1.9183673469387754 0.9591836734693877 1.2244897959183674 0.8571428571428571 1.8979591836734695 1.8775510204081634 1.5918367346938775 1.163265306122449 0.9387755102040817 1.2448979591836735 1.6122448979591837 1.4489795918367347 1.9591836734693877 1.5918367346938775 1.7346938775510203  
6 86.27842709921794 1.836734693877551 1.8061224489795917 2.326530612244898 1.3775510204081634 2.510204081632653 2.357142857142857 1.8673469387755102 1.683673469387755 1.4387755102040816 2.693877551020408 3.0 1.8673469387755102 2.877551020408163 2.510204081632653 2.2653061224489797 2.877551020408163 1.4387755102040816 1.836734693877551 1.2857142857142858 2.8469387755102042 2.816326530612245 2.3877551020408165 1.7448979591836735 1.4081632653061225 1.8673469387755102 2.4183673469387754 2.173469387755102 2.938775510204082 2.3877551020408165 2.6020408163265305  
12 50.05703624863247 1.2244897959183674 1.2040816326530612 1.5510204081632653 0.9183673469387755 1.6734693877551021 1.5714285714285714 1.2448979591836735 1.1224489795918366 0.9591836734693877 1.7959183673469388 2.0 1.2448979591836735 1.9183673469387754 1.6734693877551021 1.510204081632653 1.9183673469387754 0.9591836734693877 1.2244897959183674 0.8571428571428571 1.8979591836734695 1.8775510204081634 1.5918367346938775 1.163265306122449 0.9387755102040817 1.2448979591836735 1.6122448979591837 1.4489795918367347 1.9591836734693877 1.5918367346938775 1.7346938775510203  
9 115.88607742996942 1.836734693877551 1.8061224489795917 2.326530612244898 1.3775510204081634 2.510204081632653 2.357142857142857 1.8673469387755102 1.683673469387755 1.4387755102040816 2.693877551020408 3.0 1.8673469387755102 2.877551020408163 2.510204081632653 2.2653061224489797 2.877551020408163 1.4387755102040816 1.836734693877551 1.2857142857142858 2.8469387755102042 2.816326530612245 2.3877551020408165 1.7448979591836735 1.4081632653061225 1.8673469387755102 2.4183673469387754 2.173469387755102 2.938775510204082 2.3877551020408165 2.6020408163265305  
18 10.006664517336711 1.2244897959183674 1.2040816326530612 1.5510204081632653 0.9183673469387755 1.6734693877551021 1.5714285714285714 1.2448979591836735 1.1224489795918366 0.9591836734693877 1.7959183673469388 2.0 1.2448979591836735 1.9183673469387754 1.6734693877551021 1.510204081632653 1.9183673469387754 0.9591836734693877 1.2244897959183674 0.8571428571428571 1.8979591836734695 1.8775510204081634 1.5918367346938775 1.163265306122449 0.9387755102040817 1.2448979591836735 1.6122448979591837 1.4489795918367347 1.9591836734693877 1.5918367346938775 1.7346938775510203  
13 69.87094862683355 1.836734693877551 1.8061224489795917 2.326530612244898 1.3775510204081634 2.510204081632653 2.357142857142857 1.8673469387755102 1.683673469387755 1.4387755102040816 2.693877551020408 3.0 1.8673469387755102 2.877551020408163 2.510204081632653 2.2653061224489797 2.877551020408163 1.4387755102040816 1.836734693877551 1.2857142857142858 2.8469387755102042 2.816326530612245 2.3877551020408165 1.7448979591836735 1.4081632653061225 1.8673469387755102 2.4183673469387754 2.173469387755102 2.938775510204082 2.3877551020408165 2.6020408163265305  
14 135.76522297294196 1.836734693877551 1.8061224489795917 2.326530612244898 1.3775510204081634 2.510204081632653 2.357142857142857 1.8673469387755102 1.683673469387755 1.4387755102040816 2.693877551020408 3.0 1.8673469387755102 2.877551020408163 2.510204081632653 2.2653061224489797 2.877551020408163 1.4387755102040816 1.836734693877551 1.2857142857142858 2.8469387755102042 2.816326530612245 2.3877551020408165 1.7448979591836735 1.4081632653061225 1.8673469387755102 2.4183673469387754 2.173469387755102 2.938775510204082 2.3877551020408165 2.6020408163265305  
26 120.61001910768931 1.2244897959183674 1.2040816326530612 1.5510204081632653 0.9183673469387755 1.6734693877551021 1.5714285714285714 1.2448979591836735 1.1224489795918366 0.9591836734693877 1.7959183673469388 2.0 1.2448979591836735 1.9183673469387754 1.6734693877551021 1.510204081632653 1.9183673469387754 0.9591836734693877 1.2244897959183674 0.8571428571428571 1.8979591836734695 1.8775510204081634 1.5918367346938775 1.163265306122449 0.9387755102040817 1.2448979591836735 1.6122448979591837 1.4489795918367347 1.9591836734693877 1.5918367346938775 1.7346938775510203  
31 60.41877292903399 1.2244897959183674 1.2040816326530612 1.5510204081632653 0.9183673469387755 1.6734693877551021 1.5714285714285714 1.2448979591836735 1.1224489795918366 0.9591836734693877 1.7959183673469388 2.0 1.2448979591836735 1.9183673469387754 1.6734693877551021 1.510204081632653 1.9183673469387754 0.9591836734693877 1.2244897959183674 0.8571428571428571 1.8979591836734695 1.8775510204081634 1.5918367346938775 1.163265306122449 0.9387755102040817 1.2448979591836735 1.6122448979591837 1.4489795918367347 1.9591836734693877 1.5918367346938775 1.7346938775510203  
56 74.15009289851139 1.836734693877551 1.8061224489795917 2.326530612244898 1.3775510204081634 2.510204081632653 2.357142857142857 1.8673469387755102 1.683673469387755 1.4387755102040816 2.693877551020408 3.0 1.8673469387755102 2.877551020408163 2.510204081632653 2.2653061224489797 2.877551020408163 1.4387755102040816 1.836734693877551 1.2857142857142858 2.8469387755102042 2.816326530612245 2.3877551020408165 1.7448979591836735 1.4081632653061225 1.8673469387755102 2.4183673469387754 2.173469387755102 2.938775510204082 2.3877551020408165 2.6020408163265305  
19 109.45445740666887 1.836734693877551 1.8061224489795917 2.326530612244898 1.3775510204081634 2.510204081632653 2.357142857142857 1.8673469387755102 1.683673469387755 1.4387755102040816 2.693877551020408 3.0 1.8673469387755102 2.877551020408163 2.510204081632653 2.2653061224489797 2.877551020408163 1.4387755102040816 1.836734693877551 1.2857142857142858 2.8469387755102042 2.816326530612245 2.3877551020408165 1.7448979591836735 1.4081632653061225 1.8673469387755102 2.4183673469387754 2.173469387755102 2.938775510204082 2.3877551020408165 2.6020408163265305  
17 59.20863223397639 1.2244897959183674 1.2040816326530612 1.5510204081632653 0.9183673469387755 1.6734693877551021 1.5714285714285714 1.2448979591836735 1.1224489795918366 0.9591836734693877 1.7959183673469388 2.0 1.2448979591836735 1.9183673469387754 1.6734693877551021 1.510204081632653 1.9183673469387754 0.9591836734693877 1.2244897959183674 0.8571428571428571 1.8979591836734695 1.8775510204081634 1.5918367346938775 1.163265306122449 0.9387755102040817 1.2448979591836735 1.6122448979591837 1.4489795918367347 1.9591836734693877 1.5918367346938775 1.7346938775510203  
37 55.71604202324185 1.836734693877551 1.8061224489795917 2.326530612244898 1.3775510204081634 2.510204081632653 2.357142857142857 1.8673469387755102 1.683673469387755 1.4387755102040816 2.693877551020408 3.0 1.8673469387755102 2.877551020408163 2.510204081632653 2.2653061224489797 2.877551020408163 1.4387755102040816 1.836734693877551 1.2857142857142858 2.8469387755102042 2.816326530612245 2.3877551020408165 1.7448979591836735 1.4081632653061225 1.8673469387755102 2.4183673469387754 2.173469387755102 2.938775510204082 2.3877551020408165 2.6020408163265305  
43 232.12116545969153 1.2244897959183674 1.2040816326530612 1.5510204081632653 0.9183673469387755 1.6734693877551021 1.5714285714285714 1.2448979591836735 1.1224489795918366 0.9591836734693877 1.7959183673469388 2.0 1.2448979591836735 1.9183673469387754 1.6734693877551021 1.510204081632653 1.9183673469387754 0.9591836734693877 1.2244897959183674 0.8571428571428571 1.8979591836734695 1.8775510204081634 1.5918367346938775 1.163265306122449 0.9387755102040817 1.2448979591836735 1.6122448979591837 1.4489795918367347 1.9591836734693877 1.5918367346938775 1.7346938775510203  
41 181.21527646248884 1.836734693877551 1.8061224489795917 2.326530612244898 1.3775510204081634 2.510204081632653 2.357142857142857 1.8673469387755102 1.683673469387755 1.4387755102040816 2.693877551020408 3.0 1.8673469387755102 2.877551020408163 2.510204081632653 2.2653061224489797 2.877551020408163 1.4387755102040816 1.836734693877551 1.2857142857142858 2.8469387755102042 2.816326530612245 2.3877551020408165 1.7448979591836735 1.4081632653061225 1.8673469387755102 2.4183673469387754 2.173469387755102 2.938775510204082 2.3877551020408165 2.6020408163265305  
21 151.88660249562656 1.836734693877551 1.8061224489795917 2.326530612244898 1.3775510204081634 2.510204081632653 2.357142857142857 1.8673469387755102 1.683673469387755 1.4387755102040816 2.693877551020408 3.0 1.8673469387755102 2.877551020408163 2.510204081632653 2.2653061224489797 2.877551020408163 1.4387755102040816 1.836734693877551 1.2857142857142858 2.8469387755102042 2.816326530612245 2.3877551020408165 1.7448979591836735 1.4081632653061225 1.8673469387755102 2.4183673469387754 2.173469387755102 2.938775510204082 2.3877551020408165 2.6020408163265305  
47 20.613024036424342 1.2244897959183674 1.2040816326530612 1.5510204081632653 0.9183673469387755 1.6734693877551021 1.5714285714285714 1.2448979591836735 1.1224489795918366 0.9591836734693877 1.7959183673469388 2.0 1.2448979591836735 1.9183673469387754 1.6734693877551021 1.510204081632653 1.9183673469387754 0.9591836734693877 1.2244897959183674 0.8571428571428571 1.8979591836734695 1.8775510204081634 1.5918367346938775 1.163265306122449 0.9387755102040817 1.2448979591836735 1.6122448979591837 1.4489795918367347 1.9591836734693877 1.5918367346938775 1.7346938775510203  
44 179.8490038068401 1.836734693877551 1.8061224489795917 2.326530612244898 1.3775510204081634 2.510204081632653 2.357142857142857 1.8673469387755102 1.683673469387755 1.4387755102040816 2.693877551020408 3.0 1.8673469387755102 2.877551020408163 2.510204081632653 2.2653061224489797 2.877551020408163 1.4387755102040816 1.836734693877551 1.2857142857142858 2.8469387755102042 2.816326530612245 2.3877551020408165 1.7448979591836735 1.4081632653061225 1.8673469387755102 2.4183673469387754 2.173469387755102 2.938775510204082 2.3877551020408165 2.6020408163265305  
55 28.443561622070035 1.836734693877551 1.8061224489795917 2.326530612244898 1.3775510204081634 2.510204081632653 2.357142857142857 1.8673469387755102 1.683673469387755 1.4387755102040816 2.693877551020408 3.0 1.8673469387755102 2.877551020408163 2.510204081632653 2.2653061224489797 2.877551020408163 1.4387755102040816 1.836734693877551 1.2857142857142858 2.8469387755102042 2.816326530612245 2.3877551020408165 1.7448979591836735 1.4081632653061225 1.8673469387755102 2.4183673469387754 2.173469387755102 2.938775510204082 2.3877551020408165 2.6020408163265305  
3 37.87044534925637 1.836734693877551 1.8061224489795917 2.326530612244898 1.3775510204081634 2.510204081632653 2.357142857142857 1.8673469387755102 1.683673469387755 1.4387755102040816 2.693877551020408 3.0 1.8673469387755102 2.877551020408163 2.510204081632653 2.2653061224489797 2.877551020408163 1.4387755102040816 1.836734693877551 1.2857142857142858 2.8469387755102042 2.816326530612245 2.3877551020408165 1.7448979591836735 1.4081632653061225 1.8673469387755102 2.4183673469387754 2.173469387755102 2.938775510204082 2.3877551020408165 2.6020408163265305  
30 28.85962620053047 1.2244897959183674 1.2040816326530612 1.5510204081632653 0.9183673469387755 1.6734693877551021 1.5714285714285714 1.2448979591836735 1.1224489795918366 0.9591836734693877 1.7959183673469388 2.0 1.2448979591836735 1.9183673469387754 1.6734693877551021 1.510204081632653 1.9183673469387754 0.9591836734693877 1.2244897959183674 0.8571428571428571 1.8979591836734695 1.8775510204081634 1.5918367346938775 1.163265306122449 0.9387755102040817 1.2448979591836735 1.6122448979591837 1.4489795918367347 1.9591836734693877 1.5918367346938775 1.7346938775510203  
45 306.73245187255657 1.2244897959183674 1.2040816326530612 1.5510204081632653 0.9183673469387755 1.6734693877551021 1.5714285714285714 1.2448979591836735 1.1224489795918366 0.9591836734693877 1.7959183673469388 2.0 1.2448979591836735 1.9183673469387754 1.6734693877551021 1.510204081632653 1.9183673469387754 0.9591836734693877 1.2244897959183674 0.8571428571428571 1.8979591836734695 1.8775510204081634 1.5918367346938775 1.163265306122449 0.9387755102040817 1.2448979591836735 1.6122448979591837 1.4489795918367347 1.9591836734693877 1.5918367346938775 1.7346938775510203  
22 313.2843118039874 1.836734693877551 1.8061224489795917 2.326530612244898 1.3775510204081634 2.510204081632653 2.357142857142857 1.8673469387755102 1.683673469387755 1.4387755102040816 2.693877551020408 3.0 1.8673469387755102 2.877551020408163 2.510204081632653 2.2653061224489797 2.877551020408163 1.4387755102040816 1.836734693877551 1.2857142857142858 2.8469387755102042 2.816326530612245 2.3877551020408165 1.7448979591836735 1.4081632653061225 1.8673469387755102 2.4183673469387754 2.173469387755102 2.938775510204082 2.3877551020408165 2.6020408163265305  
2 61.610952939804974 1.836734693877551 1.8061224489795917 2.326530612244898 1.3775510204081634 2.510204081632653 2.357142857142857 1.8673469387755102 1.683673469387755 1.4387755102040816 2.693877551020408 3.0 1.8673469387755102 2.877551020408163 2.510204081632653 2.2653061224489797 2.877551020408163 1.4387755102040816 1.836734693877551 1.2857142857142858 2.8469387755102042 2.816326530612245 2.3877551020408165 1.7448979591836735 1.4081632653061225 1.8673469387755102 2.4183673469387754 2.173469387755102 2.938775510204082 2.3877551020408165 2.6020408163265305  
57 22.038131588958702 1.836734693877551 1.8061224489795917 2.326530612244898 1.3775510204081634 2.510204081632653 2.357142857142857 1.8673469387755102 1.683673469387755 1.4387755102040816 2.693877551020408 3.0 1.8673469387755102 2.877551020408163 2.510204081632653 2.2653061224489797 2.877551020408163 1.4387755102040816 1.836734693877551 1.2857142857142858 2.8469387755102042 2.816326530612245 2.3877551020408165 1.7448979591836735 1.4081632653061225 1.8673469387755102 2.4183673469387754 2.173469387755102 2.938775510204082 2.3877551020408165 2.6020408163265305  
36 249.91072673141917 1.836734693877551 1.8061224489795917 2.326530612244898 1.3775510204081634 2.510204081632653 2.357142857142857 1.8673469387755102 1.683673469387755 1.4387755102040816 2.693877551020408 3.0 1.8673469387755102 2.877551020408163 2.510204081632653 2.2653061224489797 2.877551020408163 1.4387755102040816 1.836734693877551 1.2857142857142858 2.8469387755102042 2.816326530612245 2.3877551020408165 1.7448979591836735 1.4081632653061225 1.8673469387755102 2.4183673469387754 2.173469387755102 2.938775510204082 2.3877551020408165 2.6020408163265305  
15 113.40801423239967 1.2244897959183674 1.2040816326530612 1.5510204081632653 0.9183673469387755 1.6734693877551021 1.5714285714285714 1.2448979591836735 1.1224489795918366 0.9591836734693877 1.7959183673469388 2.0 1.2448979591836735 1.9183673469387754 1.6734693877551021 1.510204081632653 1.9183673469387754 0.9591836734693877 1.2244897959183674 0.8571428571428571 1.8979591836734695 1.8775510204081634 1.5918367346938775 1.163265306122449 0.9387755102040817 1.2448979591836735 1.6122448979591837 1.4489795918367347 1.9591836734693877 1.5918367346938775 1.7346938775510203  
49 61.335146211729864 1.836734693877551 1.8061224489795917 2.326530612244898 1.3775510204081634 2.510204081632653 2.357142857142857 1.8673469387755102 1.683673469387755 1.4387755102040816 2.693877551020408 3.0 1.8673469387755102 2.877551020408163 2.510204081632653 2.2653061224489797 2.877551020408163 1.4387755102040816 1.836734693877551 1.2857142857142858 2.8469387755102042 2.816326530612245 2.3877551020408165 1.7448979591836735 1.4081632653061225 1.8673469387755102 2.4183673469387754 2.173469387755102 2.938775510204082 2.3877551020408165 2.6020408163265305  
34 43.05324044079105 1.2244897959183674 1.2040816326530612 1.5510204081632653 0.9183673469387755 1.6734693877551021 1.5714285714285714 1.2448979591836735 1.1224489795918366 0.9591836734693877 1.7959183673469388 2.0 1.2448979591836735 1.9183673469387754 1.6734693877551021 1.510204081632653 1.9183673469387754 0.9591836734693877 1.2244897959183674 0.8571428571428571 1.8979591836734695 1.8775510204081634 1.5918367346938775 1.163265306122449 0.9387755102040817 1.2448979591836735 1.6122448979591837 1.4489795918367347 1.9591836734693877 1.5918367346938775 1.7346938775510203  
28 218.5933899586262 1.836734693877551 1.8061224489795917 2.326530612244898 1.3775510204081634 2.510204081632653 2.357142857142857 1.8673469387755102 1.683673469387755 1.4387755102040816 2.693877551020408 3.0 1.8673469387755102 2.877551020408163 2.510204081632653 2.2653061224489797 2.877551020408163 1.4387755102040816 1.836734693877551 1.2857142857142858 2.8469387755102042 2.816326530612245 2.3877551020408165 1.7448979591836735 1.4081632653061225 1.8673469387755102 2.4183673469387754 2.173469387755102 2.938775510204082 2.3877551020408165 2.6020408163265305  
40 177.9774683353512 1.836734693877551 1.8061224489795917 2.326530612244898 1.3775510204081634 2.510204081632653 2.357142857142857 1.8673469387755102 1.683673469387755 1.4387755102040816 2.693877551020408 3.0 1.8673469387755102 2.877551020408163 2.510204081632653 2.2653061224489797 2.877551020408163 1.4387755102040816 1.836734693877551 1.2857142857142858 2.8469387755102042 2.816326530612245 2.3877551020408165 1.7448979591836735 1.4081632653061225 1.8673469387755102 2.4183673469387754 2.173469387755102 2.938775510204082 2.3877551020408165 2.6020408163265305  
39 74.05212741450666 1.836734693877551 1.8061224489795917 2.326530612244898 1.3775510204081634 2.510204081632653 2.357142857142857 1.8673469387755102 1.683673469387755 1.4387755102040816 2.693877551020408 3.0 1.8673469387755102 2.877551020408163 2.510204081632653 2.2653061224489797 2.877551020408163 1.4387755102040816 1.836734693877551 1.2857142857142858 2.8469387755102042 2.816326530612245 2.3877551020408165 1.7448979591836735 1.4081632653061225 1.8673469387755102 2.4183673469387754 2.173469387755102 2.938775510204082 2.3877551020408165 2.6020408163265305  
8 63.298508628910874 1.836734693877551 1.8061224489795917 2.326530612244898 1.3775510204081634 2.510204081632653 2.357142857142857 1.8673469387755102 1.683673469387755 1.4387755102040816 2.693877551020408 3.0 1.8673469387755102 2.877551020408163 2.510204081632653 2.2653061224489797 2.877551020408163 1.4387755102040816 1.836734693877551 1.2857142857142858 2.8469387755102042 2.816326530612245 2.3877551020408165 1.7448979591836735 1.4081632653061225 1.8673469387755102 2.4183673469387754 2.173469387755102 2.938775510204082 2.3877551020408165 2.6020408163265305  
11 188.06383570535638 1.2244897959183674 1.2040816326530612 1.5510204081632653 0.9183673469387755 1.6734693877551021 1.5714285714285714 1.2448979591836735 1.1224489795918366 0.9591836734693877 1.7959183673469388 2.0 1.2448979591836735 1.9183673469387754 1.6734693877551021 1.510204081632653 1.9183673469387754 0.9591836734693877 1.2244897959183674 0.8571428571428571 1.8979591836734695 1.8775510204081634 1.5918367346938775 1.163265306122449 0.9387755102040817 1.2448979591836735 1.6122448979591837 1.4489795918367347 1.9591836734693877 1.5918367346938775 1.7346938775510203  
54 114.70683815012373 1.836734693877551 1.8061224489795917 2.326530612244898 1.3775510204081634 2.510204081632653 2.357142857142857 1.8673469387755102 1.683673469387755 1.4387755102040816 2.693877551020408 3.0 1.8673469387755102 2.877551020408163 2.510204081632653 2.2653061224489797 2.877551020408163 1.4387755102040816 1.836734693877551 1.2857142857142858 2.8469387755102042 2.816326530612245 2.3877551020408165 1.7448979591836735 1.4081632653061225 1.8673469387755102 2.4183673469387754 2.173469387755102 2.938775510204082 2.3877551020408165 2.6020408163265305  
51 49.60520996122887 1.836734693877551 1.8061224489795917 2.326530612244898 1.3775510204081634 2.510204081632653 2.357142857142857 1.8673469387755102 1.683673469387755 1.4387755102040816 2.693877551020408 3.0 1.8673469387755102 2.877551020408163 2.510204081632653 2.2653061224489797 2.877551020408163 1.4387755102040816 1.836734693877551 1.2857142857142858 2.8469387755102042 2.816326530612245 2.3877551020408165 1.7448979591836735 1.4081632653061225 1.8673469387755102 2.4183673469387754 2.173469387755102 2.938775510204082 2.3877551020408165 2.6020408163265305  
59 14.173467992796597 1.836734693877551 1.8061224489795917 2.326530612244898 1.3775510204081634 2.510204081632653 2.357142857142857 1.8673469387755102 1.683673469387755 1.4387755102040816 2.693877551020408 3.0 1.8673469387755102 2.877551020408163 2.510204081632653 2.2653061224489797 2.877551020408163 1.4387755102040816 1.836734693877551 1.2857142857142858 2.8469387755102042 2.816326530612245 2.3877551020408165 1.7448979591836735 1.4081632653061225 1.8673469387755102 2.4183673469387754 2.173469387755102 2.938775510204082 2.3877551020408165 2.6020408163265305  
42 48.63040937889247 1.2244897959183674 1.2040816326530612 1.5510204081632653 0.9183673469387755 1.6734693877551021 1.5714285714285714 1.2448979591836735 1.1224489795918366 0.9591836734693877 1.7959183673469388 2.0 1.2448979591836735 1.9183673469387754 1.6734693877551021 1.510204081632653 1.9183673469387754 0.9591836734693877 1.2244897959183674 0.8571428571428571 1.8979591836734695 1.8775510204081634 1.5918367346938775 1.163265306122449 0.9387755102040817 1.2448979591836735 1.6122448979591837 1.4489795918367347 1.9591836734693877 1.5918367346938775 1.7346938775510203  
10 80.65468468771495 1.2244897959183674 1.2040816326530612 1.5510204081632653 0.9183673469387755 1.6734693877551021 1.5714285714285714 1.2448979591836735 1.1224489795918366 0.9591836734693877 1.7959183673469388 2.0 1.2448979591836735 1.9183673469387754 1.6734693877551021 1.510204081632653 1.9183673469387754 0.9591836734693877 1.2244897959183674 0.8571428571428571 1.8979591836734695 1.8775510204081634 1.5918367346938775 1.163265306122449 0.9387755102040817 1.2448979591836735 1.6122448979591837 1.4489795918367347 1.9591836734693877 1.5918367346938775 1.7346938775510203  
