190 20
TREE NETWORK (nID nID Weight):
1 0 31.0 
33 0 47.0 
34 33 35.0 
52 33 32.0 
74 0 36.0 
2 1 55.0 
75 74 44.0 
76 75 31.0 
77 76 48.0 
106 74 58.0 
93 75 30.0 
135 74 32.0 
53 52 41.0 
5 1 39.0 
9 1 56.0 
78 77 54.0 
157 0 43.0 
10 9 39.0 
103 75 31.0 
35 34 47.0 
90 76 40.0 
20 1 43.0 
107 106 54.0 
126 106 32.0 
21 20 59.0 
158 0 38.0 
54 52 45.0 
161 0 51.0 
11 10 54.0 
136 135 59.0 
81 77 54.0 
162 161 32.0 
73 33 34.0 
164 161 33.0 
168 161 38.0 
23 1 57.0 
130 106 59.0 
108 107 38.0 
55 54 30.0 
12 11 58.0 
112 107 54.0 
121 107 51.0 
58 54 35.0 
113 112 36.0 
114 112 42.0 
60 52 52.0 
127 126 47.0 
94 93 53.0 
169 168 48.0 
109 108 49.0 
24 1 43.0 
181 161 43.0 
82 81 49.0 
182 181 54.0 
95 94 54.0 
6 5 53.0 
137 136 55.0 
149 74 31.0 
61 60 56.0 
150 149 51.0 
69 52 40.0 
26 1 48.0 
165 164 32.0 
122 121 54.0 
183 182 43.0 
159 158 51.0 
115 114 55.0 
62 60 43.0 
184 183 34.0 
110 109 31.0 
96 93 34.0 
170 169 48.0 
83 82 36.0 
176 168 31.0 
7 5 48.0 
79 78 37.0 
29 1 56.0 
179 168 50.0 
36 34 32.0 
142 135 58.0 
70 52 52.0 
154 149 41.0 
37 36 34.0 
166 165 39.0 
17 10 56.0 
185 184 47.0 
123 121 56.0 
86 82 33.0 
116 114 31.0 
13 12 50.0 
98 93 42.0 
143 142 43.0 
91 76 32.0 
139 136 44.0 
63 60 55.0 
39 36 55.0 
8 7 30.0 
40 39 54.0 
180 168 55.0 
119 114 53.0 
14 12 57.0 
64 63 38.0 
188 0 40.0 
3 2 39.0 
125 121 33.0 
155 149 34.0 
132 106 56.0 
46 39 43.0 
66 63 43.0 
84 83 51.0 
48 39 51.0 
104 75 45.0 
111 108 31.0 
144 142 55.0 
151 150 39.0 
152 151 30.0 
87 86 30.0 
30 29 30.0 
145 142 40.0 
134 106 58.0 
171 169 49.0 
16 12 35.0 
50 34 40.0 
140 136 45.0 
22 20 36.0 
59 54 55.0 
153 152 40.0 
25 24 53.0 
41 40 49.0 
65 64 33.0 
19 10 38.0 
128 126 42.0 
141 136 39.0 
160 158 38.0 
80 78 58.0 
67 63 40.0 
97 96 38.0 
31 29 37.0 
38 37 36.0 
43 40 32.0 
72 52 48.0 
124 123 47.0 
99 98 41.0 
177 176 33.0 
172 169 57.0 
88 87 58.0 
186 182 57.0 
133 132 38.0 
117 116 44.0 
105 75 46.0 
100 98 34.0 
156 149 53.0 
118 116 55.0 
173 172 36.0 
131 130 34.0 
163 162 54.0 
175 169 45.0 
102 98 52.0 
167 166 39.0 
32 1 44.0 
4 2 38.0 
138 137 55.0 
89 82 48.0 
174 173 56.0 
85 84 48.0 
68 63 38.0 
148 135 53.0 
120 112 37.0 
178 176 53.0 
147 142 45.0 
146 145 34.0 
56 55 59.0 
27 26 34.0 
187 182 47.0 
129 128 35.0 
71 70 40.0 
189 188 46.0 
15 14 37.0 
101 100 39.0 
28 27 36.0 
47 46 31.0 
57 56 37.0 
92 76 30.0 
42 41 51.0 
18 17 49.0 
49 36 39.0 
51 34 38.0 
44 40 42.0 
45 44 54.0 
PROGRAMS ASSIGNED TO NODES (nID pID1 pID2 ...):
0 1 2 3 4 5 6 7 8 9 10 11 12 13 14 15 16 17 18 19 20  
19 1 3 6 7 8 9 11 12 13 17 19  
98 3 12 20  
172 1 4 5 7 8 9 11 14 16 18 19 20  
167 1 3 13 14 15 17 19 20  
173 1 2 3 4 5 6 9 10 11 12 13 14 15 16 18 19 20  
91 2 7 9 10 11 14 15 19  
2 1 8 11 12 13 14 15 20  
125 4 5 6 10 11 12 14 15 16 17 19 20  
71 3 4 5 6 7 8 9 10 11 12 13 14 15 17 18 19  
65 1 2 5 6 9 11 14 15 16 17 18 19 20  
101 1 2 6 7 8 9 10 11 12 14 15 17 18 19 20  
18 1 3 4 5 6 7 8 9 10 12 13 14 15 16 17 18 19 20  
105 1 3 4 5 7 10 12 13 14 15 16 20  
159 2 3 4 5 6 7 8 9 11 12 15 16 18 19 20  
124 18  
63 19  
84 1 4 8 9 17 20  
16 1 2 10 14  
135 19  
184 1 2 3 4 5 6 7 8 9 10 11 12 15 16 17 18 19  
42 1 2 3 9 10 11 12 14 15 16 18 19  
48 1 3 4 6 7 8 9 12 16 17 18 19 20  
113 1 2 3 4 5 6 7 8 9 10 11 14 15 16 17 18 19 20  
114 1  
54 1 3 5 6 8 9 11 12 15 16 17 19 20  
17 4 7 10 14 15 20  
45 2 6 16 18  
133 1 2 4 7 9 10 14 15  
120 1 2 3 5 8 10 12 14 16 17 18 20  
141 1 2 3 4 5 6 7 8 9 10 12 13 14 15 16 17 18 19 20  
119 1 3 8 9 10 12 14 20  
107 1 6 15  
20 4 7 10 14 16  
81 2 3 6 7 8 11 17 18 20  
69 1 2 3 4 6 7 8 10 11 12 13 15 16 17 18  
34 2 4 10 11 14 17 19 20  
92  
49 8 13 16 20  
79 3 5 8 11 13 16 20  
67 1 2 3 4 5 6 7 8 9 10 11 12 14 15 16 17 18 19 20  
14 1 2 3 5 6 7 8 9 10 11 12 13 14 15 16 17 18 19 20  
117 1 2 4 5 9 11 12 14 15 16 19 20  
104 1 2 4 5 6 10 11 12 13 16 17 18 19  
72 1 4 17 18  
35 1 2 3 4 5 7 8 11 14 17 19 20  
140 1 3 4 5 7 9 10 11 12 13 17 18 19  
87 4 5 6 7 8 9 11 12 13 15 17 18 19 20  
150 1 2 3 4 5 6 7 8 9 10 11 12 13 14 15 16 17 19 20  
153 1 3 4 5 6 7 8 9 12 13 14 16 17 18 20  
59 1 5 7 9 11 13 14 16 17 19  
147 1 2 3 4 5 6 7 8 9 10 12 13 14 15 16 17 18 19 20  
61 1 6 9 10 11 14 16 17 19  
43 6  
103 1 11 16 19  
8 2 3 4 5 6 7 8 9 10 11 12 14 15 16 17 18 19 20  
27 1 7 8 9 10 11 13 15 16 20  
118 2 4 5 7 8 10 13 15 17 18 19 20  
53 1 3 4 7 9 10 11 14 15 16 18 20  
136 12 13 15  
111 3 8 11 16 18 19  
32 1 2 3 5 6 8 9 10 11 13 14 15 16 17 18 19 20  
94 6  
75 2 3 4 5 7 8 9 10 11 13 14 15 17 18 19 20  
148 5 6 19  
25 4 6 7 8 9 10 12 13 15 16 17 20  
50 3 4 6 14 17 18  
151 3 4 5 6 8 10 11 13 14 15 16 17 18 19  
166 1 2 5 9 12 13 16 18 20  
51 1 7 8 9 11 14 15 18 19 20  
89 8 20  
152 1 2 9 13 15 17 18 20  
171 3  
90 5 6 7 9 11 12 14 15 16 18 19 20  
58 1 2 3 5 6 7 8 9 10 12 13 14 15 16 17 18 20  
12 4 12  
155  
189 20  
162  
57 2 3 4 5 6 7 8 10 11 13 14 17 18 20  
158 1 11  
77 1 2 3 4 5 6 7 8 9 11 12 13 14 15 16 17 18 19  
88 1 2 3 4 5 6 7 9 10 11 12 13 16 18 19 20  
29 3 4 6 8 9 10 11 17 18 19  
80 1 2 3 4 5 6 7 8 10 11 12 13 14 15 16 17 18 19 20  
134 3 7 13  
154 3 6 8 9 11 14 19  
28 5  
185 2 4 5 7 8 10 11 16 17 18  
95 4 5 9 10  
73 2 4 5 6 9 12 18 19  
182 1 2 3 4 5 6 8 10 11 13 14 15 16 17 18 19  
132 7 8 11 12 16 19 20  
7 3 9 17  
128 1 2 4 5 6 8 9 10 11 12 13 14 16 17 18 19 20  
31 1 2 3 4 8 9 11 12 13 14 16  
47 1 2 3 4 7 9 10 11 12 14 15 16 18 20  
142 1 3 5 9 10 11 16 17 18 20  
38 1 3 4 9 10 11 12 13 14 15 16 17 18 19 20  
143 1 2 4 5 7 8 9 10 12 13 14 15 16 17 18 20  
175 1 2 3 4 7 8 9 10 11 12 13 14 15 16 17 18  
169  
68 1 2 3 4 6 8 9 10 11 13 14 15 16 17 19  
11 2 3 4 5 7  
109 2 3 4 8 10 13 17 19 20  
186 3 4 6 7 9 13 14 17 18 19  
9 3 6 7 8 11 15 20  
93 18 19  
122 4 5 14  
21 2 7 9 11 12 13 17 19 20  
26 8 12  
183 3 4 6 7 8 9 11 12 13 14 16 18 19  
100 5 10 14 15 17 19 20  
163 1 2 3 4 11 14 15 16 19 20  
99 1 2 3 4 5 6 8 9 10 11 12 13 14 15 16 17 18 19 20  
181 2 6 7 10 18  
156 2 7 10 11 12 13 18 19 20  
86 11  
161 2 5 6 7 9 10 12 13 16 17 18 19  
96 2 3 6 20  
106 5 6 8 11 12 13 17 19 20  
6 1 2 3 4 5 6 7 9 10 11 12 13 16 17 19 20  
78 2 5 6 7 8 10 11 13 14 15 16 18 19 20  
137 2 3 5 7 9  
5 3 5 6 7 8 10 11 12 14 15 16 17 18 19  
138  
129 3 5 6 8 10 13 14 18 19 20  
55 5 8 10 12 13 17 18 19 20  
76 1 2 3 5 6 7 8 9 11 12 13 14 15 16 18 19 20  
22 18  
10 4 5 17 19  
30 3 7 9  
174 1 3  
37 11 13 15  
115 1 2 3 4 5 6 8 9 10 11 12 13 14 15 16 17 18 19 20  
127 4 6 7 9 10 11 12 13 15 17 18 19  
164 4 7 8 10 18 19 20  
24 3 4 6 7 8 9 10 13 14 16 18 19 20  
177 3 6 8 9 13 18  
108 1 3 4 5 9 11 13 15 17 19 20  
46 1 2 3 4 5 6 7 8 10 11 12 13 14 15 16 18 19 20  
160 1 4 5 6 10 11 12 13 14 15 16 18 20  
178 1 4 5 6 7 8 9 10 11 12 13 14 15 16 17 18 20  
70 1 2 11 12 15 16  
187 5 20  
74 2 6 7 9 10 12 16 17 20  
40 4 7 9 11 12 13 17  
15 1 2 4 5 7 8 9 10 11 12 13 14 15 16 17 18 19 20  
97 1 2 3 6 8 9 11 12 14 17 18 19 20  
112 2 3 4 9 10 11 14 15 19  
33 5 10 16  
176 2 3 5 7 9 12 19 20  
36 1 2 4 5 7 8 9 10 12 14 15 16 19  
144 1 2 5 7 9 11 13 14 15 18 19 20  
60 1 5 6 7 8 12 13 14 16  
123 2 3 4 7 8 13 14 16 17 20  
52 1 2 3 5 7 8 9 12 13 14 15 16 17 19 20  
170 1 2 3 5 7 8 10 12 13 15 18 19  
62 6 11  
179 1 3 4 5 6 7 8 9 10 11 12 13 14 15 16 17 18 19 20  
56 1 2 3 4 5 6 7 9 10 12 13 14 15 16 17 18 19  
130 3 6 10 12 15  
83 20  
157 1 2 3 5 6 8 9 11 13 14 19 20  
139 1 2 3 4 5 6 8 10 12 13 16 19 20  
66 2 3 4 8 9 10 11 12 13 14 16 17 20  
23 3 5 20  
64 1 2 7 10 11 13 15 16 17 19  
44 1 5 6 9 11 14 15 16 17 19 20  
41 1 2 5 6 7 9 10 11 13 14 16 19  
116  
82 1 2 3 5 6 7 8 9 13 16 17 20  
180 3 4 5 8 10 12 14 18 20  
188 1 18  
131 1 2 6 11 12 14 15  
110 2 3 7 11 13 14 16 18  
4 2 3 4 5 6 9 11 12 13 14 15 16 20  
146  
13 3 4 5 6 7 8 9 11 12 13 14 15 17 18  
168 1 2 4 5 6 7 8 9 11 12 13 15 16 17 18 19  
126 6 8 10 15 16 20  
3 1 2 6 7 8 9 15 16 18  
85 2 3 4 5 6 10 11 12 13 14 15 16 20  
39 4 11 17  
149 3 4 7 9 10 19  
121 2 7 9 10 12 13  
145 1 4 5 6 9 10 11 12 13 14 15 16 17 18 19 20  
165 2 3 4 5 7 10 11 12 14 15 17 18 19 20  
102 7 9 12  
1 1 5 10 16 18  
SIZE OF PROGRAMS (pID SIZE):
1 85.0 
2 77.0 
3 45.0 
4 52.0 
5 45.0 
6 67.0 
7 66.0 
8 40.0 
9 42.0 
10 89.0 
11 51.0 
12 43.0 
13 44.0 
14 58.0 
15 52.0 
16 84.0 
17 67.0 
18 65.0 
19 92.0 
20 47.0 
COST_INSTALL_SERVER_AND_PROGRAMS :
0 4948.91304347826 2.7717391304347827 2.510869565217391 1.4673913043478262 1.6956521739130435 1.4673913043478262 2.1847826086956523 2.152173913043478 1.3043478260869565 1.3695652173913044 2.902173913043478 1.6630434782608696 1.4021739130434783 1.434782608695652 1.891304347826087 1.6956521739130435 2.739130434782609 2.1847826086956523 2.119565217391304 3.0 1.5326086956521738  
19 73.8519984487553 1.8478260869565217 1.673913043478261 0.9782608695652174 1.1304347826086956 0.9782608695652174 1.4565217391304348 1.434782608695652 0.8695652173913043 0.9130434782608695 1.934782608695652 1.108695652173913 0.9347826086956522 0.9565217391304348 1.2608695652173914 1.1304347826086956 1.826086956521739 1.4565217391304348 1.4130434782608696 2.0 1.0217391304347827  
98 133.80731610950585 1.8478260869565217 1.673913043478261 0.9782608695652174 1.1304347826086956 0.9782608695652174 1.4565217391304348 1.434782608695652 0.8695652173913043 0.9130434782608695 1.934782608695652 1.108695652173913 0.9347826086956522 0.9565217391304348 1.2608695652173914 1.1304347826086956 1.826086956521739 1.4565217391304348 1.4130434782608696 2.0 1.0217391304347827  
172 67.89700674832729 1.8478260869565217 1.673913043478261 0.9782608695652174 1.1304347826086956 0.9782608695652174 1.4565217391304348 1.434782608695652 0.8695652173913043 0.9130434782608695 1.934782608695652 1.108695652173913 0.9347826086956522 0.9565217391304348 1.2608695652173914 1.1304347826086956 1.826086956521739 1.4565217391304348 1.4130434782608696 2.0 1.0217391304347827  
167 51.61217236770783 2.7717391304347827 2.510869565217391 1.4673913043478262 1.6956521739130435 1.4673913043478262 2.1847826086956523 2.152173913043478 1.3043478260869565 1.3695652173913044 2.902173913043478 1.6630434782608696 1.4021739130434783 1.434782608695652 1.891304347826087 1.6956521739130435 2.739130434782609 2.1847826086956523 2.119565217391304 3.0 1.5326086956521738  
173 123.83585031797908 1.8478260869565217 1.673913043478261 0.9782608695652174 1.1304347826086956 0.9782608695652174 1.4565217391304348 1.434782608695652 0.8695652173913043 0.9130434782608695 1.934782608695652 1.108695652173913 0.9347826086956522 0.9565217391304348 1.2608695652173914 1.1304347826086956 1.826086956521739 1.4565217391304348 1.4130434782608696 2.0 1.0217391304347827  
91 98.10596369329343 1.8478260869565217 1.673913043478261 0.9782608695652174 1.1304347826086956 0.9782608695652174 1.4565217391304348 1.434782608695652 0.8695652173913043 0.9130434782608695 1.934782608695652 1.108695652173913 0.9347826086956522 0.9565217391304348 1.2608695652173914 1.1304347826086956 1.826086956521739 1.4565217391304348 1.4130434782608696 2.0 1.0217391304347827  
2 32.020681659074356 2.7717391304347827 2.510869565217391 1.4673913043478262 1.6956521739130435 1.4673913043478262 2.1847826086956523 2.152173913043478 1.3043478260869565 1.3695652173913044 2.902173913043478 1.6630434782608696 1.4021739130434783 1.434782608695652 1.891304347826087 1.6956521739130435 2.739130434782609 2.1847826086956523 2.119565217391304 3.0 1.5326086956521738  
125 103.01141018649177 1.8478260869565217 1.673913043478261 0.9782608695652174 1.1304347826086956 0.9782608695652174 1.4565217391304348 1.434782608695652 0.8695652173913043 0.9130434782608695 1.934782608695652 1.108695652173913 0.9347826086956522 0.9565217391304348 1.2608695652173914 1.1304347826086956 1.826086956521739 1.4565217391304348 1.4130434782608696 2.0 1.0217391304347827  
71 137.74893435685482 1.8478260869565217 1.673913043478261 0.9782608695652174 1.1304347826086956 0.9782608695652174 1.4565217391304348 1.434782608695652 0.8695652173913043 0.9130434782608695 1.934782608695652 1.108695652173913 0.9347826086956522 0.9565217391304348 1.2608695652173914 1.1304347826086956 1.826086956521739 1.4565217391304348 1.4130434782608696 2.0 1.0217391304347827  
65 178.0700720346515 2.7717391304347827 2.510869565217391 1.4673913043478262 1.6956521739130435 1.4673913043478262 2.1847826086956523 2.152173913043478 1.3043478260869565 1.3695652173913044 2.902173913043478 1.6630434782608696 1.4021739130434783 1.434782608695652 1.891304347826087 1.6956521739130435 2.739130434782609 2.1847826086956523 2.119565217391304 3.0 1.5326086956521738  
101 156.4182546075889 2.7717391304347827 2.510869565217391 1.4673913043478262 1.6956521739130435 1.4673913043478262 2.1847826086956523 2.152173913043478 1.3043478260869565 1.3695652173913044 2.902173913043478 1.6630434782608696 1.4021739130434783 1.434782608695652 1.891304347826087 1.6956521739130435 2.739130434782609 2.1847826086956523 2.119565217391304 3.0 1.5326086956521738  
18 79.63571071787887 2.7717391304347827 2.510869565217391 1.4673913043478262 1.6956521739130435 1.4673913043478262 2.1847826086956523 2.152173913043478 1.3043478260869565 1.3695652173913044 2.902173913043478 1.6630434782608696 1.4021739130434783 1.434782608695652 1.891304347826087 1.6956521739130435 2.739130434782609 2.1847826086956523 2.119565217391304 3.0 1.5326086956521738  
105 31.6851788199932 1.8478260869565217 1.673913043478261 0.9782608695652174 1.1304347826086956 0.9782608695652174 1.4565217391304348 1.434782608695652 0.8695652173913043 0.9130434782608695 1.934782608695652 1.108695652173913 0.9347826086956522 0.9565217391304348 1.2608695652173914 1.1304347826086956 1.826086956521739 1.4565217391304348 1.4130434782608696 2.0 1.0217391304347827  
159 16.214570848519678 2.7717391304347827 2.510869565217391 1.4673913043478262 1.6956521739130435 1.4673913043478262 2.1847826086956523 2.152173913043478 1.3043478260869565 1.3695652173913044 2.902173913043478 1.6630434782608696 1.4021739130434783 1.434782608695652 1.891304347826087 1.6956521739130435 2.739130434782609 2.1847826086956523 2.119565217391304 3.0 1.5326086956521738  
124 6.578864585969004 1.8478260869565217 1.673913043478261 0.9782608695652174 1.1304347826086956 0.9782608695652174 1.4565217391304348 1.434782608695652 0.8695652173913043 0.9130434782608695 1.934782608695652 1.108695652173913 0.9347826086956522 0.9565217391304348 1.2608695652173914 1.1304347826086956 1.826086956521739 1.4565217391304348 1.4130434782608696 2.0 1.0217391304347827  
63 137.71076904742063 1.8478260869565217 1.673913043478261 0.9782608695652174 1.1304347826086956 0.9782608695652174 1.4565217391304348 1.434782608695652 0.8695652173913043 0.9130434782608695 1.934782608695652 1.108695652173913 0.9347826086956522 0.9565217391304348 1.2608695652173914 1.1304347826086956 1.826086956521739 1.4565217391304348 1.4130434782608696 2.0 1.0217391304347827  
84 217.0838292648615 1.8478260869565217 1.673913043478261 0.9782608695652174 1.1304347826086956 0.9782608695652174 1.4565217391304348 1.434782608695652 0.8695652173913043 0.9130434782608695 1.934782608695652 1.108695652173913 0.9347826086956522 0.9565217391304348 1.2608695652173914 1.1304347826086956 1.826086956521739 1.4565217391304348 1.4130434782608696 2.0 1.0217391304347827  
16 41.73478442642725 1.8478260869565217 1.673913043478261 0.9782608695652174 1.1304347826086956 0.9782608695652174 1.4565217391304348 1.434782608695652 0.8695652173913043 0.9130434782608695 1.934782608695652 1.108695652173913 0.9347826086956522 0.9565217391304348 1.2608695652173914 1.1304347826086956 1.826086956521739 1.4565217391304348 1.4130434782608696 2.0 1.0217391304347827  
135 89.82086546359518 1.8478260869565217 1.673913043478261 0.9782608695652174 1.1304347826086956 0.9782608695652174 1.4565217391304348 1.434782608695652 0.8695652173913043 0.9130434782608695 1.934782608695652 1.108695652173913 0.9347826086956522 0.9565217391304348 1.2608695652173914 1.1304347826086956 1.826086956521739 1.4565217391304348 1.4130434782608696 2.0 1.0217391304347827  
184 106.64540110231887 2.7717391304347827 2.510869565217391 1.4673913043478262 1.6956521739130435 1.4673913043478262 2.1847826086956523 2.152173913043478 1.3043478260869565 1.3695652173913044 2.902173913043478 1.6630434782608696 1.4021739130434783 1.434782608695652 1.891304347826087 1.6956521739130435 2.739130434782609 2.1847826086956523 2.119565217391304 3.0 1.5326086956521738  
42 138.76140238269144 2.7717391304347827 2.510869565217391 1.4673913043478262 1.6956521739130435 1.4673913043478262 2.1847826086956523 2.152173913043478 1.3043478260869565 1.3695652173913044 2.902173913043478 1.6630434782608696 1.4021739130434783 1.434782608695652 1.891304347826087 1.6956521739130435 2.739130434782609 2.1847826086956523 2.119565217391304 3.0 1.5326086956521738  
48 95.3799289022748 1.8478260869565217 1.673913043478261 0.9782608695652174 1.1304347826086956 0.9782608695652174 1.4565217391304348 1.434782608695652 0.8695652173913043 0.9130434782608695 1.934782608695652 1.108695652173913 0.9347826086956522 0.9565217391304348 1.2608695652173914 1.1304347826086956 1.826086956521739 1.4565217391304348 1.4130434782608696 2.0 1.0217391304347827  
113 92.50539119004969 1.8478260869565217 1.673913043478261 0.9782608695652174 1.1304347826086956 0.9782608695652174 1.4565217391304348 1.434782608695652 0.8695652173913043 0.9130434782608695 1.934782608695652 1.108695652173913 0.9347826086956522 0.9565217391304348 1.2608695652173914 1.1304347826086956 1.826086956521739 1.4565217391304348 1.4130434782608696 2.0 1.0217391304347827  
114 86.67614234618807 2.7717391304347827 2.510869565217391 1.4673913043478262 1.6956521739130435 1.4673913043478262 2.1847826086956523 2.152173913043478 1.3043478260869565 1.3695652173913044 2.902173913043478 1.6630434782608696 1.4021739130434783 1.434782608695652 1.891304347826087 1.6956521739130435 2.739130434782609 2.1847826086956523 2.119565217391304 3.0 1.5326086956521738  
54 63.21356940971205 1.8478260869565217 1.673913043478261 0.9782608695652174 1.1304347826086956 0.9782608695652174 1.4565217391304348 1.434782608695652 0.8695652173913043 0.9130434782608695 1.934782608695652 1.108695652173913 0.9347826086956522 0.9565217391304348 1.2608695652173914 1.1304347826086956 1.826086956521739 1.4565217391304348 1.4130434782608696 2.0 1.0217391304347827  
17 53.1966712016207 1.8478260869565217 1.673913043478261 0.9782608695652174 1.1304347826086956 0.9782608695652174 1.4565217391304348 1.434782608695652 0.8695652173913043 0.9130434782608695 1.934782608695652 1.108695652173913 0.9347826086956522 0.9565217391304348 1.2608695652173914 1.1304347826086956 1.826086956521739 1.4565217391304348 1.4130434782608696 2.0 1.0217391304347827  
45 36.77207533582705 1.8478260869565217 1.673913043478261 0.9782608695652174 1.1304347826086956 0.9782608695652174 1.4565217391304348 1.434782608695652 0.8695652173913043 0.9130434782608695 1.934782608695652 1.108695652173913 0.9347826086956522 0.9565217391304348 1.2608695652173914 1.1304347826086956 1.826086956521739 1.4565217391304348 1.4130434782608696 2.0 1.0217391304347827  
133 27.59924830968696 1.8478260869565217 1.673913043478261 0.9782608695652174 1.1304347826086956 0.9782608695652174 1.4565217391304348 1.434782608695652 0.8695652173913043 0.9130434782608695 1.934782608695652 1.108695652173913 0.9347826086956522 0.9565217391304348 1.2608695652173914 1.1304347826086956 1.826086956521739 1.4565217391304348 1.4130434782608696 2.0 1.0217391304347827  
120 107.73512938002914 1.8478260869565217 1.673913043478261 0.9782608695652174 1.1304347826086956 0.9782608695652174 1.4565217391304348 1.434782608695652 0.8695652173913043 0.9130434782608695 1.934782608695652 1.108695652173913 0.9347826086956522 0.9565217391304348 1.2608695652173914 1.1304347826086956 1.826086956521739 1.4565217391304348 1.4130434782608696 2.0 1.0217391304347827  
141 187.35427579946364 1.8478260869565217 1.673913043478261 0.9782608695652174 1.1304347826086956 0.9782608695652174 1.4565217391304348 1.434782608695652 0.8695652173913043 0.9130434782608695 1.934782608695652 1.108695652173913 0.9347826086956522 0.9565217391304348 1.2608695652173914 1.1304347826086956 1.826086956521739 1.4565217391304348 1.4130434782608696 2.0 1.0217391304347827  
119 60.54052366844917 2.7717391304347827 2.510869565217391 1.4673913043478262 1.6956521739130435 1.4673913043478262 2.1847826086956523 2.152173913043478 1.3043478260869565 1.3695652173913044 2.902173913043478 1.6630434782608696 1.4021739130434783 1.434782608695652 1.891304347826087 1.6956521739130435 2.739130434782609 2.1847826086956523 2.119565217391304 3.0 1.5326086956521738  
107 114.21435298901996 1.8478260869565217 1.673913043478261 0.9782608695652174 1.1304347826086956 0.9782608695652174 1.4565217391304348 1.434782608695652 0.8695652173913043 0.9130434782608695 1.934782608695652 1.108695652173913 0.9347826086956522 0.9565217391304348 1.2608695652173914 1.1304347826086956 1.826086956521739 1.4565217391304348 1.4130434782608696 2.0 1.0217391304347827  
20 43.74334841488116 1.8478260869565217 1.673913043478261 0.9782608695652174 1.1304347826086956 0.9782608695652174 1.4565217391304348 1.434782608695652 0.8695652173913043 0.9130434782608695 1.934782608695652 1.108695652173913 0.9347826086956522 0.9565217391304348 1.2608695652173914 1.1304347826086956 1.826086956521739 1.4565217391304348 1.4130434782608696 2.0 1.0217391304347827  
81 114.25498101062533 1.8478260869565217 1.673913043478261 0.9782608695652174 1.1304347826086956 0.9782608695652174 1.4565217391304348 1.434782608695652 0.8695652173913043 0.9130434782608695 1.934782608695652 1.108695652173913 0.9347826086956522 0.9565217391304348 1.2608695652173914 1.1304347826086956 1.826086956521739 1.4565217391304348 1.4130434782608696 2.0 1.0217391304347827  
69 70.1262887266873 2.7717391304347827 2.510869565217391 1.4673913043478262 1.6956521739130435 1.4673913043478262 2.1847826086956523 2.152173913043478 1.3043478260869565 1.3695652173913044 2.902173913043478 1.6630434782608696 1.4021739130434783 1.434782608695652 1.891304347826087 1.6956521739130435 2.739130434782609 2.1847826086956523 2.119565217391304 3.0 1.5326086956521738  
34 17.918446182617707 2.7717391304347827 2.510869565217391 1.4673913043478262 1.6956521739130435 1.4673913043478262 2.1847826086956523 2.152173913043478 1.3043478260869565 1.3695652173913044 2.902173913043478 1.6630434782608696 1.4021739130434783 1.434782608695652 1.891304347826087 1.6956521739130435 2.739130434782609 2.1847826086956523 2.119565217391304 3.0 1.5326086956521738  
92 303.0 1.8478260869565217 1.673913043478261 0.9782608695652174 1.1304347826086956 0.9782608695652174 1.4565217391304348 1.434782608695652 0.8695652173913043 0.9130434782608695 1.934782608695652 1.108695652173913 0.9347826086956522 0.9565217391304348 1.2608695652173914 1.1304347826086956 1.826086956521739 1.4565217391304348 1.4130434782608696 2.0 1.0217391304347827  
49 16.599696990162375 2.7717391304347827 2.510869565217391 1.4673913043478262 1.6956521739130435 1.4673913043478262 2.1847826086956523 2.152173913043478 1.3043478260869565 1.3695652173913044 2.902173913043478 1.6630434782608696 1.4021739130434783 1.434782608695652 1.891304347826087 1.6956521739130435 2.739130434782609 2.1847826086956523 2.119565217391304 3.0 1.5326086956521738  
79 79.2189711645017 2.7717391304347827 2.510869565217391 1.4673913043478262 1.6956521739130435 1.4673913043478262 2.1847826086956523 2.152173913043478 1.3043478260869565 1.3695652173913044 2.902173913043478 1.6630434782608696 1.4021739130434783 1.434782608695652 1.891304347826087 1.6956521739130435 2.739130434782609 2.1847826086956523 2.119565217391304 3.0 1.5326086956521738  
67 183.72592047649692 2.7717391304347827 2.510869565217391 1.4673913043478262 1.6956521739130435 1.4673913043478262 2.1847826086956523 2.152173913043478 1.3043478260869565 1.3695652173913044 2.902173913043478 1.6630434782608696 1.4021739130434783 1.434782608695652 1.891304347826087 1.6956521739130435 2.739130434782609 2.1847826086956523 2.119565217391304 3.0 1.5326086956521738  
14 203.87129167182565 2.7717391304347827 2.510869565217391 1.4673913043478262 1.6956521739130435 1.4673913043478262 2.1847826086956523 2.152173913043478 1.3043478260869565 1.3695652173913044 2.902173913043478 1.6630434782608696 1.4021739130434783 1.434782608695652 1.891304347826087 1.6956521739130435 2.739130434782609 2.1847826086956523 2.119565217391304 3.0 1.5326086956521738  
117 171.3928151098693 1.8478260869565217 1.673913043478261 0.9782608695652174 1.1304347826086956 0.9782608695652174 1.4565217391304348 1.434782608695652 0.8695652173913043 0.9130434782608695 1.934782608695652 1.108695652173913 0.9347826086956522 0.9565217391304348 1.2608695652173914 1.1304347826086956 1.826086956521739 1.4565217391304348 1.4130434782608696 2.0 1.0217391304347827  
104 52.55950250357092 1.8478260869565217 1.673913043478261 0.9782608695652174 1.1304347826086956 0.9782608695652174 1.4565217391304348 1.434782608695652 0.8695652173913043 0.9130434782608695 1.934782608695652 1.108695652173913 0.9347826086956522 0.9565217391304348 1.2608695652173914 1.1304347826086956 1.826086956521739 1.4565217391304348 1.4130434782608696 2.0 1.0217391304347827  
72 32.84470035181239 2.7717391304347827 2.510869565217391 1.4673913043478262 1.6956521739130435 1.4673913043478262 2.1847826086956523 2.152173913043478 1.3043478260869565 1.3695652173913044 2.902173913043478 1.6630434782608696 1.4021739130434783 1.434782608695652 1.891304347826087 1.6956521739130435 2.739130434782609 2.1847826086956523 2.119565217391304 3.0 1.5326086956521738  
35 37.47229660729967 2.7717391304347827 2.510869565217391 1.4673913043478262 1.6956521739130435 1.4673913043478262 2.1847826086956523 2.152173913043478 1.3043478260869565 1.3695652173913044 2.902173913043478 1.6630434782608696 1.4021739130434783 1.434782608695652 1.891304347826087 1.6956521739130435 2.739130434782609 2.1847826086956523 2.119565217391304 3.0 1.5326086956521738  
140 88.33590106227844 2.7717391304347827 2.510869565217391 1.4673913043478262 1.6956521739130435 1.4673913043478262 2.1847826086956523 2.152173913043478 1.3043478260869565 1.3695652173913044 2.902173913043478 1.6630434782608696 1.4021739130434783 1.434782608695652 1.891304347826087 1.6956521739130435 2.739130434782609 2.1847826086956523 2.119565217391304 3.0 1.5326086956521738  
87 173.2712098273482 2.7717391304347827 2.510869565217391 1.4673913043478262 1.6956521739130435 1.4673913043478262 2.1847826086956523 2.152173913043478 1.3043478260869565 1.3695652173913044 2.902173913043478 1.6630434782608696 1.4021739130434783 1.434782608695652 1.891304347826087 1.6956521739130435 2.739130434782609 2.1847826086956523 2.119565217391304 3.0 1.5326086956521738  
150 106.22998291761135 2.7717391304347827 2.510869565217391 1.4673913043478262 1.6956521739130435 1.4673913043478262 2.1847826086956523 2.152173913043478 1.3043478260869565 1.3695652173913044 2.902173913043478 1.6630434782608696 1.4021739130434783 1.434782608695652 1.891304347826087 1.6956521739130435 2.739130434782609 2.1847826086956523 2.119565217391304 3.0 1.5326086956521738  
153 166.04511257702035 2.7717391304347827 2.510869565217391 1.4673913043478262 1.6956521739130435 1.4673913043478262 2.1847826086956523 2.152173913043478 1.3043478260869565 1.3695652173913044 2.902173913043478 1.6630434782608696 1.4021739130434783 1.434782608695652 1.891304347826087 1.6956521739130435 2.739130434782609 2.1847826086956523 2.119565217391304 3.0 1.5326086956521738  
59 94.48659803000511 1.8478260869565217 1.673913043478261 0.9782608695652174 1.1304347826086956 0.9782608695652174 1.4565217391304348 1.434782608695652 0.8695652173913043 0.9130434782608695 1.934782608695652 1.108695652173913 0.9347826086956522 0.9565217391304348 1.2608695652173914 1.1304347826086956 1.826086956521739 1.4565217391304348 1.4130434782608696 2.0 1.0217391304347827  
147 176.51156703967004 2.7717391304347827 2.510869565217391 1.4673913043478262 1.6956521739130435 1.4673913043478262 2.1847826086956523 2.152173913043478 1.3043478260869565 1.3695652173913044 2.902173913043478 1.6630434782608696 1.4021739130434783 1.434782608695652 1.891304347826087 1.6956521739130435 2.739130434782609 2.1847826086956523 2.119565217391304 3.0 1.5326086956521738  
61 37.261705341672126 1.8478260869565217 1.673913043478261 0.9782608695652174 1.1304347826086956 0.9782608695652174 1.4565217391304348 1.434782608695652 0.8695652173913043 0.9130434782608695 1.934782608695652 1.108695652173913 0.9347826086956522 0.9565217391304348 1.2608695652173914 1.1304347826086956 1.826086956521739 1.4565217391304348 1.4130434782608696 2.0 1.0217391304347827  
43 10.055372741375981 2.7717391304347827 2.510869565217391 1.4673913043478262 1.6956521739130435 1.4673913043478262 2.1847826086956523 2.152173913043478 1.3043478260869565 1.3695652173913044 2.902173913043478 1.6630434782608696 1.4021739130434783 1.434782608695652 1.891304347826087 1.6956521739130435 2.739130434782609 2.1847826086956523 2.119565217391304 3.0 1.5326086956521738  
103 29.197501830108518 1.8478260869565217 1.673913043478261 0.9782608695652174 1.1304347826086956 0.9782608695652174 1.4565217391304348 1.434782608695652 0.8695652173913043 0.9130434782608695 1.934782608695652 1.108695652173913 0.9347826086956522 0.9565217391304348 1.2608695652173914 1.1304347826086956 1.826086956521739 1.4565217391304348 1.4130434782608696 2.0 1.0217391304347827  
8 84.21514645231348 2.7717391304347827 2.510869565217391 1.4673913043478262 1.6956521739130435 1.4673913043478262 2.1847826086956523 2.152173913043478 1.3043478260869565 1.3695652173913044 2.902173913043478 1.6630434782608696 1.4021739130434783 1.434782608695652 1.891304347826087 1.6956521739130435 2.739130434782609 2.1847826086956523 2.119565217391304 3.0 1.5326086956521738  
27 29.691908014783746 2.7717391304347827 2.510869565217391 1.4673913043478262 1.6956521739130435 1.4673913043478262 2.1847826086956523 2.152173913043478 1.3043478260869565 1.3695652173913044 2.902173913043478 1.6630434782608696 1.4021739130434783 1.434782608695652 1.891304347826087 1.6956521739130435 2.739130434782609 2.1847826086956523 2.119565217391304 3.0 1.5326086956521738  
118 155.86413829111697 1.8478260869565217 1.673913043478261 0.9782608695652174 1.1304347826086956 0.9782608695652174 1.4565217391304348 1.434782608695652 0.8695652173913043 0.9130434782608695 1.934782608695652 1.108695652173913 0.9347826086956522 0.9565217391304348 1.2608695652173914 1.1304347826086956 1.826086956521739 1.4565217391304348 1.4130434782608696 2.0 1.0217391304347827  
53 69.80972506979057 2.7717391304347827 2.510869565217391 1.4673913043478262 1.6956521739130435 1.4673913043478262 2.1847826086956523 2.152173913043478 1.3043478260869565 1.3695652173913044 2.902173913043478 1.6630434782608696 1.4021739130434783 1.434782608695652 1.891304347826087 1.6956521739130435 2.739130434782609 2.1847826086956523 2.119565217391304 3.0 1.5326086956521738  
136 95.49845766470986 2.7717391304347827 2.510869565217391 1.4673913043478262 1.6956521739130435 1.4673913043478262 2.1847826086956523 2.152173913043478 1.3043478260869565 1.3695652173913044 2.902173913043478 1.6630434782608696 1.4021739130434783 1.434782608695652 1.891304347826087 1.6956521739130435 2.739130434782609 2.1847826086956523 2.119565217391304 3.0 1.5326086956521738  
111 71.23038259300273 1.8478260869565217 1.673913043478261 0.9782608695652174 1.1304347826086956 0.9782608695652174 1.4565217391304348 1.434782608695652 0.8695652173913043 0.9130434782608695 1.934782608695652 1.108695652173913 0.9347826086956522 0.9565217391304348 1.2608695652173914 1.1304347826086956 1.826086956521739 1.4565217391304348 1.4130434782608696 2.0 1.0217391304347827  
32 93.73046593409077 1.8478260869565217 1.673913043478261 0.9782608695652174 1.1304347826086956 0.9782608695652174 1.4565217391304348 1.434782608695652 0.8695652173913043 0.9130434782608695 1.934782608695652 1.108695652173913 0.9347826086956522 0.9565217391304348 1.2608695652173914 1.1304347826086956 1.826086956521739 1.4565217391304348 1.4130434782608696 2.0 1.0217391304347827  
94 31.537742440447314 2.7717391304347827 2.510869565217391 1.4673913043478262 1.6956521739130435 1.4673913043478262 2.1847826086956523 2.152173913043478 1.3043478260869565 1.3695652173913044 2.902173913043478 1.6630434782608696 1.4021739130434783 1.434782608695652 1.891304347826087 1.6956521739130435 2.739130434782609 2.1847826086956523 2.119565217391304 3.0 1.5326086956521738  
75 69.69293096363411 2.7717391304347827 2.510869565217391 1.4673913043478262 1.6956521739130435 1.4673913043478262 2.1847826086956523 2.152173913043478 1.3043478260869565 1.3695652173913044 2.902173913043478 1.6630434782608696 1.4021739130434783 1.434782608695652 1.891304347826087 1.6956521739130435 2.739130434782609 2.1847826086956523 2.119565217391304 3.0 1.5326086956521738  
148 20.13104316276233 2.7717391304347827 2.510869565217391 1.4673913043478262 1.6956521739130435 1.4673913043478262 2.1847826086956523 2.152173913043478 1.3043478260869565 1.3695652173913044 2.902173913043478 1.6630434782608696 1.4021739130434783 1.434782608695652 1.891304347826087 1.6956521739130435 2.739130434782609 2.1847826086956523 2.119565217391304 3.0 1.5326086956521738  
25 47.19562937634326 1.8478260869565217 1.673913043478261 0.9782608695652174 1.1304347826086956 0.9782608695652174 1.4565217391304348 1.434782608695652 0.8695652173913043 0.9130434782608695 1.934782608695652 1.108695652173913 0.9347826086956522 0.9565217391304348 1.2608695652173914 1.1304347826086956 1.826086956521739 1.4565217391304348 1.4130434782608696 2.0 1.0217391304347827  
50 31.625407361864845 1.8478260869565217 1.673913043478261 0.9782608695652174 1.1304347826086956 0.9782608695652174 1.4565217391304348 1.434782608695652 0.8695652173913043 0.9130434782608695 1.934782608695652 1.108695652173913 0.9347826086956522 0.9565217391304348 1.2608695652173914 1.1304347826086956 1.826086956521739 1.4565217391304348 1.4130434782608696 2.0 1.0217391304347827  
151 100.28768527626247 2.7717391304347827 2.510869565217391 1.4673913043478262 1.6956521739130435 1.4673913043478262 2.1847826086956523 2.152173913043478 1.3043478260869565 1.3695652173913044 2.902173913043478 1.6630434782608696 1.4021739130434783 1.434782608695652 1.891304347826087 1.6956521739130435 2.739130434782609 2.1847826086956523 2.119565217391304 3.0 1.5326086956521738  
166 93.25865171187868 1.8478260869565217 1.673913043478261 0.9782608695652174 1.1304347826086956 0.9782608695652174 1.4565217391304348 1.434782608695652 0.8695652173913043 0.9130434782608695 1.934782608695652 1.108695652173913 0.9347826086956522 0.9565217391304348 1.2608695652173914 1.1304347826086956 1.826086956521739 1.4565217391304348 1.4130434782608696 2.0 1.0217391304347827  
51 26.00671519490618 2.7717391304347827 2.510869565217391 1.4673913043478262 1.6956521739130435 1.4673913043478262 2.1847826086956523 2.152173913043478 1.3043478260869565 1.3695652173913044 2.902173913043478 1.6630434782608696 1.4021739130434783 1.434782608695652 1.891304347826087 1.6956521739130435 2.739130434782609 2.1847826086956523 2.119565217391304 3.0 1.5326086956521738  
89 9.53488927151312 1.8478260869565217 1.673913043478261 0.9782608695652174 1.1304347826086956 0.9782608695652174 1.4565217391304348 1.434782608695652 0.8695652173913043 0.9130434782608695 1.934782608695652 1.108695652173913 0.9347826086956522 0.9565217391304348 1.2608695652173914 1.1304347826086956 1.826086956521739 1.4565217391304348 1.4130434782608696 2.0 1.0217391304347827  
152 108.24833675153332 1.8478260869565217 1.673913043478261 0.9782608695652174 1.1304347826086956 0.9782608695652174 1.4565217391304348 1.434782608695652 0.8695652173913043 0.9130434782608695 1.934782608695652 1.108695652173913 0.9347826086956522 0.9565217391304348 1.2608695652173914 1.1304347826086956 1.826086956521739 1.4565217391304348 1.4130434782608696 2.0 1.0217391304347827  
171 5.468772172537865 1.8478260869565217 1.673913043478261 0.9782608695652174 1.1304347826086956 0.9782608695652174 1.4565217391304348 1.434782608695652 0.8695652173913043 0.9130434782608695 1.934782608695652 1.108695652173913 0.9347826086956522 0.9565217391304348 1.2608695652173914 1.1304347826086956 1.826086956521739 1.4565217391304348 1.4130434782608696 2.0 1.0217391304347827  
90 88.48088893718325 1.8478260869565217 1.673913043478261 0.9782608695652174 1.1304347826086956 0.9782608695652174 1.4565217391304348 1.434782608695652 0.8695652173913043 0.9130434782608695 1.934782608695652 1.108695652173913 0.9347826086956522 0.9565217391304348 1.2608695652173914 1.1304347826086956 1.826086956521739 1.4565217391304348 1.4130434782608696 2.0 1.0217391304347827  
58 122.52067392026873 2.7717391304347827 2.510869565217391 1.4673913043478262 1.6956521739130435 1.4673913043478262 2.1847826086956523 2.152173913043478 1.3043478260869565 1.3695652173913044 2.902173913043478 1.6630434782608696 1.4021739130434783 1.434782608695652 1.891304347826087 1.6956521739130435 2.739130434782609 2.1847826086956523 2.119565217391304 3.0 1.5326086956521738  
12 115.47463429211089 2.7717391304347827 2.510869565217391 1.4673913043478262 1.6956521739130435 1.4673913043478262 2.1847826086956523 2.152173913043478 1.3043478260869565 1.3695652173913044 2.902173913043478 1.6630434782608696 1.4021739130434783 1.434782608695652 1.891304347826087 1.6956521739130435 2.739130434782609 2.1847826086956523 2.119565217391304 3.0 1.5326086956521738  
155 166.0 1.8478260869565217 1.673913043478261 0.9782608695652174 1.1304347826086956 0.9782608695652174 1.4565217391304348 1.434782608695652 0.8695652173913043 0.9130434782608695 1.934782608695652 1.108695652173913 0.9347826086956522 0.9565217391304348 1.2608695652173914 1.1304347826086956 1.826086956521739 1.4565217391304348 1.4130434782608696 2.0 1.0217391304347827  
189 2.734737370235142 1.8478260869565217 1.673913043478261 0.9782608695652174 1.1304347826086956 0.9782608695652174 1.4565217391304348 1.434782608695652 0.8695652173913043 0.9130434782608695 1.934782608695652 1.108695652173913 0.9347826086956522 0.9565217391304348 1.2608695652173914 1.1304347826086956 1.826086956521739 1.4565217391304348 1.4130434782608696 2.0 1.0217391304347827  
162 22.4877109459403 2.7717391304347827 2.510869565217391 1.4673913043478262 1.6956521739130435 1.4673913043478262 2.1847826086956523 2.152173913043478 1.3043478260869565 1.3695652173913044 2.902173913043478 1.6630434782608696 1.4021739130434783 1.434782608695652 1.891304347826087 1.6956521739130435 2.739130434782609 2.1847826086956523 2.119565217391304 3.0 1.5326086956521738  
57 90.04950492375377 1.8478260869565217 1.673913043478261 0.9782608695652174 1.1304347826086956 0.9782608695652174 1.4565217391304348 1.434782608695652 0.8695652173913043 0.9130434782608695 1.934782608695652 1.108695652173913 0.9347826086956522 0.9565217391304348 1.2608695652173914 1.1304347826086956 1.826086956521739 1.4565217391304348 1.4130434782608696 2.0 1.0217391304347827  
158 34.01058235435322 1.8478260869565217 1.673913043478261 0.9782608695652174 1.1304347826086956 0.9782608695652174 1.4565217391304348 1.434782608695652 0.8695652173913043 0.9130434782608695 1.934782608695652 1.108695652173913 0.9347826086956522 0.9565217391304348 1.2608695652173914 1.1304347826086956 1.826086956521739 1.4565217391304348 1.4130434782608696 2.0 1.0217391304347827  
77 58.70348533724525 2.7717391304347827 2.510869565217391 1.4673913043478262 1.6956521739130435 1.4673913043478262 2.1847826086956523 2.152173913043478 1.3043478260869565 1.3695652173913044 2.902173913043478 1.6630434782608696 1.4021739130434783 1.434782608695652 1.891304347826087 1.6956521739130435 2.739130434782609 2.1847826086956523 2.119565217391304 3.0 1.5326086956521738  
88 215.64772400419142 2.7717391304347827 2.510869565217391 1.4673913043478262 1.6956521739130435 1.4673913043478262 2.1847826086956523 2.152173913043478 1.3043478260869565 1.3695652173913044 2.902173913043478 1.6630434782608696 1.4021739130434783 1.434782608695652 1.891304347826087 1.6956521739130435 2.739130434782609 2.1847826086956523 2.119565217391304 3.0 1.5326086956521738  
29 88.06200157490066 2.7717391304347827 2.510869565217391 1.4673913043478262 1.6956521739130435 1.4673913043478262 2.1847826086956523 2.152173913043478 1.3043478260869565 1.3695652173913044 2.902173913043478 1.6630434782608696 1.4021739130434783 1.434782608695652 1.891304347826087 1.6956521739130435 2.739130434782609 2.1847826086956523 2.119565217391304 3.0 1.5326086956521738  
80 155.35329875991016 2.7717391304347827 2.510869565217391 1.4673913043478262 1.6956521739130435 1.4673913043478262 2.1847826086956523 2.152173913043478 1.3043478260869565 1.3695652173913044 2.902173913043478 1.6630434782608696 1.4021739130434783 1.434782608695652 1.891304347826087 1.6956521739130435 2.739130434782609 2.1847826086956523 2.119565217391304 3.0 1.5326086956521738  
134 8.714919033274965 1.8478260869565217 1.673913043478261 0.9782608695652174 1.1304347826086956 0.9782608695652174 1.4565217391304348 1.434782608695652 0.8695652173913043 0.9130434782608695 1.934782608695652 1.108695652173913 0.9347826086956522 0.9565217391304348 1.2608695652173914 1.1304347826086956 1.826086956521739 1.4565217391304348 1.4130434782608696 2.0 1.0217391304347827  
154 16.780517123279807 2.7717391304347827 2.510869565217391 1.4673913043478262 1.6956521739130435 1.4673913043478262 2.1847826086956523 2.152173913043478 1.3043478260869565 1.3695652173913044 2.902173913043478 1.6630434782608696 1.4021739130434783 1.434782608695652 1.891304347826087 1.6956521739130435 2.739130434782609 2.1847826086956523 2.119565217391304 3.0 1.5326086956521738  
28 3.8428620877987374 2.7717391304347827 2.510869565217391 1.4673913043478262 1.6956521739130435 1.4673913043478262 2.1847826086956523 2.152173913043478 1.3043478260869565 1.3695652173913044 2.902173913043478 1.6630434782608696 1.4021739130434783 1.434782608695652 1.891304347826087 1.6956521739130435 2.739130434782609 2.1847826086956523 2.119565217391304 3.0 1.5326086956521738  
185 72.16043399592691 1.8478260869565217 1.673913043478261 0.9782608695652174 1.1304347826086956 0.9782608695652174 1.4565217391304348 1.434782608695652 0.8695652173913043 0.9130434782608695 1.934782608695652 1.108695652173913 0.9347826086956522 0.9565217391304348 1.2608695652173914 1.1304347826086956 1.826086956521739 1.4565217391304348 1.4130434782608696 2.0 1.0217391304347827  
95 20.711860330736755 1.8478260869565217 1.673913043478261 0.9782608695652174 1.1304347826086956 0.9782608695652174 1.4565217391304348 1.434782608695652 0.8695652173913043 0.9130434782608695 1.934782608695652 1.108695652173913 0.9347826086956522 0.9565217391304348 1.2608695652173914 1.1304347826086956 1.826086956521739 1.4565217391304348 1.4130434782608696 2.0 1.0217391304347827  
73 3.258743824786059 2.7717391304347827 2.510869565217391 1.4673913043478262 1.6956521739130435 1.4673913043478262 2.1847826086956523 2.152173913043478 1.3043478260869565 1.3695652173913044 2.902173913043478 1.6630434782608696 1.4021739130434783 1.434782608695652 1.891304347826087 1.6956521739130435 2.739130434782609 2.1847826086956523 2.119565217391304 3.0 1.5326086956521738  
182 70.48036404389651 1.8478260869565217 1.673913043478261 0.9782608695652174 1.1304347826086956 0.9782608695652174 1.4565217391304348 1.434782608695652 0.8695652173913043 0.9130434782608695 1.934782608695652 1.108695652173913 0.9347826086956522 0.9565217391304348 1.2608695652173914 1.1304347826086956 1.826086956521739 1.4565217391304348 1.4130434782608696 2.0 1.0217391304347827  
132 22.241060805379917 1.8478260869565217 1.673913043478261 0.9782608695652174 1.1304347826086956 0.9782608695652174 1.4565217391304348 1.434782608695652 0.8695652173913043 0.9130434782608695 1.934782608695652 1.108695652173913 0.9347826086956522 0.9565217391304348 1.2608695652173914 1.1304347826086956 1.826086956521739 1.4565217391304348 1.4130434782608696 2.0 1.0217391304347827  
7 71.30107243800582 1.8478260869565217 1.673913043478261 0.9782608695652174 1.1304347826086956 0.9782608695652174 1.4565217391304348 1.434782608695652 0.8695652173913043 0.9130434782608695 1.934782608695652 1.108695652173913 0.9347826086956522 0.9565217391304348 1.2608695652173914 1.1304347826086956 1.826086956521739 1.4565217391304348 1.4130434782608696 2.0 1.0217391304347827  
128 129.8843146247726 1.8478260869565217 1.673913043478261 0.9782608695652174 1.1304347826086956 0.9782608695652174 1.4565217391304348 1.434782608695652 0.8695652173913043 0.9130434782608695 1.934782608695652 1.108695652173913 0.9347826086956522 0.9565217391304348 1.2608695652173914 1.1304347826086956 1.826086956521739 1.4565217391304348 1.4130434782608696 2.0 1.0217391304347827  
31 53.22374996101046 1.8478260869565217 1.673913043478261 0.9782608695652174 1.1304347826086956 0.9782608695652174 1.4565217391304348 1.434782608695652 0.8695652173913043 0.9130434782608695 1.934782608695652 1.108695652173913 0.9347826086956522 0.9565217391304348 1.2608695652173914 1.1304347826086956 1.826086956521739 1.4565217391304348 1.4130434782608696 2.0 1.0217391304347827  
47 206.86496317748532 1.8478260869565217 1.673913043478261 0.9782608695652174 1.1304347826086956 0.9782608695652174 1.4565217391304348 1.434782608695652 0.8695652173913043 0.9130434782608695 1.934782608695652 1.108695652173913 0.9347826086956522 0.9565217391304348 1.2608695652173914 1.1304347826086956 1.826086956521739 1.4565217391304348 1.4130434782608696 2.0 1.0217391304347827  
142 83.19212311840263 2.7717391304347827 2.510869565217391 1.4673913043478262 1.6956521739130435 1.4673913043478262 2.1847826086956523 2.152173913043478 1.3043478260869565 1.3695652173913044 2.902173913043478 1.6630434782608696 1.4021739130434783 1.434782608695652 1.891304347826087 1.6956521739130435 2.739130434782609 2.1847826086956523 2.119565217391304 3.0 1.5326086956521738  
38 171.06307453029154 2.7717391304347827 2.510869565217391 1.4673913043478262 1.6956521739130435 1.4673913043478262 2.1847826086956523 2.152173913043478 1.3043478260869565 1.3695652173913044 2.902173913043478 1.6630434782608696 1.4021739130434783 1.434782608695652 1.891304347826087 1.6956521739130435 2.739130434782609 2.1847826086956523 2.119565217391304 3.0 1.5326086956521738  
143 158.51551092518795 1.8478260869565217 1.673913043478261 0.9782608695652174 1.1304347826086956 0.9782608695652174 1.4565217391304348 1.434782608695652 0.8695652173913043 0.9130434782608695 1.934782608695652 1.108695652173913 0.9347826086956522 0.9565217391304348 1.2608695652173914 1.1304347826086956 1.826086956521739 1.4565217391304348 1.4130434782608696 2.0 1.0217391304347827  
175 104.5483210304543 1.8478260869565217 1.673913043478261 0.9782608695652174 1.1304347826086956 0.9782608695652174 1.4565217391304348 1.434782608695652 0.8695652173913043 0.9130434782608695 1.934782608695652 1.108695652173913 0.9347826086956522 0.9565217391304348 1.2608695652173914 1.1304347826086956 1.826086956521739 1.4565217391304348 1.4130434782608696 2.0 1.0217391304347827  
169 94.25596390266101 1.8478260869565217 1.673913043478261 0.9782608695652174 1.1304347826086956 0.9782608695652174 1.4565217391304348 1.434782608695652 0.8695652173913043 0.9130434782608695 1.934782608695652 1.108695652173913 0.9347826086956522 0.9565217391304348 1.2608695652173914 1.1304347826086956 1.826086956521739 1.4565217391304348 1.4130434782608696 2.0 1.0217391304347827  
68 68.97677276868484 2.7717391304347827 2.510869565217391 1.4673913043478262 1.6956521739130435 1.4673913043478262 2.1847826086956523 2.152173913043478 1.3043478260869565 1.3695652173913044 2.902173913043478 1.6630434782608696 1.4021739130434783 1.434782608695652 1.891304347826087 1.6956521739130435 2.739130434782609 2.1847826086956523 2.119565217391304 3.0 1.5326086956521738  
11 116.09523685336165 2.7717391304347827 2.510869565217391 1.4673913043478262 1.6956521739130435 1.4673913043478262 2.1847826086956523 2.152173913043478 1.3043478260869565 1.3695652173913044 2.902173913043478 1.6630434782608696 1.4021739130434783 1.434782608695652 1.891304347826087 1.6956521739130435 2.739130434782609 2.1847826086956523 2.119565217391304 3.0 1.5326086956521738  
109 94.21553002234688 2.7717391304347827 2.510869565217391 1.4673913043478262 1.6956521739130435 1.4673913043478262 2.1847826086956523 2.152173913043478 1.3043478260869565 1.3695652173913044 2.902173913043478 1.6630434782608696 1.4021739130434783 1.434782608695652 1.891304347826087 1.6956521739130435 2.739130434782609 2.1847826086956523 2.119565217391304 3.0 1.5326086956521738  
186 36.86367639495352 1.8478260869565217 1.673913043478261 0.9782608695652174 1.1304347826086956 0.9782608695652174 1.4565217391304348 1.434782608695652 0.8695652173913043 0.9130434782608695 1.934782608695652 1.108695652173913 0.9347826086956522 0.9565217391304348 1.2608695652173914 1.1304347826086956 1.826086956521739 1.4565217391304348 1.4130434782608696 2.0 1.0217391304347827  
9 39.095146908664674 2.7717391304347827 2.510869565217391 1.4673913043478262 1.6956521739130435 1.4673913043478262 2.1847826086956523 2.152173913043478 1.3043478260869565 1.3695652173913044 2.902173913043478 1.6630434782608696 1.4021739130434783 1.434782608695652 1.891304347826087 1.6956521739130435 2.739130434782609 2.1847826086956523 2.119565217391304 3.0 1.5326086956521738  
93 141.0324063239326 2.7717391304347827 2.510869565217391 1.4673913043478262 1.6956521739130435 1.4673913043478262 2.1847826086956523 2.152173913043478 1.3043478260869565 1.3695652173913044 2.902173913043478 1.6630434782608696 1.4021739130434783 1.434782608695652 1.891304347826087 1.6956521739130435 2.739130434782609 2.1847826086956523 2.119565217391304 3.0 1.5326086956521738  
122 25.241497518515796 1.8478260869565217 1.673913043478261 0.9782608695652174 1.1304347826086956 0.9782608695652174 1.4565217391304348 1.434782608695652 0.8695652173913043 0.9130434782608695 1.934782608695652 1.108695652173913 0.9347826086956522 0.9565217391304348 1.2608695652173914 1.1304347826086956 1.826086956521739 1.4565217391304348 1.4130434782608696 2.0 1.0217391304347827  
21 51.9314041864937 2.7717391304347827 2.510869565217391 1.4673913043478262 1.6956521739130435 1.4673913043478262 2.1847826086956523 2.152173913043478 1.3043478260869565 1.3695652173913044 2.902173913043478 1.6630434782608696 1.4021739130434783 1.434782608695652 1.891304347826087 1.6956521739130435 2.739130434782609 2.1847826086956523 2.119565217391304 3.0 1.5326086956521738  
26 27.758011828287266 1.8478260869565217 1.673913043478261 0.9782608695652174 1.1304347826086956 0.9782608695652174 1.4565217391304348 1.434782608695652 0.8695652173913043 0.9130434782608695 1.934782608695652 1.108695652173913 0.9347826086956522 0.9565217391304348 1.2608695652173914 1.1304347826086956 1.826086956521739 1.4565217391304348 1.4130434782608696 2.0 1.0217391304347827  
183 63.29494768854566 2.7717391304347827 2.510869565217391 1.4673913043478262 1.6956521739130435 1.4673913043478262 2.1847826086956523 2.152173913043478 1.3043478260869565 1.3695652173913044 2.902173913043478 1.6630434782608696 1.4021739130434783 1.434782608695652 1.891304347826087 1.6956521739130435 2.739130434782609 2.1847826086956523 2.119565217391304 3.0 1.5326086956521738  
100 128.27332976330192 1.8478260869565217 1.673913043478261 0.9782608695652174 1.1304347826086956 0.9782608695652174 1.4565217391304348 1.434782608695652 0.8695652173913043 0.9130434782608695 1.934782608695652 1.108695652173913 0.9347826086956522 0.9565217391304348 1.2608695652173914 1.1304347826086956 1.826086956521739 1.4565217391304348 1.4130434782608696 2.0 1.0217391304347827  
163 43.74502164151991 2.7717391304347827 2.510869565217391 1.4673913043478262 1.6956521739130435 1.4673913043478262 2.1847826086956523 2.152173913043478 1.3043478260869565 1.3695652173913044 2.902173913043478 1.6630434782608696 1.4021739130434783 1.434782608695652 1.891304347826087 1.6956521739130435 2.739130434782609 2.1847826086956523 2.119565217391304 3.0 1.5326086956521738  
99 95.81284424751834 1.8478260869565217 1.673913043478261 0.9782608695652174 1.1304347826086956 0.9782608695652174 1.4565217391304348 1.434782608695652 0.8695652173913043 0.9130434782608695 1.934782608695652 1.108695652173913 0.9347826086956522 0.9565217391304348 1.2608695652173914 1.1304347826086956 1.826086956521739 1.4565217391304348 1.4130434782608696 2.0 1.0217391304347827  
181 64.1812751437736 2.7717391304347827 2.510869565217391 1.4673913043478262 1.6956521739130435 1.4673913043478262 2.1847826086956523 2.152173913043478 1.3043478260869565 1.3695652173913044 2.902173913043478 1.6630434782608696 1.4021739130434783 1.434782608695652 1.891304347826087 1.6956521739130435 2.739130434782609 2.1847826086956523 2.119565217391304 3.0 1.5326086956521738  
156 52.66821880937139 1.8478260869565217 1.673913043478261 0.9782608695652174 1.1304347826086956 0.9782608695652174 1.4565217391304348 1.434782608695652 0.8695652173913043 0.9130434782608695 1.934782608695652 1.108695652173913 0.9347826086956522 0.9565217391304348 1.2608695652173914 1.1304347826086956 1.826086956521739 1.4565217391304348 1.4130434782608696 2.0 1.0217391304347827  
86 259.14322178551765 1.8478260869565217 1.673913043478261 0.9782608695652174 1.1304347826086956 0.9782608695652174 1.4565217391304348 1.434782608695652 0.8695652173913043 0.9130434782608695 1.934782608695652 1.108695652173913 0.9347826086956522 0.9565217391304348 1.2608695652173914 1.1304347826086956 1.826086956521739 1.4565217391304348 1.4130434782608696 2.0 1.0217391304347827  
161 0.9861494250690299 2.7717391304347827 2.510869565217391 1.4673913043478262 1.6956521739130435 1.4673913043478262 2.1847826086956523 2.152173913043478 1.3043478260869565 1.3695652173913044 2.902173913043478 1.6630434782608696 1.4021739130434783 1.434782608695652 1.891304347826087 1.6956521739130435 2.739130434782609 2.1847826086956523 2.119565217391304 3.0 1.5326086956521738  
96 119.35227926661777 2.7717391304347827 2.510869565217391 1.4673913043478262 1.6956521739130435 1.4673913043478262 2.1847826086956523 2.152173913043478 1.3043478260869565 1.3695652173913044 2.902173913043478 1.6630434782608696 1.4021739130434783 1.434782608695652 1.891304347826087 1.6956521739130435 2.739130434782609 2.1847826086956523 2.119565217391304 3.0 1.5326086956521738  
106 18.98208037376586 2.7717391304347827 2.510869565217391 1.4673913043478262 1.6956521739130435 1.4673913043478262 2.1847826086956523 2.152173913043478 1.3043478260869565 1.3695652173913044 2.902173913043478 1.6630434782608696 1.4021739130434783 1.434782608695652 1.891304347826087 1.6956521739130435 2.739130434782609 2.1847826086956523 2.119565217391304 3.0 1.5326086956521738  
6 77.06174055795557 2.7717391304347827 2.510869565217391 1.4673913043478262 1.6956521739130435 1.4673913043478262 2.1847826086956523 2.152173913043478 1.3043478260869565 1.3695652173913044 2.902173913043478 1.6630434782608696 1.4021739130434783 1.434782608695652 1.891304347826087 1.6956521739130435 2.739130434782609 2.1847826086956523 2.119565217391304 3.0 1.5326086956521738  
78 178.75109667568404 1.8478260869565217 1.673913043478261 0.9782608695652174 1.1304347826086956 0.9782608695652174 1.4565217391304348 1.434782608695652 0.8695652173913043 0.9130434782608695 1.934782608695652 1.108695652173913 0.9347826086956522 0.9565217391304348 1.2608695652173914 1.1304347826086956 1.826086956521739 1.4565217391304348 1.4130434782608696 2.0 1.0217391304347827  
137 26.887847321102406 2.7717391304347827 2.510869565217391 1.4673913043478262 1.6956521739130435 1.4673913043478262 2.1847826086956523 2.152173913043478 1.3043478260869565 1.3695652173913044 2.902173913043478 1.6630434782608696 1.4021739130434783 1.434782608695652 1.891304347826087 1.6956521739130435 2.739130434782609 2.1847826086956523 2.119565217391304 3.0 1.5326086956521738  
5 51.90696819586842 1.8478260869565217 1.673913043478261 0.9782608695652174 1.1304347826086956 0.9782608695652174 1.4565217391304348 1.434782608695652 0.8695652173913043 0.9130434782608695 1.934782608695652 1.108695652173913 0.9347826086956522 0.9565217391304348 1.2608695652173914 1.1304347826086956 1.826086956521739 1.4565217391304348 1.4130434782608696 2.0 1.0217391304347827  
138 266.0 2.7717391304347827 2.510869565217391 1.4673913043478262 1.6956521739130435 1.4673913043478262 2.1847826086956523 2.152173913043478 1.3043478260869565 1.3695652173913044 2.902173913043478 1.6630434782608696 1.4021739130434783 1.434782608695652 1.891304347826087 1.6956521739130435 2.739130434782609 2.1847826086956523 2.119565217391304 3.0 1.5326086956521738  
129 125.66322013849172 2.7717391304347827 2.510869565217391 1.4673913043478262 1.6956521739130435 1.4673913043478262 2.1847826086956523 2.152173913043478 1.3043478260869565 1.3695652173913044 2.902173913043478 1.6630434782608696 1.4021739130434783 1.434782608695652 1.891304347826087 1.6956521739130435 2.739130434782609 2.1847826086956523 2.119565217391304 3.0 1.5326086956521738  
55 163.53631631531616 1.8478260869565217 1.673913043478261 0.9782608695652174 1.1304347826086956 0.9782608695652174 1.4565217391304348 1.434782608695652 0.8695652173913043 0.9130434782608695 1.934782608695652 1.108695652173913 0.9347826086956522 0.9565217391304348 1.2608695652173914 1.1304347826086956 1.826086956521739 1.4565217391304348 1.4130434782608696 2.0 1.0217391304347827  
76 133.35152446839248 2.7717391304347827 2.510869565217391 1.4673913043478262 1.6956521739130435 1.4673913043478262 2.1847826086956523 2.152173913043478 1.3043478260869565 1.3695652173913044 2.902173913043478 1.6630434782608696 1.4021739130434783 1.434782608695652 1.891304347826087 1.6956521739130435 2.739130434782609 2.1847826086956523 2.119565217391304 3.0 1.5326086956521738  
22 5.297266923864174 2.7717391304347827 2.510869565217391 1.4673913043478262 1.6956521739130435 1.4673913043478262 2.1847826086956523 2.152173913043478 1.3043478260869565 1.3695652173913044 2.902173913043478 1.6630434782608696 1.4021739130434783 1.434782608695652 1.891304347826087 1.6956521739130435 2.739130434782609 2.1847826086956523 2.119565217391304 3.0 1.5326086956521738  
10 79.92531245194776 2.7717391304347827 2.510869565217391 1.4673913043478262 1.6956521739130435 1.4673913043478262 2.1847826086956523 2.152173913043478 1.3043478260869565 1.3695652173913044 2.902173913043478 1.6630434782608696 1.4021739130434783 1.434782608695652 1.891304347826087 1.6956521739130435 2.739130434782609 2.1847826086956523 2.119565217391304 3.0 1.5326086956521738  
30 18.005823037100743 1.8478260869565217 1.673913043478261 0.9782608695652174 1.1304347826086956 0.9782608695652174 1.4565217391304348 1.434782608695652 0.8695652173913043 0.9130434782608695 1.934782608695652 1.108695652173913 0.9347826086956522 0.9565217391304348 1.2608695652173914 1.1304347826086956 1.826086956521739 1.4565217391304348 1.4130434782608696 2.0 1.0217391304347827  
174 23.462279306161427 1.8478260869565217 1.673913043478261 0.9782608695652174 1.1304347826086956 0.9782608695652174 1.4565217391304348 1.434782608695652 0.8695652173913043 0.9130434782608695 1.934782608695652 1.108695652173913 0.9347826086956522 0.9565217391304348 1.2608695652173914 1.1304347826086956 1.826086956521739 1.4565217391304348 1.4130434782608696 2.0 1.0217391304347827  
37 111.95641124174821 2.7717391304347827 2.510869565217391 1.4673913043478262 1.6956521739130435 1.4673913043478262 2.1847826086956523 2.152173913043478 1.3043478260869565 1.3695652173913044 2.902173913043478 1.6630434782608696 1.4021739130434783 1.434782608695652 1.891304347826087 1.6956521739130435 2.739130434782609 2.1847826086956523 2.119565217391304 3.0 1.5326086956521738  
115 126.87242791856961 1.8478260869565217 1.673913043478261 0.9782608695652174 1.1304347826086956 0.9782608695652174 1.4565217391304348 1.434782608695652 0.8695652173913043 0.9130434782608695 1.934782608695652 1.108695652173913 0.9347826086956522 0.9565217391304348 1.2608695652173914 1.1304347826086956 1.826086956521739 1.4565217391304348 1.4130434782608696 2.0 1.0217391304347827  
127 100.8109456408842 2.7717391304347827 2.510869565217391 1.4673913043478262 1.6956521739130435 1.4673913043478262 2.1847826086956523 2.152173913043478 1.3043478260869565 1.3695652173913044 2.902173913043478 1.6630434782608696 1.4021739130434783 1.434782608695652 1.891304347826087 1.6956521739130435 2.739130434782609 2.1847826086956523 2.119565217391304 3.0 1.5326086956521738  
164 59.67970163952741 2.7717391304347827 2.510869565217391 1.4673913043478262 1.6956521739130435 1.4673913043478262 2.1847826086956523 2.152173913043478 1.3043478260869565 1.3695652173913044 2.902173913043478 1.6630434782608696 1.4021739130434783 1.434782608695652 1.891304347826087 1.6956521739130435 2.739130434782609 2.1847826086956523 2.119565217391304 3.0 1.5326086956521738  
24 44.894040974503646 1.8478260869565217 1.673913043478261 0.9782608695652174 1.1304347826086956 0.9782608695652174 1.4565217391304348 1.434782608695652 0.8695652173913043 0.9130434782608695 1.934782608695652 1.108695652173913 0.9347826086956522 0.9565217391304348 1.2608695652173914 1.1304347826086956 1.826086956521739 1.4565217391304348 1.4130434782608696 2.0 1.0217391304347827  
177 46.90331694496267 2.7717391304347827 2.510869565217391 1.4673913043478262 1.6956521739130435 1.4673913043478262 2.1847826086956523 2.152173913043478 1.3043478260869565 1.3695652173913044 2.902173913043478 1.6630434782608696 1.4021739130434783 1.434782608695652 1.891304347826087 1.6956521739130435 2.739130434782609 2.1847826086956523 2.119565217391304 3.0 1.5326086956521738  
108 97.29735991173597 2.7717391304347827 2.510869565217391 1.4673913043478262 1.6956521739130435 1.4673913043478262 2.1847826086956523 2.152173913043478 1.3043478260869565 1.3695652173913044 2.902173913043478 1.6630434782608696 1.4021739130434783 1.434782608695652 1.891304347826087 1.6956521739130435 2.739130434782609 2.1847826086956523 2.119565217391304 3.0 1.5326086956521738  
46 83.77828662492155 1.8478260869565217 1.673913043478261 0.9782608695652174 1.1304347826086956 0.9782608695652174 1.4565217391304348 1.434782608695652 0.8695652173913043 0.9130434782608695 1.934782608695652 1.108695652173913 0.9347826086956522 0.9565217391304348 1.2608695652173914 1.1304347826086956 1.826086956521739 1.4565217391304348 1.4130434782608696 2.0 1.0217391304347827  
160 44.68476538390621 1.8478260869565217 1.673913043478261 0.9782608695652174 1.1304347826086956 0.9782608695652174 1.4565217391304348 1.434782608695652 0.8695652173913043 0.9130434782608695 1.934782608695652 1.108695652173913 0.9347826086956522 0.9565217391304348 1.2608695652173914 1.1304347826086956 1.826086956521739 1.4565217391304348 1.4130434782608696 2.0 1.0217391304347827  
178 148.00472252170735 2.7717391304347827 2.510869565217391 1.4673913043478262 1.6956521739130435 1.4673913043478262 2.1847826086956523 2.152173913043478 1.3043478260869565 1.3695652173913044 2.902173913043478 1.6630434782608696 1.4021739130434783 1.434782608695652 1.891304347826087 1.6956521739130435 2.739130434782609 2.1847826086956523 2.119565217391304 3.0 1.5326086956521738  
70 109.32606575869056 1.8478260869565217 1.673913043478261 0.9782608695652174 1.1304347826086956 0.9782608695652174 1.4565217391304348 1.434782608695652 0.8695652173913043 0.9130434782608695 1.934782608695652 1.108695652173913 0.9347826086956522 0.9565217391304348 1.2608695652173914 1.1304347826086956 1.826086956521739 1.4565217391304348 1.4130434782608696 2.0 1.0217391304347827  
187 9.262489512240819 2.7717391304347827 2.510869565217391 1.4673913043478262 1.6956521739130435 1.4673913043478262 2.1847826086956523 2.152173913043478 1.3043478260869565 1.3695652173913044 2.902173913043478 1.6630434782608696 1.4021739130434783 1.434782608695652 1.891304347826087 1.6956521739130435 2.739130434782609 2.1847826086956523 2.119565217391304 3.0 1.5326086956521738  
74 23.64434468822405 1.8478260869565217 1.673913043478261 0.9782608695652174 1.1304347826086956 0.9782608695652174 1.4565217391304348 1.434782608695652 0.8695652173913043 0.9130434782608695 1.934782608695652 1.108695652173913 0.9347826086956522 0.9565217391304348 1.2608695652173914 1.1304347826086956 1.826086956521739 1.4565217391304348 1.4130434782608696 2.0 1.0217391304347827  
40 158.59191466204032 2.7717391304347827 2.510869565217391 1.4673913043478262 1.6956521739130435 1.4673913043478262 2.1847826086956523 2.152173913043478 1.3043478260869565 1.3695652173913044 2.902173913043478 1.6630434782608696 1.4021739130434783 1.434782608695652 1.891304347826087 1.6956521739130435 2.739130434782609 2.1847826086956523 2.119565217391304 3.0 1.5326086956521738  
15 206.71006965575177 2.7717391304347827 2.510869565217391 1.4673913043478262 1.6956521739130435 1.4673913043478262 2.1847826086956523 2.152173913043478 1.3043478260869565 1.3695652173913044 2.902173913043478 1.6630434782608696 1.4021739130434783 1.434782608695652 1.891304347826087 1.6956521739130435 2.739130434782609 2.1847826086956523 2.119565217391304 3.0 1.5326086956521738  
97 103.46005607534606 2.7717391304347827 2.510869565217391 1.4673913043478262 1.6956521739130435 1.4673913043478262 2.1847826086956523 2.152173913043478 1.3043478260869565 1.3695652173913044 2.902173913043478 1.6630434782608696 1.4021739130434783 1.434782608695652 1.891304347826087 1.6956521739130435 2.739130434782609 2.1847826086956523 2.119565217391304 3.0 1.5326086956521738  
112 84.09564670292258 2.7717391304347827 2.510869565217391 1.4673913043478262 1.6956521739130435 1.4673913043478262 2.1847826086956523 2.152173913043478 1.3043478260869565 1.3695652173913044 2.902173913043478 1.6630434782608696 1.4021739130434783 1.434782608695652 1.891304347826087 1.6956521739130435 2.739130434782609 2.1847826086956523 2.119565217391304 3.0 1.5326086956521738  
33 16.004828944102172 1.8478260869565217 1.673913043478261 0.9782608695652174 1.1304347826086956 0.9782608695652174 1.4565217391304348 1.434782608695652 0.8695652173913043 0.9130434782608695 1.934782608695652 1.108695652173913 0.9347826086956522 0.9565217391304348 1.2608695652173914 1.1304347826086956 1.826086956521739 1.4565217391304348 1.4130434782608696 2.0 1.0217391304347827  
176 141.928959224835 1.8478260869565217 1.673913043478261 0.9782608695652174 1.1304347826086956 0.9782608695652174 1.4565217391304348 1.434782608695652 0.8695652173913043 0.9130434782608695 1.934782608695652 1.108695652173913 0.9347826086956522 0.9565217391304348 1.2608695652173914 1.1304347826086956 1.826086956521739 1.4565217391304348 1.4130434782608696 2.0 1.0217391304347827  
36 109.71484671687841 2.7717391304347827 2.510869565217391 1.4673913043478262 1.6956521739130435 1.4673913043478262 2.1847826086956523 2.152173913043478 1.3043478260869565 1.3695652173913044 2.902173913043478 1.6630434782608696 1.4021739130434783 1.434782608695652 1.891304347826087 1.6956521739130435 2.739130434782609 2.1847826086956523 2.119565217391304 3.0 1.5326086956521738  
144 73.13449767654848 2.7717391304347827 2.510869565217391 1.4673913043478262 1.6956521739130435 1.4673913043478262 2.1847826086956523 2.152173913043478 1.3043478260869565 1.3695652173913044 2.902173913043478 1.6630434782608696 1.4021739130434783 1.434782608695652 1.891304347826087 1.6956521739130435 2.739130434782609 2.1847826086956523 2.119565217391304 3.0 1.5326086956521738  
60 114.49662644364307 1.8478260869565217 1.673913043478261 0.9782608695652174 1.1304347826086956 0.9782608695652174 1.4565217391304348 1.434782608695652 0.8695652173913043 0.9130434782608695 1.934782608695652 1.108695652173913 0.9347826086956522 0.9565217391304348 1.2608695652173914 1.1304347826086956 1.826086956521739 1.4565217391304348 1.4130434782608696 2.0 1.0217391304347827  
123 56.304427829144146 2.7717391304347827 2.510869565217391 1.4673913043478262 1.6956521739130435 1.4673913043478262 2.1847826086956523 2.152173913043478 1.3043478260869565 1.3695652173913044 2.902173913043478 1.6630434782608696 1.4021739130434783 1.434782608695652 1.891304347826087 1.6956521739130435 2.739130434782609 2.1847826086956523 2.119565217391304 3.0 1.5326086956521738  
52 59.196931930068565 2.7717391304347827 2.510869565217391 1.4673913043478262 1.6956521739130435 1.4673913043478262 2.1847826086956523 2.152173913043478 1.3043478260869565 1.3695652173913044 2.902173913043478 1.6630434782608696 1.4021739130434783 1.434782608695652 1.891304347826087 1.6956521739130435 2.739130434782609 2.1847826086956523 2.119565217391304 3.0 1.5326086956521738  
170 104.25728791353771 1.8478260869565217 1.673913043478261 0.9782608695652174 1.1304347826086956 0.9782608695652174 1.4565217391304348 1.434782608695652 0.8695652173913043 0.9130434782608695 1.934782608695652 1.108695652173913 0.9347826086956522 0.9565217391304348 1.2608695652173914 1.1304347826086956 1.826086956521739 1.4565217391304348 1.4130434782608696 2.0 1.0217391304347827  
62 16.131809447098902 2.7717391304347827 2.510869565217391 1.4673913043478262 1.6956521739130435 1.4673913043478262 2.1847826086956523 2.152173913043478 1.3043478260869565 1.3695652173913044 2.902173913043478 1.6630434782608696 1.4021739130434783 1.434782608695652 1.891304347826087 1.6956521739130435 2.739130434782609 2.1847826086956523 2.119565217391304 3.0 1.5326086956521738  
179 84.87964449065339 1.8478260869565217 1.673913043478261 0.9782608695652174 1.1304347826086956 0.9782608695652174 1.4565217391304348 1.434782608695652 0.8695652173913043 0.9130434782608695 1.934782608695652 1.108695652173913 0.9347826086956522 0.9565217391304348 1.2608695652173914 1.1304347826086956 1.826086956521739 1.4565217391304348 1.4130434782608696 2.0 1.0217391304347827  
56 150.49464783639442 2.7717391304347827 2.510869565217391 1.4673913043478262 1.6956521739130435 1.4673913043478262 2.1847826086956523 2.152173913043478 1.3043478260869565 1.3695652173913044 2.902173913043478 1.6630434782608696 1.4021739130434783 1.434782608695652 1.891304347826087 1.6956521739130435 2.739130434782609 2.1847826086956523 2.119565217391304 3.0 1.5326086956521738  
130 28.91265677448653 2.7717391304347827 2.510869565217391 1.4673913043478262 1.6956521739130435 1.4673913043478262 2.1847826086956523 2.152173913043478 1.3043478260869565 1.3695652173913044 2.902173913043478 1.6630434782608696 1.4021739130434783 1.434782608695652 1.891304347826087 1.6956521739130435 2.739130434782609 2.1847826086956523 2.119565217391304 3.0 1.5326086956521738  
83 134.37268165530034 2.7717391304347827 2.510869565217391 1.4673913043478262 1.6956521739130435 1.4673913043478262 2.1847826086956523 2.152173913043478 1.3043478260869565 1.3695652173913044 2.902173913043478 1.6630434782608696 1.4021739130434783 1.434782608695652 1.891304347826087 1.6956521739130435 2.739130434782609 2.1847826086956523 2.119565217391304 3.0 1.5326086956521738  
157 7.010220807011198 2.7717391304347827 2.510869565217391 1.4673913043478262 1.6956521739130435 1.4673913043478262 2.1847826086956523 2.152173913043478 1.3043478260869565 1.3695652173913044 2.902173913043478 1.6630434782608696 1.4021739130434783 1.434782608695652 1.891304347826087 1.6956521739130435 2.739130434782609 2.1847826086956523 2.119565217391304 3.0 1.5326086956521738  
139 104.70837053952573 1.8478260869565217 1.673913043478261 0.9782608695652174 1.1304347826086956 0.9782608695652174 1.4565217391304348 1.434782608695652 0.8695652173913043 0.9130434782608695 1.934782608695652 1.108695652173913 0.9347826086956522 0.9565217391304348 1.2608695652173914 1.1304347826086956 1.826086956521739 1.4565217391304348 1.4130434782608696 2.0 1.0217391304347827  
66 76.77981090958579 2.7717391304347827 2.510869565217391 1.4673913043478262 1.6956521739130435 1.4673913043478262 2.1847826086956523 2.152173913043478 1.3043478260869565 1.3695652173913044 2.902173913043478 1.6630434782608696 1.4021739130434783 1.434782608695652 1.891304347826087 1.6956521739130435 2.739130434782609 2.1847826086956523 2.119565217391304 3.0 1.5326086956521738  
23 7.069208961203322 1.8478260869565217 1.673913043478261 0.9782608695652174 1.1304347826086956 0.9782608695652174 1.4565217391304348 1.434782608695652 0.8695652173913043 0.9130434782608695 1.934782608695652 1.108695652173913 0.9347826086956522 0.9565217391304348 1.2608695652173914 1.1304347826086956 1.826086956521739 1.4565217391304348 1.4130434782608696 2.0 1.0217391304347827  
64 143.6474584368815 1.8478260869565217 1.673913043478261 0.9782608695652174 1.1304347826086956 0.9782608695652174 1.4565217391304348 1.434782608695652 0.8695652173913043 0.9130434782608695 1.934782608695652 1.108695652173913 0.9347826086956522 0.9565217391304348 1.2608695652173914 1.1304347826086956 1.826086956521739 1.4565217391304348 1.4130434782608696 2.0 1.0217391304347827  
44 170.98118074444488 2.7717391304347827 2.510869565217391 1.4673913043478262 1.6956521739130435 1.4673913043478262 2.1847826086956523 2.152173913043478 1.3043478260869565 1.3695652173913044 2.902173913043478 1.6630434782608696 1.4021739130434783 1.434782608695652 1.891304347826087 1.6956521739130435 2.739130434782609 2.1847826086956523 2.119565217391304 3.0 1.5326086956521738  
41 181.87954859935226 1.8478260869565217 1.673913043478261 0.9782608695652174 1.1304347826086956 0.9782608695652174 1.4565217391304348 1.434782608695652 0.8695652173913043 0.9130434782608695 1.934782608695652 1.108695652173913 0.9347826086956522 0.9565217391304348 1.2608695652173914 1.1304347826086956 1.826086956521739 1.4565217391304348 1.4130434782608696 2.0 1.0217391304347827  
116 163.51660353851958 2.7717391304347827 2.510869565217391 1.4673913043478262 1.6956521739130435 1.4673913043478262 2.1847826086956523 2.152173913043478 1.3043478260869565 1.3695652173913044 2.902173913043478 1.6630434782608696 1.4021739130434783 1.434782608695652 1.891304347826087 1.6956521739130435 2.739130434782609 2.1847826086956523 2.119565217391304 3.0 1.5326086956521738  
82 238.93405022179763 1.8478260869565217 1.673913043478261 0.9782608695652174 1.1304347826086956 0.9782608695652174 1.4565217391304348 1.434782608695652 0.8695652173913043 0.9130434782608695 1.934782608695652 1.108695652173913 0.9347826086956522 0.9565217391304348 1.2608695652173914 1.1304347826086956 1.826086956521739 1.4565217391304348 1.4130434782608696 2.0 1.0217391304347827  
180 22.335608269237692 2.7717391304347827 2.510869565217391 1.4673913043478262 1.6956521739130435 1.4673913043478262 2.1847826086956523 2.152173913043478 1.3043478260869565 1.3695652173913044 2.902173913043478 1.6630434782608696 1.4021739130434783 1.434782608695652 1.891304347826087 1.6956521739130435 2.739130434782609 2.1847826086956523 2.119565217391304 3.0 1.5326086956521738  
188 4.37681047321786 1.8478260869565217 1.673913043478261 0.9782608695652174 1.1304347826086956 0.9782608695652174 1.4565217391304348 1.434782608695652 0.8695652173913043 0.9130434782608695 1.934782608695652 1.108695652173913 0.9347826086956522 0.9565217391304348 1.2608695652173914 1.1304347826086956 1.826086956521739 1.4565217391304348 1.4130434782608696 2.0 1.0217391304347827  
131 55.722348781959795 2.7717391304347827 2.510869565217391 1.4673913043478262 1.6956521739130435 1.4673913043478262 2.1847826086956523 2.152173913043478 1.3043478260869565 1.3695652173913044 2.902173913043478 1.6630434782608696 1.4021739130434783 1.434782608695652 1.891304347826087 1.6956521739130435 2.739130434782609 2.1847826086956523 2.119565217391304 3.0 1.5326086956521738  
110 108.8726109775488 2.7717391304347827 2.510869565217391 1.4673913043478262 1.6956521739130435 1.4673913043478262 2.1847826086956523 2.152173913043478 1.3043478260869565 1.3695652173913044 2.902173913043478 1.6630434782608696 1.4021739130434783 1.434782608695652 1.891304347826087 1.6956521739130435 2.739130434782609 2.1847826086956523 2.119565217391304 3.0 1.5326086956521738  
4 73.72169908779216 2.7717391304347827 2.510869565217391 1.4673913043478262 1.6956521739130435 1.4673913043478262 2.1847826086956523 2.152173913043478 1.3043478260869565 1.3695652173913044 2.902173913043478 1.6630434782608696 1.4021739130434783 1.434782608695652 1.891304347826087 1.6956521739130435 2.739130434782609 2.1847826086956523 2.119565217391304 3.0 1.5326086956521738  
146 337.0 2.7717391304347827 2.510869565217391 1.4673913043478262 1.6956521739130435 1.4673913043478262 2.1847826086956523 2.152173913043478 1.3043478260869565 1.3695652173913044 2.902173913043478 1.6630434782608696 1.4021739130434783 1.434782608695652 1.891304347826087 1.6956521739130435 2.739130434782609 2.1847826086956523 2.119565217391304 3.0 1.5326086956521738  
13 80.12761542965534 1.8478260869565217 1.673913043478261 0.9782608695652174 1.1304347826086956 0.9782608695652174 1.4565217391304348 1.434782608695652 0.8695652173913043 0.9130434782608695 1.934782608695652 1.108695652173913 0.9347826086956522 0.9565217391304348 1.2608695652173914 1.1304347826086956 1.826086956521739 1.4565217391304348 1.4130434782608696 2.0 1.0217391304347827  
168 49.39422528326176 2.7717391304347827 2.510869565217391 1.4673913043478262 1.6956521739130435 1.4673913043478262 2.1847826086956523 2.152173913043478 1.3043478260869565 1.3695652173913044 2.902173913043478 1.6630434782608696 1.4021739130434783 1.434782608695652 1.891304347826087 1.6956521739130435 2.739130434782609 2.1847826086956523 2.119565217391304 3.0 1.5326086956521738  
126 76.80432859069153 1.8478260869565217 1.673913043478261 0.9782608695652174 1.1304347826086956 0.9782608695652174 1.4565217391304348 1.434782608695652 0.8695652173913043 0.9130434782608695 1.934782608695652 1.108695652173913 0.9347826086956522 0.9565217391304348 1.2608695652173914 1.1304347826086956 1.826086956521739 1.4565217391304348 1.4130434782608696 2.0 1.0217391304347827  
3 50.93411199313761 1.8478260869565217 1.673913043478261 0.9782608695652174 1.1304347826086956 0.9782608695652174 1.4565217391304348 1.434782608695652 0.8695652173913043 0.9130434782608695 1.934782608695652 1.108695652173913 0.9347826086956522 0.9565217391304348 1.2608695652173914 1.1304347826086956 1.826086956521739 1.4565217391304348 1.4130434782608696 2.0 1.0217391304347827  
85 116.57925444942202 2.7717391304347827 2.510869565217391 1.4673913043478262 1.6956521739130435 1.4673913043478262 2.1847826086956523 2.152173913043478 1.3043478260869565 1.3695652173913044 2.902173913043478 1.6630434782608696 1.4021739130434783 1.434782608695652 1.891304347826087 1.6956521739130435 2.739130434782609 2.1847826086956523 2.119565217391304 3.0 1.5326086956521738  
39 116.24393702758444 1.8478260869565217 1.673913043478261 0.9782608695652174 1.1304347826086956 0.9782608695652174 1.4565217391304348 1.434782608695652 0.8695652173913043 0.9130434782608695 1.934782608695652 1.108695652173913 0.9347826086956522 0.9565217391304348 1.2608695652173914 1.1304347826086956 1.826086956521739 1.4565217391304348 1.4130434782608696 2.0 1.0217391304347827  
149 110.89789779685589 2.7717391304347827 2.510869565217391 1.4673913043478262 1.6956521739130435 1.4673913043478262 2.1847826086956523 2.152173913043478 1.3043478260869565 1.3695652173913044 2.902173913043478 1.6630434782608696 1.4021739130434783 1.434782608695652 1.891304347826087 1.6956521739130435 2.739130434782609 2.1847826086956523 2.119565217391304 3.0 1.5326086956521738  
121 60.45958316126543 2.7717391304347827 2.510869565217391 1.4673913043478262 1.6956521739130435 1.4673913043478262 2.1847826086956523 2.152173913043478 1.3043478260869565 1.3695652173913044 2.902173913043478 1.6630434782608696 1.4021739130434783 1.434782608695652 1.891304347826087 1.6956521739130435 2.739130434782609 2.1847826086956523 2.119565217391304 3.0 1.5326086956521738  
145 101.67767507988029 2.7717391304347827 2.510869565217391 1.4673913043478262 1.6956521739130435 1.4673913043478262 2.1847826086956523 2.152173913043478 1.3043478260869565 1.3695652173913044 2.902173913043478 1.6630434782608696 1.4021739130434783 1.434782608695652 1.891304347826087 1.6956521739130435 2.739130434782609 2.1847826086956523 2.119565217391304 3.0 1.5326086956521738  
165 129.70598942606242 1.8478260869565217 1.673913043478261 0.9782608695652174 1.1304347826086956 0.9782608695652174 1.4565217391304348 1.434782608695652 0.8695652173913043 0.9130434782608695 1.934782608695652 1.108695652173913 0.9347826086956522 0.9565217391304348 1.2608695652173914 1.1304347826086956 1.826086956521739 1.4565217391304348 1.4130434782608696 2.0 1.0217391304347827  
102 20.95914024972579 1.8478260869565217 1.673913043478261 0.9782608695652174 1.1304347826086956 0.9782608695652174 1.4565217391304348 1.434782608695652 0.8695652173913043 0.9130434782608695 1.934782608695652 1.108695652173913 0.9347826086956522 0.9565217391304348 1.2608695652173914 1.1304347826086956 1.826086956521739 1.4565217391304348 1.4130434782608696 2.0 1.0217391304347827  
1 22.901917387099527 2.7717391304347827 2.510869565217391 1.4673913043478262 1.6956521739130435 1.4673913043478262 2.1847826086956523 2.152173913043478 1.3043478260869565 1.3695652173913044 2.902173913043478 1.6630434782608696 1.4021739130434783 1.434782608695652 1.891304347826087 1.6956521739130435 2.739130434782609 2.1847826086956523 2.119565217391304 3.0 1.5326086956521738  
