110 10
TREE NETWORK (nID nID Weight):
1 0 31.0 
31 0 32.0 
88 0 36.0 
89 88 39.0 
32 31 41.0 
33 32 44.0 
2 1 38.0 
44 32 30.0 
80 31 44.0 
92 88 40.0 
3 2 34.0 
68 32 31.0 
4 1 59.0 
45 44 42.0 
5 4 33.0 
8 4 34.0 
59 44 49.0 
93 92 34.0 
96 92 35.0 
34 33 45.0 
46 45 38.0 
60 59 43.0 
9 8 49.0 
14 8 55.0 
69 68 58.0 
81 80 37.0 
15 8 39.0 
24 4 50.0 
72 68 55.0 
79 32 50.0 
41 33 31.0 
18 8 49.0 
70 69 47.0 
49 45 34.0 
50 49 45.0 
77 68 54.0 
42 41 38.0 
82 81 36.0 
51 50 47.0 
61 60 56.0 
52 51 48.0 
94 93 34.0 
90 89 40.0 
6 5 40.0 
62 60 37.0 
101 0 41.0 
63 62 58.0 
83 82 52.0 
97 96 51.0 
102 101 37.0 
35 34 55.0 
25 4 59.0 
38 34 56.0 
103 102 47.0 
100 88 34.0 
39 38 47.0 
53 49 58.0 
55 49 55.0 
85 31 59.0 
22 8 34.0 
73 72 38.0 
10 9 49.0 
67 44 51.0 
91 89 41.0 
11 9 48.0 
74 73 56.0 
57 45 56.0 
19 18 45.0 
28 4 33.0 
86 31 44.0 
47 46 30.0 
12 11 54.0 
26 25 36.0 
16 15 37.0 
21 18 49.0 
84 80 41.0 
107 101 48.0 
58 45 57.0 
65 59 54.0 
20 19 59.0 
36 35 34.0 
37 36 43.0 
98 97 30.0 
95 93 30.0 
40 39 32.0 
64 62 55.0 
99 97 51.0 
54 53 31.0 
71 70 39.0 
75 73 32.0 
56 55 32.0 
27 25 49.0 
78 68 39.0 
48 46 31.0 
109 101 37.0 
23 8 39.0 
108 107 35.0 
43 42 38.0 
66 59 51.0 
29 28 59.0 
13 11 57.0 
30 29 48.0 
104 102 43.0 
87 31 42.0 
7 5 46.0 
105 102 40.0 
76 73 45.0 
17 16 36.0 
106 102 59.0 
PROGRAMS ASSIGNED TO NODES (nID pID1 pID2 ...):
0 1 2 3 4 5 6 7 8 9 10  
28 3 5 6 7 8 9 10  
24 4 5 6 9  
108 1 2 3 7 8 9 10  
66 1 2 3 4 5 6 8 10  
9 3 4  
80 1 2 4 5 7 8 9  
18 1 2 4 5 7  
17 2 4 5 9 10  
72 1 2 3 5 8 9 10  
101 1 3 7 10  
44 2  
6 1 2 3 5 7 8 10  
14 7 10  
73 1 3 4 9  
38 1 2 5 6 7 9 10  
50 5 10  
109 9  
95 2 3 4 5 6 8 9  
40 2 4 5 10  
85 3 10  
84 3 6  
77 1 3 4 7 8 9 10  
102 1 3 4 5 7 8 9 10  
16 1 2 6 8  
57 2 3  
12 1 2 6 7  
41 2 3  
76 1 2 3 4 6 7 8 9 10  
79 1 7 10  
99 1 3 8 9  
63 2 3 4 5 7 8  
55 1 3 5 6 8 9  
65 2  
81  
3 3 4 7 8  
30 1  
103 1 2 4 5 6 7 9  
54 1 3 4 6 8 9  
104 3 7 10  
94 1 2 3 4 5 6 7 9 10  
19 2 4 5 9  
39 6 9  
78  
15 1 3 4 6 7 8 9 10  
22 1 2 5 6 9 10  
34 1 2 3 5 7 8 9 10  
45 1 2 3 4 5 6 7 8 10  
2  
107 3 4 6 8 9  
21 1 2 3 5  
90 7 10  
86 2 3 4 6 7 9  
5 1 2 4 5 6 7 8  
97 2 4 5 6 7 8 9  
59 9  
8 3  
47 2 3 5 6 9 10  
68 1 2 4 5 6 7 8  
89 1 2 3 6 7 8 9 10  
36 5  
33 1 2 3 4 6 7 8 10  
49 5  
62 1 2 3 10  
52 2 3 4 5 7 8 9 10  
87 2 4 8 9 10  
27 1 5 6 7  
25  
105 1 2 3 4 6 7 8 9 10  
35 1 3 5 8 9 10  
61 1 2 4 5 6 10  
67 3 4 5 6 7 8 9 10  
10 2 3 5 6 8 9 10  
96 1 2 3 4 6 7 8 9 10  
69 6  
32 1 2 3 5 6 8 9 10  
20 1 2 3 4 6 7  
13 4 6  
7 1 4 5 9 10  
100 5 6  
75 1 2 4 5  
37 2 5 7 10  
43  
48 2 5 10  
83 4  
93 1 2 3 5 6 7 8 9 10  
4 1 3 4 6 7 9 10  
82 3 7 8 10  
64 1 2 3 5 7 9 10  
53 1 2 3 4 5 6 9 10  
92 2 3 4 5 9  
88 1 3 5 6 7 8 9 10  
26 8  
11 4 7 9 10  
106 1 2 4 5 6 7 8 9  
74 1 2 3 5 6 7 9 10  
91 3 4 5 7 8 9  
31 8  
1 1 2 3 4 5 7 8 9 10  
42 4 5 9  
51 10  
46 1 2 3 4 5 7 8 9 10  
70 1 6 8  
23 3 4 6 9  
60  
58 1 2 3 4 6 7 8 9 10  
29 1 2 6 8 10  
71 2 4 6 8  
98 1 4 7 8  
56 4  
SIZE OF PROGRAMS (pID SIZE):
1 81.0 
2 72.0 
3 92.0 
4 90.0 
5 95.0 
6 87.0 
7 41.0 
8 51.0 
9 81.0 
10 96.0 
COST_INSTALL_SERVER_AND_PROGRAMS :
0 3456.25 2.53125 2.25 2.875 2.8125 2.96875 2.71875 1.28125 1.59375 2.53125 3.0  
28 42.373842349696936 2.53125 2.25 2.875 2.8125 2.96875 2.71875 1.28125 1.59375 2.53125 3.0  
24 34.16063332055536 1.6875 1.5 1.9166666666666667 1.875 1.9791666666666667 1.8125 0.8541666666666666 1.0625 1.6875 2.0  
108 23.902987637424836 1.6875 1.5 1.9166666666666667 1.875 1.9791666666666667 1.8125 0.8541666666666666 1.0625 1.6875 2.0  
66 116.18162592888376 2.53125 2.25 2.875 2.8125 2.96875 2.71875 1.28125 1.59375 2.53125 3.0  
9 88.44964219118707 2.53125 2.25 2.875 2.8125 2.96875 2.71875 1.28125 1.59375 2.53125 3.0  
80 35.158959784403514 2.53125 2.25 2.875 2.8125 2.96875 2.71875 1.28125 1.59375 2.53125 3.0  
18 46.954852470110865 2.53125 2.25 2.875 2.8125 2.96875 2.71875 1.28125 1.59375 2.53125 3.0  
17 102.95133377750906 2.53125 2.25 2.875 2.8125 2.96875 2.71875 1.28125 1.59375 2.53125 3.0  
72 122.02825600901768 1.6875 1.5 1.9166666666666667 1.875 1.9791666666666667 1.8125 0.8541666666666666 1.0625 1.6875 2.0  
101 15.607780933213961 2.53125 2.25 2.875 2.8125 2.96875 2.71875 1.28125 1.59375 2.53125 3.0  
44 74.18001729515694 1.6875 1.5 1.9166666666666667 1.875 1.9791666666666667 1.8125 0.8541666666666666 1.0625 1.6875 2.0  
6 67.36816644694024 1.6875 1.5 1.9166666666666667 1.875 1.9791666666666667 1.8125 0.8541666666666666 1.0625 1.6875 2.0  
14 18.593992945253326 1.6875 1.5 1.9166666666666667 1.875 1.9791666666666667 1.8125 0.8541666666666666 1.0625 1.6875 2.0  
73 95.08045030621714 1.6875 1.5 1.9166666666666667 1.875 1.9791666666666667 1.8125 0.8541666666666666 1.0625 1.6875 2.0  
38 95.0115927714721 2.53125 2.25 2.875 2.8125 2.96875 2.71875 1.28125 1.59375 2.53125 3.0  
50 92.2487441931394 1.6875 1.5 1.9166666666666667 1.875 1.9791666666666667 1.8125 0.8541666666666666 1.0625 1.6875 2.0  
109 3.5903237392579266 2.53125 2.25 2.875 2.8125 2.96875 2.71875 1.28125 1.59375 2.53125 3.0  
95 62.91232271478229 2.53125 2.25 2.875 2.8125 2.96875 2.71875 1.28125 1.59375 2.53125 3.0  
40 43.20170859343613 1.6875 1.5 1.9166666666666667 1.875 1.9791666666666667 1.8125 0.8541666666666666 1.0625 1.6875 2.0  
85 11.823876486778877 1.6875 1.5 1.9166666666666667 1.875 1.9791666666666667 1.8125 0.8541666666666666 1.0625 1.6875 2.0  
84 17.541638057573007 2.53125 2.25 2.875 2.8125 2.96875 2.71875 1.28125 1.59375 2.53125 3.0  
77 45.80435654654726 2.53125 2.25 2.875 2.8125 2.96875 2.71875 1.28125 1.59375 2.53125 3.0  
102 48.0881369568924 1.6875 1.5 1.9166666666666667 1.875 1.9791666666666667 1.8125 0.8541666666666666 1.0625 1.6875 2.0  
16 139.90963533573375 2.53125 2.25 2.875 2.8125 2.96875 2.71875 1.28125 1.59375 2.53125 3.0  
57 22.82763583644523 1.6875 1.5 1.9166666666666667 1.875 1.9791666666666667 1.8125 0.8541666666666666 1.0625 1.6875 2.0  
12 51.936150756542595 2.53125 2.25 2.875 2.8125 2.96875 2.71875 1.28125 1.59375 2.53125 3.0  
41 50.84707819472559 1.6875 1.5 1.9166666666666667 1.875 1.9791666666666667 1.8125 0.8541666666666666 1.0625 1.6875 2.0  
76 169.00099832867232 1.6875 1.5 1.9166666666666667 1.875 1.9791666666666667 1.8125 0.8541666666666666 1.0625 1.6875 2.0  
79 22.251973837264334 1.6875 1.5 1.9166666666666667 1.875 1.9791666666666667 1.8125 0.8541666666666666 1.0625 1.6875 2.0  
99 55.64081155122859 1.6875 1.5 1.9166666666666667 1.875 1.9791666666666667 1.8125 0.8541666666666666 1.0625 1.6875 2.0  
63 116.01381955290533 1.6875 1.5 1.9166666666666667 1.875 1.9791666666666667 1.8125 0.8541666666666666 1.0625 1.6875 2.0  
55 144.43353808009763 2.53125 2.25 2.875 2.8125 2.96875 2.71875 1.28125 1.59375 2.53125 3.0  
65 5.831193753193496 2.53125 2.25 2.875 2.8125 2.96875 2.71875 1.28125 1.59375 2.53125 3.0  
81 25.148570658457324 1.6875 1.5 1.9166666666666667 1.875 1.9791666666666667 1.8125 0.8541666666666666 1.0625 1.6875 2.0  
3 38.136152558277395 1.6875 1.5 1.9166666666666667 1.875 1.9791666666666667 1.8125 0.8541666666666666 1.0625 1.6875 2.0  
30 9.368143579453005 2.53125 2.25 2.875 2.8125 2.96875 2.71875 1.28125 1.59375 2.53125 3.0  
103 17.295651349093134 2.53125 2.25 2.875 2.8125 2.96875 2.71875 1.28125 1.59375 2.53125 3.0  
54 115.56492396773832 2.53125 2.25 2.875 2.8125 2.96875 2.71875 1.28125 1.59375 2.53125 3.0  
104 10.138056364982678 2.53125 2.25 2.875 2.8125 2.96875 2.71875 1.28125 1.59375 2.53125 3.0  
94 72.79068071006313 1.6875 1.5 1.9166666666666667 1.875 1.9791666666666667 1.8125 0.8541666666666666 1.0625 1.6875 2.0  
19 126.69169735419158 2.53125 2.25 2.875 2.8125 2.96875 2.71875 1.28125 1.59375 2.53125 3.0  
39 55.86847579148798 2.53125 2.25 2.875 2.8125 2.96875 2.71875 1.28125 1.59375 2.53125 3.0  
78 1054.0 2.53125 2.25 2.875 2.8125 2.96875 2.71875 1.28125 1.59375 2.53125 3.0  
15 91.37462863961174 1.6875 1.5 1.9166666666666667 1.875 1.9791666666666667 1.8125 0.8541666666666666 1.0625 1.6875 2.0  
22 85.34969048934477 1.6875 1.5 1.9166666666666667 1.875 1.9791666666666667 1.8125 0.8541666666666666 1.0625 1.6875 2.0  
34 88.31519978504433 1.6875 1.5 1.9166666666666667 1.875 1.9791666666666667 1.8125 0.8541666666666666 1.0625 1.6875 2.0  
45 73.02259087008726 1.6875 1.5 1.9166666666666667 1.875 1.9791666666666667 1.8125 0.8541666666666666 1.0625 1.6875 2.0  
2 13.251077517777741 2.53125 2.25 2.875 2.8125 2.96875 2.71875 1.28125 1.59375 2.53125 3.0  
107 36.78547274147388 2.53125 2.25 2.875 2.8125 2.96875 2.71875 1.28125 1.59375 2.53125 3.0  
21 45.95592895930515 1.6875 1.5 1.9166666666666667 1.875 1.9791666666666667 1.8125 0.8541666666666666 1.0625 1.6875 2.0  
90 6.616261146308783 2.53125 2.25 2.875 2.8125 2.96875 2.71875 1.28125 1.59375 2.53125 3.0  
86 23.553118297131164 2.53125 2.25 2.875 2.8125 2.96875 2.71875 1.28125 1.59375 2.53125 3.0  
5 43.92992381392838 2.53125 2.25 2.875 2.8125 2.96875 2.71875 1.28125 1.59375 2.53125 3.0  
97 67.81186419278711 1.6875 1.5 1.9166666666666667 1.875 1.9791666666666667 1.8125 0.8541666666666666 1.0625 1.6875 2.0  
59 90.96047904586669 1.6875 1.5 1.9166666666666667 1.875 1.9791666666666667 1.8125 0.8541666666666666 1.0625 1.6875 2.0  
8 98.8274642024266 2.53125 2.25 2.875 2.8125 2.96875 2.71875 1.28125 1.59375 2.53125 3.0  
47 137.72303467468072 2.53125 2.25 2.875 2.8125 2.96875 2.71875 1.28125 1.59375 2.53125 3.0  
68 58.348005703037565 2.53125 2.25 2.875 2.8125 2.96875 2.71875 1.28125 1.59375 2.53125 3.0  
89 57.4602440357678 1.6875 1.5 1.9166666666666667 1.875 1.9791666666666667 1.8125 0.8541666666666666 1.0625 1.6875 2.0  
36 47.77078312074858 2.53125 2.25 2.875 2.8125 2.96875 2.71875 1.28125 1.59375 2.53125 3.0  
33 46.71136235626472 1.6875 1.5 1.9166666666666667 1.875 1.9791666666666667 1.8125 0.8541666666666666 1.0625 1.6875 2.0  
49 140.4259551747285 1.6875 1.5 1.9166666666666667 1.875 1.9791666666666667 1.8125 0.8541666666666666 1.0625 1.6875 2.0  
62 148.29896120123453 1.6875 1.5 1.9166666666666667 1.875 1.9791666666666667 1.8125 0.8541666666666666 1.0625 1.6875 2.0  
52 132.95410765295577 1.6875 1.5 1.9166666666666667 1.875 1.9791666666666667 1.8125 0.8541666666666666 1.0625 1.6875 2.0  
87 23.006446489675028 1.6875 1.5 1.9166666666666667 1.875 1.9791666666666667 1.8125 0.8541666666666666 1.0625 1.6875 2.0  
27 18.291301840815272 1.6875 1.5 1.9166666666666667 1.875 1.9791666666666667 1.8125 0.8541666666666666 1.0625 1.6875 2.0  
25 13.565054919653031 2.53125 2.25 2.875 2.8125 2.96875 2.71875 1.28125 1.59375 2.53125 3.0  
105 51.18145419674801 2.53125 2.25 2.875 2.8125 2.96875 2.71875 1.28125 1.59375 2.53125 3.0  
35 78.75389147004392 1.6875 1.5 1.9166666666666667 1.875 1.9791666666666667 1.8125 0.8541666666666666 1.0625 1.6875 2.0  
61 102.75800335108492 1.6875 1.5 1.9166666666666667 1.875 1.9791666666666667 1.8125 0.8541666666666666 1.0625 1.6875 2.0  
67 106.48252583059117 1.6875 1.5 1.9166666666666667 1.875 1.9791666666666667 1.8125 0.8541666666666666 1.0625 1.6875 2.0  
10 61.87333490669921 2.53125 2.25 2.875 2.8125 2.96875 2.71875 1.28125 1.59375 2.53125 3.0  
96 55.44868850440562 1.6875 1.5 1.9166666666666667 1.875 1.9791666666666667 1.8125 0.8541666666666666 1.0625 1.6875 2.0  
69 35.25860373898652 2.53125 2.25 2.875 2.8125 2.96875 2.71875 1.28125 1.59375 2.53125 3.0  
32 27.103463602037458 1.6875 1.5 1.9166666666666667 1.875 1.9791666666666667 1.8125 0.8541666666666666 1.0625 1.6875 2.0  
20 69.63217163072694 1.6875 1.5 1.9166666666666667 1.875 1.9791666666666667 1.8125 0.8541666666666666 1.0625 1.6875 2.0  
13 27.70708706446086 1.6875 1.5 1.9166666666666667 1.875 1.9791666666666667 1.8125 0.8541666666666666 1.0625 1.6875 2.0  
7 45.777404316875746 2.53125 2.25 2.875 2.8125 2.96875 2.71875 1.28125 1.59375 2.53125 3.0  
100 5.917291949905405 1.6875 1.5 1.9166666666666667 1.875 1.9791666666666667 1.8125 0.8541666666666666 1.0625 1.6875 2.0  
75 57.734842578172994 2.53125 2.25 2.875 2.8125 2.96875 2.71875 1.28125 1.59375 2.53125 3.0  
37 77.23005984846958 1.6875 1.5 1.9166666666666667 1.875 1.9791666666666667 1.8125 0.8541666666666666 1.0625 1.6875 2.0  
43 191.0 1.6875 1.5 1.9166666666666667 1.875 1.9791666666666667 1.8125 0.8541666666666666 1.0625 1.6875 2.0  
48 60.228354805741326 1.6875 1.5 1.9166666666666667 1.875 1.9791666666666667 1.8125 0.8541666666666666 1.0625 1.6875 2.0  
83 10.278847311758012 1.6875 1.5 1.9166666666666667 1.875 1.9791666666666667 1.8125 0.8541666666666666 1.0625 1.6875 2.0  
93 53.58992997639773 2.53125 2.25 2.875 2.8125 2.96875 2.71875 1.28125 1.59375 2.53125 3.0  
4 43.65497909224094 1.6875 1.5 1.9166666666666667 1.875 1.9791666666666667 1.8125 0.8541666666666666 1.0625 1.6875 2.0  
82 33.75488349182058 2.53125 2.25 2.875 2.8125 2.96875 2.71875 1.28125 1.59375 2.53125 3.0  
64 99.53078979775478 1.6875 1.5 1.9166666666666667 1.875 1.9791666666666667 1.8125 0.8541666666666666 1.0625 1.6875 2.0  
53 116.96007155278859 2.53125 2.25 2.875 2.8125 2.96875 2.71875 1.28125 1.59375 2.53125 3.0  
92 44.969982405123154 1.6875 1.5 1.9166666666666667 1.875 1.9791666666666667 1.8125 0.8541666666666666 1.0625 1.6875 2.0  
88 4.8679674827079555 2.53125 2.25 2.875 2.8125 2.96875 2.71875 1.28125 1.59375 2.53125 3.0  
26 7.018509466945373 1.6875 1.5 1.9166666666666667 1.875 1.9791666666666667 1.8125 0.8541666666666666 1.0625 1.6875 2.0  
11 47.577666994297594 1.6875 1.5 1.9166666666666667 1.875 1.9791666666666667 1.8125 0.8541666666666666 1.0625 1.6875 2.0  
106 29.086448476180895 2.53125 2.25 2.875 2.8125 2.96875 2.71875 1.28125 1.59375 2.53125 3.0  
74 123.3651838290108 1.6875 1.5 1.9166666666666667 1.875 1.9791666666666667 1.8125 0.8541666666666666 1.0625 1.6875 2.0  
91 21.313067582519253 1.6875 1.5 1.9166666666666667 1.875 1.9791666666666667 1.8125 0.8541666666666666 1.0625 1.6875 2.0  
31 29.174978702988035 1.6875 1.5 1.9166666666666667 1.875 1.9791666666666667 1.8125 0.8541666666666666 1.0625 1.6875 2.0  
1 35.291522829099776 1.6875 1.5 1.9166666666666667 1.875 1.9791666666666667 1.8125 0.8541666666666666 1.0625 1.6875 2.0  
42 55.38228694970402 2.53125 2.25 2.875 2.8125 2.96875 2.71875 1.28125 1.59375 2.53125 3.0  
51 107.45475040305209 2.53125 2.25 2.875 2.8125 2.96875 2.71875 1.28125 1.59375 2.53125 3.0  
46 154.16347228604832 2.53125 2.25 2.875 2.8125 2.96875 2.71875 1.28125 1.59375 2.53125 3.0  
70 76.14616372610618 2.53125 2.25 2.875 2.8125 2.96875 2.71875 1.28125 1.59375 2.53125 3.0  
23 35.763471850413964 2.53125 2.25 2.875 2.8125 2.96875 2.71875 1.28125 1.59375 2.53125 3.0  
60 100.52689808997768 1.6875 1.5 1.9166666666666667 1.875 1.9791666666666667 1.8125 0.8541666666666666 1.0625 1.6875 2.0  
58 90.32434955134363 2.53125 2.25 2.875 2.8125 2.96875 2.71875 1.28125 1.59375 2.53125 3.0  
29 40.81206176282257 1.6875 1.5 1.9166666666666667 1.875 1.9791666666666667 1.8125 0.8541666666666666 1.0625 1.6875 2.0  
71 40.28107900778984 1.6875 1.5 1.9166666666666667 1.875 1.9791666666666667 1.8125 0.8541666666666666 1.0625 1.6875 2.0  
98 42.85538594167465 1.6875 1.5 1.9166666666666667 1.875 1.9791666666666667 1.8125 0.8541666666666666 1.0625 1.6875 2.0  
56 19.202355561424216 1.6875 1.5 1.9166666666666667 1.875 1.9791666666666667 1.8125 0.8541666666666666 1.0625 1.6875 2.0  
