70 10
TREE NETWORK (nID nID Weight):
1 0 47.0 
33 0 36.0 
2 1 35.0 
3 2 46.0 
9 2 52.0 
18 2 57.0 
34 33 35.0 
10 9 45.0 
35 34 57.0 
56 0 56.0 
39 34 43.0 
27 2 42.0 
40 39 49.0 
61 0 37.0 
53 34 40.0 
19 18 47.0 
28 27 47.0 
24 18 57.0 
29 2 36.0 
54 53 59.0 
42 39 47.0 
43 42 38.0 
63 0 44.0 
46 39 51.0 
64 63 50.0 
65 63 47.0 
57 56 58.0 
55 34 54.0 
14 9 54.0 
36 35 45.0 
60 56 52.0 
20 19 45.0 
47 39 58.0 
30 2 49.0 
15 14 54.0 
4 3 46.0 
5 4 45.0 
48 47 36.0 
62 61 53.0 
6 4 57.0 
31 30 54.0 
16 15 38.0 
11 10 59.0 
50 39 46.0 
21 20 57.0 
23 19 44.0 
66 0 43.0 
58 57 49.0 
12 11 57.0 
44 42 32.0 
7 4 59.0 
59 57 50.0 
67 66 39.0 
37 36 46.0 
17 15 38.0 
38 36 54.0 
51 50 31.0 
25 24 45.0 
22 21 56.0 
32 2 59.0 
8 7 41.0 
45 42 59.0 
13 11 59.0 
52 39 30.0 
26 18 43.0 
68 67 33.0 
41 40 50.0 
49 48 41.0 
69 67 52.0 
PROGRAMS ASSIGNED TO NODES (nID pID1 pID2 ...):
0 1 2 3 4 5 6 7 8 9 10  
10 1 2 4 7 9 10  
58 1 2 3 4 5 6 7 9  
13 2 4 8 9  
1  
26 3 4 5 6 7 9 10  
68 5 6  
46 2 4 10  
5 10  
3 6  
59  
51 1 2 3 4 5 6 7 8 10  
56 1 7 8 9 10  
9 2 4 6 7 8 10  
18 2 6 9  
52 2 8  
17 1 3 5 6  
4 2 3 4 5 6 7 8 9 10  
50 1 2 3 5 6 8 9 10  
14  
55  
29 2 4  
36 3 4 5 7 8 10  
22 1 3 10  
19 1 4 7 8 9 10  
12 1 4 5 6 8  
16 4  
54 1 2 3 4 5 8 9 10  
37 2 4 5 8  
35 6  
27  
33  
45 1 2 3 4 5 7 8 10  
31 3 6  
2 2 8  
69 3 4 5 10  
30 3 4 5 8 10  
61 1 2 3 4 6 7 8 9 10  
28 1 2 3 5 6 7 8 9 10  
64 1 2 3 5 6 8 9 10  
11 9  
60  
15 2 8  
39 1 2 6 7 8 9 10  
43 1 2 3 5 6 8 10  
34 3  
49 1 3 4 5 6 8 9 10  
6 1 3  
67  
40 1 2 5 6 8  
38 1 2 4 5 7 8 10  
63  
25 1 3 6  
53 1 2 3 4 5 6 7 8  
7 1 2 3 4 5 7 9  
47 1 2 3 4 5 6 7 8  
48 1 3 4 5 6 7 8 9 10  
32 1 3 4 5 6 7 8 9  
23 1 2 3 4 8 9  
24 1 4 5 8 9  
8 2 3 4 5 6 7 8  
44 1 3  
66 1 2 3 5 7 8 9  
42 1 2 3 4 5 8 10  
65  
20 1 9 10  
57 9 10  
41 1 2 4 5 6 7 8 9 10  
21 2 3 4 7 9 10  
62 1 3 4 5 7 8 9 10  
SIZE OF PROGRAMS (pID SIZE):
1 91.0 
2 59.0 
3 59.0 
4 86.0 
5 88.0 
6 86.0 
7 57.0 
8 70.0 
9 79.0 
10 70.0 
COST_INSTALL_SERVER_AND_PROGRAMS :
0 3456.0439560439563 3.0 1.945054945054945 1.945054945054945 2.8351648351648353 2.901098901098901 2.8351648351648353 1.879120879120879 2.3076923076923075 2.6043956043956045 2.3076923076923075  
10 94.01950600705503 3.0 1.945054945054945 1.945054945054945 2.8351648351648353 2.901098901098901 2.8351648351648353 1.879120879120879 2.3076923076923075 2.6043956043956045 2.3076923076923075  
58 21.979613756463994 3.0 1.945054945054945 1.945054945054945 2.8351648351648353 2.901098901098901 2.8351648351648353 1.879120879120879 2.3076923076923075 2.6043956043956045 2.3076923076923075  
13 61.73072404703964 3.0 1.945054945054945 1.945054945054945 2.8351648351648353 2.901098901098901 2.8351648351648353 1.879120879120879 2.3076923076923075 2.6043956043956045 2.3076923076923075  
1 15.683473689943714 3.0 1.945054945054945 1.945054945054945 2.8351648351648353 2.901098901098901 2.8351648351648353 1.879120879120879 2.3076923076923075 2.6043956043956045 2.3076923076923075  
26 56.35331070347804 2.0 1.2967032967032968 1.2967032967032968 1.89010989010989 1.934065934065934 1.89010989010989 1.2527472527472527 1.5384615384615385 1.7362637362637363 1.5384615384615385  
68 13.877406797088465 2.0 1.2967032967032968 1.2967032967032968 1.89010989010989 1.934065934065934 1.89010989010989 1.2527472527472527 1.5384615384615385 1.7362637362637363 1.5384615384615385  
46 14.528675546128508 3.0 1.945054945054945 1.945054945054945 2.8351648351648353 2.901098901098901 2.8351648351648353 1.879120879120879 2.3076923076923075 2.6043956043956045 2.3076923076923075  
5 6.277841903355549 3.0 1.945054945054945 1.945054945054945 2.8351648351648353 2.901098901098901 2.8351648351648353 1.879120879120879 2.3076923076923075 2.6043956043956045 2.3076923076923075  
3 37.05742205246939 3.0 1.945054945054945 1.945054945054945 2.8351648351648353 2.901098901098901 2.8351648351648353 1.879120879120879 2.3076923076923075 2.6043956043956045 2.3076923076923075  
59 817.0 2.0 1.2967032967032968 1.2967032967032968 1.89010989010989 1.934065934065934 1.89010989010989 1.2527472527472527 1.5384615384615385 1.7362637362637363 1.5384615384615385  
51 104.85050822582062 2.0 1.2967032967032968 1.2967032967032968 1.89010989010989 1.934065934065934 1.89010989010989 1.2527472527472527 1.5384615384615385 1.7362637362637363 1.5384615384615385  
56 6.620886076326416 3.0 1.945054945054945 1.945054945054945 2.8351648351648353 2.901098901098901 2.8351648351648353 1.879120879120879 2.3076923076923075 2.6043956043956045 2.3076923076923075  
9 47.777053411606744 3.0 1.945054945054945 1.945054945054945 2.8351648351648353 2.901098901098901 2.8351648351648353 1.879120879120879 2.3076923076923075 2.6043956043956045 2.3076923076923075  
18 49.80486632592419 2.0 1.2967032967032968 1.2967032967032968 1.89010989010989 1.934065934065934 1.89010989010989 1.2527472527472527 1.5384615384615385 1.7362637362637363 1.5384615384615385  
52 12.503921434905468 2.0 1.2967032967032968 1.2967032967032968 1.89010989010989 1.934065934065934 1.89010989010989 1.2527472527472527 1.5384615384615385 1.7362637362637363 1.5384615384615385  
17 58.89229861847366 3.0 1.945054945054945 1.945054945054945 2.8351648351648353 2.901098901098901 2.8351648351648353 1.879120879120879 2.3076923076923075 2.6043956043956045 2.3076923076923075  
4 117.27665258559895 2.0 1.2967032967032968 1.2967032967032968 1.89010989010989 1.934065934065934 1.89010989010989 1.2527472527472527 1.5384615384615385 1.7362637362637363 1.5384615384615385  
50 70.66349048723166 3.0 1.945054945054945 1.945054945054945 2.8351648351648353 2.901098901098901 2.8351648351648353 1.879120879120879 2.3076923076923075 2.6043956043956045 2.3076923076923075  
14 24.51301465866633 2.0 1.2967032967032968 1.2967032967032968 1.89010989010989 1.934065934065934 1.89010989010989 1.2527472527472527 1.5384615384615385 1.7362637362637363 1.5384615384615385  
55 529.0 2.0 1.2967032967032968 1.2967032967032968 1.89010989010989 1.934065934065934 1.89010989010989 1.2527472527472527 1.5384615384615385 1.7362637362637363 1.5384615384615385  
29 13.213378624388298 3.0 1.945054945054945 1.945054945054945 2.8351648351648353 2.901098901098901 2.8351648351648353 1.879120879120879 2.3076923076923075 2.6043956043956045 2.3076923076923075  
36 68.79278610303483 3.0 1.945054945054945 1.945054945054945 2.8351648351648353 2.901098901098901 2.8351648351648353 1.879120879120879 2.3076923076923075 2.6043956043956045 2.3076923076923075  
22 29.105485992481746 3.0 1.945054945054945 1.945054945054945 2.8351648351648353 2.901098901098901 2.8351648351648353 1.879120879120879 2.3076923076923075 2.6043956043956045 2.3076923076923075  
19 49.94814863941056 2.0 1.2967032967032968 1.2967032967032968 1.89010989010989 1.934065934065934 1.89010989010989 1.2527472527472527 1.5384615384615385 1.7362637362637363 1.5384615384615385  
12 63.611563155135514 2.0 1.2967032967032968 1.2967032967032968 1.89010989010989 1.934065934065934 1.89010989010989 1.2527472527472527 1.5384615384615385 1.7362637362637363 1.5384615384615385  
16 13.300371572118078 3.0 1.945054945054945 1.945054945054945 2.8351648351648353 2.901098901098901 2.8351648351648353 1.879120879120879 2.3076923076923075 2.6043956043956045 2.3076923076923075  
54 58.69940529985689 3.0 1.945054945054945 1.945054945054945 2.8351648351648353 2.901098901098901 2.8351648351648353 1.879120879120879 2.3076923076923075 2.6043956043956045 2.3076923076923075  
37 42.574857524237295 2.0 1.2967032967032968 1.2967032967032968 1.89010989010989 1.934065934065934 1.89010989010989 1.2527472527472527 1.5384615384615385 1.7362637362637363 1.5384615384615385  
35 40.956643932466456 3.0 1.945054945054945 1.945054945054945 2.8351648351648353 2.901098901098901 2.8351648351648353 1.879120879120879 2.3076923076923075 2.6043956043956045 2.3076923076923075  
27 56.01540508611834 2.0 1.2967032967032968 1.2967032967032968 1.89010989010989 1.934065934065934 1.89010989010989 1.2527472527472527 1.5384615384615385 1.7362637362637363 1.5384615384615385  
33 10.815136102872017 3.0 1.945054945054945 1.945054945054945 2.8351648351648353 2.901098901098901 2.8351648351648353 1.879120879120879 2.3076923076923075 2.6043956043956045 2.3076923076923075  
45 73.18073950256742 2.0 1.2967032967032968 1.2967032967032968 1.89010989010989 1.934065934065934 1.89010989010989 1.2527472527472527 1.5384615384615385 1.7362637362637363 1.5384615384615385  
31 12.945612694190059 2.0 1.2967032967032968 1.2967032967032968 1.89010989010989 1.934065934065934 1.89010989010989 1.2527472527472527 1.5384615384615385 1.7362637362637363 1.5384615384615385  
2 34.55369703435686 2.0 1.2967032967032968 1.2967032967032968 1.89010989010989 1.934065934065934 1.89010989010989 1.2527472527472527 1.5384615384615385 1.7362637362637363 1.5384615384615385  
69 18.71211727571453 3.0 1.945054945054945 1.945054945054945 2.8351648351648353 2.901098901098901 2.8351648351648353 1.879120879120879 2.3076923076923075 2.6043956043956045 2.3076923076923075  
30 46.6512282492327 2.0 1.2967032967032968 1.2967032967032968 1.89010989010989 1.934065934065934 1.89010989010989 1.2527472527472527 1.5384615384615385 1.7362637362637363 1.5384615384615385  
61 17.37645696482141 3.0 1.945054945054945 1.945054945054945 2.8351648351648353 2.901098901098901 2.8351648351648353 1.879120879120879 2.3076923076923075 2.6043956043956045 2.3076923076923075  
28 57.15991703669164 3.0 1.945054945054945 1.945054945054945 2.8351648351648353 2.901098901098901 2.8351648351648353 1.879120879120879 2.3076923076923075 2.6043956043956045 2.3076923076923075  
64 40.68745699306926 2.0 1.2967032967032968 1.2967032967032968 1.89010989010989 1.934065934065934 1.89010989010989 1.2527472527472527 1.5384615384615385 1.7362637362637363 1.5384615384615385  
11 85.99509230594983 3.0 1.945054945054945 1.945054945054945 2.8351648351648353 2.901098901098901 2.8351648351648353 1.879120879120879 2.3076923076923075 2.6043956043956045 2.3076923076923075  
60 478.0 3.0 1.945054945054945 1.945054945054945 2.8351648351648353 2.901098901098901 2.8351648351648353 1.879120879120879 2.3076923076923075 2.6043956043956045 2.3076923076923075  
15 63.635599605618054 3.0 1.945054945054945 1.945054945054945 2.8351648351648353 2.901098901098901 2.8351648351648353 1.879120879120879 2.3076923076923075 2.6043956043956045 2.3076923076923075  
39 71.77187164541638 2.0 1.2967032967032968 1.2967032967032968 1.89010989010989 1.934065934065934 1.89010989010989 1.2527472527472527 1.5384615384615385 1.7362637362637363 1.5384615384615385  
43 50.361414121282266 3.0 1.945054945054945 1.945054945054945 2.8351648351648353 2.901098901098901 2.8351648351648353 1.879120879120879 2.3076923076923075 2.6043956043956045 2.3076923076923075  
34 26.82655271889844 3.0 1.945054945054945 1.945054945054945 2.8351648351648353 2.901098901098901 2.8351648351648353 1.879120879120879 2.3076923076923075 2.6043956043956045 2.3076923076923075  
49 89.78281492747125 3.0 1.945054945054945 1.945054945054945 2.8351648351648353 2.901098901098901 2.8351648351648353 1.879120879120879 2.3076923076923075 2.6043956043956045 2.3076923076923075  
6 19.20600295537491 3.0 1.945054945054945 1.945054945054945 2.8351648351648353 2.901098901098901 2.8351648351648353 1.879120879120879 2.3076923076923075 2.6043956043956045 2.3076923076923075  
67 26.098332487086548 2.0 1.2967032967032968 1.2967032967032968 1.89010989010989 1.934065934065934 1.89010989010989 1.2527472527472527 1.5384615384615385 1.7362637362637363 1.5384615384615385  
40 74.36980725978931 2.0 1.2967032967032968 1.2967032967032968 1.89010989010989 1.934065934065934 1.89010989010989 1.2527472527472527 1.5384615384615385 1.7362637362637363 1.5384615384615385  
38 50.04174759102475 2.0 1.2967032967032968 1.2967032967032968 1.89010989010989 1.934065934065934 1.89010989010989 1.2527472527472527 1.5384615384615385 1.7362637362637363 1.5384615384615385  
63 5.087853125271382 3.0 1.945054945054945 1.945054945054945 2.8351648351648353 2.901098901098901 2.8351648351648353 1.879120879120879 2.3076923076923075 2.6043956043956045 2.3076923076923075  
25 41.63087656312104 2.0 1.2967032967032968 1.2967032967032968 1.89010989010989 1.934065934065934 1.89010989010989 1.2527472527472527 1.5384615384615385 1.7362637362637363 1.5384615384615385  
53 87.12363029794778 2.0 1.2967032967032968 1.2967032967032968 1.89010989010989 1.934065934065934 1.89010989010989 1.2527472527472527 1.5384615384615385 1.7362637362637363 1.5384615384615385  
7 109.14441217840425 3.0 1.945054945054945 1.945054945054945 2.8351648351648353 2.901098901098901 2.8351648351648353 1.879120879120879 2.3076923076923075 2.6043956043956045 2.3076923076923075  
47 73.67033091991442 3.0 1.945054945054945 1.945054945054945 2.8351648351648353 2.901098901098901 2.8351648351648353 1.879120879120879 2.3076923076923075 2.6043956043956045 2.3076923076923075  
48 71.11075266148015 3.0 1.945054945054945 1.945054945054945 2.8351648351648353 2.901098901098901 2.8351648351648353 1.879120879120879 2.3076923076923075 2.6043956043956045 2.3076923076923075  
32 44.41378584411282 3.0 1.945054945054945 1.945054945054945 2.8351648351648353 2.901098901098901 2.8351648351648353 1.879120879120879 2.3076923076923075 2.6043956043956045 2.3076923076923075  
23 56.46340298042394 2.0 1.2967032967032968 1.2967032967032968 1.89010989010989 1.934065934065934 1.89010989010989 1.2527472527472527 1.5384615384615385 1.7362637362637363 1.5384615384615385  
24 59.49269695651754 2.0 1.2967032967032968 1.2967032967032968 1.89010989010989 1.934065934065934 1.89010989010989 1.2527472527472527 1.5384615384615385 1.7362637362637363 1.5384615384615385  
8 64.7213800191131 3.0 1.945054945054945 1.945054945054945 2.8351648351648353 2.901098901098901 2.8351648351648353 1.879120879120879 2.3076923076923075 2.6043956043956045 2.3076923076923075  
44 15.005501246045723 3.0 1.945054945054945 1.945054945054945 2.8351648351648353 2.901098901098901 2.8351648351648353 1.879120879120879 2.3076923076923075 2.6043956043956045 2.3076923076923075  
66 9.341435276375456 3.0 1.945054945054945 1.945054945054945 2.8351648351648353 2.901098901098901 2.8351648351648353 1.879120879120879 2.3076923076923075 2.6043956043956045 2.3076923076923075  
42 90.64509131381777 2.0 1.2967032967032968 1.2967032967032968 1.89010989010989 1.934065934065934 1.89010989010989 1.2527472527472527 1.5384615384615385 1.7362637362637363 1.5384615384615385  
65 828.0 3.0 1.945054945054945 1.945054945054945 2.8351648351648353 2.901098901098901 2.8351648351648353 1.879120879120879 2.3076923076923075 2.6043956043956045 2.3076923076923075  
20 38.95024496626192 3.0 1.945054945054945 1.945054945054945 2.8351648351648353 2.901098901098901 2.8351648351648353 1.879120879120879 2.3076923076923075 2.6043956043956045 2.3076923076923075  
57 30.358160697005133 2.0 1.2967032967032968 1.2967032967032968 1.89010989010989 1.934065934065934 1.89010989010989 1.2527472527472527 1.5384615384615385 1.7362637362637363 1.5384615384615385  
41 97.64626549085882 3.0 1.945054945054945 1.945054945054945 2.8351648351648353 2.901098901098901 2.8351648351648353 1.879120879120879 2.3076923076923075 2.6043956043956045 2.3076923076923075  
21 64.84509083774881 2.0 1.2967032967032968 1.2967032967032968 1.89010989010989 1.934065934065934 1.89010989010989 1.2527472527472527 1.5384615384615385 1.7362637362637363 1.5384615384615385  
62 25.11450364090685 3.0 1.945054945054945 1.945054945054945 2.8351648351648353 2.901098901098901 2.8351648351648353 1.879120879120879 2.3076923076923075 2.6043956043956045 2.3076923076923075  
