180 20
TREE NETWORK (nID nID Weight):
1 0 53.0 
2 1 36.0 
4 1 50.0 
96 0 44.0 
113 0 32.0 
32 1 53.0 
114 113 50.0 
33 32 47.0 
5 4 32.0 
34 33 52.0 
65 33 42.0 
66 65 53.0 
115 114 39.0 
67 66 40.0 
137 113 44.0 
89 1 50.0 
35 34 45.0 
138 113 43.0 
72 32 56.0 
127 114 37.0 
54 34 35.0 
171 0 54.0 
55 54 47.0 
6 5 42.0 
97 96 44.0 
36 35 59.0 
139 138 45.0 
7 6 33.0 
73 72 57.0 
37 36 45.0 
74 73 30.0 
81 72 31.0 
98 97 55.0 
10 6 45.0 
8 7 38.0 
140 139 59.0 
145 139 52.0 
116 115 52.0 
101 97 57.0 
85 32 32.0 
70 65 33.0 
119 115 37.0 
120 115 57.0 
40 35 41.0 
82 81 48.0 
122 115 54.0 
41 35 45.0 
117 116 40.0 
56 55 45.0 
75 74 50.0 
130 114 36.0 
102 101 41.0 
148 139 30.0 
110 96 58.0 
172 0 59.0 
132 114 47.0 
159 138 53.0 
153 139 54.0 
42 41 31.0 
86 85 35.0 
43 42 33.0 
160 159 42.0 
12 6 42.0 
29 4 54.0 
165 113 31.0 
45 42 36.0 
20 5 38.0 
52 41 37.0 
123 115 35.0 
21 20 41.0 
57 56 39.0 
141 140 41.0 
83 82 45.0 
62 55 41.0 
13 12 32.0 
173 172 50.0 
124 123 43.0 
156 139 41.0 
30 29 50.0 
158 139 36.0 
163 159 59.0 
170 113 40.0 
22 21 56.0 
25 5 59.0 
39 36 48.0 
131 130 53.0 
18 6 42.0 
154 153 48.0 
149 148 36.0 
76 74 57.0 
166 165 42.0 
157 156 37.0 
161 160 36.0 
64 34 40.0 
71 70 45.0 
167 166 51.0 
88 85 44.0 
23 21 41.0 
46 45 50.0 
47 46 53.0 
78 73 31.0 
69 66 50.0 
162 161 58.0 
125 124 33.0 
61 56 37.0 
58 57 41.0 
27 5 57.0 
174 173 34.0 
135 114 30.0 
168 166 52.0 
118 117 53.0 
136 135 55.0 
99 98 51.0 
14 12 46.0 
38 37 50.0 
15 14 48.0 
90 89 31.0 
77 74 33.0 
175 173 41.0 
128 127 45.0 
121 120 38.0 
11 10 37.0 
129 128 39.0 
17 14 46.0 
100 98 58.0 
31 4 44.0 
150 149 43.0 
146 145 56.0 
133 132 33.0 
134 133 35.0 
142 141 50.0 
60 57 30.0 
103 102 50.0 
79 78 54.0 
16 15 30.0 
176 173 58.0 
151 150 39.0 
169 166 43.0 
44 43 52.0 
147 145 57.0 
48 47 41.0 
26 25 44.0 
93 89 44.0 
143 141 48.0 
179 0 34.0 
144 143 53.0 
63 55 48.0 
104 103 43.0 
177 173 51.0 
94 89 33.0 
95 89 30.0 
59 58 44.0 
87 86 39.0 
164 138 30.0 
105 103 40.0 
106 105 36.0 
111 110 39.0 
68 67 38.0 
24 20 38.0 
49 48 58.0 
19 6 40.0 
91 90 50.0 
9 8 57.0 
152 151 58.0 
28 27 40.0 
3 2 31.0 
126 125 38.0 
80 73 33.0 
178 177 32.0 
112 96 41.0 
50 48 58.0 
107 103 57.0 
51 45 36.0 
92 91 58.0 
84 81 46.0 
155 154 35.0 
109 102 42.0 
108 107 30.0 
53 52 50.0 
PROGRAMS ASSIGNED TO NODES (nID pID1 pID2 ...):
0 1 2 3 4 5 6 7 8 9 10 11 12 13 14 15 16 17 18 19 20  
132 1 2 3 4 5 8 10 12 14 16 17 19  
18 1 2 3 4 5 6 7 9 10 13 14 16 17 19 20  
62  
78 4 5 8 14  
64 1 2 5 6 7 8 10 11 12 13 15 16 19 20  
171 4 8 18  
28 1 4 7 8 13 16  
128 1 2 4 5 7 9 10 11 13 14 15 17 19 20  
97 2 3 4 13 20  
147 4 5 6 7 10 12 16  
8 1 3 4 5 6 7 8 9 10 11 12 13 14 15 16 18 19  
41 1 2 5 8 10 13 14 16 18 19  
154 1 6 7 8 9 11 14 16 17 19 20  
161 2 3 4 5 6 9 10 12 13 14 15 17 19  
100 3 6 7 8 10 11 15 16 18 19 20  
107 11  
120 1 2 3 4 5 8 9 11 12 13 14 15 16 17 18  
136 1 2 3 4 7 8 9 12 13 14 15 16 17 19 20  
159 1 2 3 4 5 7 8 9 10 11 12 13 14 15 16 17 18 19 20  
155 3 5 7 8 9 10 11 12 13 14 15 16 17  
13 1 5 7  
146 1 5 7 8 9 12 17 19 20  
34 1 2 3 4 5 6 8 9 10 11 14 15 16 17 18 19 20  
151 1 2 3 4 5 6 7 8 9 10 12 13 14 15 17 19 20  
89 2 3 4 5 6 7 9 11 12 13 14 15 16 18 19 20  
88 1 4 5 8 10 12 14 19  
19 1 3 5 6 8 9 11 14 16 18 19 20  
25 4 6 14 16 18 19  
38 1 2 3 4 6 7 9 11 12 13 14 15 17 18  
35 8 20  
27 12 15 19  
109 1 9 15 16 17 20  
178 1 2 3 6 7 8 10 11 12 13 14 15 16 17 18 19 20  
23 1 2 5 6 7 8 10 11 12 13 14 15 16 17 18 19  
124 1 2 3 5 6 7 8 9 12 13 15 16 18 19 20  
77 2 5 9 11  
142 2 4 6 12 13 14 16 19 20  
58 5 8 13  
121 3 4 5 6 10 13 14 17  
114  
21 1 2 3 4 5 6 7 8 10 12 13 14 15 16 17 18 19 20  
85 1 8 11 12 13 14 15 16 17 18 19 20  
39 1 2 3 5 6 8 9 11 12 14 15 17 18  
17 3 4 6 7 8 9 13 14 16 17  
29 2 3 4 5 6 7 9 10 11 12 13 14 15 16 17 18 19 20  
1 1 3 5 8 9 11 12 13 14 19 20  
125 3 4 9 14 16 17 19  
67 1 2 5 9 10 11 13 16 19  
66 1 2 5 7 8 11 13 14 17 18 19 20  
95 1 2 3 4 5 6 7 8 9 10 11 12 13 14 15 16 18 19 20  
115 3 19  
79 1 2 4 9 14 18 20  
76 1 2 3 4 5 6 9 11 12 13 14 15 18  
102 2 4 7 8 9 11 12 14 15 16 17 18 19 20  
87 1 3 4 5 6 7 8 9 10 11 12 13 15 16 17 18 19 20  
145 4 9 12 15 17  
119 1 2 5 10 11 12 13 15 18  
179 10  
50 1 9 11 12 19 20  
110 1 2 3 4 5 6 7 8 9 10 11 12 13 14 15 16 17 18 19  
43 1 2 4 6 7 11 12 13 15 16 18  
12 4 5 15 19 20  
61 1 3 12 13  
74 1 2 4 7 8 9 10 12 13 14 15 20  
117 1 3 4 5 6 8 9 10 12 13 14 15 16 17 18 19 20  
158 3 4 8 10 11 12 13 16 18 19 20  
26 1 2 4 6 8 11 12 13 15 16 17 19  
165 1 3 5 7 9 10 11 12 13 14 15 16 17 18  
32 1 2 4 5 6 7 9 10 14 16 17 18 20  
156 3 6 13 15 16 17 18 19  
160 4 5 7 8 9 10 11 14 16 18 19  
70 1 2 3 4 5 6 8 9 10 11 12 13 14 15 16 17 18 19 20  
129 1 2 4 5 6 7 8 9 11 13 14 15 16 19 20  
42 1 5 6 7 8 9 11 12 15 16  
31 7 9 14  
81 1 2 4 5 7 8 9 10 11 12 13 14 15 16 18 19 20  
93  
52 2 10 12 14 20  
56 10 15 17  
91 2 6 8  
113 1 3 4 5 6 7 8 9 10 12 13 14 15 16 17 18 19 20  
169 6 8 11 15 17 19 20  
59 2 3 5 6 7 9 12 15 17 19  
148 1 3 4 5 6 7 10 11 14 15 17 20  
152 8 11 14 16 17 18  
3 11  
45 1 6 9 12 13 15 16 19  
47 4 9 11  
71 2 3 5 11  
5 2 3 4 5 7 8 10 11 13 18  
167 16  
149 15 20  
174 3 4 10 18  
163 1 2 4 5 8 11 13 17 18 19  
7 1 2 3 4 5 7 8 9 10 11 13 15 17 19  
40 11 16  
82 1 2 5 7 8 16 17 18  
44  
37 1 2 3 4 5 6 7 8 9 10 11 12 13 14 15 16 17 18 20  
48 1 2 4 6 8 9 11 12 13 15  
133 16  
118 2 3 6 7 10 12 13 14 15 17 18 19 20  
141 1 2 3 4 7 8 9 11 12 14 15 17 18 20  
53 4 11 13 14 15 18  
98 1 2 6 8 9 10 11 13 14 15 16 18 19 20  
96 1 4 10 11 13 16 19 20  
20 4 5 7 8 19  
63 2 14 16  
94 5 9 10 12 15 16 18  
55  
75 3 6 7 8 9 12 15 16 17 18 20  
168 3 4 13  
24 2 4 5 9 13 16 17 20  
103 5 6 9 10 18 20  
137  
60 3 4 5 8 9 10 11 13 15 19  
112 3 6 12 14 15 16 18  
16 3 4 6 8 9 10 11 12 13 16 18  
99  
49 2 3 4 5 7 8 9 11 12 13 14 15 16 17 19  
68 1 2 4 5 7 8 9 11 13 14 16 17 18  
83 1 8 9 10 14 17 18 19 20  
2 2  
51 1 3 4 5 6 7 8 9 11 13 14 16 17 20  
101 1 2 3 4 5 6 7 8 9 10 11 13 14 16 17 18 19 20  
4 3 6 7 8 9 12 15  
108 1 2 3 4 5 6 7 8 9 10 11 12 14 15 16 17 18 19 20  
36 2 3 4 5 7 8 9 12 13 15 16 17 18 19 20  
116 1 8 9 13 16 20  
11 2 3 4 5 6 7 8 9 10 11 12 13 14 15 16 17 18 19 20  
80 9 10  
144 1 2 4 5 9 11 15 16 17 18 19  
138 1 2 3 4 5 6 7 8 9 10 11 12 14 15 17 18 19  
153 1 2 3 5 6 7 8 10 11 12 13 15 16 17 19 20  
157 1 16 18  
123 2 4 5 6 8 9 10 12 16 17 18 19 20  
140 1 5 8 9 10 11 12 16 18 19  
30 1 2 3 4 5 6 7 8 9 10 12 13 14 17 19 20  
127 3 4 6 7 8 10 11 13 14 16 17 18 19 20  
126  
33 2 20  
15 1 2 3 4 5 7 8 9 10 11 13 14 15 16 18 19 20  
72 12 14  
143 1 8  
177 1 6 9 10 12 16 18 19  
57 1 2 3 4 6 7 8 10 11 14 15 16 17 19 20  
135 1 5 6 9 11 13 14 17 19  
122 2 3 4 10 11 12 15 16  
150 6 8 14  
164 2 16  
111 3 4 5 10 13 14 15 16 17 18 19  
162 2 3 4 5 6 7 8 9 10 11 12 13 14 15 16 17 18 19 20  
173 8 10 12 15 16  
139 1 7 8 19  
69 2 3 4 5 16 17 18 19  
172 1 2 6 8 11 12 14 18  
106 1 2 5 6 7 8 9 10 11 12 13 14 15 17 18 20  
65 2 3 4 5 8 9 10 11 12 13 15 16 18 19 20  
46 1 3 4 6 8 9 13 14 15 16 17 18 20  
86 2 3 5 13 15 18 20  
6 1 2 4 5 6 7 10 11 12 14 17 19  
10 2 3 4 5 7 8 9 10 11 12 13 14 18 19  
9 1 2 7 10 12 14 16 17 18 20  
176 2 3 4 7 8 9 10 11 12 13 15 18 19  
14 7 9 11 17  
175 1 2 3 4 5 6 7 8 10 11 12 13 14 15 16 17 18 19 20  
92 1 2 3 4 5 7 8 9 10 11 12 13 14 15 16 17 18 19 20  
22 1 2 3 4 5 6 7 9 10 11 12 13 14 15 16 17 18 19 20  
105 15 16  
84 1 3 6 7 8 9 11 12 14 16 17 18 19 20  
73 1 2 3 4 6 8 9 10 12 14 15 18 20  
104 14 16 20  
134 1 2 3 4 5 6 7 8 10 11 12 14 15 20  
54 4 8 9 13 18  
170 9 17  
130 1 2 3 4 5 6 8 9 10 12 13 14 15 16 17 18 19 20  
131 1 2 4 5 8 10 13 14 16 18 19  
166 2 7 10 11 15 17 20  
90 1 3 4 6 7 8 9 10 11 12 13 14 16 17 19 20  
SIZE OF PROGRAMS (pID SIZE):
1 70.0 
2 76.0 
3 69.0 
4 90.0 
5 62.0 
6 66.0 
7 98.0 
8 83.0 
9 40.0 
10 82.0 
11 92.0 
12 84.0 
13 88.0 
14 47.0 
15 78.0 
16 68.0 
17 56.0 
18 63.0 
19 58.0 
20 86.0 
COST_INSTALL_SERVER_AND_PROGRAMS :
0 3971.428571428571 1.4285714285714286 1.5510204081632653 1.4081632653061225 1.836734693877551 1.2653061224489797 1.346938775510204 2.0 1.6938775510204083 0.8163265306122449 1.6734693877551021 1.8775510204081634 1.7142857142857142 1.7959183673469388 0.9591836734693877 1.5918367346938775 1.3877551020408163 1.1428571428571428 1.2857142857142858 1.183673469387755 1.7551020408163265  
132 103.5545532281123 1.4285714285714286 1.5510204081632653 1.4081632653061225 1.836734693877551 1.2653061224489797 1.346938775510204 2.0 1.6938775510204083 0.8163265306122449 1.6734693877551021 1.8775510204081634 1.7142857142857142 1.7959183673469388 0.9591836734693877 1.5918367346938775 1.3877551020408163 1.1428571428571428 1.2857142857142858 1.183673469387755 1.7551020408163265  
18 109.93374180491698 2.142857142857143 2.326530612244898 2.1122448979591835 2.7551020408163267 1.8979591836734695 2.020408163265306 3.0 2.5408163265306123 1.2244897959183674 2.510204081632653 2.816326530612245 2.5714285714285716 2.693877551020408 1.4387755102040816 2.3877551020408165 2.0816326530612246 1.7142857142857142 1.9285714285714286 1.7755102040816326 2.63265306122449  
62 286.0 1.4285714285714286 1.5510204081632653 1.4081632653061225 1.836734693877551 1.2653061224489797 1.346938775510204 2.0 1.6938775510204083 0.8163265306122449 1.6734693877551021 1.8775510204081634 1.7142857142857142 1.7959183673469388 0.9591836734693877 1.5918367346938775 1.3877551020408163 1.1428571428571428 1.2857142857142858 1.183673469387755 1.7551020408163265  
78 77.4075404693683 1.4285714285714286 1.5510204081632653 1.4081632653061225 1.836734693877551 1.2653061224489797 1.346938775510204 2.0 1.6938775510204083 0.8163265306122449 1.6734693877551021 1.8775510204081634 1.7142857142857142 1.7959183673469388 0.9591836734693877 1.5918367346938775 1.3877551020408163 1.1428571428571428 1.2857142857142858 1.183673469387755 1.7551020408163265  
64 59.54518816073222 2.142857142857143 2.326530612244898 2.1122448979591835 2.7551020408163267 1.8979591836734695 2.020408163265306 3.0 2.5408163265306123 1.2244897959183674 2.510204081632653 2.816326530612245 2.5714285714285716 2.693877551020408 1.4387755102040816 2.3877551020408165 2.0816326530612246 1.7142857142857142 1.9285714285714286 1.7755102040816326 2.63265306122449  
171 2.2700887231504394 1.4285714285714286 1.5510204081632653 1.4081632653061225 1.836734693877551 1.2653061224489797 1.346938775510204 2.0 1.6938775510204083 0.8163265306122449 1.6734693877551021 1.8775510204081634 1.7142857142857142 1.7959183673469388 0.9591836734693877 1.5918367346938775 1.3877551020408163 1.1428571428571428 1.2857142857142858 1.183673469387755 1.7551020408163265  
28 63.30903522648735 2.142857142857143 2.326530612244898 2.1122448979591835 2.7551020408163267 1.8979591836734695 2.020408163265306 3.0 2.5408163265306123 1.2244897959183674 2.510204081632653 2.816326530612245 2.5714285714285716 2.693877551020408 1.4387755102040816 2.3877551020408165 2.0816326530612246 1.7142857142857142 1.9285714285714286 1.7755102040816326 2.63265306122449  
128 175.33573394437607 2.142857142857143 2.326530612244898 2.1122448979591835 2.7551020408163267 1.8979591836734695 2.020408163265306 3.0 2.5408163265306123 1.2244897959183674 2.510204081632653 2.816326530612245 2.5714285714285716 2.693877551020408 1.4387755102040816 2.3877551020408165 2.0816326530612246 1.7142857142857142 1.9285714285714286 1.7755102040816326 2.63265306122449  
97 66.13142657114757 1.4285714285714286 1.5510204081632653 1.4081632653061225 1.836734693877551 1.2653061224489797 1.346938775510204 2.0 1.6938775510204083 0.8163265306122449 1.6734693877551021 1.8775510204081634 1.7142857142857142 1.7959183673469388 0.9591836734693877 1.5918367346938775 1.3877551020408163 1.1428571428571428 1.2857142857142858 1.183673469387755 1.7551020408163265  
147 42.69694141108323 1.4285714285714286 1.5510204081632653 1.4081632653061225 1.836734693877551 1.2653061224489797 1.346938775510204 2.0 1.6938775510204083 0.8163265306122449 1.6734693877551021 1.8775510204081634 1.7142857142857142 1.7959183673469388 0.9591836734693877 1.5918367346938775 1.3877551020408163 1.1428571428571428 1.2857142857142858 1.183673469387755 1.7551020408163265  
8 227.10261436693412 1.4285714285714286 1.5510204081632653 1.4081632653061225 1.836734693877551 1.2653061224489797 1.346938775510204 2.0 1.6938775510204083 0.8163265306122449 1.6734693877551021 1.8775510204081634 1.7142857142857142 1.7959183673469388 0.9591836734693877 1.5918367346938775 1.3877551020408163 1.1428571428571428 1.2857142857142858 1.183673469387755 1.7551020408163265  
41 166.03369175208343 1.4285714285714286 1.5510204081632653 1.4081632653061225 1.836734693877551 1.2653061224489797 1.346938775510204 2.0 1.6938775510204083 0.8163265306122449 1.6734693877551021 1.8775510204081634 1.7142857142857142 1.7959183673469388 0.9591836734693877 1.5918367346938775 1.3877551020408163 1.1428571428571428 1.2857142857142858 1.183673469387755 1.7551020408163265  
154 189.2589025804005 2.142857142857143 2.326530612244898 2.1122448979591835 2.7551020408163267 1.8979591836734695 2.020408163265306 3.0 2.5408163265306123 1.2244897959183674 2.510204081632653 2.816326530612245 2.5714285714285716 2.693877551020408 1.4387755102040816 2.3877551020408165 2.0816326530612246 1.7142857142857142 1.9285714285714286 1.7755102040816326 2.63265306122449  
161 207.00463886709898 2.142857142857143 2.326530612244898 2.1122448979591835 2.7551020408163267 1.8979591836734695 2.020408163265306 3.0 2.5408163265306123 1.2244897959183674 2.510204081632653 2.816326530612245 2.5714285714285716 2.693877551020408 1.4387755102040816 2.3877551020408165 2.0816326530612246 1.7142857142857142 1.9285714285714286 1.7755102040816326 2.63265306122449  
100 108.90755979545524 1.4285714285714286 1.5510204081632653 1.4081632653061225 1.836734693877551 1.2653061224489797 1.346938775510204 2.0 1.6938775510204083 0.8163265306122449 1.6734693877551021 1.8775510204081634 1.7142857142857142 1.7959183673469388 0.9591836734693877 1.5918367346938775 1.3877551020408163 1.1428571428571428 1.2857142857142858 1.183673469387755 1.7551020408163265  
107 94.94759867754814 2.142857142857143 2.326530612244898 2.1122448979591835 2.7551020408163267 1.8979591836734695 2.020408163265306 3.0 2.5408163265306123 1.2244897959183674 2.510204081632653 2.816326530612245 2.5714285714285716 2.693877551020408 1.4387755102040816 2.3877551020408165 2.0816326530612246 1.7142857142857142 1.9285714285714286 1.7755102040816326 2.63265306122449  
120 63.65548342198629 2.142857142857143 2.326530612244898 2.1122448979591835 2.7551020408163267 1.8979591836734695 2.020408163265306 3.0 2.5408163265306123 1.2244897959183674 2.510204081632653 2.816326530612245 2.5714285714285716 2.693877551020408 1.4387755102040816 2.3877551020408165 2.0816326530612246 1.7142857142857142 1.9285714285714286 1.7755102040816326 2.63265306122449  
136 132.1187240034689 1.4285714285714286 1.5510204081632653 1.4081632653061225 1.836734693877551 1.2653061224489797 1.346938775510204 2.0 1.6938775510204083 0.8163265306122449 1.6734693877551021 1.8775510204081634 1.7142857142857142 1.7959183673469388 0.9591836734693877 1.5918367346938775 1.3877551020408163 1.1428571428571428 1.2857142857142858 1.183673469387755 1.7551020408163265  
159 134.25793236406741 2.142857142857143 2.326530612244898 2.1122448979591835 2.7551020408163267 1.8979591836734695 2.020408163265306 3.0 2.5408163265306123 1.2244897959183674 2.510204081632653 2.816326530612245 2.5714285714285716 2.693877551020408 1.4387755102040816 2.3877551020408165 2.0816326530612246 1.7142857142857142 1.9285714285714286 1.7755102040816326 2.63265306122449  
155 182.88031409456337 2.142857142857143 2.326530612244898 2.1122448979591835 2.7551020408163267 1.8979591836734695 2.020408163265306 3.0 2.5408163265306123 1.2244897959183674 2.510204081632653 2.816326530612245 2.5714285714285716 2.693877551020408 1.4387755102040816 2.3877551020408165 2.0816326530612246 1.7142857142857142 1.9285714285714286 1.7755102040816326 2.63265306122449  
13 45.008351338034984 2.142857142857143 2.326530612244898 2.1122448979591835 2.7551020408163267 1.8979591836734695 2.020408163265306 3.0 2.5408163265306123 1.2244897959183674 2.510204081632653 2.816326530612245 2.5714285714285716 2.693877551020408 1.4387755102040816 2.3877551020408165 2.0816326530612246 1.7142857142857142 1.9285714285714286 1.7755102040816326 2.63265306122449  
146 56.976553095818446 2.142857142857143 2.326530612244898 2.1122448979591835 2.7551020408163267 1.8979591836734695 2.020408163265306 3.0 2.5408163265306123 1.2244897959183674 2.510204081632653 2.816326530612245 2.5714285714285716 2.693877551020408 1.4387755102040816 2.3877551020408165 2.0816326530612246 1.7142857142857142 1.9285714285714286 1.7755102040816326 2.63265306122449  
34 139.40193473466022 1.4285714285714286 1.5510204081632653 1.4081632653061225 1.836734693877551 1.2653061224489797 1.346938775510204 2.0 1.6938775510204083 0.8163265306122449 1.6734693877551021 1.8775510204081634 1.7142857142857142 1.7959183673469388 0.9591836734693877 1.5918367346938775 1.3877551020408163 1.1428571428571428 1.2857142857142858 1.183673469387755 1.7551020408163265  
151 374.78794316671656 2.142857142857143 2.326530612244898 2.1122448979591835 2.7551020408163267 1.8979591836734695 2.020408163265306 3.0 2.5408163265306123 1.2244897959183674 2.510204081632653 2.816326530612245 2.5714285714285716 2.693877551020408 1.4387755102040816 2.3877551020408165 2.0816326530612246 1.7142857142857142 1.9285714285714286 1.7755102040816326 2.63265306122449  
89 24.70245323029812 1.4285714285714286 1.5510204081632653 1.4081632653061225 1.836734693877551 1.2653061224489797 1.346938775510204 2.0 1.6938775510204083 0.8163265306122449 1.6734693877551021 1.8775510204081634 1.7142857142857142 1.7959183673469388 0.9591836734693877 1.5918367346938775 1.3877551020408163 1.1428571428571428 1.2857142857142858 1.183673469387755 1.7551020408163265  
88 66.11561683169658 1.4285714285714286 1.5510204081632653 1.4081632653061225 1.836734693877551 1.2653061224489797 1.346938775510204 2.0 1.6938775510204083 0.8163265306122449 1.6734693877551021 1.8775510204081634 1.7142857142857142 1.7959183673469388 0.9591836734693877 1.5918367346938775 1.3877551020408163 1.1428571428571428 1.2857142857142858 1.183673469387755 1.7551020408163265  
19 116.98386551919448 1.4285714285714286 1.5510204081632653 1.4081632653061225 1.836734693877551 1.2653061224489797 1.346938775510204 2.0 1.6938775510204083 0.8163265306122449 1.6734693877551021 1.8775510204081634 1.7142857142857142 1.7959183673469388 0.9591836734693877 1.5918367346938775 1.3877551020408163 1.1428571428571428 1.2857142857142858 1.183673469387755 1.7551020408163265  
25 133.70812754922497 1.4285714285714286 1.5510204081632653 1.4081632653061225 1.836734693877551 1.2653061224489797 1.346938775510204 2.0 1.6938775510204083 0.8163265306122449 1.6734693877551021 1.8775510204081634 1.7142857142857142 1.7959183673469388 0.9591836734693877 1.5918367346938775 1.3877551020408163 1.1428571428571428 1.2857142857142858 1.183673469387755 1.7551020408163265  
38 224.220534192073 2.142857142857143 2.326530612244898 2.1122448979591835 2.7551020408163267 1.8979591836734695 2.020408163265306 3.0 2.5408163265306123 1.2244897959183674 2.510204081632653 2.816326530612245 2.5714285714285716 2.693877551020408 1.4387755102040816 2.3877551020408165 2.0816326530612246 1.7142857142857142 1.9285714285714286 1.7755102040816326 2.63265306122449  
35 172.39736636058112 2.142857142857143 2.326530612244898 2.1122448979591835 2.7551020408163267 1.8979591836734695 2.020408163265306 3.0 2.5408163265306123 1.2244897959183674 2.510204081632653 2.816326530612245 2.5714285714285716 2.693877551020408 1.4387755102040816 2.3877551020408165 2.0816326530612246 1.7142857142857142 1.9285714285714286 1.7755102040816326 2.63265306122449  
27 60.54923343778515 1.4285714285714286 1.5510204081632653 1.4081632653061225 1.836734693877551 1.2653061224489797 1.346938775510204 2.0 1.6938775510204083 0.8163265306122449 1.6734693877551021 1.8775510204081634 1.7142857142857142 1.7959183673469388 0.9591836734693877 1.5918367346938775 1.3877551020408163 1.1428571428571428 1.2857142857142858 1.183673469387755 1.7551020408163265  
109 52.50133732468943 2.142857142857143 2.326530612244898 2.1122448979591835 2.7551020408163267 1.8979591836734695 2.020408163265306 3.0 2.5408163265306123 1.2244897959183674 2.510204081632653 2.816326530612245 2.5714285714285716 2.693877551020408 1.4387755102040816 2.3877551020408165 2.0816326530612246 1.7142857142857142 1.9285714285714286 1.7755102040816326 2.63265306122449  
178 136.70377340575317 2.142857142857143 2.326530612244898 2.1122448979591835 2.7551020408163267 1.8979591836734695 2.020408163265306 3.0 2.5408163265306123 1.2244897959183674 2.510204081632653 2.816326530612245 2.5714285714285716 2.693877551020408 1.4387755102040816 2.3877551020408165 2.0816326530612246 1.7142857142857142 1.9285714285714286 1.7755102040816326 2.63265306122449  
23 130.3934243686925 2.142857142857143 2.326530612244898 2.1122448979591835 2.7551020408163267 1.8979591836734695 2.020408163265306 3.0 2.5408163265306123 1.2244897959183674 2.510204081632653 2.816326530612245 2.5714285714285716 2.693877551020408 1.4387755102040816 2.3877551020408165 2.0816326530612246 1.7142857142857142 1.9285714285714286 1.7755102040816326 2.63265306122449  
124 238.38504151881776 2.142857142857143 2.326530612244898 2.1122448979591835 2.7551020408163267 1.8979591836734695 2.020408163265306 3.0 2.5408163265306123 1.2244897959183674 2.510204081632653 2.816326530612245 2.5714285714285716 2.693877551020408 1.4387755102040816 2.3877551020408165 2.0816326530612246 1.7142857142857142 1.9285714285714286 1.7755102040816326 2.63265306122449  
77 52.93617951035437 1.4285714285714286 1.5510204081632653 1.4081632653061225 1.836734693877551 1.2653061224489797 1.346938775510204 2.0 1.6938775510204083 0.8163265306122449 1.6734693877551021 1.8775510204081634 1.7142857142857142 1.7959183673469388 0.9591836734693877 1.5918367346938775 1.3877551020408163 1.1428571428571428 1.2857142857142858 1.183673469387755 1.7551020408163265  
142 59.76343400254593 2.142857142857143 2.326530612244898 2.1122448979591835 2.7551020408163267 1.8979591836734695 2.020408163265306 3.0 2.5408163265306123 1.2244897959183674 2.510204081632653 2.816326530612245 2.5714285714285716 2.693877551020408 1.4387755102040816 2.3877551020408165 2.0816326530612246 1.7142857142857142 1.9285714285714286 1.7755102040816326 2.63265306122449  
58 104.2692424018888 2.142857142857143 2.326530612244898 2.1122448979591835 2.7551020408163267 1.8979591836734695 2.020408163265306 3.0 2.5408163265306123 1.2244897959183674 2.510204081632653 2.816326530612245 2.5714285714285716 2.693877551020408 1.4387755102040816 2.3877551020408165 2.0816326530612246 1.7142857142857142 1.9285714285714286 1.7755102040816326 2.63265306122449  
121 58.605344152314494 1.4285714285714286 1.5510204081632653 1.4081632653061225 1.836734693877551 1.2653061224489797 1.346938775510204 2.0 1.6938775510204083 0.8163265306122449 1.6734693877551021 1.8775510204081634 1.7142857142857142 1.7959183673469388 0.9591836734693877 1.5918367346938775 1.3877551020408163 1.1428571428571428 1.2857142857142858 1.183673469387755 1.7551020408163265  
114 35.502472942781544 2.142857142857143 2.326530612244898 2.1122448979591835 2.7551020408163267 1.8979591836734695 2.020408163265306 3.0 2.5408163265306123 1.2244897959183674 2.510204081632653 2.816326530612245 2.5714285714285716 2.693877551020408 1.4387755102040816 2.3877551020408165 2.0816326530612246 1.7142857142857142 1.9285714285714286 1.7755102040816326 2.63265306122449  
21 272.1083387924301 1.4285714285714286 1.5510204081632653 1.4081632653061225 1.836734693877551 1.2653061224489797 1.346938775510204 2.0 1.6938775510204083 0.8163265306122449 1.6734693877551021 1.8775510204081634 1.7142857142857142 1.7959183673469388 0.9591836734693877 1.5918367346938775 1.3877551020408163 1.1428571428571428 1.2857142857142858 1.183673469387755 1.7551020408163265  
85 75.68906926248535 1.4285714285714286 1.5510204081632653 1.4081632653061225 1.836734693877551 1.2653061224489797 1.346938775510204 2.0 1.6938775510204083 0.8163265306122449 1.6734693877551021 1.8775510204081634 1.7142857142857142 1.7959183673469388 0.9591836734693877 1.5918367346938775 1.3877551020408163 1.1428571428571428 1.2857142857142858 1.183673469387755 1.7551020408163265  
39 125.62630213074488 1.4285714285714286 1.5510204081632653 1.4081632653061225 1.836734693877551 1.2653061224489797 1.346938775510204 2.0 1.6938775510204083 0.8163265306122449 1.6734693877551021 1.8775510204081634 1.7142857142857142 1.7959183673469388 0.9591836734693877 1.5918367346938775 1.3877551020408163 1.1428571428571428 1.2857142857142858 1.183673469387755 1.7551020408163265  
17 110.75331640019571 2.142857142857143 2.326530612244898 2.1122448979591835 2.7551020408163267 1.8979591836734695 2.020408163265306 3.0 2.5408163265306123 1.2244897959183674 2.510204081632653 2.816326530612245 2.5714285714285716 2.693877551020408 1.4387755102040816 2.3877551020408165 2.0816326530612246 1.7142857142857142 1.9285714285714286 1.7755102040816326 2.63265306122449  
29 64.10559203895875 1.4285714285714286 1.5510204081632653 1.4081632653061225 1.836734693877551 1.2653061224489797 1.346938775510204 2.0 1.6938775510204083 0.8163265306122449 1.6734693877551021 1.8775510204081634 1.7142857142857142 1.7959183673469388 0.9591836734693877 1.5918367346938775 1.3877551020408163 1.1428571428571428 1.2857142857142858 1.183673469387755 1.7551020408163265  
1 17.95508881079541 1.4285714285714286 1.5510204081632653 1.4081632653061225 1.836734693877551 1.2653061224489797 1.346938775510204 2.0 1.6938775510204083 0.8163265306122449 1.6734693877551021 1.8775510204081634 1.7142857142857142 1.7959183673469388 0.9591836734693877 1.5918367346938775 1.3877551020408163 1.1428571428571428 1.2857142857142858 1.183673469387755 1.7551020408163265  
125 67.76268023016527 2.142857142857143 2.326530612244898 2.1122448979591835 2.7551020408163267 1.8979591836734695 2.020408163265306 3.0 2.5408163265306123 1.2244897959183674 2.510204081632653 2.816326530612245 2.5714285714285716 2.693877551020408 1.4387755102040816 2.3877551020408165 2.0816326530612246 1.7142857142857142 1.9285714285714286 1.7755102040816326 2.63265306122449  
67 141.0538066813468 1.4285714285714286 1.5510204081632653 1.4081632653061225 1.836734693877551 1.2653061224489797 1.346938775510204 2.0 1.6938775510204083 0.8163265306122449 1.6734693877551021 1.8775510204081634 1.7142857142857142 1.7959183673469388 0.9591836734693877 1.5918367346938775 1.3877551020408163 1.1428571428571428 1.2857142857142858 1.183673469387755 1.7551020408163265  
66 152.97930450487274 2.142857142857143 2.326530612244898 2.1122448979591835 2.7551020408163267 1.8979591836734695 2.020408163265306 3.0 2.5408163265306123 1.2244897959183674 2.510204081632653 2.816326530612245 2.5714285714285716 2.693877551020408 1.4387755102040816 2.3877551020408165 2.0816326530612246 1.7142857142857142 1.9285714285714286 1.7755102040816326 2.63265306122449  
95 94.12370886277742 2.142857142857143 2.326530612244898 2.1122448979591835 2.7551020408163267 1.8979591836734695 2.020408163265306 3.0 2.5408163265306123 1.2244897959183674 2.510204081632653 2.816326530612245 2.5714285714285716 2.693877551020408 1.4387755102040816 2.3877551020408165 2.0816326530612246 1.7142857142857142 1.9285714285714286 1.7755102040816326 2.63265306122449  
115 127.94484637026825 1.4285714285714286 1.5510204081632653 1.4081632653061225 1.836734693877551 1.2653061224489797 1.346938775510204 2.0 1.6938775510204083 0.8163265306122449 1.6734693877551021 1.8775510204081634 1.7142857142857142 1.7959183673469388 0.9591836734693877 1.5918367346938775 1.3877551020408163 1.1428571428571428 1.2857142857142858 1.183673469387755 1.7551020408163265  
79 56.66738320011657 2.142857142857143 2.326530612244898 2.1122448979591835 2.7551020408163267 1.8979591836734695 2.020408163265306 3.0 2.5408163265306123 1.2244897959183674 2.510204081632653 2.816326530612245 2.5714285714285716 2.693877551020408 1.4387755102040816 2.3877551020408165 2.0816326530612246 1.7142857142857142 1.9285714285714286 1.7755102040816326 2.63265306122449  
76 103.97000173941571 2.142857142857143 2.326530612244898 2.1122448979591835 2.7551020408163267 1.8979591836734695 2.020408163265306 3.0 2.5408163265306123 1.2244897959183674 2.510204081632653 2.816326530612245 2.5714285714285716 2.693877551020408 1.4387755102040816 2.3877551020408165 2.0816326530612246 1.7142857142857142 1.9285714285714286 1.7755102040816326 2.63265306122449  
102 134.98495100558998 1.4285714285714286 1.5510204081632653 1.4081632653061225 1.836734693877551 1.2653061224489797 1.346938775510204 2.0 1.6938775510204083 0.8163265306122449 1.6734693877551021 1.8775510204081634 1.7142857142857142 1.7959183673469388 0.9591836734693877 1.5918367346938775 1.3877551020408163 1.1428571428571428 1.2857142857142858 1.183673469387755 1.7551020408163265  
87 197.6318085855391 2.142857142857143 2.326530612244898 2.1122448979591835 2.7551020408163267 1.8979591836734695 2.020408163265306 3.0 2.5408163265306123 1.2244897959183674 2.510204081632653 2.816326530612245 2.5714285714285716 2.693877551020408 1.4387755102040816 2.3877551020408165 2.0816326530612246 1.7142857142857142 1.9285714285714286 1.7755102040816326 2.63265306122449  
145 92.52544172895796 1.4285714285714286 1.5510204081632653 1.4081632653061225 1.836734693877551 1.2653061224489797 1.346938775510204 2.0 1.6938775510204083 0.8163265306122449 1.6734693877551021 1.8775510204081634 1.7142857142857142 1.7959183673469388 0.9591836734693877 1.5918367346938775 1.3877551020408163 1.1428571428571428 1.2857142857142858 1.183673469387755 1.7551020408163265  
119 113.29421912003868 2.142857142857143 2.326530612244898 2.1122448979591835 2.7551020408163267 1.8979591836734695 2.020408163265306 3.0 2.5408163265306123 1.2244897959183674 2.510204081632653 2.816326530612245 2.5714285714285716 2.693877551020408 1.4387755102040816 2.3877551020408165 2.0816326530612246 1.7142857142857142 1.9285714285714286 1.7755102040816326 2.63265306122449  
179 1.5526558813609588 2.142857142857143 2.326530612244898 2.1122448979591835 2.7551020408163267 1.8979591836734695 2.020408163265306 3.0 2.5408163265306123 1.2244897959183674 2.510204081632653 2.816326530612245 2.5714285714285716 2.693877551020408 1.4387755102040816 2.3877551020408165 2.0816326530612246 1.7142857142857142 1.9285714285714286 1.7755102040816326 2.63265306122449  
50 138.13731741882987 1.4285714285714286 1.5510204081632653 1.4081632653061225 1.836734693877551 1.2653061224489797 1.346938775510204 2.0 1.6938775510204083 0.8163265306122449 1.6734693877551021 1.8775510204081634 1.7142857142857142 1.7959183673469388 0.9591836734693877 1.5918367346938775 1.3877551020408163 1.1428571428571428 1.2857142857142858 1.183673469387755 1.7551020408163265  
110 61.71276859166112 2.142857142857143 2.326530612244898 2.1122448979591835 2.7551020408163267 1.8979591836734695 2.020408163265306 3.0 2.5408163265306123 1.2244897959183674 2.510204081632653 2.816326530612245 2.5714285714285716 2.693877551020408 1.4387755102040816 2.3877551020408165 2.0816326530612246 1.7142857142857142 1.9285714285714286 1.7755102040816326 2.63265306122449  
43 230.47537921602276 1.4285714285714286 1.5510204081632653 1.4081632653061225 1.836734693877551 1.2653061224489797 1.346938775510204 2.0 1.6938775510204083 0.8163265306122449 1.6734693877551021 1.8775510204081634 1.7142857142857142 1.7959183673469388 0.9591836734693877 1.5918367346938775 1.3877551020408163 1.1428571428571428 1.2857142857142858 1.183673469387755 1.7551020408163265  
12 240.65417393622673 1.4285714285714286 1.5510204081632653 1.4081632653061225 1.836734693877551 1.2653061224489797 1.346938775510204 2.0 1.6938775510204083 0.8163265306122449 1.6734693877551021 1.8775510204081634 1.7142857142857142 1.7959183673469388 0.9591836734693877 1.5918367346938775 1.3877551020408163 1.1428571428571428 1.2857142857142858 1.183673469387755 1.7551020408163265  
61 85.7468685732242 1.4285714285714286 1.5510204081632653 1.4081632653061225 1.836734693877551 1.2653061224489797 1.346938775510204 2.0 1.6938775510204083 0.8163265306122449 1.6734693877551021 1.8775510204081634 1.7142857142857142 1.7959183673469388 0.9591836734693877 1.5918367346938775 1.3877551020408163 1.1428571428571428 1.2857142857142858 1.183673469387755 1.7551020408163265  
74 154.0052544207619 2.142857142857143 2.326530612244898 2.1122448979591835 2.7551020408163267 1.8979591836734695 2.020408163265306 3.0 2.5408163265306123 1.2244897959183674 2.510204081632653 2.816326530612245 2.5714285714285716 2.693877551020408 1.4387755102040816 2.3877551020408165 2.0816326530612246 1.7142857142857142 1.9285714285714286 1.7755102040816326 2.63265306122449  
117 117.59624006430958 1.4285714285714286 1.5510204081632653 1.4081632653061225 1.836734693877551 1.2653061224489797 1.346938775510204 2.0 1.6938775510204083 0.8163265306122449 1.6734693877551021 1.8775510204081634 1.7142857142857142 1.7959183673469388 0.9591836734693877 1.5918367346938775 1.3877551020408163 1.1428571428571428 1.2857142857142858 1.183673469387755 1.7551020408163265  
158 69.57322981857028 2.142857142857143 2.326530612244898 2.1122448979591835 2.7551020408163267 1.8979591836734695 2.020408163265306 3.0 2.5408163265306123 1.2244897959183674 2.510204081632653 2.816326530612245 2.5714285714285716 2.693877551020408 1.4387755102040816 2.3877551020408165 2.0816326530612246 1.7142857142857142 1.9285714285714286 1.7755102040816326 2.63265306122449  
26 72.50608259734871 2.142857142857143 2.326530612244898 2.1122448979591835 2.7551020408163267 1.8979591836734695 2.020408163265306 3.0 2.5408163265306123 1.2244897959183674 2.510204081632653 2.816326530612245 2.5714285714285716 2.693877551020408 1.4387755102040816 2.3877551020408165 2.0816326530612246 1.7142857142857142 1.9285714285714286 1.7755102040816326 2.63265306122449  
165 104.6365614091259 1.4285714285714286 1.5510204081632653 1.4081632653061225 1.836734693877551 1.2653061224489797 1.346938775510204 2.0 1.6938775510204083 0.8163265306122449 1.6734693877551021 1.8775510204081634 1.7142857142857142 1.7959183673469388 0.9591836734693877 1.5918367346938775 1.3877551020408163 1.1428571428571428 1.2857142857142858 1.183673469387755 1.7551020408163265  
32 56.692660550985636 1.4285714285714286 1.5510204081632653 1.4081632653061225 1.836734693877551 1.2653061224489797 1.346938775510204 2.0 1.6938775510204083 0.8163265306122449 1.6734693877551021 1.8775510204081634 1.7142857142857142 1.7959183673469388 0.9591836734693877 1.5918367346938775 1.3877551020408163 1.1428571428571428 1.2857142857142858 1.183673469387755 1.7551020408163265  
156 61.32551123809649 1.4285714285714286 1.5510204081632653 1.4081632653061225 1.836734693877551 1.2653061224489797 1.346938775510204 2.0 1.6938775510204083 0.8163265306122449 1.6734693877551021 1.8775510204081634 1.7142857142857142 1.7959183673469388 0.9591836734693877 1.5918367346938775 1.3877551020408163 1.1428571428571428 1.2857142857142858 1.183673469387755 1.7551020408163265  
160 115.57572716105162 1.4285714285714286 1.5510204081632653 1.4081632653061225 1.836734693877551 1.2653061224489797 1.346938775510204 2.0 1.6938775510204083 0.8163265306122449 1.6734693877551021 1.8775510204081634 1.7142857142857142 1.7959183673469388 0.9591836734693877 1.5918367346938775 1.3877551020408163 1.1428571428571428 1.2857142857142858 1.183673469387755 1.7551020408163265  
70 252.33783596335914 2.142857142857143 2.326530612244898 2.1122448979591835 2.7551020408163267 1.8979591836734695 2.020408163265306 3.0 2.5408163265306123 1.2244897959183674 2.510204081632653 2.816326530612245 2.5714285714285716 2.693877551020408 1.4387755102040816 2.3877551020408165 2.0816326530612246 1.7142857142857142 1.9285714285714286 1.7755102040816326 2.63265306122449  
129 199.05360507814922 1.4285714285714286 1.5510204081632653 1.4081632653061225 1.836734693877551 1.2653061224489797 1.346938775510204 2.0 1.6938775510204083 0.8163265306122449 1.6734693877551021 1.8775510204081634 1.7142857142857142 1.7959183673469388 0.9591836734693877 1.5918367346938775 1.3877551020408163 1.1428571428571428 1.2857142857142858 1.183673469387755 1.7551020408163265  
42 253.41833618820803 2.142857142857143 2.326530612244898 2.1122448979591835 2.7551020408163267 1.8979591836734695 2.020408163265306 3.0 2.5408163265306123 1.2244897959183674 2.510204081632653 2.816326530612245 2.5714285714285716 2.693877551020408 1.4387755102040816 2.3877551020408165 2.0816326530612246 1.7142857142857142 1.9285714285714286 1.7755102040816326 2.63265306122449  
31 15.89789635764027 1.4285714285714286 1.5510204081632653 1.4081632653061225 1.836734693877551 1.2653061224489797 1.346938775510204 2.0 1.6938775510204083 0.8163265306122449 1.6734693877551021 1.8775510204081634 1.7142857142857142 1.7959183673469388 0.9591836734693877 1.5918367346938775 1.3877551020408163 1.1428571428571428 1.2857142857142858 1.183673469387755 1.7551020408163265  
81 183.60512929238078 2.142857142857143 2.326530612244898 2.1122448979591835 2.7551020408163267 1.8979591836734695 2.020408163265306 3.0 2.5408163265306123 1.2244897959183674 2.510204081632653 2.816326530612245 2.5714285714285716 2.693877551020408 1.4387755102040816 2.3877551020408165 2.0816326530612246 1.7142857142857142 1.9285714285714286 1.7755102040816326 2.63265306122449  
93 241.0 2.142857142857143 2.326530612244898 2.1122448979591835 2.7551020408163267 1.8979591836734695 2.020408163265306 3.0 2.5408163265306123 1.2244897959183674 2.510204081632653 2.816326530612245 2.5714285714285716 2.693877551020408 1.4387755102040816 2.3877551020408165 2.0816326530612246 1.7142857142857142 1.9285714285714286 1.7755102040816326 2.63265306122449  
52 154.34065923846114 1.4285714285714286 1.5510204081632653 1.4081632653061225 1.836734693877551 1.2653061224489797 1.346938775510204 2.0 1.6938775510204083 0.8163265306122449 1.6734693877551021 1.8775510204081634 1.7142857142857142 1.7959183673469388 0.9591836734693877 1.5918367346938775 1.3877551020408163 1.1428571428571428 1.2857142857142858 1.183673469387755 1.7551020408163265  
56 183.6423217209955 2.142857142857143 2.326530612244898 2.1122448979591835 2.7551020408163267 1.8979591836734695 2.020408163265306 3.0 2.5408163265306123 1.2244897959183674 2.510204081632653 2.816326530612245 2.5714285714285716 2.693877551020408 1.4387755102040816 2.3877551020408165 2.0816326530612246 1.7142857142857142 1.9285714285714286 1.7755102040816326 2.63265306122449  
91 180.5670969212959 1.4285714285714286 1.5510204081632653 1.4081632653061225 1.836734693877551 1.2653061224489797 1.346938775510204 2.0 1.6938775510204083 0.8163265306122449 1.6734693877551021 1.8775510204081634 1.7142857142857142 1.7959183673469388 0.9591836734693877 1.5918367346938775 1.3877551020408163 1.1428571428571428 1.2857142857142858 1.183673469387755 1.7551020408163265  
113 32.524694420987636 1.4285714285714286 1.5510204081632653 1.4081632653061225 1.836734693877551 1.2653061224489797 1.346938775510204 2.0 1.6938775510204083 0.8163265306122449 1.6734693877551021 1.8775510204081634 1.7142857142857142 1.7959183673469388 0.9591836734693877 1.5918367346938775 1.3877551020408163 1.1428571428571428 1.2857142857142858 1.183673469387755 1.7551020408163265  
169 68.46504705712114 1.4285714285714286 1.5510204081632653 1.4081632653061225 1.836734693877551 1.2653061224489797 1.346938775510204 2.0 1.6938775510204083 0.8163265306122449 1.6734693877551021 1.8775510204081634 1.7142857142857142 1.7959183673469388 0.9591836734693877 1.5918367346938775 1.3877551020408163 1.1428571428571428 1.2857142857142858 1.183673469387755 1.7551020408163265  
59 111.90042507512328 1.4285714285714286 1.5510204081632653 1.4081632653061225 1.836734693877551 1.2653061224489797 1.346938775510204 2.0 1.6938775510204083 0.8163265306122449 1.6734693877551021 1.8775510204081634 1.7142857142857142 1.7959183673469388 0.9591836734693877 1.5918367346938775 1.3877551020408163 1.1428571428571428 1.2857142857142858 1.183673469387755 1.7551020408163265  
148 164.21850431716075 1.4285714285714286 1.5510204081632653 1.4081632653061225 1.836734693877551 1.2653061224489797 1.346938775510204 2.0 1.6938775510204083 0.8163265306122449 1.6734693877551021 1.8775510204081634 1.7142857142857142 1.7959183673469388 0.9591836734693877 1.5918367346938775 1.3877551020408163 1.1428571428571428 1.2857142857142858 1.183673469387755 1.7551020408163265  
152 103.96374783372309 2.142857142857143 2.326530612244898 2.1122448979591835 2.7551020408163267 1.8979591836734695 2.020408163265306 3.0 2.5408163265306123 1.2244897959183674 2.510204081632653 2.816326530612245 2.5714285714285716 2.693877551020408 1.4387755102040816 2.3877551020408165 2.0816326530612246 1.7142857142857142 1.9285714285714286 1.7755102040816326 2.63265306122449  
3 8.922711675633352 2.142857142857143 2.326530612244898 2.1122448979591835 2.7551020408163267 1.8979591836734695 2.020408163265306 3.0 2.5408163265306123 1.2244897959183674 2.510204081632653 2.816326530612245 2.5714285714285716 2.693877551020408 1.4387755102040816 2.3877551020408165 2.0816326530612246 1.7142857142857142 1.9285714285714286 1.7755102040816326 2.63265306122449  
45 240.78799005065278 2.142857142857143 2.326530612244898 2.1122448979591835 2.7551020408163267 1.8979591836734695 2.020408163265306 3.0 2.5408163265306123 1.2244897959183674 2.510204081632653 2.816326530612245 2.5714285714285716 2.693877551020408 1.4387755102040816 2.3877551020408165 2.0816326530612246 1.7142857142857142 1.9285714285714286 1.7755102040816326 2.63265306122449  
47 268.93853728622605 1.4285714285714286 1.5510204081632653 1.4081632653061225 1.836734693877551 1.2653061224489797 1.346938775510204 2.0 1.6938775510204083 0.8163265306122449 1.6734693877551021 1.8775510204081634 1.7142857142857142 1.7959183673469388 0.9591836734693877 1.5918367346938775 1.3877551020408163 1.1428571428571428 1.2857142857142858 1.183673469387755 1.7551020408163265  
71 45.38330198350545 1.4285714285714286 1.5510204081632653 1.4081632653061225 1.836734693877551 1.2653061224489797 1.346938775510204 2.0 1.6938775510204083 0.8163265306122449 1.6734693877551021 1.8775510204081634 1.7142857142857142 1.7959183673469388 0.9591836734693877 1.5918367346938775 1.3877551020408163 1.1428571428571428 1.2857142857142858 1.183673469387755 1.7551020408163265  
5 122.33048143103778 1.4285714285714286 1.5510204081632653 1.4081632653061225 1.836734693877551 1.2653061224489797 1.346938775510204 2.0 1.6938775510204083 0.8163265306122449 1.6734693877551021 1.8775510204081634 1.7142857142857142 1.7959183673469388 0.9591836734693877 1.5918367346938775 1.3877551020408163 1.1428571428571428 1.2857142857142858 1.183673469387755 1.7551020408163265  
167 5.554147666159047 1.4285714285714286 1.5510204081632653 1.4081632653061225 1.836734693877551 1.2653061224489797 1.346938775510204 2.0 1.6938775510204083 0.8163265306122449 1.6734693877551021 1.8775510204081634 1.7142857142857142 1.7959183673469388 0.9591836734693877 1.5918367346938775 1.3877551020408163 1.1428571428571428 1.2857142857142858 1.183673469387755 1.7551020408163265  
149 316.57904398187475 2.142857142857143 2.326530612244898 2.1122448979591835 2.7551020408163267 1.8979591836734695 2.020408163265306 3.0 2.5408163265306123 1.2244897959183674 2.510204081632653 2.816326530612245 2.5714285714285716 2.693877551020408 1.4387755102040816 2.3877551020408165 2.0816326530612246 1.7142857142857142 1.9285714285714286 1.7755102040816326 2.63265306122449  
174 15.472254185632389 1.4285714285714286 1.5510204081632653 1.4081632653061225 1.836734693877551 1.2653061224489797 1.346938775510204 2.0 1.6938775510204083 0.8163265306122449 1.6734693877551021 1.8775510204081634 1.7142857142857142 1.7959183673469388 0.9591836734693877 1.5918367346938775 1.3877551020408163 1.1428571428571428 1.2857142857142858 1.183673469387755 1.7551020408163265  
163 100.00143454183677 2.142857142857143 2.326530612244898 2.1122448979591835 2.7551020408163267 1.8979591836734695 2.020408163265306 3.0 2.5408163265306123 1.2244897959183674 2.510204081632653 2.816326530612245 2.5714285714285716 2.693877551020408 1.4387755102040816 2.3877551020408165 2.0816326530612246 1.7142857142857142 1.9285714285714286 1.7755102040816326 2.63265306122449  
7 220.24828238542622 1.4285714285714286 1.5510204081632653 1.4081632653061225 1.836734693877551 1.2653061224489797 1.346938775510204 2.0 1.6938775510204083 0.8163265306122449 1.6734693877551021 1.8775510204081634 1.7142857142857142 1.7959183673469388 0.9591836734693877 1.5918367346938775 1.3877551020408163 1.1428571428571428 1.2857142857142858 1.183673469387755 1.7551020408163265  
40 27.30187905645304 1.4285714285714286 1.5510204081632653 1.4081632653061225 1.836734693877551 1.2653061224489797 1.346938775510204 2.0 1.6938775510204083 0.8163265306122449 1.6734693877551021 1.8775510204081634 1.7142857142857142 1.7959183673469388 0.9591836734693877 1.5918367346938775 1.3877551020408163 1.1428571428571428 1.2857142857142858 1.183673469387755 1.7551020408163265  
82 64.82123138752355 1.4285714285714286 1.5510204081632653 1.4081632653061225 1.836734693877551 1.2653061224489797 1.346938775510204 2.0 1.6938775510204083 0.8163265306122449 1.6734693877551021 1.8775510204081634 1.7142857142857142 1.7959183673469388 0.9591836734693877 1.5918367346938775 1.3877551020408163 1.1428571428571428 1.2857142857142858 1.183673469387755 1.7551020408163265  
44 480.0 2.142857142857143 2.326530612244898 2.1122448979591835 2.7551020408163267 1.8979591836734695 2.020408163265306 3.0 2.5408163265306123 1.2244897959183674 2.510204081632653 2.816326530612245 2.5714285714285716 2.693877551020408 1.4387755102040816 2.3877551020408165 2.0816326530612246 1.7142857142857142 1.9285714285714286 1.7755102040816326 2.63265306122449  
37 294.0875097396208 2.142857142857143 2.326530612244898 2.1122448979591835 2.7551020408163267 1.8979591836734695 2.020408163265306 3.0 2.5408163265306123 1.2244897959183674 2.510204081632653 2.816326530612245 2.5714285714285716 2.693877551020408 1.4387755102040816 2.3877551020408165 2.0816326530612246 1.7142857142857142 1.9285714285714286 1.7755102040816326 2.63265306122449  
48 392.05603540740725 1.4285714285714286 1.5510204081632653 1.4081632653061225 1.836734693877551 1.2653061224489797 1.346938775510204 2.0 1.6938775510204083 0.8163265306122449 1.6734693877551021 1.8775510204081634 1.7142857142857142 1.7959183673469388 0.9591836734693877 1.5918367346938775 1.3877551020408163 1.1428571428571428 1.2857142857142858 1.183673469387755 1.7551020408163265  
133 106.1931155970366 2.142857142857143 2.326530612244898 2.1122448979591835 2.7551020408163267 1.8979591836734695 2.020408163265306 3.0 2.5408163265306123 1.2244897959183674 2.510204081632653 2.816326530612245 2.5714285714285716 2.693877551020408 1.4387755102040816 2.3877551020408165 2.0816326530612246 1.7142857142857142 1.9285714285714286 1.7755102040816326 2.63265306122449  
118 122.32473288107018 2.142857142857143 2.326530612244898 2.1122448979591835 2.7551020408163267 1.8979591836734695 2.020408163265306 3.0 2.5408163265306123 1.2244897959183674 2.510204081632653 2.816326530612245 2.5714285714285716 2.693877551020408 1.4387755102040816 2.3877551020408165 2.0816326530612246 1.7142857142857142 1.9285714285714286 1.7755102040816326 2.63265306122449  
141 166.4769843139335 1.4285714285714286 1.5510204081632653 1.4081632653061225 1.836734693877551 1.2653061224489797 1.346938775510204 2.0 1.6938775510204083 0.8163265306122449 1.6734693877551021 1.8775510204081634 1.7142857142857142 1.7959183673469388 0.9591836734693877 1.5918367346938775 1.3877551020408163 1.1428571428571428 1.2857142857142858 1.183673469387755 1.7551020408163265  
53 51.66281990600114 1.4285714285714286 1.5510204081632653 1.4081632653061225 1.836734693877551 1.2653061224489797 1.346938775510204 2.0 1.6938775510204083 0.8163265306122449 1.6734693877551021 1.8775510204081634 1.7142857142857142 1.7959183673469388 0.9591836734693877 1.5918367346938775 1.3877551020408163 1.1428571428571428 1.2857142857142858 1.183673469387755 1.7551020408163265  
98 78.06905029527383 2.142857142857143 2.326530612244898 2.1122448979591835 2.7551020408163267 1.8979591836734695 2.020408163265306 3.0 2.5408163265306123 1.2244897959183674 2.510204081632653 2.816326530612245 2.5714285714285716 2.693877551020408 1.4387755102040816 2.3877551020408165 2.0816326530612246 1.7142857142857142 1.9285714285714286 1.7755102040816326 2.63265306122449  
96 50.964519423179624 1.4285714285714286 1.5510204081632653 1.4081632653061225 1.836734693877551 1.2653061224489797 1.346938775510204 2.0 1.6938775510204083 0.8163265306122449 1.6734693877551021 1.8775510204081634 1.7142857142857142 1.7959183673469388 0.9591836734693877 1.5918367346938775 1.3877551020408163 1.1428571428571428 1.2857142857142858 1.183673469387755 1.7551020408163265  
20 182.7398945024766 2.142857142857143 2.326530612244898 2.1122448979591835 2.7551020408163267 1.8979591836734695 2.020408163265306 3.0 2.5408163265306123 1.2244897959183674 2.510204081632653 2.816326530612245 2.5714285714285716 2.693877551020408 1.4387755102040816 2.3877551020408165 2.0816326530612246 1.7142857142857142 1.9285714285714286 1.7755102040816326 2.63265306122449  
63 36.16786740070654 2.142857142857143 2.326530612244898 2.1122448979591835 2.7551020408163267 1.8979591836734695 2.020408163265306 3.0 2.5408163265306123 1.2244897959183674 2.510204081632653 2.816326530612245 2.5714285714285716 2.693877551020408 1.4387755102040816 2.3877551020408165 2.0816326530612246 1.7142857142857142 1.9285714285714286 1.7755102040816326 2.63265306122449  
94 41.802973717643965 2.142857142857143 2.326530612244898 2.1122448979591835 2.7551020408163267 1.8979591836734695 2.020408163265306 3.0 2.5408163265306123 1.2244897959183674 2.510204081632653 2.816326530612245 2.5714285714285716 2.693877551020408 1.4387755102040816 2.3877551020408165 2.0816326530612246 1.7142857142857142 1.9285714285714286 1.7755102040816326 2.63265306122449  
55 154.05286409305762 1.4285714285714286 1.5510204081632653 1.4081632653061225 1.836734693877551 1.2653061224489797 1.346938775510204 2.0 1.6938775510204083 0.8163265306122449 1.6734693877551021 1.8775510204081634 1.7142857142857142 1.7959183673469388 0.9591836734693877 1.5918367346938775 1.3877551020408163 1.1428571428571428 1.2857142857142858 1.183673469387755 1.7551020408163265  
75 84.18920490141198 2.142857142857143 2.326530612244898 2.1122448979591835 2.7551020408163267 1.8979591836734695 2.020408163265306 3.0 2.5408163265306123 1.2244897959183674 2.510204081632653 2.816326530612245 2.5714285714285716 2.693877551020408 1.4387755102040816 2.3877551020408165 2.0816326530612246 1.7142857142857142 1.9285714285714286 1.7755102040816326 2.63265306122449  
168 18.548417770484708 1.4285714285714286 1.5510204081632653 1.4081632653061225 1.836734693877551 1.2653061224489797 1.346938775510204 2.0 1.6938775510204083 0.8163265306122449 1.6734693877551021 1.8775510204081634 1.7142857142857142 1.7959183673469388 0.9591836734693877 1.5918367346938775 1.3877551020408163 1.1428571428571428 1.2857142857142858 1.183673469387755 1.7551020408163265  
24 75.6933864586151 2.142857142857143 2.326530612244898 2.1122448979591835 2.7551020408163267 1.8979591836734695 2.020408163265306 3.0 2.5408163265306123 1.2244897959183674 2.510204081632653 2.816326530612245 2.5714285714285716 2.693877551020408 1.4387755102040816 2.3877551020408165 2.0816326530612246 1.7142857142857142 1.9285714285714286 1.7755102040816326 2.63265306122449  
103 78.24818943327068 2.142857142857143 2.326530612244898 2.1122448979591835 2.7551020408163267 1.8979591836734695 2.020408163265306 3.0 2.5408163265306123 1.2244897959183674 2.510204081632653 2.816326530612245 2.5714285714285716 2.693877551020408 1.4387755102040816 2.3877551020408165 2.0816326530612246 1.7142857142857142 1.9285714285714286 1.7755102040816326 2.63265306122449  
137 466.0 1.4285714285714286 1.5510204081632653 1.4081632653061225 1.836734693877551 1.2653061224489797 1.346938775510204 2.0 1.6938775510204083 0.8163265306122449 1.6734693877551021 1.8775510204081634 1.7142857142857142 1.7959183673469388 0.9591836734693877 1.5918367346938775 1.3877551020408163 1.1428571428571428 1.2857142857142858 1.183673469387755 1.7551020408163265  
60 226.93135201641476 1.4285714285714286 1.5510204081632653 1.4081632653061225 1.836734693877551 1.2653061224489797 1.346938775510204 2.0 1.6938775510204083 0.8163265306122449 1.6734693877551021 1.8775510204081634 1.7142857142857142 1.7959183673469388 0.9591836734693877 1.5918367346938775 1.3877551020408163 1.1428571428571428 1.2857142857142858 1.183673469387755 1.7551020408163265  
112 20.33002948216219 2.142857142857143 2.326530612244898 2.1122448979591835 2.7551020408163267 1.8979591836734695 2.020408163265306 3.0 2.5408163265306123 1.2244897959183674 2.510204081632653 2.816326530612245 2.5714285714285716 2.693877551020408 1.4387755102040816 2.3877551020408165 2.0816326530612246 1.7142857142857142 1.9285714285714286 1.7755102040816326 2.63265306122449  
16 213.83349948850432 1.4285714285714286 1.5510204081632653 1.4081632653061225 1.836734693877551 1.2653061224489797 1.346938775510204 2.0 1.6938775510204083 0.8163265306122449 1.6734693877551021 1.8775510204081634 1.7142857142857142 1.7959183673469388 0.9591836734693877 1.5918367346938775 1.3877551020408163 1.1428571428571428 1.2857142857142858 1.183673469387755 1.7551020408163265  
99 1054.0 2.142857142857143 2.326530612244898 2.1122448979591835 2.7551020408163267 1.8979591836734695 2.020408163265306 3.0 2.5408163265306123 1.2244897959183674 2.510204081632653 2.816326530612245 2.5714285714285716 2.693877551020408 1.4387755102040816 2.3877551020408165 2.0816326530612246 1.7142857142857142 1.9285714285714286 1.7755102040816326 2.63265306122449  
49 272.41367858025103 2.142857142857143 2.326530612244898 2.1122448979591835 2.7551020408163267 1.8979591836734695 2.020408163265306 3.0 2.5408163265306123 1.2244897959183674 2.510204081632653 2.816326530612245 2.5714285714285716 2.693877551020408 1.4387755102040816 2.3877551020408165 2.0816326530612246 1.7142857142857142 1.9285714285714286 1.7755102040816326 2.63265306122449  
68 111.82558406356961 1.4285714285714286 1.5510204081632653 1.4081632653061225 1.836734693877551 1.2653061224489797 1.346938775510204 2.0 1.6938775510204083 0.8163265306122449 1.6734693877551021 1.8775510204081634 1.7142857142857142 1.7959183673469388 0.9591836734693877 1.5918367346938775 1.3877551020408163 1.1428571428571428 1.2857142857142858 1.183673469387755 1.7551020408163265  
83 85.19526130655395 2.142857142857143 2.326530612244898 2.1122448979591835 2.7551020408163267 1.8979591836734695 2.020408163265306 3.0 2.5408163265306123 1.2244897959183674 2.510204081632653 2.816326530612245 2.5714285714285716 2.693877551020408 1.4387755102040816 2.3877551020408165 2.0816326530612246 1.7142857142857142 1.9285714285714286 1.7755102040816326 2.63265306122449  
2 11.253328993802485 1.4285714285714286 1.5510204081632653 1.4081632653061225 1.836734693877551 1.2653061224489797 1.346938775510204 2.0 1.6938775510204083 0.8163265306122449 1.6734693877551021 1.8775510204081634 1.7142857142857142 1.7959183673469388 0.9591836734693877 1.5918367346938775 1.3877551020408163 1.1428571428571428 1.2857142857142858 1.183673469387755 1.7551020408163265  
51 310.6582246353843 1.4285714285714286 1.5510204081632653 1.4081632653061225 1.836734693877551 1.2653061224489797 1.346938775510204 2.0 1.6938775510204083 0.8163265306122449 1.6734693877551021 1.8775510204081634 1.7142857142857142 1.7959183673469388 0.9591836734693877 1.5918367346938775 1.3877551020408163 1.1428571428571428 1.2857142857142858 1.183673469387755 1.7551020408163265  
101 91.69148557791792 2.142857142857143 2.326530612244898 2.1122448979591835 2.7551020408163267 1.8979591836734695 2.020408163265306 3.0 2.5408163265306123 1.2244897959183674 2.510204081632653 2.816326530612245 2.5714285714285716 2.693877551020408 1.4387755102040816 2.3877551020408165 2.0816326530612246 1.7142857142857142 1.9285714285714286 1.7755102040816326 2.63265306122449  
4 29.662452775776366 2.142857142857143 2.326530612244898 2.1122448979591835 2.7551020408163267 1.8979591836734695 2.020408163265306 3.0 2.5408163265306123 1.2244897959183674 2.510204081632653 2.816326530612245 2.5714285714285716 2.693877551020408 1.4387755102040816 2.3877551020408165 2.0816326530612246 1.7142857142857142 1.9285714285714286 1.7755102040816326 2.63265306122449  
108 225.96055856573105 2.142857142857143 2.326530612244898 2.1122448979591835 2.7551020408163267 1.8979591836734695 2.020408163265306 3.0 2.5408163265306123 1.2244897959183674 2.510204081632653 2.816326530612245 2.5714285714285716 2.693877551020408 1.4387755102040816 2.3877551020408165 2.0816326530612246 1.7142857142857142 1.9285714285714286 1.7755102040816326 2.63265306122449  
36 149.60186193187081 1.4285714285714286 1.5510204081632653 1.4081632653061225 1.836734693877551 1.2653061224489797 1.346938775510204 2.0 1.6938775510204083 0.8163265306122449 1.6734693877551021 1.8775510204081634 1.7142857142857142 1.7959183673469388 0.9591836734693877 1.5918367346938775 1.3877551020408163 1.1428571428571428 1.2857142857142858 1.183673469387755 1.7551020408163265  
116 122.58531317545189 2.142857142857143 2.326530612244898 2.1122448979591835 2.7551020408163267 1.8979591836734695 2.020408163265306 3.0 2.5408163265306123 1.2244897959183674 2.510204081632653 2.816326530612245 2.5714285714285716 2.693877551020408 1.4387755102040816 2.3877551020408165 2.0816326530612246 1.7142857142857142 1.9285714285714286 1.7755102040816326 2.63265306122449  
11 182.5309697089213 2.142857142857143 2.326530612244898 2.1122448979591835 2.7551020408163267 1.8979591836734695 2.020408163265306 3.0 2.5408163265306123 1.2244897959183674 2.510204081632653 2.816326530612245 2.5714285714285716 2.693877551020408 1.4387755102040816 2.3877551020408165 2.0816326530612246 1.7142857142857142 1.9285714285714286 1.7755102040816326 2.63265306122449  
80 14.966033234774812 2.142857142857143 2.326530612244898 2.1122448979591835 2.7551020408163267 1.8979591836734695 2.020408163265306 3.0 2.5408163265306123 1.2244897959183674 2.510204081632653 2.816326530612245 2.5714285714285716 2.693877551020408 1.4387755102040816 2.3877551020408165 2.0816326530612246 1.7142857142857142 1.9285714285714286 1.7755102040816326 2.63265306122449  
144 101.68255749850523 2.142857142857143 2.326530612244898 2.1122448979591835 2.7551020408163267 1.8979591836734695 2.020408163265306 3.0 2.5408163265306123 1.2244897959183674 2.510204081632653 2.816326530612245 2.5714285714285716 2.693877551020408 1.4387755102040816 2.3877551020408165 2.0816326530612246 1.7142857142857142 1.9285714285714286 1.7755102040816326 2.63265306122449  
138 105.08728911793034 1.4285714285714286 1.5510204081632653 1.4081632653061225 1.836734693877551 1.2653061224489797 1.346938775510204 2.0 1.6938775510204083 0.8163265306122449 1.6734693877551021 1.8775510204081634 1.7142857142857142 1.7959183673469388 0.9591836734693877 1.5918367346938775 1.3877551020408163 1.1428571428571428 1.2857142857142858 1.183673469387755 1.7551020408163265  
153 129.19056034819113 1.4285714285714286 1.5510204081632653 1.4081632653061225 1.836734693877551 1.2653061224489797 1.346938775510204 2.0 1.6938775510204083 0.8163265306122449 1.6734693877551021 1.8775510204081634 1.7142857142857142 1.7959183673469388 0.9591836734693877 1.5918367346938775 1.3877551020408163 1.1428571428571428 1.2857142857142858 1.183673469387755 1.7551020408163265  
157 34.750823286255866 2.142857142857143 2.326530612244898 2.1122448979591835 2.7551020408163267 1.8979591836734695 2.020408163265306 3.0 2.5408163265306123 1.2244897959183674 2.510204081632653 2.816326530612245 2.5714285714285716 2.693877551020408 1.4387755102040816 2.3877551020408165 2.0816326530612246 1.7142857142857142 1.9285714285714286 1.7755102040816326 2.63265306122449  
123 151.13416393743955 1.4285714285714286 1.5510204081632653 1.4081632653061225 1.836734693877551 1.2653061224489797 1.346938775510204 2.0 1.6938775510204083 0.8163265306122449 1.6734693877551021 1.8775510204081634 1.7142857142857142 1.7959183673469388 0.9591836734693877 1.5918367346938775 1.3877551020408163 1.1428571428571428 1.2857142857142858 1.183673469387755 1.7551020408163265  
140 114.23461350150602 1.4285714285714286 1.5510204081632653 1.4081632653061225 1.836734693877551 1.2653061224489797 1.346938775510204 2.0 1.6938775510204083 0.8163265306122449 1.6734693877551021 1.8775510204081634 1.7142857142857142 1.7959183673469388 0.9591836734693877 1.5918367346938775 1.3877551020408163 1.1428571428571428 1.2857142857142858 1.183673469387755 1.7551020408163265  
30 70.06327477358207 2.142857142857143 2.326530612244898 2.1122448979591835 2.7551020408163267 1.8979591836734695 2.020408163265306 3.0 2.5408163265306123 1.2244897959183674 2.510204081632653 2.816326530612245 2.5714285714285716 2.693877551020408 1.4387755102040816 2.3877551020408165 2.0816326530612246 1.7142857142857142 1.9285714285714286 1.7755102040816326 2.63265306122449  
127 109.16298108788257 2.142857142857143 2.326530612244898 2.1122448979591835 2.7551020408163267 1.8979591836734695 2.020408163265306 3.0 2.5408163265306123 1.2244897959183674 2.510204081632653 2.816326530612245 2.5714285714285716 2.693877551020408 1.4387755102040816 2.3877551020408165 2.0816326530612246 1.7142857142857142 1.9285714285714286 1.7755102040816326 2.63265306122449  
126 585.0 1.4285714285714286 1.5510204081632653 1.4081632653061225 1.836734693877551 1.2653061224489797 1.346938775510204 2.0 1.6938775510204083 0.8163265306122449 1.6734693877551021 1.8775510204081634 1.7142857142857142 1.7959183673469388 0.9591836734693877 1.5918367346938775 1.3877551020408163 1.1428571428571428 1.2857142857142858 1.183673469387755 1.7551020408163265  
33 106.45525560025135 2.142857142857143 2.326530612244898 2.1122448979591835 2.7551020408163267 1.8979591836734695 2.020408163265306 3.0 2.5408163265306123 1.2244897959183674 2.510204081632653 2.816326530612245 2.5714285714285716 2.693877551020408 1.4387755102040816 2.3877551020408165 2.0816326530612246 1.7142857142857142 1.9285714285714286 1.7755102040816326 2.63265306122449  
15 163.68809368964784 2.142857142857143 2.326530612244898 2.1122448979591835 2.7551020408163267 1.8979591836734695 2.020408163265306 3.0 2.5408163265306123 1.2244897959183674 2.510204081632653 2.816326530612245 2.5714285714285716 2.693877551020408 1.4387755102040816 2.3877551020408165 2.0816326530612246 1.7142857142857142 1.9285714285714286 1.7755102040816326 2.63265306122449  
72 104.47594328598716 1.4285714285714286 1.5510204081632653 1.4081632653061225 1.836734693877551 1.2653061224489797 1.346938775510204 2.0 1.6938775510204083 0.8163265306122449 1.6734693877551021 1.8775510204081634 1.7142857142857142 1.7959183673469388 0.9591836734693877 1.5918367346938775 1.3877551020408163 1.1428571428571428 1.2857142857142858 1.183673469387755 1.7551020408163265  
143 169.05429039143604 1.4285714285714286 1.5510204081632653 1.4081632653061225 1.836734693877551 1.2653061224489797 1.346938775510204 2.0 1.6938775510204083 0.8163265306122449 1.6734693877551021 1.8775510204081634 1.7142857142857142 1.7959183673469388 0.9591836734693877 1.5918367346938775 1.3877551020408163 1.1428571428571428 1.2857142857142858 1.183673469387755 1.7551020408163265  
177 62.95527356772271 1.4285714285714286 1.5510204081632653 1.4081632653061225 1.836734693877551 1.2653061224489797 1.346938775510204 2.0 1.6938775510204083 0.8163265306122449 1.6734693877551021 1.8775510204081634 1.7142857142857142 1.7959183673469388 0.9591836734693877 1.5918367346938775 1.3877551020408163 1.1428571428571428 1.2857142857142858 1.183673469387755 1.7551020408163265  
57 381.11206503063147 2.142857142857143 2.326530612244898 2.1122448979591835 2.7551020408163267 1.8979591836734695 2.020408163265306 3.0 2.5408163265306123 1.2244897959183674 2.510204081632653 2.816326530612245 2.5714285714285716 2.693877551020408 1.4387755102040816 2.3877551020408165 2.0816326530612246 1.7142857142857142 1.9285714285714286 1.7755102040816326 2.63265306122449  
135 125.44351954023915 2.142857142857143 2.326530612244898 2.1122448979591835 2.7551020408163267 1.8979591836734695 2.020408163265306 3.0 2.5408163265306123 1.2244897959183674 2.510204081632653 2.816326530612245 2.5714285714285716 2.693877551020408 1.4387755102040816 2.3877551020408165 2.0816326530612246 1.7142857142857142 1.9285714285714286 1.7755102040816326 2.63265306122449  
122 48.499500406825085 1.4285714285714286 1.5510204081632653 1.4081632653061225 1.836734693877551 1.2653061224489797 1.346938775510204 2.0 1.6938775510204083 0.8163265306122449 1.6734693877551021 1.8775510204081634 1.7142857142857142 1.7959183673469388 0.9591836734693877 1.5918367346938775 1.3877551020408163 1.1428571428571428 1.2857142857142858 1.183673469387755 1.7551020408163265  
150 259.4159228496465 1.4285714285714286 1.5510204081632653 1.4081632653061225 1.836734693877551 1.2653061224489797 1.346938775510204 2.0 1.6938775510204083 0.8163265306122449 1.6734693877551021 1.8775510204081634 1.7142857142857142 1.7959183673469388 0.9591836734693877 1.5918367346938775 1.3877551020408163 1.1428571428571428 1.2857142857142858 1.183673469387755 1.7551020408163265  
164 17.614296272674874 2.142857142857143 2.326530612244898 2.1122448979591835 2.7551020408163267 1.8979591836734695 2.020408163265306 3.0 2.5408163265306123 1.2244897959183674 2.510204081632653 2.816326530612245 2.5714285714285716 2.693877551020408 1.4387755102040816 2.3877551020408165 2.0816326530612246 1.7142857142857142 1.9285714285714286 1.7755102040816326 2.63265306122449  
111 42.87849166034713 2.142857142857143 2.326530612244898 2.1122448979591835 2.7551020408163267 1.8979591836734695 2.020408163265306 3.0 2.5408163265306123 1.2244897959183674 2.510204081632653 2.816326530612245 2.5714285714285716 2.693877551020408 1.4387755102040816 2.3877551020408165 2.0816326530612246 1.7142857142857142 1.9285714285714286 1.7755102040816326 2.63265306122449  
162 268.7798296735684 2.142857142857143 2.326530612244898 2.1122448979591835 2.7551020408163267 1.8979591836734695 2.020408163265306 3.0 2.5408163265306123 1.2244897959183674 2.510204081632653 2.816326530612245 2.5714285714285716 2.693877551020408 1.4387755102040816 2.3877551020408165 2.0816326530612246 1.7142857142857142 1.9285714285714286 1.7755102040816326 2.63265306122449  
173 54.9171044680284 2.142857142857143 2.326530612244898 2.1122448979591835 2.7551020408163267 1.8979591836734695 2.020408163265306 3.0 2.5408163265306123 1.2244897959183674 2.510204081632653 2.816326530612245 2.5714285714285716 2.693877551020408 1.4387755102040816 2.3877551020408165 2.0816326530612246 1.7142857142857142 1.9285714285714286 1.7755102040816326 2.63265306122449  
139 157.1141170930236 2.142857142857143 2.326530612244898 2.1122448979591835 2.7551020408163267 1.8979591836734695 2.020408163265306 3.0 2.5408163265306123 1.2244897959183674 2.510204081632653 2.816326530612245 2.5714285714285716 2.693877551020408 1.4387755102040816 2.3877551020408165 2.0816326530612246 1.7142857142857142 1.9285714285714286 1.7755102040816326 2.63265306122449  
69 70.54463894609555 2.142857142857143 2.326530612244898 2.1122448979591835 2.7551020408163267 1.8979591836734695 2.020408163265306 3.0 2.5408163265306123 1.2244897959183674 2.510204081632653 2.816326530612245 2.5714285714285716 2.693877551020408 1.4387755102040816 2.3877551020408165 2.0816326530612246 1.7142857142857142 1.9285714285714286 1.7755102040816326 2.63265306122449  
172 20.467817174229673 1.4285714285714286 1.5510204081632653 1.4081632653061225 1.836734693877551 1.2653061224489797 1.346938775510204 2.0 1.6938775510204083 0.8163265306122449 1.6734693877551021 1.8775510204081634 1.7142857142857142 1.7959183673469388 0.9591836734693877 1.5918367346938775 1.3877551020408163 1.1428571428571428 1.2857142857142858 1.183673469387755 1.7551020408163265  
106 204.32710945094777 2.142857142857143 2.326530612244898 2.1122448979591835 2.7551020408163267 1.8979591836734695 2.020408163265306 3.0 2.5408163265306123 1.2244897959183674 2.510204081632653 2.816326530612245 2.5714285714285716 2.693877551020408 1.4387755102040816 2.3877551020408165 2.0816326530612246 1.7142857142857142 1.9285714285714286 1.7755102040816326 2.63265306122449  
65 157.30583823857668 2.142857142857143 2.326530612244898 2.1122448979591835 2.7551020408163267 1.8979591836734695 2.020408163265306 3.0 2.5408163265306123 1.2244897959183674 2.510204081632653 2.816326530612245 2.5714285714285716 2.693877551020408 1.4387755102040816 2.3877551020408165 2.0816326530612246 1.7142857142857142 1.9285714285714286 1.7755102040816326 2.63265306122449  
46 418.2946704697667 1.4285714285714286 1.5510204081632653 1.4081632653061225 1.836734693877551 1.2653061224489797 1.346938775510204 2.0 1.6938775510204083 0.8163265306122449 1.6734693877551021 1.8775510204081634 1.7142857142857142 1.7959183673469388 0.9591836734693877 1.5918367346938775 1.3877551020408163 1.1428571428571428 1.2857142857142858 1.183673469387755 1.7551020408163265  
86 197.4268391742047 1.4285714285714286 1.5510204081632653 1.4081632653061225 1.836734693877551 1.2653061224489797 1.346938775510204 2.0 1.6938775510204083 0.8163265306122449 1.6734693877551021 1.8775510204081634 1.7142857142857142 1.7959183673469388 0.9591836734693877 1.5918367346938775 1.3877551020408163 1.1428571428571428 1.2857142857142858 1.183673469387755 1.7551020408163265  
6 173.55820763923407 1.4285714285714286 1.5510204081632653 1.4081632653061225 1.836734693877551 1.2653061224489797 1.346938775510204 2.0 1.6938775510204083 0.8163265306122449 1.6734693877551021 1.8775510204081634 1.7142857142857142 1.7959183673469388 0.9591836734693877 1.5918367346938775 1.3877551020408163 1.1428571428571428 1.2857142857142858 1.183673469387755 1.7551020408163265  
10 247.54711913165247 2.142857142857143 2.326530612244898 2.1122448979591835 2.7551020408163267 1.8979591836734695 2.020408163265306 3.0 2.5408163265306123 1.2244897959183674 2.510204081632653 2.816326530612245 2.5714285714285716 2.693877551020408 1.4387755102040816 2.3877551020408165 2.0816326530612246 1.7142857142857142 1.9285714285714286 1.7755102040816326 2.63265306122449  
9 103.70655603327448 2.142857142857143 2.326530612244898 2.1122448979591835 2.7551020408163267 1.8979591836734695 2.020408163265306 3.0 2.5408163265306123 1.2244897959183674 2.510204081632653 2.816326530612245 2.5714285714285716 2.693877551020408 1.4387755102040816 2.3877551020408165 2.0816326530612246 1.7142857142857142 1.9285714285714286 1.7755102040816326 2.63265306122449  
176 36.1793019141731 1.4285714285714286 1.5510204081632653 1.4081632653061225 1.836734693877551 1.2653061224489797 1.346938775510204 2.0 1.6938775510204083 0.8163265306122449 1.6734693877551021 1.8775510204081634 1.7142857142857142 1.7959183673469388 0.9591836734693877 1.5918367346938775 1.3877551020408163 1.1428571428571428 1.2857142857142858 1.183673469387755 1.7551020408163265  
14 264.465455016711 2.142857142857143 2.326530612244898 2.1122448979591835 2.7551020408163267 1.8979591836734695 2.020408163265306 3.0 2.5408163265306123 1.2244897959183674 2.510204081632653 2.816326530612245 2.5714285714285716 2.693877551020408 1.4387755102040816 2.3877551020408165 2.0816326530612246 1.7142857142857142 1.9285714285714286 1.7755102040816326 2.63265306122449  
175 55.558559331690645 1.4285714285714286 1.5510204081632653 1.4081632653061225 1.836734693877551 1.2653061224489797 1.346938775510204 2.0 1.6938775510204083 0.8163265306122449 1.6734693877551021 1.8775510204081634 1.7142857142857142 1.7959183673469388 0.9591836734693877 1.5918367346938775 1.3877551020408163 1.1428571428571428 1.2857142857142858 1.183673469387755 1.7551020408163265  
92 138.88352370873662 1.4285714285714286 1.5510204081632653 1.4081632653061225 1.836734693877551 1.2653061224489797 1.346938775510204 2.0 1.6938775510204083 0.8163265306122449 1.6734693877551021 1.8775510204081634 1.7142857142857142 1.7959183673469388 0.9591836734693877 1.5918367346938775 1.3877551020408163 1.1428571428571428 1.2857142857142858 1.183673469387755 1.7551020408163265  
22 138.42703869967744 1.4285714285714286 1.5510204081632653 1.4081632653061225 1.836734693877551 1.2653061224489797 1.346938775510204 2.0 1.6938775510204083 0.8163265306122449 1.6734693877551021 1.8775510204081634 1.7142857142857142 1.7959183673469388 0.9591836734693877 1.5918367346938775 1.3877551020408163 1.1428571428571428 1.2857142857142858 1.183673469387755 1.7551020408163265  
105 95.53193194079455 2.142857142857143 2.326530612244898 2.1122448979591835 2.7551020408163267 1.8979591836734695 2.020408163265306 3.0 2.5408163265306123 1.2244897959183674 2.510204081632653 2.816326530612245 2.5714285714285716 2.693877551020408 1.4387755102040816 2.3877551020408165 2.0816326530612246 1.7142857142857142 1.9285714285714286 1.7755102040816326 2.63265306122449  
84 159.45661059483365 2.142857142857143 2.326530612244898 2.1122448979591835 2.7551020408163267 1.8979591836734695 2.020408163265306 3.0 2.5408163265306123 1.2244897959183674 2.510204081632653 2.816326530612245 2.5714285714285716 2.693877551020408 1.4387755102040816 2.3877551020408165 2.0816326530612246 1.7142857142857142 1.9285714285714286 1.7755102040816326 2.63265306122449  
73 88.70790509168181 2.142857142857143 2.326530612244898 2.1122448979591835 2.7551020408163267 1.8979591836734695 2.020408163265306 3.0 2.5408163265306123 1.2244897959183674 2.510204081632653 2.816326530612245 2.5714285714285716 2.693877551020408 1.4387755102040816 2.3877551020408165 2.0816326530612246 1.7142857142857142 1.9285714285714286 1.7755102040816326 2.63265306122449  
104 29.659222387332708 2.142857142857143 2.326530612244898 2.1122448979591835 2.7551020408163267 1.8979591836734695 2.020408163265306 3.0 2.5408163265306123 1.2244897959183674 2.510204081632653 2.816326530612245 2.5714285714285716 2.693877551020408 1.4387755102040816 2.3877551020408165 2.0816326530612246 1.7142857142857142 1.9285714285714286 1.7755102040816326 2.63265306122449  
134 101.12984343753106 2.142857142857143 2.326530612244898 2.1122448979591835 2.7551020408163267 1.8979591836734695 2.020408163265306 3.0 2.5408163265306123 1.2244897959183674 2.510204081632653 2.816326530612245 2.5714285714285716 2.693877551020408 1.4387755102040816 2.3877551020408165 2.0816326530612246 1.7142857142857142 1.9285714285714286 1.7755102040816326 2.63265306122449  
54 244.10166813974575 1.4285714285714286 1.5510204081632653 1.4081632653061225 1.836734693877551 1.2653061224489797 1.346938775510204 2.0 1.6938775510204083 0.8163265306122449 1.6734693877551021 1.8775510204081634 1.7142857142857142 1.7959183673469388 0.9591836734693877 1.5918367346938775 1.3877551020408163 1.1428571428571428 1.2857142857142858 1.183673469387755 1.7551020408163265  
170 3.8503787492750634 2.142857142857143 2.326530612244898 2.1122448979591835 2.7551020408163267 1.8979591836734695 2.020408163265306 3.0 2.5408163265306123 1.2244897959183674 2.510204081632653 2.816326530612245 2.5714285714285716 2.693877551020408 1.4387755102040816 2.3877551020408165 2.0816326530612246 1.7142857142857142 1.9285714285714286 1.7755102040816326 2.63265306122449  
130 106.15811956412702 2.142857142857143 2.326530612244898 2.1122448979591835 2.7551020408163267 1.8979591836734695 2.020408163265306 3.0 2.5408163265306123 1.2244897959183674 2.510204081632653 2.816326530612245 2.5714285714285716 2.693877551020408 1.4387755102040816 2.3877551020408165 2.0816326530612246 1.7142857142857142 1.9285714285714286 1.7755102040816326 2.63265306122449  
131 89.92356357659824 1.4285714285714286 1.5510204081632653 1.4081632653061225 1.836734693877551 1.2653061224489797 1.346938775510204 2.0 1.6938775510204083 0.8163265306122449 1.6734693877551021 1.8775510204081634 1.7142857142857142 1.7959183673469388 0.9591836734693877 1.5918367346938775 1.3877551020408163 1.1428571428571428 1.2857142857142858 1.183673469387755 1.7551020408163265  
166 99.69142561648849 1.4285714285714286 1.5510204081632653 1.4081632653061225 1.836734693877551 1.2653061224489797 1.346938775510204 2.0 1.6938775510204083 0.8163265306122449 1.6734693877551021 1.8775510204081634 1.7142857142857142 1.7959183673469388 0.9591836734693877 1.5918367346938775 1.3877551020408163 1.1428571428571428 1.2857142857142858 1.183673469387755 1.7551020408163265  
90 114.71563257716947 1.4285714285714286 1.5510204081632653 1.4081632653061225 1.836734693877551 1.2653061224489797 1.346938775510204 2.0 1.6938775510204083 0.8163265306122449 1.6734693877551021 1.8775510204081634 1.7142857142857142 1.7959183673469388 0.9591836734693877 1.5918367346938775 1.3877551020408163 1.1428571428571428 1.2857142857142858 1.183673469387755 1.7551020408163265  
