50 50
TREE NETWORK (nID nID Weight):
1 0 34.0 
7 0 32.0 
2 1 35.0 
8 7 48.0 
9 8 51.0 
5 1 33.0 
29 8 42.0 
10 9 45.0 
6 1 47.0 
3 2 51.0 
46 8 55.0 
30 29 47.0 
15 9 43.0 
21 9 45.0 
16 15 43.0 
31 29 49.0 
22 21 49.0 
24 21 47.0 
32 31 50.0 
11 10 35.0 
25 24 48.0 
49 7 56.0 
33 32 38.0 
19 15 57.0 
20 19 50.0 
39 29 47.0 
37 31 58.0 
17 16 59.0 
38 37 42.0 
34 33 49.0 
40 29 38.0 
44 29 48.0 
41 40 45.0 
47 46 42.0 
26 24 34.0 
18 17 42.0 
35 33 38.0 
28 21 50.0 
42 41 55.0 
27 24 44.0 
13 10 33.0 
45 44 45.0 
43 40 48.0 
12 11 48.0 
23 22 59.0 
48 47 49.0 
36 35 35.0 
14 13 47.0 
4 2 48.0 
PROGRAMS ASSIGNED TO NODES (nID pID1 pID2 ...):
0 1 2 3 4 5 6 7 8 9 10 11 12 13 14 15 16 17 18 19 20 21 22 23 24 25 26 27 28 29 30 31 32 33 34 35 36 37 38 39 40 41 42 43 44 45 46 47 48 49 50  
13 1 2 3 4 6 9 11 12 13 15 17 18 19 20 22 24 28 29 32 38 42 43 44 45 47 48 49  
12 13 16 21 27 32 34 36 38 45 49 50  
4 5 6 14 17 32 33 41 48  
46 1 2 4 5 8 12 19 21 29 30 31 34 40 41 44 45 46 47 48  
7 1 2 3 6 7 9 11 12 13 14 15 16 18 19 22 23 25 27 28 29 31 32 33 34 36 38 40 41 42 43 46 48 50  
19 25  
29 2 3 4 5 6 7 8 9 10 11 12 13 14 16 17 18 19 20 21 22 23 24 25 27 28 29 30 31 32 33 34 35 36 37 38 39 40 41 42 43 44 45 46 47 48 49 50  
32 3 25 26 30 38 40 42  
35 3 4 5 7 9 10 13 14 15 16 17 18 19 20 22 23 26 27 28 31 32 33 34 35 37 38 39 40 41 46 47 48 49 50  
9 1 2 4 5 6 8 9 10 11 12 13 14 15 16 17 19 20 21 23 24 25 26 27 28 29 32 33 34 35 36 37 38 40 41 42 43 44 45 46 48 49 50  
38 4 5 10 13 15 20 23 24 36 42 50  
30 3 4 5 6 7 9 10 15 16 17 19 22 24 25 27 28 29 30 39 40 42 43 44 45 49  
21 1 9 10 12 17 18 21 23 26 30 35 36 37 39 40 44 48  
10 1 2 3 4 5 6 7 9 10 13 14 15 16 17 18 20 21 22 23 26 27 28 30 31 34 35 36 37 38 39 40 42 43 44 45 47 49 50  
48 1 4 7 8 9 10 14 15 17 22 23 24 25 26 27 29 32 33 34 35 36 37 38 41 42 43 46 47 48 49 50  
40 2 14 15 18 23 39 42 47  
42 6 7 10 12 13 14 15 20 26 28 33 37 40 41 42 43 46 47  
33 1 3 4 6 7 9 10 12 13 14 15 17 19 20 22 23 24 25 27 28 30 31 32 33 34 36 37 38 39 40 42 43 44 46 47 48 49 50  
49 1 2 4 5 6 7 8 9 10 11 13 14 15 16 17 18 19 20 22 23 24 25 26 27 28 30 31 32 33 34 36 37 38 39 40 41 42 43 44 45 46 48 49  
45 1 3 5 6 10 14 15 16 17 19 21 22 26 29 31 34 36 37 38 39 40 43 49  
39 1 2 3 4 6 7 9 10 12 13 14 15 16 17 21 22 23 25 26 27 29 30 32 34 35 36 37 39 40 42 43 45 46 47 49 50  
6  
47 2 6 9 14 16 17 23 25 31 36 37 38 39 40 41 42 44 46 50  
26 1 2 4 5 6 8 9 10 11 15 16 17 18 19 20 21 22 23 24 25 27 28 29 30 31 32 33 36 37 38 39 40 41 42 43 44 45 47 48 49  
1 1 2 3 5 6 7 8 9 11 13 15 17 19 23 24 25 27 28 29 30 31 33 34 36 38 39 40 41 43 44 45 46 47 49 50  
17 10 11 12 21 29 31 33 34 35 37 48  
44 8 9 12 13 14 16 19 24 26 34 36 41 42 47  
23 1 2 7 10 11 15 19 28 32 36 39 41 43 47  
43 1 2 4 6 7 8 9 10 11 12 14 16 17 18 19 20 21 22 24 25 27 28 29 30 31 32 34 35 36 37 39 40 41 42 43 44 45 46 47 48 49 50  
15 3 5 8 16 19 22 26 27 28 29 33 34 40 41 43 44 46 48  
27 1 2 3 4 5 6 7 8 9 12 13 14 15 16 17 20 22 24 25 26 27 28 29 31 32 33 34 35 38 39 40 42 43 44 45 46 47 48 49 50  
8 14  
25 1 2 3 5 6 7 8 9 10 12 14 15 16 17 18 19 20 21 22 23 27 28 29 32 34 37 38 39 40 41 42 43 44 45 46 49 50  
5  
11 1 2 3 5 7 8 9 10 12 14 15 16 17 18 19 22 23 24 26 28 31 33 36 38 39 40 41 43 45 46 49  
36 4 5 7 19 20 25 30 32 33 35 40 44 49  
31 4 15 17 32 33 34 44 46  
41 2 3 5 7 10 15 16 21 22 25 26 32 35 36 37 40 41 48  
18 14 25  
22 18 23 27 43  
37 1 3 4 5 6 9 13 15 17 22 24 26 31 32 33 34  
28 3 5 6 7 9 10 15 19 20 22 23 28 29 33 50  
14 1 2 3 4 5 6 7 8 9 10 11 12 14 15 16 17 18 20 21 22 23 25 26 27 28 29 30 31 32 33 34 35 36 37 38 39 40 41 42 43 44 45 46 47 48 49 50  
3 3 4 12 14 18 22 26 29 30 32 33 35 38 40 41 45 46  
34 38  
24 1 3 4 5 9 10 11 14 15 22 24 26 30 32 34 35 37 41 43 47  
16 2 4 5 7 8 9 10 16 17 20 22 24 25 27 28 30 33 34 35 36 37 38 40 42 43 44 47 49 50  
20 32 42 47  
2 1 3 4 7 8 9 10 11 12 14 15 16 17 18 19 20 24 25 26 27 28 29 30 31 32 34 35 36 38 39 40 41 42 45 47 48 49 50  
SIZE OF PROGRAMS (pID SIZE):
1 74.0 
2 66.0 
3 84.0 
4 54.0 
5 40.0 
6 67.0 
7 92.0 
8 66.0 
9 81.0 
10 83.0 
11 79.0 
12 58.0 
13 68.0 
14 82.0 
15 94.0 
16 86.0 
17 43.0 
18 92.0 
19 56.0 
20 53.0 
21 41.0 
22 58.0 
23 96.0 
24 81.0 
25 76.0 
26 56.0 
27 45.0 
28 51.0 
29 94.0 
30 86.0 
31 81.0 
32 65.0 
33 69.0 
34 76.0 
35 70.0 
36 40.0 
37 83.0 
38 95.0 
39 69.0 
40 48.0 
41 67.0 
42 54.0 
43 82.0 
44 94.0 
45 90.0 
46 86.0 
47 50.0 
48 55.0 
49 58.0 
50 90.0 
COST_INSTALL_SERVER_AND_PROGRAMS :
0 12012.5 2.3125 2.0625 2.625 1.6875 1.25 2.09375 2.875 2.0625 2.53125 2.59375 2.46875 1.8125 2.125 2.5625 2.9375 2.6875 1.34375 2.875 1.75 1.65625 1.28125 1.8125 3.0 2.53125 2.375 1.75 1.40625 1.59375 2.9375 2.6875 2.53125 2.03125 2.15625 2.375 2.1875 1.25 2.59375 2.96875 2.15625 1.5 2.09375 1.6875 2.5625 2.9375 2.8125 2.6875 1.5625 1.71875 1.8125 2.8125  
13 435.76008461024463 2.3125 2.0625 2.625 1.6875 1.25 2.09375 2.875 2.0625 2.53125 2.59375 2.46875 1.8125 2.125 2.5625 2.9375 2.6875 1.34375 2.875 1.75 1.65625 1.28125 1.8125 3.0 2.53125 2.375 1.75 1.40625 1.59375 2.9375 2.6875 2.53125 2.03125 2.15625 2.375 2.1875 1.25 2.59375 2.96875 2.15625 1.5 2.09375 1.6875 2.5625 2.9375 2.8125 2.6875 1.5625 1.71875 1.8125 2.8125  
12 113.29001863923125 1.5416666666666667 1.375 1.75 1.125 0.8333333333333334 1.3958333333333333 1.9166666666666667 1.375 1.6875 1.7291666666666667 1.6458333333333333 1.2083333333333333 1.4166666666666667 1.7083333333333333 1.9583333333333333 1.7916666666666667 0.8958333333333334 1.9166666666666667 1.1666666666666667 1.1041666666666667 0.8541666666666666 1.2083333333333333 2.0 1.6875 1.5833333333333333 1.1666666666666667 0.9375 1.0625 1.9583333333333333 1.7916666666666667 1.6875 1.3541666666666667 1.4375 1.5833333333333333 1.4583333333333333 0.8333333333333334 1.7291666666666667 1.9791666666666667 1.4375 1.0 1.3958333333333333 1.125 1.7083333333333333 1.9583333333333333 1.875 1.7916666666666667 1.0416666666666667 1.1458333333333333 1.2083333333333333 1.875  
4 54.46584254042398 1.5416666666666667 1.375 1.75 1.125 0.8333333333333334 1.3958333333333333 1.9166666666666667 1.375 1.6875 1.7291666666666667 1.6458333333333333 1.2083333333333333 1.4166666666666667 1.7083333333333333 1.9583333333333333 1.7916666666666667 0.8958333333333334 1.9166666666666667 1.1666666666666667 1.1041666666666667 0.8541666666666666 1.2083333333333333 2.0 1.6875 1.5833333333333333 1.1666666666666667 0.9375 1.0625 1.9583333333333333 1.7916666666666667 1.6875 1.3541666666666667 1.4375 1.5833333333333333 1.4583333333333333 0.8333333333333334 1.7291666666666667 1.9791666666666667 1.4375 1.0 1.3958333333333333 1.125 1.7083333333333333 1.9583333333333333 1.875 1.7916666666666667 1.0416666666666667 1.1458333333333333 1.2083333333333333 1.875  
46 165.56321199734944 1.5416666666666667 1.375 1.75 1.125 0.8333333333333334 1.3958333333333333 1.9166666666666667 1.375 1.6875 1.7291666666666667 1.6458333333333333 1.2083333333333333 1.4166666666666667 1.7083333333333333 1.9583333333333333 1.7916666666666667 0.8958333333333334 1.9166666666666667 1.1666666666666667 1.1041666666666667 0.8541666666666666 1.2083333333333333 2.0 1.6875 1.5833333333333333 1.1666666666666667 0.9375 1.0625 1.9583333333333333 1.7916666666666667 1.6875 1.3541666666666667 1.4375 1.5833333333333333 1.4583333333333333 0.8333333333333334 1.7291666666666667 1.9791666666666667 1.4375 1.0 1.3958333333333333 1.125 1.7083333333333333 1.9583333333333333 1.875 1.7916666666666667 1.0416666666666667 1.1458333333333333 1.2083333333333333 1.875  
7 160.72550937160344 2.3125 2.0625 2.625 1.6875 1.25 2.09375 2.875 2.0625 2.53125 2.59375 2.46875 1.8125 2.125 2.5625 2.9375 2.6875 1.34375 2.875 1.75 1.65625 1.28125 1.8125 3.0 2.53125 2.375 1.75 1.40625 1.59375 2.9375 2.6875 2.53125 2.03125 2.15625 2.375 2.1875 1.25 2.59375 2.96875 2.15625 1.5 2.09375 1.6875 2.5625 2.9375 2.8125 2.6875 1.5625 1.71875 1.8125 2.8125  
19 18.51717029556657 2.3125 2.0625 2.625 1.6875 1.25 2.09375 2.875 2.0625 2.53125 2.59375 2.46875 1.8125 2.125 2.5625 2.9375 2.6875 1.34375 2.875 1.75 1.65625 1.28125 1.8125 3.0 2.53125 2.375 1.75 1.40625 1.59375 2.9375 2.6875 2.53125 2.03125 2.15625 2.375 2.1875 1.25 2.59375 2.96875 2.15625 1.5 2.09375 1.6875 2.5625 2.9375 2.8125 2.6875 1.5625 1.71875 1.8125 2.8125  
29 390.77033389584125 2.3125 2.0625 2.625 1.6875 1.25 2.09375 2.875 2.0625 2.53125 2.59375 2.46875 1.8125 2.125 2.5625 2.9375 2.6875 1.34375 2.875 1.75 1.65625 1.28125 1.8125 3.0 2.53125 2.375 1.75 1.40625 1.59375 2.9375 2.6875 2.53125 2.03125 2.15625 2.375 2.1875 1.25 2.59375 2.96875 2.15625 1.5 2.09375 1.6875 2.5625 2.9375 2.8125 2.6875 1.5625 1.71875 1.8125 2.8125  
32 519.7167340891674 1.5416666666666667 1.375 1.75 1.125 0.8333333333333334 1.3958333333333333 1.9166666666666667 1.375 1.6875 1.7291666666666667 1.6458333333333333 1.2083333333333333 1.4166666666666667 1.7083333333333333 1.9583333333333333 1.7916666666666667 0.8958333333333334 1.9166666666666667 1.1666666666666667 1.1041666666666667 0.8541666666666666 1.2083333333333333 2.0 1.6875 1.5833333333333333 1.1666666666666667 0.9375 1.0625 1.9583333333333333 1.7916666666666667 1.6875 1.3541666666666667 1.4375 1.5833333333333333 1.4583333333333333 0.8333333333333334 1.7291666666666667 1.9791666666666667 1.4375 1.0 1.3958333333333333 1.125 1.7083333333333333 1.9583333333333333 1.875 1.7916666666666667 1.0416666666666667 1.1458333333333333 1.2083333333333333 1.875  
35 689.8728900857675 1.5416666666666667 1.375 1.75 1.125 0.8333333333333334 1.3958333333333333 1.9166666666666667 1.375 1.6875 1.7291666666666667 1.6458333333333333 1.2083333333333333 1.4166666666666667 1.7083333333333333 1.9583333333333333 1.7916666666666667 0.8958333333333334 1.9166666666666667 1.1666666666666667 1.1041666666666667 0.8541666666666666 1.2083333333333333 2.0 1.6875 1.5833333333333333 1.1666666666666667 0.9375 1.0625 1.9583333333333333 1.7916666666666667 1.6875 1.3541666666666667 1.4375 1.5833333333333333 1.4583333333333333 0.8333333333333334 1.7291666666666667 1.9791666666666667 1.4375 1.0 1.3958333333333333 1.125 1.7083333333333333 1.9583333333333333 1.875 1.7916666666666667 1.0416666666666667 1.1458333333333333 1.2083333333333333 1.875  
9 358.46807589969876 1.5416666666666667 1.375 1.75 1.125 0.8333333333333334 1.3958333333333333 1.9166666666666667 1.375 1.6875 1.7291666666666667 1.6458333333333333 1.2083333333333333 1.4166666666666667 1.7083333333333333 1.9583333333333333 1.7916666666666667 0.8958333333333334 1.9166666666666667 1.1666666666666667 1.1041666666666667 0.8541666666666666 1.2083333333333333 2.0 1.6875 1.5833333333333333 1.1666666666666667 0.9375 1.0625 1.9583333333333333 1.7916666666666667 1.6875 1.3541666666666667 1.4375 1.5833333333333333 1.4583333333333333 0.8333333333333334 1.7291666666666667 1.9791666666666667 1.4375 1.0 1.3958333333333333 1.125 1.7083333333333333 1.9583333333333333 1.875 1.7916666666666667 1.0416666666666667 1.1458333333333333 1.2083333333333333 1.875  
38 142.79326131218625 2.3125 2.0625 2.625 1.6875 1.25 2.09375 2.875 2.0625 2.53125 2.59375 2.46875 1.8125 2.125 2.5625 2.9375 2.6875 1.34375 2.875 1.75 1.65625 1.28125 1.8125 3.0 2.53125 2.375 1.75 1.40625 1.59375 2.9375 2.6875 2.53125 2.03125 2.15625 2.375 2.1875 1.25 2.59375 2.96875 2.15625 1.5 2.09375 1.6875 2.5625 2.9375 2.8125 2.6875 1.5625 1.71875 1.8125 2.8125  
30 90.38068336164369 1.5416666666666667 1.375 1.75 1.125 0.8333333333333334 1.3958333333333333 1.9166666666666667 1.375 1.6875 1.7291666666666667 1.6458333333333333 1.2083333333333333 1.4166666666666667 1.7083333333333333 1.9583333333333333 1.7916666666666667 0.8958333333333334 1.9166666666666667 1.1666666666666667 1.1041666666666667 0.8541666666666666 1.2083333333333333 2.0 1.6875 1.5833333333333333 1.1666666666666667 0.9375 1.0625 1.9583333333333333 1.7916666666666667 1.6875 1.3541666666666667 1.4375 1.5833333333333333 1.4583333333333333 0.8333333333333334 1.7291666666666667 1.9791666666666667 1.4375 1.0 1.3958333333333333 1.125 1.7083333333333333 1.9583333333333333 1.875 1.7916666666666667 1.0416666666666667 1.1458333333333333 1.2083333333333333 1.875  
21 265.89565305665167 1.5416666666666667 1.375 1.75 1.125 0.8333333333333334 1.3958333333333333 1.9166666666666667 1.375 1.6875 1.7291666666666667 1.6458333333333333 1.2083333333333333 1.4166666666666667 1.7083333333333333 1.9583333333333333 1.7916666666666667 0.8958333333333334 1.9166666666666667 1.1666666666666667 1.1041666666666667 0.8541666666666666 1.2083333333333333 2.0 1.6875 1.5833333333333333 1.1666666666666667 0.9375 1.0625 1.9583333333333333 1.7916666666666667 1.6875 1.3541666666666667 1.4375 1.5833333333333333 1.4583333333333333 0.8333333333333334 1.7291666666666667 1.9791666666666667 1.4375 1.0 1.3958333333333333 1.125 1.7083333333333333 1.9583333333333333 1.875 1.7916666666666667 1.0416666666666667 1.1458333333333333 1.2083333333333333 1.875  
10 503.7356027160272 1.5416666666666667 1.375 1.75 1.125 0.8333333333333334 1.3958333333333333 1.9166666666666667 1.375 1.6875 1.7291666666666667 1.6458333333333333 1.2083333333333333 1.4166666666666667 1.7083333333333333 1.9583333333333333 1.7916666666666667 0.8958333333333334 1.9166666666666667 1.1666666666666667 1.1041666666666667 0.8541666666666666 1.2083333333333333 2.0 1.6875 1.5833333333333333 1.1666666666666667 0.9375 1.0625 1.9583333333333333 1.7916666666666667 1.6875 1.3541666666666667 1.4375 1.5833333333333333 1.4583333333333333 0.8333333333333334 1.7291666666666667 1.9791666666666667 1.4375 1.0 1.3958333333333333 1.125 1.7083333333333333 1.9583333333333333 1.875 1.7916666666666667 1.0416666666666667 1.1458333333333333 1.2083333333333333 1.875  
48 195.67117361158802 2.3125 2.0625 2.625 1.6875 1.25 2.09375 2.875 2.0625 2.53125 2.59375 2.46875 1.8125 2.125 2.5625 2.9375 2.6875 1.34375 2.875 1.75 1.65625 1.28125 1.8125 3.0 2.53125 2.375 1.75 1.40625 1.59375 2.9375 2.6875 2.53125 2.03125 2.15625 2.375 2.1875 1.25 2.59375 2.96875 2.15625 1.5 2.09375 1.6875 2.5625 2.9375 2.8125 2.6875 1.5625 1.71875 1.8125 2.8125  
40 545.0931664466499 1.5416666666666667 1.375 1.75 1.125 0.8333333333333334 1.3958333333333333 1.9166666666666667 1.375 1.6875 1.7291666666666667 1.6458333333333333 1.2083333333333333 1.4166666666666667 1.7083333333333333 1.9583333333333333 1.7916666666666667 0.8958333333333334 1.9166666666666667 1.1666666666666667 1.1041666666666667 0.8541666666666666 1.2083333333333333 2.0 1.6875 1.5833333333333333 1.1666666666666667 0.9375 1.0625 1.9583333333333333 1.7916666666666667 1.6875 1.3541666666666667 1.4375 1.5833333333333333 1.4583333333333333 0.8333333333333334 1.7291666666666667 1.9791666666666667 1.4375 1.0 1.3958333333333333 1.125 1.7083333333333333 1.9583333333333333 1.875 1.7916666666666667 1.0416666666666667 1.1458333333333333 1.2083333333333333 1.875  
42 188.1686091198265 1.5416666666666667 1.375 1.75 1.125 0.8333333333333334 1.3958333333333333 1.9166666666666667 1.375 1.6875 1.7291666666666667 1.6458333333333333 1.2083333333333333 1.4166666666666667 1.7083333333333333 1.9583333333333333 1.7916666666666667 0.8958333333333334 1.9166666666666667 1.1666666666666667 1.1041666666666667 0.8541666666666666 1.2083333333333333 2.0 1.6875 1.5833333333333333 1.1666666666666667 0.9375 1.0625 1.9583333333333333 1.7916666666666667 1.6875 1.3541666666666667 1.4375 1.5833333333333333 1.4583333333333333 0.8333333333333334 1.7291666666666667 1.9791666666666667 1.4375 1.0 1.3958333333333333 1.125 1.7083333333333333 1.9583333333333333 1.875 1.7916666666666667 1.0416666666666667 1.1458333333333333 1.2083333333333333 1.875  
33 551.325879489822 1.5416666666666667 1.375 1.75 1.125 0.8333333333333334 1.3958333333333333 1.9166666666666667 1.375 1.6875 1.7291666666666667 1.6458333333333333 1.2083333333333333 1.4166666666666667 1.7083333333333333 1.9583333333333333 1.7916666666666667 0.8958333333333334 1.9166666666666667 1.1666666666666667 1.1041666666666667 0.8541666666666666 1.2083333333333333 2.0 1.6875 1.5833333333333333 1.1666666666666667 0.9375 1.0625 1.9583333333333333 1.7916666666666667 1.6875 1.3541666666666667 1.4375 1.5833333333333333 1.4583333333333333 0.8333333333333334 1.7291666666666667 1.9791666666666667 1.4375 1.0 1.3958333333333333 1.125 1.7083333333333333 1.9583333333333333 1.875 1.7916666666666667 1.0416666666666667 1.1458333333333333 1.2083333333333333 1.875  
49 148.84264527654352 1.5416666666666667 1.375 1.75 1.125 0.8333333333333334 1.3958333333333333 1.9166666666666667 1.375 1.6875 1.7291666666666667 1.6458333333333333 1.2083333333333333 1.4166666666666667 1.7083333333333333 1.9583333333333333 1.7916666666666667 0.8958333333333334 1.9166666666666667 1.1666666666666667 1.1041666666666667 0.8541666666666666 1.2083333333333333 2.0 1.6875 1.5833333333333333 1.1666666666666667 0.9375 1.0625 1.9583333333333333 1.7916666666666667 1.6875 1.3541666666666667 1.4375 1.5833333333333333 1.4583333333333333 0.8333333333333334 1.7291666666666667 1.9791666666666667 1.4375 1.0 1.3958333333333333 1.125 1.7083333333333333 1.9583333333333333 1.875 1.7916666666666667 1.0416666666666667 1.1458333333333333 1.2083333333333333 1.875  
45 124.53907416753844 2.3125 2.0625 2.625 1.6875 1.25 2.09375 2.875 2.0625 2.53125 2.59375 2.46875 1.8125 2.125 2.5625 2.9375 2.6875 1.34375 2.875 1.75 1.65625 1.28125 1.8125 3.0 2.53125 2.375 1.75 1.40625 1.59375 2.9375 2.6875 2.53125 2.03125 2.15625 2.375 2.1875 1.25 2.59375 2.96875 2.15625 1.5 2.09375 1.6875 2.5625 2.9375 2.8125 2.6875 1.5625 1.71875 1.8125 2.8125  
39 223.2806153171312 1.5416666666666667 1.375 1.75 1.125 0.8333333333333334 1.3958333333333333 1.9166666666666667 1.375 1.6875 1.7291666666666667 1.6458333333333333 1.2083333333333333 1.4166666666666667 1.7083333333333333 1.9583333333333333 1.7916666666666667 0.8958333333333334 1.9166666666666667 1.1666666666666667 1.1041666666666667 0.8541666666666666 1.2083333333333333 2.0 1.6875 1.5833333333333333 1.1666666666666667 0.9375 1.0625 1.9583333333333333 1.7916666666666667 1.6875 1.3541666666666667 1.4375 1.5833333333333333 1.4583333333333333 0.8333333333333334 1.7291666666666667 1.9791666666666667 1.4375 1.0 1.3958333333333333 1.125 1.7083333333333333 1.9583333333333333 1.875 1.7916666666666667 1.0416666666666667 1.1458333333333333 1.2083333333333333 1.875  
6 914.0 1.5416666666666667 1.375 1.75 1.125 0.8333333333333334 1.3958333333333333 1.9166666666666667 1.375 1.6875 1.7291666666666667 1.6458333333333333 1.2083333333333333 1.4166666666666667 1.7083333333333333 1.9583333333333333 1.7916666666666667 0.8958333333333334 1.9166666666666667 1.1666666666666667 1.1041666666666667 0.8541666666666666 1.2083333333333333 2.0 1.6875 1.5833333333333333 1.1666666666666667 0.9375 1.0625 1.9583333333333333 1.7916666666666667 1.6875 1.3541666666666667 1.4375 1.5833333333333333 1.4583333333333333 0.8333333333333334 1.7291666666666667 1.9791666666666667 1.4375 1.0 1.3958333333333333 1.125 1.7083333333333333 1.9583333333333333 1.875 1.7916666666666667 1.0416666666666667 1.1458333333333333 1.2083333333333333 1.875  
47 205.59729168492814 2.3125 2.0625 2.625 1.6875 1.25 2.09375 2.875 2.0625 2.53125 2.59375 2.46875 1.8125 2.125 2.5625 2.9375 2.6875 1.34375 2.875 1.75 1.65625 1.28125 1.8125 3.0 2.53125 2.375 1.75 1.40625 1.59375 2.9375 2.6875 2.53125 2.03125 2.15625 2.375 2.1875 1.25 2.59375 2.96875 2.15625 1.5 2.09375 1.6875 2.5625 2.9375 2.8125 2.6875 1.5625 1.71875 1.8125 2.8125  
26 415.0151653618866 1.5416666666666667 1.375 1.75 1.125 0.8333333333333334 1.3958333333333333 1.9166666666666667 1.375 1.6875 1.7291666666666667 1.6458333333333333 1.2083333333333333 1.4166666666666667 1.7083333333333333 1.9583333333333333 1.7916666666666667 0.8958333333333334 1.9166666666666667 1.1666666666666667 1.1041666666666667 0.8541666666666666 1.2083333333333333 2.0 1.6875 1.5833333333333333 1.1666666666666667 0.9375 1.0625 1.9583333333333333 1.7916666666666667 1.6875 1.3541666666666667 1.4375 1.5833333333333333 1.4583333333333333 0.8333333333333334 1.7291666666666667 1.9791666666666667 1.4375 1.0 1.3958333333333333 1.125 1.7083333333333333 1.9583333333333333 1.875 1.7916666666666667 1.0416666666666667 1.1458333333333333 1.2083333333333333 1.875  
1 39.21362082044421 2.3125 2.0625 2.625 1.6875 1.25 2.09375 2.875 2.0625 2.53125 2.59375 2.46875 1.8125 2.125 2.5625 2.9375 2.6875 1.34375 2.875 1.75 1.65625 1.28125 1.8125 3.0 2.53125 2.375 1.75 1.40625 1.59375 2.9375 2.6875 2.53125 2.03125 2.15625 2.375 2.1875 1.25 2.59375 2.96875 2.15625 1.5 2.09375 1.6875 2.5625 2.9375 2.8125 2.6875 1.5625 1.71875 1.8125 2.8125  
17 107.16631415016305 2.3125 2.0625 2.625 1.6875 1.25 2.09375 2.875 2.0625 2.53125 2.59375 2.46875 1.8125 2.125 2.5625 2.9375 2.6875 1.34375 2.875 1.75 1.65625 1.28125 1.8125 3.0 2.53125 2.375 1.75 1.40625 1.59375 2.9375 2.6875 2.53125 2.03125 2.15625 2.375 2.1875 1.25 2.59375 2.96875 2.15625 1.5 2.09375 1.6875 2.5625 2.9375 2.8125 2.6875 1.5625 1.71875 1.8125 2.8125  
44 189.88228376663352 1.5416666666666667 1.375 1.75 1.125 0.8333333333333334 1.3958333333333333 1.9166666666666667 1.375 1.6875 1.7291666666666667 1.6458333333333333 1.2083333333333333 1.4166666666666667 1.7083333333333333 1.9583333333333333 1.7916666666666667 0.8958333333333334 1.9166666666666667 1.1666666666666667 1.1041666666666667 0.8541666666666666 1.2083333333333333 2.0 1.6875 1.5833333333333333 1.1666666666666667 0.9375 1.0625 1.9583333333333333 1.7916666666666667 1.6875 1.3541666666666667 1.4375 1.5833333333333333 1.4583333333333333 0.8333333333333334 1.7291666666666667 1.9791666666666667 1.4375 1.0 1.3958333333333333 1.125 1.7083333333333333 1.9583333333333333 1.875 1.7916666666666667 1.0416666666666667 1.1458333333333333 1.2083333333333333 1.875  
23 133.12106828485213 1.5416666666666667 1.375 1.75 1.125 0.8333333333333334 1.3958333333333333 1.9166666666666667 1.375 1.6875 1.7291666666666667 1.6458333333333333 1.2083333333333333 1.4166666666666667 1.7083333333333333 1.9583333333333333 1.7916666666666667 0.8958333333333334 1.9166666666666667 1.1666666666666667 1.1041666666666667 0.8541666666666666 1.2083333333333333 2.0 1.6875 1.5833333333333333 1.1666666666666667 0.9375 1.0625 1.9583333333333333 1.7916666666666667 1.6875 1.3541666666666667 1.4375 1.5833333333333333 1.4583333333333333 0.8333333333333334 1.7291666666666667 1.9791666666666667 1.4375 1.0 1.3958333333333333 1.125 1.7083333333333333 1.9583333333333333 1.875 1.7916666666666667 1.0416666666666667 1.1458333333333333 1.2083333333333333 1.875  
43 506.0299717269769 1.5416666666666667 1.375 1.75 1.125 0.8333333333333334 1.3958333333333333 1.9166666666666667 1.375 1.6875 1.7291666666666667 1.6458333333333333 1.2083333333333333 1.4166666666666667 1.7083333333333333 1.9583333333333333 1.7916666666666667 0.8958333333333334 1.9166666666666667 1.1666666666666667 1.1041666666666667 0.8541666666666666 1.2083333333333333 2.0 1.6875 1.5833333333333333 1.1666666666666667 0.9375 1.0625 1.9583333333333333 1.7916666666666667 1.6875 1.3541666666666667 1.4375 1.5833333333333333 1.4583333333333333 0.8333333333333334 1.7291666666666667 1.9791666666666667 1.4375 1.0 1.3958333333333333 1.125 1.7083333333333333 1.9583333333333333 1.875 1.7916666666666667 1.0416666666666667 1.1458333333333333 1.2083333333333333 1.875  
15 368.31608828722227 1.5416666666666667 1.375 1.75 1.125 0.8333333333333334 1.3958333333333333 1.9166666666666667 1.375 1.6875 1.7291666666666667 1.6458333333333333 1.2083333333333333 1.4166666666666667 1.7083333333333333 1.9583333333333333 1.7916666666666667 0.8958333333333334 1.9166666666666667 1.1666666666666667 1.1041666666666667 0.8541666666666666 1.2083333333333333 2.0 1.6875 1.5833333333333333 1.1666666666666667 0.9375 1.0625 1.9583333333333333 1.7916666666666667 1.6875 1.3541666666666667 1.4375 1.5833333333333333 1.4583333333333333 0.8333333333333334 1.7291666666666667 1.9791666666666667 1.4375 1.0 1.3958333333333333 1.125 1.7083333333333333 1.9583333333333333 1.875 1.7916666666666667 1.0416666666666667 1.1458333333333333 1.2083333333333333 1.875  
27 504.76472922000846 1.5416666666666667 1.375 1.75 1.125 0.8333333333333334 1.3958333333333333 1.9166666666666667 1.375 1.6875 1.7291666666666667 1.6458333333333333 1.2083333333333333 1.4166666666666667 1.7083333333333333 1.9583333333333333 1.7916666666666667 0.8958333333333334 1.9166666666666667 1.1666666666666667 1.1041666666666667 0.8541666666666666 1.2083333333333333 2.0 1.6875 1.5833333333333333 1.1666666666666667 0.9375 1.0625 1.9583333333333333 1.7916666666666667 1.6875 1.3541666666666667 1.4375 1.5833333333333333 1.4583333333333333 0.8333333333333334 1.7291666666666667 1.9791666666666667 1.4375 1.0 1.3958333333333333 1.125 1.7083333333333333 1.9583333333333333 1.875 1.7916666666666667 1.0416666666666667 1.1458333333333333 1.2083333333333333 1.875  
8 181.73480999857236 1.5416666666666667 1.375 1.75 1.125 0.8333333333333334 1.3958333333333333 1.9166666666666667 1.375 1.6875 1.7291666666666667 1.6458333333333333 1.2083333333333333 1.4166666666666667 1.7083333333333333 1.9583333333333333 1.7916666666666667 0.8958333333333334 1.9166666666666667 1.1666666666666667 1.1041666666666667 0.8541666666666666 1.2083333333333333 2.0 1.6875 1.5833333333333333 1.1666666666666667 0.9375 1.0625 1.9583333333333333 1.7916666666666667 1.6875 1.3541666666666667 1.4375 1.5833333333333333 1.4583333333333333 0.8333333333333334 1.7291666666666667 1.9791666666666667 1.4375 1.0 1.3958333333333333 1.125 1.7083333333333333 1.9583333333333333 1.875 1.7916666666666667 1.0416666666666667 1.1458333333333333 1.2083333333333333 1.875  
25 311.62769732601015 1.5416666666666667 1.375 1.75 1.125 0.8333333333333334 1.3958333333333333 1.9166666666666667 1.375 1.6875 1.7291666666666667 1.6458333333333333 1.2083333333333333 1.4166666666666667 1.7083333333333333 1.9583333333333333 1.7916666666666667 0.8958333333333334 1.9166666666666667 1.1666666666666667 1.1041666666666667 0.8541666666666666 1.2083333333333333 2.0 1.6875 1.5833333333333333 1.1666666666666667 0.9375 1.0625 1.9583333333333333 1.7916666666666667 1.6875 1.3541666666666667 1.4375 1.5833333333333333 1.4583333333333333 0.8333333333333334 1.7291666666666667 1.9791666666666667 1.4375 1.0 1.3958333333333333 1.125 1.7083333333333333 1.9583333333333333 1.875 1.7916666666666667 1.0416666666666667 1.1458333333333333 1.2083333333333333 1.875  
5 845.0 1.5416666666666667 1.375 1.75 1.125 0.8333333333333334 1.3958333333333333 1.9166666666666667 1.375 1.6875 1.7291666666666667 1.6458333333333333 1.2083333333333333 1.4166666666666667 1.7083333333333333 1.9583333333333333 1.7916666666666667 0.8958333333333334 1.9166666666666667 1.1666666666666667 1.1041666666666667 0.8541666666666666 1.2083333333333333 2.0 1.6875 1.5833333333333333 1.1666666666666667 0.9375 1.0625 1.9583333333333333 1.7916666666666667 1.6875 1.3541666666666667 1.4375 1.5833333333333333 1.4583333333333333 0.8333333333333334 1.7291666666666667 1.9791666666666667 1.4375 1.0 1.3958333333333333 1.125 1.7083333333333333 1.9583333333333333 1.875 1.7916666666666667 1.0416666666666667 1.1458333333333333 1.2083333333333333 1.875  
11 317.7984498968834 1.5416666666666667 1.375 1.75 1.125 0.8333333333333334 1.3958333333333333 1.9166666666666667 1.375 1.6875 1.7291666666666667 1.6458333333333333 1.2083333333333333 1.4166666666666667 1.7083333333333333 1.9583333333333333 1.7916666666666667 0.8958333333333334 1.9166666666666667 1.1666666666666667 1.1041666666666667 0.8541666666666666 1.2083333333333333 2.0 1.6875 1.5833333333333333 1.1666666666666667 0.9375 1.0625 1.9583333333333333 1.7916666666666667 1.6875 1.3541666666666667 1.4375 1.5833333333333333 1.4583333333333333 0.8333333333333334 1.7291666666666667 1.9791666666666667 1.4375 1.0 1.3958333333333333 1.125 1.7083333333333333 1.9583333333333333 1.875 1.7916666666666667 1.0416666666666667 1.1458333333333333 1.2083333333333333 1.875  
36 166.32818196304504 2.3125 2.0625 2.625 1.6875 1.25 2.09375 2.875 2.0625 2.53125 2.59375 2.46875 1.8125 2.125 2.5625 2.9375 2.6875 1.34375 2.875 1.75 1.65625 1.28125 1.8125 3.0 2.53125 2.375 1.75 1.40625 1.59375 2.9375 2.6875 2.53125 2.03125 2.15625 2.375 2.1875 1.25 2.59375 2.96875 2.15625 1.5 2.09375 1.6875 2.5625 2.9375 2.8125 2.6875 1.5625 1.71875 1.8125 2.8125  
31 208.9647981948743 1.5416666666666667 1.375 1.75 1.125 0.8333333333333334 1.3958333333333333 1.9166666666666667 1.375 1.6875 1.7291666666666667 1.6458333333333333 1.2083333333333333 1.4166666666666667 1.7083333333333333 1.9583333333333333 1.7916666666666667 0.8958333333333334 1.9166666666666667 1.1666666666666667 1.1041666666666667 0.8541666666666666 1.2083333333333333 2.0 1.6875 1.5833333333333333 1.1666666666666667 0.9375 1.0625 1.9583333333333333 1.7916666666666667 1.6875 1.3541666666666667 1.4375 1.5833333333333333 1.4583333333333333 0.8333333333333334 1.7291666666666667 1.9791666666666667 1.4375 1.0 1.3958333333333333 1.125 1.7083333333333333 1.9583333333333333 1.875 1.7916666666666667 1.0416666666666667 1.1458333333333333 1.2083333333333333 1.875  
41 375.56279861462656 2.3125 2.0625 2.625 1.6875 1.25 2.09375 2.875 2.0625 2.53125 2.59375 2.46875 1.8125 2.125 2.5625 2.9375 2.6875 1.34375 2.875 1.75 1.65625 1.28125 1.8125 3.0 2.53125 2.375 1.75 1.40625 1.59375 2.9375 2.6875 2.53125 2.03125 2.15625 2.375 2.1875 1.25 2.59375 2.96875 2.15625 1.5 2.09375 1.6875 2.5625 2.9375 2.8125 2.6875 1.5625 1.71875 1.8125 2.8125  
18 32.37008033985429 1.5416666666666667 1.375 1.75 1.125 0.8333333333333334 1.3958333333333333 1.9166666666666667 1.375 1.6875 1.7291666666666667 1.6458333333333333 1.2083333333333333 1.4166666666666667 1.7083333333333333 1.9583333333333333 1.7916666666666667 0.8958333333333334 1.9166666666666667 1.1666666666666667 1.1041666666666667 0.8541666666666666 1.2083333333333333 2.0 1.6875 1.5833333333333333 1.1666666666666667 0.9375 1.0625 1.9583333333333333 1.7916666666666667 1.6875 1.3541666666666667 1.4375 1.5833333333333333 1.4583333333333333 0.8333333333333334 1.7291666666666667 1.9791666666666667 1.4375 1.0 1.3958333333333333 1.125 1.7083333333333333 1.9583333333333333 1.875 1.7916666666666667 1.0416666666666667 1.1458333333333333 1.2083333333333333 1.875  
22 212.29965836481887 1.5416666666666667 1.375 1.75 1.125 0.8333333333333334 1.3958333333333333 1.9166666666666667 1.375 1.6875 1.7291666666666667 1.6458333333333333 1.2083333333333333 1.4166666666666667 1.7083333333333333 1.9583333333333333 1.7916666666666667 0.8958333333333334 1.9166666666666667 1.1666666666666667 1.1041666666666667 0.8541666666666666 1.2083333333333333 2.0 1.6875 1.5833333333333333 1.1666666666666667 0.9375 1.0625 1.9583333333333333 1.7916666666666667 1.6875 1.3541666666666667 1.4375 1.5833333333333333 1.4583333333333333 0.8333333333333334 1.7291666666666667 1.9791666666666667 1.4375 1.0 1.3958333333333333 1.125 1.7083333333333333 1.9583333333333333 1.875 1.7916666666666667 1.0416666666666667 1.1458333333333333 1.2083333333333333 1.875  
37 167.10670605839263 2.3125 2.0625 2.625 1.6875 1.25 2.09375 2.875 2.0625 2.53125 2.59375 2.46875 1.8125 2.125 2.5625 2.9375 2.6875 1.34375 2.875 1.75 1.65625 1.28125 1.8125 3.0 2.53125 2.375 1.75 1.40625 1.59375 2.9375 2.6875 2.53125 2.03125 2.15625 2.375 2.1875 1.25 2.59375 2.96875 2.15625 1.5 2.09375 1.6875 2.5625 2.9375 2.8125 2.6875 1.5625 1.71875 1.8125 2.8125  
28 178.49745757839673 2.3125 2.0625 2.625 1.6875 1.25 2.09375 2.875 2.0625 2.53125 2.59375 2.46875 1.8125 2.125 2.5625 2.9375 2.6875 1.34375 2.875 1.75 1.65625 1.28125 1.8125 3.0 2.53125 2.375 1.75 1.40625 1.59375 2.9375 2.6875 2.53125 2.03125 2.15625 2.375 2.1875 1.25 2.59375 2.96875 2.15625 1.5 2.09375 1.6875 2.5625 2.9375 2.8125 2.6875 1.5625 1.71875 1.8125 2.8125  
14 342.45837361882246 1.5416666666666667 1.375 1.75 1.125 0.8333333333333334 1.3958333333333333 1.9166666666666667 1.375 1.6875 1.7291666666666667 1.6458333333333333 1.2083333333333333 1.4166666666666667 1.7083333333333333 1.9583333333333333 1.7916666666666667 0.8958333333333334 1.9166666666666667 1.1666666666666667 1.1041666666666667 0.8541666666666666 1.2083333333333333 2.0 1.6875 1.5833333333333333 1.1666666666666667 0.9375 1.0625 1.9583333333333333 1.7916666666666667 1.6875 1.3541666666666667 1.4375 1.5833333333333333 1.4583333333333333 0.8333333333333334 1.7291666666666667 1.9791666666666667 1.4375 1.0 1.3958333333333333 1.125 1.7083333333333333 1.9583333333333333 1.875 1.7916666666666667 1.0416666666666667 1.1458333333333333 1.2083333333333333 1.875  
3 93.76634529055424 1.5416666666666667 1.375 1.75 1.125 0.8333333333333334 1.3958333333333333 1.9166666666666667 1.375 1.6875 1.7291666666666667 1.6458333333333333 1.2083333333333333 1.4166666666666667 1.7083333333333333 1.9583333333333333 1.7916666666666667 0.8958333333333334 1.9166666666666667 1.1666666666666667 1.1041666666666667 0.8541666666666666 1.2083333333333333 2.0 1.6875 1.5833333333333333 1.1666666666666667 0.9375 1.0625 1.9583333333333333 1.7916666666666667 1.6875 1.3541666666666667 1.4375 1.5833333333333333 1.4583333333333333 0.8333333333333334 1.7291666666666667 1.9791666666666667 1.4375 1.0 1.3958333333333333 1.125 1.7083333333333333 1.9583333333333333 1.875 1.7916666666666667 1.0416666666666667 1.1458333333333333 1.2083333333333333 1.875  
34 18.92140759708856 1.5416666666666667 1.375 1.75 1.125 0.8333333333333334 1.3958333333333333 1.9166666666666667 1.375 1.6875 1.7291666666666667 1.6458333333333333 1.2083333333333333 1.4166666666666667 1.7083333333333333 1.9583333333333333 1.7916666666666667 0.8958333333333334 1.9166666666666667 1.1666666666666667 1.1041666666666667 0.8541666666666666 1.2083333333333333 2.0 1.6875 1.5833333333333333 1.1666666666666667 0.9375 1.0625 1.9583333333333333 1.7916666666666667 1.6875 1.3541666666666667 1.4375 1.5833333333333333 1.4583333333333333 0.8333333333333334 1.7291666666666667 1.9791666666666667 1.4375 1.0 1.3958333333333333 1.125 1.7083333333333333 1.9583333333333333 1.875 1.7916666666666667 1.0416666666666667 1.1458333333333333 1.2083333333333333 1.875  
24 561.2248136368019 2.3125 2.0625 2.625 1.6875 1.25 2.09375 2.875 2.0625 2.53125 2.59375 2.46875 1.8125 2.125 2.5625 2.9375 2.6875 1.34375 2.875 1.75 1.65625 1.28125 1.8125 3.0 2.53125 2.375 1.75 1.40625 1.59375 2.9375 2.6875 2.53125 2.03125 2.15625 2.375 2.1875 1.25 2.59375 2.96875 2.15625 1.5 2.09375 1.6875 2.5625 2.9375 2.8125 2.6875 1.5625 1.71875 1.8125 2.8125  
16 337.05488037963363 1.5416666666666667 1.375 1.75 1.125 0.8333333333333334 1.3958333333333333 1.9166666666666667 1.375 1.6875 1.7291666666666667 1.6458333333333333 1.2083333333333333 1.4166666666666667 1.7083333333333333 1.9583333333333333 1.7916666666666667 0.8958333333333334 1.9166666666666667 1.1666666666666667 1.1041666666666667 0.8541666666666666 1.2083333333333333 2.0 1.6875 1.5833333333333333 1.1666666666666667 0.9375 1.0625 1.9583333333333333 1.7916666666666667 1.6875 1.3541666666666667 1.4375 1.5833333333333333 1.4583333333333333 0.8333333333333334 1.7291666666666667 1.9791666666666667 1.4375 1.0 1.3958333333333333 1.125 1.7083333333333333 1.9583333333333333 1.875 1.7916666666666667 1.0416666666666667 1.1458333333333333 1.2083333333333333 1.875  
20 33.61794899089759 2.3125 2.0625 2.625 1.6875 1.25 2.09375 2.875 2.0625 2.53125 2.59375 2.46875 1.8125 2.125 2.5625 2.9375 2.6875 1.34375 2.875 1.75 1.65625 1.28125 1.8125 3.0 2.53125 2.375 1.75 1.40625 1.59375 2.9375 2.6875 2.53125 2.03125 2.15625 2.375 2.1875 1.25 2.59375 2.96875 2.15625 1.5 2.09375 1.6875 2.5625 2.9375 2.8125 2.6875 1.5625 1.71875 1.8125 2.8125  
2 254.99014939621748 2.3125 2.0625 2.625 1.6875 1.25 2.09375 2.875 2.0625 2.53125 2.59375 2.46875 1.8125 2.125 2.5625 2.9375 2.6875 1.34375 2.875 1.75 1.65625 1.28125 1.8125 3.0 2.53125 2.375 1.75 1.40625 1.59375 2.9375 2.6875 2.53125 2.03125 2.15625 2.375 2.1875 1.25 2.59375 2.96875 2.15625 1.5 2.09375 1.6875 2.5625 2.9375 2.8125 2.6875 1.5625 1.71875 1.8125 2.8125  
