90 30
TREE NETWORK (nID nID Weight):
1 0 58.0 
11 0 51.0 
28 0 40.0 
44 0 38.0 
12 11 57.0 
29 28 32.0 
15 11 45.0 
54 0 30.0 
30 29 37.0 
16 15 53.0 
45 44 32.0 
58 0 39.0 
35 29 31.0 
39 28 42.0 
59 58 50.0 
46 44 41.0 
68 0 59.0 
72 0 41.0 
23 11 40.0 
69 68 32.0 
73 72 42.0 
47 46 57.0 
83 0 34.0 
61 58 48.0 
2 1 41.0 
77 72 54.0 
40 28 36.0 
74 73 42.0 
70 69 35.0 
27 11 30.0 
62 61 59.0 
84 83 47.0 
85 84 53.0 
88 0 48.0 
36 35 42.0 
17 16 47.0 
3 2 44.0 
13 12 42.0 
66 58 47.0 
41 28 58.0 
37 29 37.0 
24 23 31.0 
49 46 39.0 
71 69 37.0 
20 15 39.0 
48 47 34.0 
78 77 37.0 
7 1 57.0 
8 7 58.0 
76 73 39.0 
9 8 35.0 
42 28 50.0 
38 29 43.0 
18 17 54.0 
19 16 43.0 
21 15 33.0 
63 62 47.0 
43 42 39.0 
31 30 54.0 
55 54 47.0 
32 30 34.0 
56 55 42.0 
53 44 48.0 
80 72 36.0 
75 74 36.0 
52 46 58.0 
81 80 41.0 
22 21 40.0 
64 63 38.0 
25 24 55.0 
14 13 36.0 
60 59 47.0 
82 81 50.0 
26 25 56.0 
57 54 32.0 
34 30 39.0 
67 66 58.0 
79 78 44.0 
4 2 44.0 
10 8 51.0 
5 4 56.0 
50 49 46.0 
89 0 52.0 
33 32 38.0 
51 49 31.0 
6 2 53.0 
86 84 41.0 
87 83 35.0 
65 61 40.0 
PROGRAMS ASSIGNED TO NODES (nID pID1 pID2 ...):
0 1 2 3 4 5 6 7 8 9 10 11 12 13 14 15 16 17 18 19 20 21 22 23 24 25 26 27 28 29 30  
62 1 2 5 6 7 8 9 11 12 13 14 15 16 18 19 20 21 22 23 24 26 27 28 29 30  
40 1 2 4 6 7 8 10 11 12 13 16 17 18 19 21 22 23 24 25 26 27 28 29 30  
37 3 4 5 8 10 12 13 14 15 16 17 18 19 20 22 24 25 26 28 29  
19 1 2 4 5 6 7 8 11 13 16 20 21 22 25 27 28 29  
41 2 6 9 11 16 19 21 24 29  
27 11 12 16 19 26 28  
39 1 2 3 4 6 7 9 13 17 19 21 22 23 24 25 26 27 29 30  
22 1 2 3 4 5 6 7 9 12 13 14 17 18 19 20 21 22 23 24 25 28 29 30  
52 1 2 3 4 5 6 10 11 12 13 17 18 20 21 23 24 25 27 28 29  
38 1 2 3 4 5 7 8 9 12 13 14 15 16 17 18 19 20 21 22 23 24 25 26 27 28 29 30  
86 1 2 3 4 5 6 8 9 10 11 12 13 14 15 16 17 19 20 21 22 23 25 26 27 28 29 30  
83 2 6 11 12 13 20 23 25 27 29  
75 2 3 4 6 7 8 10 11 12 13 14 15 17 18 19 21 23 25 28  
88 2 7 8 9 11 13 15 16 17 20 21 23 27  
11 1 4 8 10 21 23 30  
48 2 3 4 5 6 7 8 9 10 11 13 16 17 18 19 20 23 24 26 27 29  
46 2 3 6 9 10 12 14 18 19 20 26  
9 30  
15 2 3 5 8 9 15 20 22 28  
7 1 2 3 5 11 12 14 15 16 17 19 21 23 24 25 27 28 29  
60 1 2 3 4 5 6 7 9 10 11 12 13 14 15 16 17 19 21 22 23 26 27 28 29 30  
67 2 4 6 7 11 14 16 19  
85 2 9 11 16 17 18 19 22 25 26 28  
2 1 7 9 13 14 16 21 26 28  
5 2 3 5 6 7 8 10 11 14 20 21 23 26 27 29  
34 4 7 22 23 27 28 30  
59 1 2 4 8 10 11 12 13 17 18 19 28 29 30  
17 1 3 5 6 7 9 10 12 14 16 19 21 23 25 26 27 29 30  
47 3 4 5 6 7 8 9 10 13 14 15 17 18 19 20 23 24 25 27 28  
23 1 5 6 10 11 15 17 19 20 24 25 28  
55 1 2 3 5 6 8 9 10 11 12 13 15 16 17 19 20 21 23 24 25 26 28 30  
81 1 2 3 5 6 7 8 9 11 12 13 14 15 16 17 18 19 20 22 23 24 25 26 27 29  
43 2 4 7 8 9 10 11 12 13 14 17 18 19 21 22 25 30  
53 1 8 13 14 16 19 23 26 28  
12 3 4 5 7 11 12 13 16 19 20 23 24 28 29 30  
29 1 2 3 4 6 7 8 10 11 12 14 15 16 17 18 19 20 21 22 25 26 27 28 30  
74 6 7 9 11 12 14 16 17 21 25  
76 4 5 7 8 11 12 14 15 19 20 22 24 26 27 28 30  
54 1 3 4 5 6 7 8 9 10 11 12 13 14 15 16 17 18 19 20 21 22 23 24 25 27 28 29 30  
36 1 2 3 5 6 7 9 10 11 12 13 14 15 16 17 18 19 20 21 23 24 25 27 29 30  
10 1 4 8 10 14 18 22 23 29  
32 1 3 4 5 6 7 8 9 10 11 12 13 14 15 16 17 18 19 20 21 22 23 24 25 26 27 28 29 30  
6 1 3 4 5 6 8 9 10 12 13 14 16 17 18 19 21 22 23 24 25 26 27 28 30  
57 3 11 23 29  
4 6 8 9 10 11 12 13 17 19 23 25 26 28 29 30  
84 5 10 12 13 16 17 20 24 27 29  
58 2 5 19 20 21 25 26 28  
21 1 2 3 4 5 6 7 8 9 10 11 12 14 15 17 18 19 21 22 23 24 25 26 27 28 29 30  
16 2 7 8 10 11 12 15 17 19 23 26 28 29 30  
13 1 5 7 9 10 12 13 14 15 20 22 24 27 30  
33 1 2 11 23 26 28  
1 1 3 4 8 24 25  
71 1 2 3 4 7 8 9 11 12 13 14 15 16 17 18 19 20 21 23 25 28 29 30  
51 4 5 7 8 9 10 11 12 16 22 23 24 25 27 29 30  
89 2 5 6 8 9 10 11 12 13 14 15 16 17 18 20 21 22 24 25 27 28 29 30  
61 17 27 28  
80 1 5 7 8 9 10 13 14 15 22 24 26 28 30  
69 1 2 3 4 5 6 7 8 9 10 11 12 15 16 17 18 19 20 21 22 23 24 26 27 29  
42 1 2 3 6 9 12 13 17 18 21 24 25 28 29 30  
20 7 12 13 14 16 17 18 21 22 23 24 28 29 30  
77 1 2 3 4 5 10 11 13 14 15 16 18 19 20 21 22 23 24 25 26 29 30  
66 2 3 5 6 7 8 9 10 11 12 13 14 16 18 21 22 24 26 27 28 29 30  
79 6 7 14 17 20 21 27  
78 3 8 9 11 15 28  
25 18 26 29  
24 1 5 6 7 8 9 10 12 13 14 15 16 18 19 20 21 24 26 27  
82 14 15 19 24 25 26 27 28 29 30  
63 2 3 4 6 8 9 10 11 12 13 14 18 20 22 23 24 26 30  
14 14 15 20 24  
30 1 2 3 5 8 9 11 13 14 15 16 17 18 19 20 22 23 24 26 28 29 30  
28 7 14  
35 1 2 3 4 5 6 7 8 9 10 11 12 13 14 15 16 17 18 19 20 21 22 23 24 25 27 28 29 30  
87 1 2 3 4 5 6 7 8 9 10 11 12 13 14 15 16 17 18 19 20 21 22 23 24 25 27 28 29 30  
68 2 3 4 5 6 7 8 9 10 11 14 16 18 21 22 26 28 30  
45 6 8 15 18 22 24  
3 3 4 6 7 8 9 10 11 12 13 14 15 16 17 18 19 22 24 25 26 27 28 30  
50 1 3 5 6 7 8 11 12 13 14 15 16 17 18 19 20 21 22 23 27 29 30  
44 1 8 9 11 12 16 20 21 24 27  
72 1 2 3 4 5 7 8 9 10 12 13 14 15 16 17 18 19 20 21 22 23 25 26 27 28 29 30  
26 1 6 10 13 15 18 20 25 26 27 28  
49 3 6 8 12 14 16 20 24 25  
8 1 3 4 11 16 18 21 22 23 29  
70 1 2 4 6 8 13 15 17 18 21 24 25 27 28 29 30  
56 3 4 7 8 10 13 14 15 16 17 22 23 24 25 27 28 30  
64 1 2 4 5 6 7 8 10 11 12 13 14 15 16 17 18 19 20 21 22 23 24 25 26 28 29 30  
18 1 2 3 5 10 12 14 15 16 17 18 20 21 22 25 26 27 28 29  
65 1 2 3 4 5 6 7 8 9 10 11 12 14 15 16 18 19 20 21 22 23 24 25 26 28 29 30  
73 1 2 3 5 6 8 10 11 12 13 15 16 17 18 20 21 22 23 24 25 26 27 28 29 30  
31 2 9 13 18 19 21 22 24 25 26 28 29 30  
SIZE OF PROGRAMS (pID SIZE):
1 81.0 
2 44.0 
3 71.0 
4 54.0 
5 78.0 
6 90.0 
7 77.0 
8 74.0 
9 98.0 
10 85.0 
11 42.0 
12 48.0 
13 84.0 
14 50.0 
15 82.0 
16 69.0 
17 89.0 
18 71.0 
19 40.0 
20 64.0 
21 55.0 
22 54.0 
23 51.0 
24 62.0 
25 80.0 
26 46.0 
27 45.0 
28 57.0 
29 77.0 
30 75.0 
COST_INSTALL_SERVER_AND_PROGRAMS :
0 5067.34693877551 1.653061224489796 0.8979591836734694 1.4489795918367347 1.1020408163265305 1.5918367346938775 1.836734693877551 1.5714285714285714 1.510204081632653 2.0 1.7346938775510203 0.8571428571428571 0.9795918367346939 1.7142857142857142 1.0204081632653061 1.6734693877551021 1.4081632653061225 1.816326530612245 1.4489795918367347 0.8163265306122449 1.3061224489795917 1.1224489795918366 1.1020408163265305 1.0408163265306123 1.2653061224489797 1.6326530612244898 0.9387755102040817 0.9183673469387755 1.163265306122449 1.5714285714285714 1.530612244897959  
62 103.55520745348689 2.479591836734694 1.346938775510204 2.173469387755102 1.653061224489796 2.3877551020408165 2.7551020408163267 2.357142857142857 2.2653061224489797 3.0 2.6020408163265305 1.2857142857142858 1.469387755102041 2.5714285714285716 1.530612244897959 2.510204081632653 2.1122448979591835 2.7244897959183674 2.173469387755102 1.2244897959183674 1.9591836734693877 1.683673469387755 1.653061224489796 1.5612244897959184 1.8979591836734695 2.4489795918367347 1.4081632653061225 1.3775510204081634 1.7448979591836735 2.357142857142857 2.295918367346939  
40 30.477664231684784 2.479591836734694 1.346938775510204 2.173469387755102 1.653061224489796 2.3877551020408165 2.7551020408163267 2.357142857142857 2.2653061224489797 3.0 2.6020408163265305 1.2857142857142858 1.469387755102041 2.5714285714285716 1.530612244897959 2.510204081632653 2.1122448979591835 2.7244897959183674 2.173469387755102 1.2244897959183674 1.9591836734693877 1.683673469387755 1.653061224489796 1.5612244897959184 1.8979591836734695 2.4489795918367347 1.4081632653061225 1.3775510204081634 1.7448979591836735 2.357142857142857 2.295918367346939  
37 154.05172889532932 1.653061224489796 0.8979591836734694 1.4489795918367347 1.1020408163265305 1.5918367346938775 1.836734693877551 1.5714285714285714 1.510204081632653 2.0 1.7346938775510203 0.8571428571428571 0.9795918367346939 1.7142857142857142 1.0204081632653061 1.6734693877551021 1.4081632653061225 1.816326530612245 1.4489795918367347 0.8163265306122449 1.3061224489795917 1.1224489795918366 1.1020408163265305 1.0408163265306123 1.2653061224489797 1.6326530612244898 0.9387755102040817 0.9183673469387755 1.163265306122449 1.5714285714285714 1.530612244897959  
19 92.2330368162733 2.479591836734694 1.346938775510204 2.173469387755102 1.653061224489796 2.3877551020408165 2.7551020408163267 2.357142857142857 2.2653061224489797 3.0 2.6020408163265305 1.2857142857142858 1.469387755102041 2.5714285714285716 1.530612244897959 2.510204081632653 2.1122448979591835 2.7244897959183674 2.173469387755102 1.2244897959183674 1.9591836734693877 1.683673469387755 1.653061224489796 1.5612244897959184 1.8979591836734695 2.4489795918367347 1.4081632653061225 1.3775510204081634 1.7448979591836735 2.357142857142857 2.295918367346939  
41 21.558965408427177 1.653061224489796 0.8979591836734694 1.4489795918367347 1.1020408163265305 1.5918367346938775 1.836734693877551 1.5714285714285714 1.510204081632653 2.0 1.7346938775510203 0.8571428571428571 0.9795918367346939 1.7142857142857142 1.0204081632653061 1.6734693877551021 1.4081632653061225 1.816326530612245 1.4489795918367347 0.8163265306122449 1.3061224489795917 1.1224489795918366 1.1020408163265305 1.0408163265306123 1.2653061224489797 1.6326530612244898 0.9387755102040817 0.9183673469387755 1.163265306122449 1.5714285714285714 1.530612244897959  
27 16.139483744845784 2.479591836734694 1.346938775510204 2.173469387755102 1.653061224489796 2.3877551020408165 2.7551020408163267 2.357142857142857 2.2653061224489797 3.0 2.6020408163265305 1.2857142857142858 1.469387755102041 2.5714285714285716 1.530612244897959 2.510204081632653 2.1122448979591835 2.7244897959183674 2.173469387755102 1.2244897959183674 1.9591836734693877 1.683673469387755 1.653061224489796 1.5612244897959184 1.8979591836734695 2.4489795918367347 1.4081632653061225 1.3775510204081634 1.7448979591836735 2.357142857142857 2.295918367346939  
39 32.53435548906295 1.653061224489796 0.8979591836734694 1.4489795918367347 1.1020408163265305 1.5918367346938775 1.836734693877551 1.5714285714285714 1.510204081632653 2.0 1.7346938775510203 0.8571428571428571 0.9795918367346939 1.7142857142857142 1.0204081632653061 1.6734693877551021 1.4081632653061225 1.816326530612245 1.4489795918367347 0.8163265306122449 1.3061224489795917 1.1224489795918366 1.1020408163265305 1.0408163265306123 1.2653061224489797 1.6326530612244898 0.9387755102040817 0.9183673469387755 1.163265306122449 1.5714285714285714 1.530612244897959  
22 114.74750347565274 1.653061224489796 0.8979591836734694 1.4489795918367347 1.1020408163265305 1.5918367346938775 1.836734693877551 1.5714285714285714 1.510204081632653 2.0 1.7346938775510203 0.8571428571428571 0.9795918367346939 1.7142857142857142 1.0204081632653061 1.6734693877551021 1.4081632653061225 1.816326530612245 1.4489795918367347 0.8163265306122449 1.3061224489795917 1.1224489795918366 1.1020408163265305 1.0408163265306123 1.2653061224489797 1.6326530612244898 0.9387755102040817 0.9183673469387755 1.163265306122449 1.5714285714285714 1.530612244897959  
52 120.12512924450604 2.479591836734694 1.346938775510204 2.173469387755102 1.653061224489796 2.3877551020408165 2.7551020408163267 2.357142857142857 2.2653061224489797 3.0 2.6020408163265305 1.2857142857142858 1.469387755102041 2.5714285714285716 1.530612244897959 2.510204081632653 2.1122448979591835 2.7244897959183674 2.173469387755102 1.2244897959183674 1.9591836734693877 1.683673469387755 1.653061224489796 1.5612244897959184 1.8979591836734695 2.4489795918367347 1.4081632653061225 1.3775510204081634 1.7448979591836735 2.357142857142857 2.295918367346939  
38 123.88795309058482 2.479591836734694 1.346938775510204 2.173469387755102 1.653061224489796 2.3877551020408165 2.7551020408163267 2.357142857142857 2.2653061224489797 3.0 2.6020408163265305 1.2857142857142858 1.469387755102041 2.5714285714285716 1.530612244897959 2.510204081632653 2.1122448979591835 2.7244897959183674 2.173469387755102 1.2244897959183674 1.9591836734693877 1.683673469387755 1.653061224489796 1.5612244897959184 1.8979591836734695 2.4489795918367347 1.4081632653061225 1.3775510204081634 1.7448979591836735 2.357142857142857 2.295918367346939  
86 187.9815067078253 1.653061224489796 0.8979591836734694 1.4489795918367347 1.1020408163265305 1.5918367346938775 1.836734693877551 1.5714285714285714 1.510204081632653 2.0 1.7346938775510203 0.8571428571428571 0.9795918367346939 1.7142857142857142 1.0204081632653061 1.6734693877551021 1.4081632653061225 1.816326530612245 1.4489795918367347 0.8163265306122449 1.3061224489795917 1.1224489795918366 1.1020408163265305 1.0408163265306123 1.2653061224489797 1.6326530612244898 0.9387755102040817 0.9183673469387755 1.163265306122449 1.5714285714285714 1.530612244897959  
83 49.88315984767648 2.479591836734694 1.346938775510204 2.173469387755102 1.653061224489796 2.3877551020408165 2.7551020408163267 2.357142857142857 2.2653061224489797 3.0 2.6020408163265305 1.2857142857142858 1.469387755102041 2.5714285714285716 1.530612244897959 2.510204081632653 2.1122448979591835 2.7244897959183674 2.173469387755102 1.2244897959183674 1.9591836734693877 1.683673469387755 1.653061224489796 1.5612244897959184 1.8979591836734695 2.4489795918367347 1.4081632653061225 1.3775510204081634 1.7448979591836735 2.357142857142857 2.295918367346939  
75 189.2345475525379 1.653061224489796 0.8979591836734694 1.4489795918367347 1.1020408163265305 1.5918367346938775 1.836734693877551 1.5714285714285714 1.510204081632653 2.0 1.7346938775510203 0.8571428571428571 0.9795918367346939 1.7142857142857142 1.0204081632653061 1.6734693877551021 1.4081632653061225 1.816326530612245 1.4489795918367347 0.8163265306122449 1.3061224489795917 1.1224489795918366 1.1020408163265305 1.0408163265306123 1.2653061224489797 1.6326530612244898 0.9387755102040817 0.9183673469387755 1.163265306122449 1.5714285714285714 1.530612244897959  
88 26.03536148475545 1.653061224489796 0.8979591836734694 1.4489795918367347 1.1020408163265305 1.5918367346938775 1.836734693877551 1.5714285714285714 1.510204081632653 2.0 1.7346938775510203 0.8571428571428571 0.9795918367346939 1.7142857142857142 1.0204081632653061 1.6734693877551021 1.4081632653061225 1.816326530612245 1.4489795918367347 0.8163265306122449 1.3061224489795917 1.1224489795918366 1.1020408163265305 1.0408163265306123 1.2653061224489797 1.6326530612244898 0.9387755102040817 0.9183673469387755 1.163265306122449 1.5714285714285714 1.530612244897959  
11 680.0 1.653061224489796 0.8979591836734694 1.4489795918367347 1.1020408163265305 1.5918367346938775 1.836734693877551 1.5714285714285714 1.510204081632653 2.0 1.7346938775510203 0.8571428571428571 0.9795918367346939 1.7142857142857142 1.0204081632653061 1.6734693877551021 1.4081632653061225 1.816326530612245 1.4489795918367347 0.8163265306122449 1.3061224489795917 1.1224489795918366 1.1020408163265305 1.0408163265306123 1.2653061224489797 1.6326530612244898 0.9387755102040817 0.9183673469387755 1.163265306122449 1.5714285714285714 1.530612244897959  
48 98.14120675985261 2.479591836734694 1.346938775510204 2.173469387755102 1.653061224489796 2.3877551020408165 2.7551020408163267 2.357142857142857 2.2653061224489797 3.0 2.6020408163265305 1.2857142857142858 1.469387755102041 2.5714285714285716 1.530612244897959 2.510204081632653 2.1122448979591835 2.7244897959183674 2.173469387755102 1.2244897959183674 1.9591836734693877 1.683673469387755 1.653061224489796 1.5612244897959184 1.8979591836734695 2.4489795918367347 1.4081632653061225 1.3775510204081634 1.7448979591836735 2.357142857142857 2.295918367346939  
46 120.29719764392271 1.653061224489796 0.8979591836734694 1.4489795918367347 1.1020408163265305 1.5918367346938775 1.836734693877551 1.5714285714285714 1.510204081632653 2.0 1.7346938775510203 0.8571428571428571 0.9795918367346939 1.7142857142857142 1.0204081632653061 1.6734693877551021 1.4081632653061225 1.816326530612245 1.4489795918367347 0.8163265306122449 1.3061224489795917 1.1224489795918366 1.1020408163265305 1.0408163265306123 1.2653061224489797 1.6326530612244898 0.9387755102040817 0.9183673469387755 1.163265306122449 1.5714285714285714 1.530612244897959  
9 8.444004155457502 2.479591836734694 1.346938775510204 2.173469387755102 1.653061224489796 2.3877551020408165 2.7551020408163267 2.357142857142857 2.2653061224489797 3.0 2.6020408163265305 1.2857142857142858 1.469387755102041 2.5714285714285716 1.530612244897959 2.510204081632653 2.1122448979591835 2.7244897959183674 2.173469387755102 1.2244897959183674 1.9591836734693877 1.683673469387755 1.653061224489796 1.5612244897959184 1.8979591836734695 2.4489795918367347 1.4081632653061225 1.3775510204081634 1.7448979591836735 2.357142857142857 2.295918367346939  
15 50.94129989288599 1.653061224489796 0.8979591836734694 1.4489795918367347 1.1020408163265305 1.5918367346938775 1.836734693877551 1.5714285714285714 1.510204081632653 2.0 1.7346938775510203 0.8571428571428571 0.9795918367346939 1.7142857142857142 1.0204081632653061 1.6734693877551021 1.4081632653061225 1.816326530612245 1.4489795918367347 0.8163265306122449 1.3061224489795917 1.1224489795918366 1.1020408163265305 1.0408163265306123 1.2653061224489797 1.6326530612244898 0.9387755102040817 0.9183673469387755 1.163265306122449 1.5714285714285714 1.530612244897959  
7 48.15125874436609 1.653061224489796 0.8979591836734694 1.4489795918367347 1.1020408163265305 1.5918367346938775 1.836734693877551 1.5714285714285714 1.510204081632653 2.0 1.7346938775510203 0.8571428571428571 0.9795918367346939 1.7142857142857142 1.0204081632653061 1.6734693877551021 1.4081632653061225 1.816326530612245 1.4489795918367347 0.8163265306122449 1.3061224489795917 1.1224489795918366 1.1020408163265305 1.0408163265306123 1.2653061224489797 1.6326530612244898 0.9387755102040817 0.9183673469387755 1.163265306122449 1.5714285714285714 1.530612244897959  
60 97.59589252375 1.653061224489796 0.8979591836734694 1.4489795918367347 1.1020408163265305 1.5918367346938775 1.836734693877551 1.5714285714285714 1.510204081632653 2.0 1.7346938775510203 0.8571428571428571 0.9795918367346939 1.7142857142857142 1.0204081632653061 1.6734693877551021 1.4081632653061225 1.816326530612245 1.4489795918367347 0.8163265306122449 1.3061224489795917 1.1224489795918366 1.1020408163265305 1.0408163265306123 1.2653061224489797 1.6326530612244898 0.9387755102040817 0.9183673469387755 1.163265306122449 1.5714285714285714 1.530612244897959  
67 21.08587031973518 2.479591836734694 1.346938775510204 2.173469387755102 1.653061224489796 2.3877551020408165 2.7551020408163267 2.357142857142857 2.2653061224489797 3.0 2.6020408163265305 1.2857142857142858 1.469387755102041 2.5714285714285716 1.530612244897959 2.510204081632653 2.1122448979591835 2.7244897959183674 2.173469387755102 1.2244897959183674 1.9591836734693877 1.683673469387755 1.653061224489796 1.5612244897959184 1.8979591836734695 2.4489795918367347 1.4081632653061225 1.3775510204081634 1.7448979591836735 2.357142857142857 2.295918367346939  
85 60.267271120880096 1.653061224489796 0.8979591836734694 1.4489795918367347 1.1020408163265305 1.5918367346938775 1.836734693877551 1.5714285714285714 1.510204081632653 2.0 1.7346938775510203 0.8571428571428571 0.9795918367346939 1.7142857142857142 1.0204081632653061 1.6734693877551021 1.4081632653061225 1.816326530612245 1.4489795918367347 0.8163265306122449 1.3061224489795917 1.1224489795918366 1.1020408163265305 1.0408163265306123 1.2653061224489797 1.6326530612244898 0.9387755102040817 0.9183673469387755 1.163265306122449 1.5714285714285714 1.530612244897959  
2 67.97015537311154 2.479591836734694 1.346938775510204 2.173469387755102 1.653061224489796 2.3877551020408165 2.7551020408163267 2.357142857142857 2.2653061224489797 3.0 2.6020408163265305 1.2857142857142858 1.469387755102041 2.5714285714285716 1.530612244897959 2.510204081632653 2.1122448979591835 2.7244897959183674 2.173469387755102 1.2244897959183674 1.9591836734693877 1.683673469387755 1.653061224489796 1.5612244897959184 1.8979591836734695 2.4489795918367347 1.4081632653061225 1.3775510204081634 1.7448979591836735 2.357142857142857 2.295918367346939  
5 67.15059917533016 2.479591836734694 1.346938775510204 2.173469387755102 1.653061224489796 2.3877551020408165 2.7551020408163267 2.357142857142857 2.2653061224489797 3.0 2.6020408163265305 1.2857142857142858 1.469387755102041 2.5714285714285716 1.530612244897959 2.510204081632653 2.1122448979591835 2.7244897959183674 2.173469387755102 1.2244897959183674 1.9591836734693877 1.683673469387755 1.653061224489796 1.5612244897959184 1.8979591836734695 2.4489795918367347 1.4081632653061225 1.3775510204081634 1.7448979591836735 2.357142857142857 2.295918367346939  
34 31.62339880740184 1.653061224489796 0.8979591836734694 1.4489795918367347 1.1020408163265305 1.5918367346938775 1.836734693877551 1.5714285714285714 1.510204081632653 2.0 1.7346938775510203 0.8571428571428571 0.9795918367346939 1.7142857142857142 1.0204081632653061 1.6734693877551021 1.4081632653061225 1.816326530612245 1.4489795918367347 0.8163265306122449 1.3061224489795917 1.1224489795918366 1.1020408163265305 1.0408163265306123 1.2653061224489797 1.6326530612244898 0.9387755102040817 0.9183673469387755 1.163265306122449 1.5714285714285714 1.530612244897959  
59 54.76592374450077 2.479591836734694 1.346938775510204 2.173469387755102 1.653061224489796 2.3877551020408165 2.7551020408163267 2.357142857142857 2.2653061224489797 3.0 2.6020408163265305 1.2857142857142858 1.469387755102041 2.5714285714285716 1.530612244897959 2.510204081632653 2.1122448979591835 2.7244897959183674 2.173469387755102 1.2244897959183674 1.9591836734693877 1.683673469387755 1.653061224489796 1.5612244897959184 1.8979591836734695 2.4489795918367347 1.4081632653061225 1.3775510204081634 1.7448979591836735 2.357142857142857 2.295918367346939  
17 168.593551658165 2.479591836734694 1.346938775510204 2.173469387755102 1.653061224489796 2.3877551020408165 2.7551020408163267 2.357142857142857 2.2653061224489797 3.0 2.6020408163265305 1.2857142857142858 1.469387755102041 2.5714285714285716 1.530612244897959 2.510204081632653 2.1122448979591835 2.7244897959183674 2.173469387755102 1.2244897959183674 1.9591836734693877 1.683673469387755 1.653061224489796 1.5612244897959184 1.8979591836734695 2.4489795918367347 1.4081632653061225 1.3775510204081634 1.7448979591836735 2.357142857142857 2.295918367346939  
47 85.82449398976416 2.479591836734694 1.346938775510204 2.173469387755102 1.653061224489796 2.3877551020408165 2.7551020408163267 2.357142857142857 2.2653061224489797 3.0 2.6020408163265305 1.2857142857142858 1.469387755102041 2.5714285714285716 1.530612244897959 2.510204081632653 2.1122448979591835 2.7244897959183674 2.173469387755102 1.2244897959183674 1.9591836734693877 1.683673469387755 1.653061224489796 1.5612244897959184 1.8979591836734695 2.4489795918367347 1.4081632653061225 1.3775510204081634 1.7448979591836735 2.357142857142857 2.295918367346939  
23 39.27246293243998 1.653061224489796 0.8979591836734694 1.4489795918367347 1.1020408163265305 1.5918367346938775 1.836734693877551 1.5714285714285714 1.510204081632653 2.0 1.7346938775510203 0.8571428571428571 0.9795918367346939 1.7142857142857142 1.0204081632653061 1.6734693877551021 1.4081632653061225 1.816326530612245 1.4489795918367347 0.8163265306122449 1.3061224489795917 1.1224489795918366 1.1020408163265305 1.0408163265306123 1.2653061224489797 1.6326530612244898 0.9387755102040817 0.9183673469387755 1.163265306122449 1.5714285714285714 1.530612244897959  
55 68.69913982243715 1.653061224489796 0.8979591836734694 1.4489795918367347 1.1020408163265305 1.5918367346938775 1.836734693877551 1.5714285714285714 1.510204081632653 2.0 1.7346938775510203 0.8571428571428571 0.9795918367346939 1.7142857142857142 1.0204081632653061 1.6734693877551021 1.4081632653061225 1.816326530612245 1.4489795918367347 0.8163265306122449 1.3061224489795917 1.1224489795918366 1.1020408163265305 1.0408163265306123 1.2653061224489797 1.6326530612244898 0.9387755102040817 0.9183673469387755 1.163265306122449 1.5714285714285714 1.530612244897959  
81 121.41088794620272 1.653061224489796 0.8979591836734694 1.4489795918367347 1.1020408163265305 1.5918367346938775 1.836734693877551 1.5714285714285714 1.510204081632653 2.0 1.7346938775510203 0.8571428571428571 0.9795918367346939 1.7142857142857142 1.0204081632653061 1.6734693877551021 1.4081632653061225 1.816326530612245 1.4489795918367347 0.8163265306122449 1.3061224489795917 1.1224489795918366 1.1020408163265305 1.0408163265306123 1.2653061224489797 1.6326530612244898 0.9387755102040817 0.9183673469387755 1.163265306122449 1.5714285714285714 1.530612244897959  
43 65.71053978063753 1.653061224489796 0.8979591836734694 1.4489795918367347 1.1020408163265305 1.5918367346938775 1.836734693877551 1.5714285714285714 1.510204081632653 2.0 1.7346938775510203 0.8571428571428571 0.9795918367346939 1.7142857142857142 1.0204081632653061 1.6734693877551021 1.4081632653061225 1.816326530612245 1.4489795918367347 0.8163265306122449 1.3061224489795917 1.1224489795918366 1.1020408163265305 1.0408163265306123 1.2653061224489797 1.6326530612244898 0.9387755102040817 0.9183673469387755 1.163265306122449 1.5714285714285714 1.530612244897959  
53 23.887498379092293 1.653061224489796 0.8979591836734694 1.4489795918367347 1.1020408163265305 1.5918367346938775 1.836734693877551 1.5714285714285714 1.510204081632653 2.0 1.7346938775510203 0.8571428571428571 0.9795918367346939 1.7142857142857142 1.0204081632653061 1.6734693877551021 1.4081632653061225 1.816326530612245 1.4489795918367347 0.8163265306122449 1.3061224489795917 1.1224489795918366 1.1020408163265305 1.0408163265306123 1.2653061224489797 1.6326530612244898 0.9387755102040817 0.9183673469387755 1.163265306122449 1.5714285714285714 1.530612244897959  
12 51.27816968938352 1.653061224489796 0.8979591836734694 1.4489795918367347 1.1020408163265305 1.5918367346938775 1.836734693877551 1.5714285714285714 1.510204081632653 2.0 1.7346938775510203 0.8571428571428571 0.9795918367346939 1.7142857142857142 1.0204081632653061 1.6734693877551021 1.4081632653061225 1.816326530612245 1.4489795918367347 0.8163265306122449 1.3061224489795917 1.1224489795918366 1.1020408163265305 1.0408163265306123 1.2653061224489797 1.6326530612244898 0.9387755102040817 0.9183673469387755 1.163265306122449 1.5714285714285714 1.530612244897959  
29 52.80151314618031 2.479591836734694 1.346938775510204 2.173469387755102 1.653061224489796 2.3877551020408165 2.7551020408163267 2.357142857142857 2.2653061224489797 3.0 2.6020408163265305 1.2857142857142858 1.469387755102041 2.5714285714285716 1.530612244897959 2.510204081632653 2.1122448979591835 2.7244897959183674 2.173469387755102 1.2244897959183674 1.9591836734693877 1.683673469387755 1.653061224489796 1.5612244897959184 1.8979591836734695 2.4489795918367347 1.4081632653061225 1.3775510204081634 1.7448979591836735 2.357142857142857 2.295918367346939  
74 129.84213973824194 2.479591836734694 1.346938775510204 2.173469387755102 1.653061224489796 2.3877551020408165 2.7551020408163267 2.357142857142857 2.2653061224489797 3.0 2.6020408163265305 1.2857142857142858 1.469387755102041 2.5714285714285716 1.530612244897959 2.510204081632653 2.1122448979591835 2.7244897959183674 2.173469387755102 1.2244897959183674 1.9591836734693877 1.683673469387755 1.653061224489796 1.5612244897959184 1.8979591836734695 2.4489795918367347 1.4081632653061225 1.3775510204081634 1.7448979591836735 2.357142857142857 2.295918367346939  
76 85.77073676789827 1.653061224489796 0.8979591836734694 1.4489795918367347 1.1020408163265305 1.5918367346938775 1.836734693877551 1.5714285714285714 1.510204081632653 2.0 1.7346938775510203 0.8571428571428571 0.9795918367346939 1.7142857142857142 1.0204081632653061 1.6734693877551021 1.4081632653061225 1.816326530612245 1.4489795918367347 0.8163265306122449 1.3061224489795917 1.1224489795918366 1.1020408163265305 1.0408163265306123 1.2653061224489797 1.6326530612244898 0.9387755102040817 0.9183673469387755 1.163265306122449 1.5714285714285714 1.530612244897959  
54 43.873083975686285 2.479591836734694 1.346938775510204 2.173469387755102 1.653061224489796 2.3877551020408165 2.7551020408163267 2.357142857142857 2.2653061224489797 3.0 2.6020408163265305 1.2857142857142858 1.469387755102041 2.5714285714285716 1.530612244897959 2.510204081632653 2.1122448979591835 2.7244897959183674 2.173469387755102 1.2244897959183674 1.9591836734693877 1.683673469387755 1.653061224489796 1.5612244897959184 1.8979591836734695 2.4489795918367347 1.4081632653061225 1.3775510204081634 1.7448979591836735 2.357142857142857 2.295918367346939  
36 263.4887277731334 1.653061224489796 0.8979591836734694 1.4489795918367347 1.1020408163265305 1.5918367346938775 1.836734693877551 1.5714285714285714 1.510204081632653 2.0 1.7346938775510203 0.8571428571428571 0.9795918367346939 1.7142857142857142 1.0204081632653061 1.6734693877551021 1.4081632653061225 1.816326530612245 1.4489795918367347 0.8163265306122449 1.3061224489795917 1.1224489795918366 1.1020408163265305 1.0408163265306123 1.2653061224489797 1.6326530612244898 0.9387755102040817 0.9183673469387755 1.163265306122449 1.5714285714285714 1.530612244897959  
10 52.179128265293194 1.653061224489796 0.8979591836734694 1.4489795918367347 1.1020408163265305 1.5918367346938775 1.836734693877551 1.5714285714285714 1.510204081632653 2.0 1.7346938775510203 0.8571428571428571 0.9795918367346939 1.7142857142857142 1.0204081632653061 1.6734693877551021 1.4081632653061225 1.816326530612245 1.4489795918367347 0.8163265306122449 1.3061224489795917 1.1224489795918366 1.1020408163265305 1.0408163265306123 1.2653061224489797 1.6326530612244898 0.9387755102040817 0.9183673469387755 1.163265306122449 1.5714285714285714 1.530612244897959  
32 186.09207668833758 1.653061224489796 0.8979591836734694 1.4489795918367347 1.1020408163265305 1.5918367346938775 1.836734693877551 1.5714285714285714 1.510204081632653 2.0 1.7346938775510203 0.8571428571428571 0.9795918367346939 1.7142857142857142 1.0204081632653061 1.6734693877551021 1.4081632653061225 1.816326530612245 1.4489795918367347 0.8163265306122449 1.3061224489795917 1.1224489795918366 1.1020408163265305 1.0408163265306123 1.2653061224489797 1.6326530612244898 0.9387755102040817 0.9183673469387755 1.163265306122449 1.5714285714285714 1.530612244897959  
6 61.83090220423621 2.479591836734694 1.346938775510204 2.173469387755102 1.653061224489796 2.3877551020408165 2.7551020408163267 2.357142857142857 2.2653061224489797 3.0 2.6020408163265305 1.2857142857142858 1.469387755102041 2.5714285714285716 1.530612244897959 2.510204081632653 2.1122448979591835 2.7244897959183674 2.173469387755102 1.2244897959183674 1.9591836734693877 1.683673469387755 1.653061224489796 1.5612244897959184 1.8979591836734695 2.4489795918367347 1.4081632653061225 1.3775510204081634 1.7448979591836735 2.357142857142857 2.295918367346939  
57 18.83105620864192 2.479591836734694 1.346938775510204 2.173469387755102 1.653061224489796 2.3877551020408165 2.7551020408163267 2.357142857142857 2.2653061224489797 3.0 2.6020408163265305 1.2857142857142858 1.469387755102041 2.5714285714285716 1.530612244897959 2.510204081632653 2.1122448979591835 2.7244897959183674 2.173469387755102 1.2244897959183674 1.9591836734693877 1.683673469387755 1.653061224489796 1.5612244897959184 1.8979591836734695 2.4489795918367347 1.4081632653061225 1.3775510204081634 1.7448979591836735 2.357142857142857 2.295918367346939  
4 86.22619873469955 1.653061224489796 0.8979591836734694 1.4489795918367347 1.1020408163265305 1.5918367346938775 1.836734693877551 1.5714285714285714 1.510204081632653 2.0 1.7346938775510203 0.8571428571428571 0.9795918367346939 1.7142857142857142 1.0204081632653061 1.6734693877551021 1.4081632653061225 1.816326530612245 1.4489795918367347 0.8163265306122449 1.3061224489795917 1.1224489795918366 1.1020408163265305 1.0408163265306123 1.2653061224489797 1.6326530612244898 0.9387755102040817 0.9183673469387755 1.163265306122449 1.5714285714285714 1.530612244897959  
84 43.82824903350091 1.653061224489796 0.8979591836734694 1.4489795918367347 1.1020408163265305 1.5918367346938775 1.836734693877551 1.5714285714285714 1.510204081632653 2.0 1.7346938775510203 0.8571428571428571 0.9795918367346939 1.7142857142857142 1.0204081632653061 1.6734693877551021 1.4081632653061225 1.816326530612245 1.4489795918367347 0.8163265306122449 1.3061224489795917 1.1224489795918366 1.1020408163265305 1.0408163265306123 1.2653061224489797 1.6326530612244898 0.9387755102040817 0.9183673469387755 1.163265306122449 1.5714285714285714 1.530612244897959  
58 76.80114066385647 1.653061224489796 0.8979591836734694 1.4489795918367347 1.1020408163265305 1.5918367346938775 1.836734693877551 1.5714285714285714 1.510204081632653 2.0 1.7346938775510203 0.8571428571428571 0.9795918367346939 1.7142857142857142 1.0204081632653061 1.6734693877551021 1.4081632653061225 1.816326530612245 1.4489795918367347 0.8163265306122449 1.3061224489795917 1.1224489795918366 1.1020408163265305 1.0408163265306123 1.2653061224489797 1.6326530612244898 0.9387755102040817 0.9183673469387755 1.163265306122449 1.5714285714285714 1.530612244897959  
21 175.46928608542603 1.653061224489796 0.8979591836734694 1.4489795918367347 1.1020408163265305 1.5918367346938775 1.836734693877551 1.5714285714285714 1.510204081632653 2.0 1.7346938775510203 0.8571428571428571 0.9795918367346939 1.7142857142857142 1.0204081632653061 1.6734693877551021 1.4081632653061225 1.816326530612245 1.4489795918367347 0.8163265306122449 1.3061224489795917 1.1224489795918366 1.1020408163265305 1.0408163265306123 1.2653061224489797 1.6326530612244898 0.9387755102040817 0.9183673469387755 1.163265306122449 1.5714285714285714 1.530612244897959  
16 143.92917986100355 1.653061224489796 0.8979591836734694 1.4489795918367347 1.1020408163265305 1.5918367346938775 1.836734693877551 1.5714285714285714 1.510204081632653 2.0 1.7346938775510203 0.8571428571428571 0.9795918367346939 1.7142857142857142 1.0204081632653061 1.6734693877551021 1.4081632653061225 1.816326530612245 1.4489795918367347 0.8163265306122449 1.3061224489795917 1.1224489795918366 1.1020408163265305 1.0408163265306123 1.2653061224489797 1.6326530612244898 0.9387755102040817 0.9183673469387755 1.163265306122449 1.5714285714285714 1.530612244897959  
13 38.39147603972592 1.653061224489796 0.8979591836734694 1.4489795918367347 1.1020408163265305 1.5918367346938775 1.836734693877551 1.5714285714285714 1.510204081632653 2.0 1.7346938775510203 0.8571428571428571 0.9795918367346939 1.7142857142857142 1.0204081632653061 1.6734693877551021 1.4081632653061225 1.816326530612245 1.4489795918367347 0.8163265306122449 1.3061224489795917 1.1224489795918366 1.1020408163265305 1.0408163265306123 1.2653061224489797 1.6326530612244898 0.9387755102040817 0.9183673469387755 1.163265306122449 1.5714285714285714 1.530612244897959  
33 34.713923409371816 1.653061224489796 0.8979591836734694 1.4489795918367347 1.1020408163265305 1.5918367346938775 1.836734693877551 1.5714285714285714 1.510204081632653 2.0 1.7346938775510203 0.8571428571428571 0.9795918367346939 1.7142857142857142 1.0204081632653061 1.6734693877551021 1.4081632653061225 1.816326530612245 1.4489795918367347 0.8163265306122449 1.3061224489795917 1.1224489795918366 1.1020408163265305 1.0408163265306123 1.2653061224489797 1.6326530612244898 0.9387755102040817 0.9183673469387755 1.163265306122449 1.5714285714285714 1.530612244897959  
1 25.622951905078864 1.653061224489796 0.8979591836734694 1.4489795918367347 1.1020408163265305 1.5918367346938775 1.836734693877551 1.5714285714285714 1.510204081632653 2.0 1.7346938775510203 0.8571428571428571 0.9795918367346939 1.7142857142857142 1.0204081632653061 1.6734693877551021 1.4081632653061225 1.816326530612245 1.4489795918367347 0.8163265306122449 1.3061224489795917 1.1224489795918366 1.1020408163265305 1.0408163265306123 1.2653061224489797 1.6326530612244898 0.9387755102040817 0.9183673469387755 1.163265306122449 1.5714285714285714 1.530612244897959  
71 112.4676122722712 2.479591836734694 1.346938775510204 2.173469387755102 1.653061224489796 2.3877551020408165 2.7551020408163267 2.357142857142857 2.2653061224489797 3.0 2.6020408163265305 1.2857142857142858 1.469387755102041 2.5714285714285716 1.530612244897959 2.510204081632653 2.1122448979591835 2.7244897959183674 2.173469387755102 1.2244897959183674 1.9591836734693877 1.683673469387755 1.653061224489796 1.5612244897959184 1.8979591836734695 2.4489795918367347 1.4081632653061225 1.3775510204081634 1.7448979591836735 2.357142857142857 2.295918367346939  
51 89.90016548929461 2.479591836734694 1.346938775510204 2.173469387755102 1.653061224489796 2.3877551020408165 2.7551020408163267 2.357142857142857 2.2653061224489797 3.0 2.6020408163265305 1.2857142857142858 1.469387755102041 2.5714285714285716 1.530612244897959 2.510204081632653 2.1122448979591835 2.7244897959183674 2.173469387755102 1.2244897959183674 1.9591836734693877 1.683673469387755 1.653061224489796 1.5612244897959184 1.8979591836734695 2.4489795918367347 1.4081632653061225 1.3775510204081634 1.7448979591836735 2.357142857142857 2.295918367346939  
89 13.598311567073072 1.653061224489796 0.8979591836734694 1.4489795918367347 1.1020408163265305 1.5918367346938775 1.836734693877551 1.5714285714285714 1.510204081632653 2.0 1.7346938775510203 0.8571428571428571 0.9795918367346939 1.7142857142857142 1.0204081632653061 1.6734693877551021 1.4081632653061225 1.816326530612245 1.4489795918367347 0.8163265306122449 1.3061224489795917 1.1224489795918366 1.1020408163265305 1.0408163265306123 1.2653061224489797 1.6326530612244898 0.9387755102040817 0.9183673469387755 1.163265306122449 1.5714285714285714 1.530612244897959  
61 116.22246962331161 1.653061224489796 0.8979591836734694 1.4489795918367347 1.1020408163265305 1.5918367346938775 1.836734693877551 1.5714285714285714 1.510204081632653 2.0 1.7346938775510203 0.8571428571428571 0.9795918367346939 1.7142857142857142 1.0204081632653061 1.6734693877551021 1.4081632653061225 1.816326530612245 1.4489795918367347 0.8163265306122449 1.3061224489795917 1.1224489795918366 1.1020408163265305 1.0408163265306123 1.2653061224489797 1.6326530612244898 0.9387755102040817 0.9183673469387755 1.163265306122449 1.5714285714285714 1.530612244897959  
80 152.90015484316496 1.653061224489796 0.8979591836734694 1.4489795918367347 1.1020408163265305 1.5918367346938775 1.836734693877551 1.5714285714285714 1.510204081632653 2.0 1.7346938775510203 0.8571428571428571 0.9795918367346939 1.7142857142857142 1.0204081632653061 1.6734693877551021 1.4081632653061225 1.816326530612245 1.4489795918367347 0.8163265306122449 1.3061224489795917 1.1224489795918366 1.1020408163265305 1.0408163265306123 1.2653061224489797 1.6326530612244898 0.9387755102040817 0.9183673469387755 1.163265306122449 1.5714285714285714 1.530612244897959  
69 77.691815789706 2.479591836734694 1.346938775510204 2.173469387755102 1.653061224489796 2.3877551020408165 2.7551020408163267 2.357142857142857 2.2653061224489797 3.0 2.6020408163265305 1.2857142857142858 1.469387755102041 2.5714285714285716 1.530612244897959 2.510204081632653 2.1122448979591835 2.7244897959183674 2.173469387755102 1.2244897959183674 1.9591836734693877 1.683673469387755 1.653061224489796 1.5612244897959184 1.8979591836734695 2.4489795918367347 1.4081632653061225 1.3775510204081634 1.7448979591836735 2.357142857142857 2.295918367346939  
42 72.19073746103629 2.479591836734694 1.346938775510204 2.173469387755102 1.653061224489796 2.3877551020408165 2.7551020408163267 2.357142857142857 2.2653061224489797 3.0 2.6020408163265305 1.2857142857142858 1.469387755102041 2.5714285714285716 1.530612244897959 2.510204081632653 2.1122448979591835 2.7244897959183674 2.173469387755102 1.2244897959183674 1.9591836734693877 1.683673469387755 1.653061224489796 1.5612244897959184 1.8979591836734695 2.4489795918367347 1.4081632653061225 1.3775510204081634 1.7448979591836735 2.357142857142857 2.295918367346939  
20 88.85543315108205 2.479591836734694 1.346938775510204 2.173469387755102 1.653061224489796 2.3877551020408165 2.7551020408163267 2.357142857142857 2.2653061224489797 3.0 2.6020408163265305 1.2857142857142858 1.469387755102041 2.5714285714285716 1.530612244897959 2.510204081632653 2.1122448979591835 2.7244897959183674 2.173469387755102 1.2244897959183674 1.9591836734693877 1.683673469387755 1.653061224489796 1.5612244897959184 1.8979591836734695 2.4489795918367347 1.4081632653061225 1.3775510204081634 1.7448979591836735 2.357142857142857 2.295918367346939  
77 62.6324301837222 1.653061224489796 0.8979591836734694 1.4489795918367347 1.1020408163265305 1.5918367346938775 1.836734693877551 1.5714285714285714 1.510204081632653 2.0 1.7346938775510203 0.8571428571428571 0.9795918367346939 1.7142857142857142 1.0204081632653061 1.6734693877551021 1.4081632653061225 1.816326530612245 1.4489795918367347 0.8163265306122449 1.3061224489795917 1.1224489795918366 1.1020408163265305 1.0408163265306123 1.2653061224489797 1.6326530612244898 0.9387755102040817 0.9183673469387755 1.163265306122449 1.5714285714285714 1.530612244897959  
66 82.87542972421903 2.479591836734694 1.346938775510204 2.173469387755102 1.653061224489796 2.3877551020408165 2.7551020408163267 2.357142857142857 2.2653061224489797 3.0 2.6020408163265305 1.2857142857142858 1.469387755102041 2.5714285714285716 1.530612244897959 2.510204081632653 2.1122448979591835 2.7244897959183674 2.173469387755102 1.2244897959183674 1.9591836734693877 1.683673469387755 1.653061224489796 1.5612244897959184 1.8979591836734695 2.4489795918367347 1.4081632653061225 1.3775510204081634 1.7448979591836735 2.357142857142857 2.295918367346939  
79 28.825355194113428 2.479591836734694 1.346938775510204 2.173469387755102 1.653061224489796 2.3877551020408165 2.7551020408163267 2.357142857142857 2.2653061224489797 3.0 2.6020408163265305 1.2857142857142858 1.469387755102041 2.5714285714285716 1.530612244897959 2.510204081632653 2.1122448979591835 2.7244897959183674 2.173469387755102 1.2244897959183674 1.9591836734693877 1.683673469387755 1.653061224489796 1.5612244897959184 1.8979591836734695 2.4489795918367347 1.4081632653061225 1.3775510204081634 1.7448979591836735 2.357142857142857 2.295918367346939  
78 69.2749661193305 1.653061224489796 0.8979591836734694 1.4489795918367347 1.1020408163265305 1.5918367346938775 1.836734693877551 1.5714285714285714 1.510204081632653 2.0 1.7346938775510203 0.8571428571428571 0.9795918367346939 1.7142857142857142 1.0204081632653061 1.6734693877551021 1.4081632653061225 1.816326530612245 1.4489795918367347 0.8163265306122449 1.3061224489795917 1.1224489795918366 1.1020408163265305 1.0408163265306123 1.2653061224489797 1.6326530612244898 0.9387755102040817 0.9183673469387755 1.163265306122449 1.5714285714285714 1.530612244897959  
25 53.08923631559059 1.653061224489796 0.8979591836734694 1.4489795918367347 1.1020408163265305 1.5918367346938775 1.836734693877551 1.5714285714285714 1.510204081632653 2.0 1.7346938775510203 0.8571428571428571 0.9795918367346939 1.7142857142857142 1.0204081632653061 1.6734693877551021 1.4081632653061225 1.816326530612245 1.4489795918367347 0.8163265306122449 1.3061224489795917 1.1224489795918366 1.1020408163265305 1.0408163265306123 1.2653061224489797 1.6326530612244898 0.9387755102040817 0.9183673469387755 1.163265306122449 1.5714285714285714 1.530612244897959  
24 156.21830351853643 1.653061224489796 0.8979591836734694 1.4489795918367347 1.1020408163265305 1.5918367346938775 1.836734693877551 1.5714285714285714 1.510204081632653 2.0 1.7346938775510203 0.8571428571428571 0.9795918367346939 1.7142857142857142 1.0204081632653061 1.6734693877551021 1.4081632653061225 1.816326530612245 1.4489795918367347 0.8163265306122449 1.3061224489795917 1.1224489795918366 1.1020408163265305 1.0408163265306123 1.2653061224489797 1.6326530612244898 0.9387755102040817 0.9183673469387755 1.163265306122449 1.5714285714285714 1.530612244897959  
82 89.01561667542789 1.653061224489796 0.8979591836734694 1.4489795918367347 1.1020408163265305 1.5918367346938775 1.836734693877551 1.5714285714285714 1.510204081632653 2.0 1.7346938775510203 0.8571428571428571 0.9795918367346939 1.7142857142857142 1.0204081632653061 1.6734693877551021 1.4081632653061225 1.816326530612245 1.4489795918367347 0.8163265306122449 1.3061224489795917 1.1224489795918366 1.1020408163265305 1.0408163265306123 1.2653061224489797 1.6326530612244898 0.9387755102040817 0.9183673469387755 1.163265306122449 1.5714285714285714 1.530612244897959  
63 243.4037537890401 1.653061224489796 0.8979591836734694 1.4489795918367347 1.1020408163265305 1.5918367346938775 1.836734693877551 1.5714285714285714 1.510204081632653 2.0 1.7346938775510203 0.8571428571428571 0.9795918367346939 1.7142857142857142 1.0204081632653061 1.6734693877551021 1.4081632653061225 1.816326530612245 1.4489795918367347 0.8163265306122449 1.3061224489795917 1.1224489795918366 1.1020408163265305 1.0408163265306123 1.2653061224489797 1.6326530612244898 0.9387755102040817 0.9183673469387755 1.163265306122449 1.5714285714285714 1.530612244897959  
14 29.941679585631736 2.479591836734694 1.346938775510204 2.173469387755102 1.653061224489796 2.3877551020408165 2.7551020408163267 2.357142857142857 2.2653061224489797 3.0 2.6020408163265305 1.2857142857142858 1.469387755102041 2.5714285714285716 1.530612244897959 2.510204081632653 2.1122448979591835 2.7244897959183674 2.173469387755102 1.2244897959183674 1.9591836734693877 1.683673469387755 1.653061224489796 1.5612244897959184 1.8979591836734695 2.4489795918367347 1.4081632653061225 1.3775510204081634 1.7448979591836735 2.357142857142857 2.295918367346939  
30 124.17213989166913 2.479591836734694 1.346938775510204 2.173469387755102 1.653061224489796 2.3877551020408165 2.7551020408163267 2.357142857142857 2.2653061224489797 3.0 2.6020408163265305 1.2857142857142858 1.469387755102041 2.5714285714285716 1.530612244897959 2.510204081632653 2.1122448979591835 2.7244897959183674 2.173469387755102 1.2244897959183674 1.9591836734693877 1.683673469387755 1.653061224489796 1.5612244897959184 1.8979591836734695 2.4489795918367347 1.4081632653061225 1.3775510204081634 1.7448979591836735 2.357142857142857 2.295918367346939  
28 44.29334021631716 2.479591836734694 1.346938775510204 2.173469387755102 1.653061224489796 2.3877551020408165 2.7551020408163267 2.357142857142857 2.2653061224489797 3.0 2.6020408163265305 1.2857142857142858 1.469387755102041 2.5714285714285716 1.530612244897959 2.510204081632653 2.1122448979591835 2.7244897959183674 2.173469387755102 1.2244897959183674 1.9591836734693877 1.683673469387755 1.653061224489796 1.5612244897959184 1.8979591836734695 2.4489795918367347 1.4081632653061225 1.3775510204081634 1.7448979591836735 2.357142857142857 2.295918367346939  
35 238.4171848106085 2.479591836734694 1.346938775510204 2.173469387755102 1.653061224489796 2.3877551020408165 2.7551020408163267 2.357142857142857 2.2653061224489797 3.0 2.6020408163265305 1.2857142857142858 1.469387755102041 2.5714285714285716 1.530612244897959 2.510204081632653 2.1122448979591835 2.7244897959183674 2.173469387755102 1.2244897959183674 1.9591836734693877 1.683673469387755 1.653061224489796 1.5612244897959184 1.8979591836734695 2.4489795918367347 1.4081632653061225 1.3775510204081634 1.7448979591836735 2.357142857142857 2.295918367346939  
87 96.80036979448028 2.479591836734694 1.346938775510204 2.173469387755102 1.653061224489796 2.3877551020408165 2.7551020408163267 2.357142857142857 2.2653061224489797 3.0 2.6020408163265305 1.2857142857142858 1.469387755102041 2.5714285714285716 1.530612244897959 2.510204081632653 2.1122448979591835 2.7244897959183674 2.173469387755102 1.2244897959183674 1.9591836734693877 1.683673469387755 1.653061224489796 1.5612244897959184 1.8979591836734695 2.4489795918367347 1.4081632653061225 1.3775510204081634 1.7448979591836735 2.357142857142857 2.295918367346939  
68 12.539852106045835 2.479591836734694 1.346938775510204 2.173469387755102 1.653061224489796 2.3877551020408165 2.7551020408163267 2.357142857142857 2.2653061224489797 3.0 2.6020408163265305 1.2857142857142858 1.469387755102041 2.5714285714285716 1.530612244897959 2.510204081632653 2.1122448979591835 2.7244897959183674 2.173469387755102 1.2244897959183674 1.9591836734693877 1.683673469387755 1.653061224489796 1.5612244897959184 1.8979591836734695 2.4489795918367347 1.4081632653061225 1.3775510204081634 1.7448979591836735 2.357142857142857 2.295918367346939  
45 29.457493572048683 2.479591836734694 1.346938775510204 2.173469387755102 1.653061224489796 2.3877551020408165 2.7551020408163267 2.357142857142857 2.2653061224489797 3.0 2.6020408163265305 1.2857142857142858 1.469387755102041 2.5714285714285716 1.530612244897959 2.510204081632653 2.1122448979591835 2.7244897959183674 2.173469387755102 1.2244897959183674 1.9591836734693877 1.683673469387755 1.653061224489796 1.5612244897959184 1.8979591836734695 2.4489795918367347 1.4081632653061225 1.3775510204081634 1.7448979591836735 2.357142857142857 2.295918367346939  
3 52.085523779086905 2.479591836734694 1.346938775510204 2.173469387755102 1.653061224489796 2.3877551020408165 2.7551020408163267 2.357142857142857 2.2653061224489797 3.0 2.6020408163265305 1.2857142857142858 1.469387755102041 2.5714285714285716 1.530612244897959 2.510204081632653 2.1122448979591835 2.7244897959183674 2.173469387755102 1.2244897959183674 1.9591836734693877 1.683673469387755 1.653061224489796 1.5612244897959184 1.8979591836734695 2.4489795918367347 1.4081632653061225 1.3775510204081634 1.7448979591836735 2.357142857142857 2.295918367346939  
50 97.3243407403107 1.653061224489796 0.8979591836734694 1.4489795918367347 1.1020408163265305 1.5918367346938775 1.836734693877551 1.5714285714285714 1.510204081632653 2.0 1.7346938775510203 0.8571428571428571 0.9795918367346939 1.7142857142857142 1.0204081632653061 1.6734693877551021 1.4081632653061225 1.816326530612245 1.4489795918367347 0.8163265306122449 1.3061224489795917 1.1224489795918366 1.1020408163265305 1.0408163265306123 1.2653061224489797 1.6326530612244898 0.9387755102040817 0.9183673469387755 1.163265306122449 1.5714285714285714 1.530612244897959  
44 55.13477008682002 1.653061224489796 0.8979591836734694 1.4489795918367347 1.1020408163265305 1.5918367346938775 1.836734693877551 1.5714285714285714 1.510204081632653 2.0 1.7346938775510203 0.8571428571428571 0.9795918367346939 1.7142857142857142 1.0204081632653061 1.6734693877551021 1.4081632653061225 1.816326530612245 1.4489795918367347 0.8163265306122449 1.3061224489795917 1.1224489795918366 1.1020408163265305 1.0408163265306123 1.2653061224489797 1.6326530612244898 0.9387755102040817 0.9183673469387755 1.163265306122449 1.5714285714285714 1.530612244897959  
72 42.511356245222004 1.653061224489796 0.8979591836734694 1.4489795918367347 1.1020408163265305 1.5918367346938775 1.836734693877551 1.5714285714285714 1.510204081632653 2.0 1.7346938775510203 0.8571428571428571 0.9795918367346939 1.7142857142857142 1.0204081632653061 1.6734693877551021 1.4081632653061225 1.816326530612245 1.4489795918367347 0.8163265306122449 1.3061224489795917 1.1224489795918366 1.1020408163265305 1.0408163265306123 1.2653061224489797 1.6326530612244898 0.9387755102040817 0.9183673469387755 1.163265306122449 1.5714285714285714 1.530612244897959  
26 125.06050151043694 2.479591836734694 1.346938775510204 2.173469387755102 1.653061224489796 2.3877551020408165 2.7551020408163267 2.357142857142857 2.2653061224489797 3.0 2.6020408163265305 1.2857142857142858 1.469387755102041 2.5714285714285716 1.530612244897959 2.510204081632653 2.1122448979591835 2.7244897959183674 2.173469387755102 1.2244897959183674 1.9591836734693877 1.683673469387755 1.653061224489796 1.5612244897959184 1.8979591836734695 2.4489795918367347 1.4081632653061225 1.3775510204081634 1.7448979591836735 2.357142857142857 2.295918367346939  
49 83.54383593747508 2.479591836734694 1.346938775510204 2.173469387755102 1.653061224489796 2.3877551020408165 2.7551020408163267 2.357142857142857 2.2653061224489797 3.0 2.6020408163265305 1.2857142857142858 1.469387755102041 2.5714285714285716 1.530612244897959 2.510204081632653 2.1122448979591835 2.7244897959183674 2.173469387755102 1.2244897959183674 1.9591836734693877 1.683673469387755 1.653061224489796 1.5612244897959184 1.8979591836734695 2.4489795918367347 1.4081632653061225 1.3775510204081634 1.7448979591836735 2.357142857142857 2.295918367346939  
8 61.846460527761664 2.479591836734694 1.346938775510204 2.173469387755102 1.653061224489796 2.3877551020408165 2.7551020408163267 2.357142857142857 2.2653061224489797 3.0 2.6020408163265305 1.2857142857142858 1.469387755102041 2.5714285714285716 1.530612244897959 2.510204081632653 2.1122448979591835 2.7244897959183674 2.173469387755102 1.2244897959183674 1.9591836734693877 1.683673469387755 1.653061224489796 1.5612244897959184 1.8979591836734695 2.4489795918367347 1.4081632653061225 1.3775510204081634 1.7448979591836735 2.357142857142857 2.295918367346939  
70 102.75691574575052 2.479591836734694 1.346938775510204 2.173469387755102 1.653061224489796 2.3877551020408165 2.7551020408163267 2.357142857142857 2.2653061224489797 3.0 2.6020408163265305 1.2857142857142858 1.469387755102041 2.5714285714285716 1.530612244897959 2.510204081632653 2.1122448979591835 2.7244897959183674 2.173469387755102 1.2244897959183674 1.9591836734693877 1.683673469387755 1.653061224489796 1.5612244897959184 1.8979591836734695 2.4489795918367347 1.4081632653061225 1.3775510204081634 1.7448979591836735 2.357142857142857 2.295918367346939  
56 42.19541407631832 2.479591836734694 1.346938775510204 2.173469387755102 1.653061224489796 2.3877551020408165 2.7551020408163267 2.357142857142857 2.2653061224489797 3.0 2.6020408163265305 1.2857142857142858 1.469387755102041 2.5714285714285716 1.530612244897959 2.510204081632653 2.1122448979591835 2.7244897959183674 2.173469387755102 1.2244897959183674 1.9591836734693877 1.683673469387755 1.653061224489796 1.5612244897959184 1.8979591836734695 2.4489795918367347 1.4081632653061225 1.3775510204081634 1.7448979591836735 2.357142857142857 2.295918367346939  
64 191.06228107176509 1.653061224489796 0.8979591836734694 1.4489795918367347 1.1020408163265305 1.5918367346938775 1.836734693877551 1.5714285714285714 1.510204081632653 2.0 1.7346938775510203 0.8571428571428571 0.9795918367346939 1.7142857142857142 1.0204081632653061 1.6734693877551021 1.4081632653061225 1.816326530612245 1.4489795918367347 0.8163265306122449 1.3061224489795917 1.1224489795918366 1.1020408163265305 1.0408163265306123 1.2653061224489797 1.6326530612244898 0.9387755102040817 0.9183673469387755 1.163265306122449 1.5714285714285714 1.530612244897959  
18 83.3752086967524 1.653061224489796 0.8979591836734694 1.4489795918367347 1.1020408163265305 1.5918367346938775 1.836734693877551 1.5714285714285714 1.510204081632653 2.0 1.7346938775510203 0.8571428571428571 0.9795918367346939 1.7142857142857142 1.0204081632653061 1.6734693877551021 1.4081632653061225 1.816326530612245 1.4489795918367347 0.8163265306122449 1.3061224489795917 1.1224489795918366 1.1020408163265305 1.0408163265306123 1.2653061224489797 1.6326530612244898 0.9387755102040817 0.9183673469387755 1.163265306122449 1.5714285714285714 1.530612244897959  
65 103.2857649112838 1.653061224489796 0.8979591836734694 1.4489795918367347 1.1020408163265305 1.5918367346938775 1.836734693877551 1.5714285714285714 1.510204081632653 2.0 1.7346938775510203 0.8571428571428571 0.9795918367346939 1.7142857142857142 1.0204081632653061 1.6734693877551021 1.4081632653061225 1.816326530612245 1.4489795918367347 0.8163265306122449 1.3061224489795917 1.1224489795918366 1.1020408163265305 1.0408163265306123 1.2653061224489797 1.6326530612244898 0.9387755102040817 0.9183673469387755 1.163265306122449 1.5714285714285714 1.530612244897959  
73 133.74266187403876 2.479591836734694 1.346938775510204 2.173469387755102 1.653061224489796 2.3877551020408165 2.7551020408163267 2.357142857142857 2.2653061224489797 3.0 2.6020408163265305 1.2857142857142858 1.469387755102041 2.5714285714285716 1.530612244897959 2.510204081632653 2.1122448979591835 2.7244897959183674 2.173469387755102 1.2244897959183674 1.9591836734693877 1.683673469387755 1.653061224489796 1.5612244897959184 1.8979591836734695 2.4489795918367347 1.4081632653061225 1.3775510204081634 1.7448979591836735 2.357142857142857 2.295918367346939  
31 99.6397400959507 2.479591836734694 1.346938775510204 2.173469387755102 1.653061224489796 2.3877551020408165 2.7551020408163267 2.357142857142857 2.2653061224489797 3.0 2.6020408163265305 1.2857142857142858 1.469387755102041 2.5714285714285716 1.530612244897959 2.510204081632653 2.1122448979591835 2.7244897959183674 2.173469387755102 1.2244897959183674 1.9591836734693877 1.683673469387755 1.653061224489796 1.5612244897959184 1.8979591836734695 2.4489795918367347 1.4081632653061225 1.3775510204081634 1.7448979591836735 2.357142857142857 2.295918367346939  
