120 40
TREE NETWORK (nID nID Weight):
1 0 34.0 
9 0 50.0 
10 9 48.0 
70 0 54.0 
77 0 59.0 
118 0 44.0 
11 10 35.0 
71 70 31.0 
26 9 44.0 
78 77 52.0 
79 78 51.0 
54 9 39.0 
14 10 34.0 
27 26 38.0 
15 14 59.0 
18 10 42.0 
73 70 33.0 
34 26 53.0 
39 26 51.0 
89 78 54.0 
94 78 40.0 
19 18 44.0 
95 94 58.0 
40 39 41.0 
119 118 48.0 
41 40 32.0 
55 54 34.0 
74 73 40.0 
80 79 35.0 
28 27 55.0 
100 94 50.0 
24 10 46.0 
29 28 30.0 
21 18 49.0 
113 77 44.0 
84 79 42.0 
20 19 41.0 
2 1 49.0 
42 41 49.0 
56 55 32.0 
47 41 51.0 
58 54 52.0 
43 42 46.0 
96 95 53.0 
101 100 47.0 
44 42 30.0 
62 54 40.0 
108 94 45.0 
57 55 48.0 
90 89 33.0 
45 42 38.0 
7 1 40.0 
75 73 47.0 
65 54 58.0 
25 24 48.0 
102 101 31.0 
22 18 33.0 
63 62 47.0 
97 96 58.0 
114 77 54.0 
66 65 59.0 
46 45 34.0 
30 28 46.0 
85 79 39.0 
72 71 42.0 
35 34 35.0 
81 80 32.0 
32 28 55.0 
59 58 58.0 
107 100 46.0 
91 90 34.0 
3 2 43.0 
4 2 41.0 
69 54 46.0 
23 18 41.0 
52 40 58.0 
5 4 41.0 
86 79 40.0 
36 35 48.0 
53 26 55.0 
31 30 48.0 
115 114 41.0 
60 59 59.0 
12 11 35.0 
87 86 40.0 
109 78 30.0 
76 70 53.0 
8 7 52.0 
48 41 49.0 
16 15 43.0 
37 35 57.0 
82 81 58.0 
17 15 34.0 
83 81 37.0 
67 66 58.0 
103 101 33.0 
61 58 34.0 
111 78 45.0 
92 91 50.0 
112 111 55.0 
117 77 39.0 
88 87 41.0 
110 109 56.0 
98 97 45.0 
104 103 36.0 
33 32 33.0 
38 37 53.0 
49 48 35.0 
68 67 39.0 
105 103 42.0 
50 49 47.0 
64 63 36.0 
93 90 47.0 
6 5 52.0 
13 11 37.0 
51 49 49.0 
116 114 40.0 
106 103 36.0 
99 97 32.0 
PROGRAMS ASSIGNED TO NODES (nID pID1 pID2 ...):
0 1 2 3 4 5 6 7 8 9 10 11 12 13 14 15 16 17 18 19 20 21 22 23 24 25 26 27 28 29 30 31 32 33 34 35 36 37 38 39 40  
83 4 9 12 14 19 20 21 22 27 28 38 40  
105 18 20 21 29 36  
115 1 2 3 4 7 8 9 10 11 12 13 14 15 16 17 19 20 21 24 28 29 30 31 32 33 35 36 37 38 39 40  
49 1 4 5 6 7 8 10 11 13 14 15 16 17 18 19 23 25 26 29 30 32 35 38 39 40  
104 3 4 5 6 7 8 9 11 12 13 15 16 18 19 21 23 25 27 29 30 31 33 35 36 37 38 39  
12 1 2 4 5 6 10 13 15 17 18 19 20 21 22 23 24 25 26 27 28 29 30 33 34 35 36 39 40  
47 2 3 7 9 11 12 15 16 17 18 19 22 23 24 26 27 29 30 31 32 33 35 36 37 38 40  
58 1 2 3 4 5 6 7 9 10 13 14 15 16 17 19 20 22 23 24 29 30 34 36 39 40  
16 1 3 7 8 9 10 11 14 18 19 20 22 25 27 29 30 32 33 35 37 39 40  
65 1 2 3 4 5 6 7 8 9 10 11 12 13 14 15 16 17 18 19 20 21 22 23 24 25 26 27 28 29 30 31 32 35 36 37 38 39 40  
21 3 5 6 8 9 11 12 15 16 17 18 19 20 21 22 23 25 27 28 29 30 31 32 33 34 36 37 38 39 40  
50 1 2 3 4 5 6 7 8 9 10 13 14 15 16 17 18 20 21 22 23 24 25 27 28 29 31 33 34 35 37 39  
88  
70 1 2 3 4 5 6 7 8 9 10 11 12 13 14 15 16 17 18 19 20 21 22 23 24 25 26 27 28 29 31 32 33 34 35 36 37 38 39 40  
33  
116 2 3 5 6 7 8 9 10 11 12 13 14 15 16 17 18 19 20 21 22 23 24 25 26 27 28 29 30 31 33 34 36 37 38 39  
43 1 4 7 8 11 13 16 20 22 23 24 25 28 30 31 38 39 40  
101 1 8 10 17 18 19 20 21 23 24 26 27 28 29 30 33 35 38  
15 2 5 10 11 12 13 19 20 21 22 25 26 32 33 36 37 39  
1 6 14 28 38  
3 1 2 3 4 5 6 7 8 9 10 11 12 13 14 15 16 17 19 20 21 23 24 25 26 27 28 29 30 31 32 33 34 35 37 38 39 40  
118 4 6 9 10 13 16 17 18 19 20 21 24 25 27 28 31 33 35 36 37 40  
111 1 4 6 10 11 12 13 14 15 17 18 20 24 26 28 29 30 31 32 33 35 36 37 38 39  
75 1 2 3 5 6 7 8 9 10 11 12 13 14 15 16 17 18 19 20 21 22 23 24 25 26 28 29 30 31 32 33 34 35 36 37 38 39 40  
96 1 2 3 4 5 6 7 8 10 11 12 13 14 15 16 17 18 19 20 21 23 24 25 27 28 29 30 32 35 36 37 38 39  
80 1 2 3 4 5 6 7 8 9 10 11 12 13 14 15 16 17 18 19 20 21 22 23 24 25 27 28 29 30 31 33 34 35 36 37 38 39 40  
93 5 6 19 20 23 29 30 36 39  
119 1 2 3 4 5 6 7 9 11 12 13 14 16 17 19 20 22 23 24 26 28 29 30 31 32 35 36 37 38 40  
74 1 3 5 6 8 9 12 13 14 15 17 18 20 21 22 23 25 27 29 30 32 33 35 36 37 40  
56 1 3 6 9 11 12 20 21 24 29 39  
4 1 2 3 4 5 6 7 8 9 10 11 13 15 17 18 20 22 23 24 25 26 27 28 29 30 31 32 33 34 35 36 37 38 39 40  
110 4 8 12 16 21 31 32 38 39  
8 1 2 3 4 5 6 8 9 10 11 13 14 15 16 18 19 20 21 22 23 25 26 27 28 29 31 33 34 36 37 38 39 40  
5 2 3 4 6 8 9 10 11 12 13 14 15 17 18 19 20 21 22 23 24 25 26 27 29 31 32 33 34 36 37 38 39 40  
100 1 2 3 4 5 6 7 8 9 10 11 12 13 14 15 16 19 20 21 22 23 24 25 26 27 28 30 31 32 33 34 35 36 37 38 39 40  
10 4 6 7 8 9 11 12 14 16 17 18 19 22 23 25 27 28 29 31 32 33 34 35 38 39 40  
102 4 7 8 21 24 40  
77 1 2 3 5 7 8 10 11 13 14 15 16 17 18 19 20 21 22 23 24 25 26 30 31 32 34 35 36 37 40  
46 5 6 8 9 15 21 30 34 35  
44 17 28  
99 1 2 14 17 29 35 36  
85 1 2 3 4 5 6 7 8 9 10 12 13 15 17 18 20 21 22 23 24 25 26 27 28 29 30 31 32 33 34 35 36 37 38 39 40  
37 12 20 21  
42 1 2 3 4 5 6 7 8 9 10 11 12 13 14 15 16 17 18 19 21 22 23 24 25 26 27 28 29 30 31 32 33 34 35 36 37 38 39 40  
45 6 9 10 12 13 16 18 22 23 24 25 27 30 32 34 35 36 37 38 40  
79 1 2 4 6 8 10 12 13 14 15 16 17 18 19 20 21 22 24 25 27 28 29 30 31 32 34 35 36 37 39  
76 1 2 3 4 5 6 7 8 9 10 11 12 13 15 16 17 18 19 20 21 22 23 24 25 26 27 28 29 30 31 32 33 34 35 36 37 38 39 40  
41 7 11 19 22 23 31 39  
39 29  
30 4 8 14 18 19 23 24 26 35  
73 8 11 13 14 22 29  
78 1 2 4 5 6 7 8 9 11 12 13 14 15 16 17 18 19 20 21 22 23 24 25 26 27 28 29 30 31 33 35 36 37 39 40  
82 2 3 4 6 8 10 11 12 14 15 16 17 18 19 20 21 22 24 27 29 31 33 34 36 37 38 39 40  
107 1 3 5 6 9 11 13 16 21 29 37  
51 1 3 4 5 6 7 8 11 13 14 16 17 18 20 21 22 23 25 26 27 29 31 32 37 38 40  
117 2 4 5 6 7 8 9 10 11 12 13 15 16 17 18 19 20 21 23 24 26 27 28 29 30 34 35 36 38 40  
86 1 3 4 5 6 7 8 10 11 12 13 14 15 16 17 18 19 21 22 24 25 26 27 28 29 30 31 32 35 37 38 39 40  
7 1 3 4 5 6 8 12 13 14 15 17 18 19 20 21 22 23 25 27 29 30 31 33 34 36 37 38 39 40  
36 3 9 22 24 25  
69 2 35  
48 1 2 3 4 5 6 7 8 9 12 13 14 15 16 18 19 21 23 24 25 26 27 28 29 30 31 32 33 34 35 36 37 38 40  
109 1 2 3 4 5 6 7 8 9 10 11 12 13 14 15 16 17 18 19 20 21 22 23 24 25 26 27 28 29 30 31 32 33 34 36 37 38 39 40  
112  
71 1 3 4 5 6 7 8 9 10 11 12 13 15 16 18 19 20 21 22 23 24 25 26 27 30 34 35 36 38 40  
97 1 4 5 8 12 14 15 16 18 21 25 27 28 32 33 37 40  
89 8 9 11 14 15 16 20 21 22 25 28 29 31 32 33 35 36 37  
61 1 2 3 4 5 6 7 8 10 11 13 14 15 16 17 18 19 20 21 23 25 26 27 29 30 31 32 33 34 35 37 38 39 40  
2 1 2 3 4 5 6 7 8 9 10 11 12 13 14 15 16 18 19 20 21 22 23 24 25 26 27 28 29 30 31 32 33 34 35 36 37 38 39 40  
17 4 5 7 8 9 10 11 12 14 16 17 24 34 35 36 39  
29 1 2 3 4 5 6 7 8 10 11 12 13 14 15 16 18 19 20 21 23 24 25 26 29 30 31 32 33 34 35 36 37 38 39 40  
59 1 3 4 5 8 9 11 12 15 17 19 20 22 23 24 26 27 34 36 37  
18 2 5 11 21 33 38  
108 6 9 11 13 15 18 24 25 26 28 31 32 33 35 38 39 40  
38 1 2 4 5 6 7 9 10 12 13 14 15 16 17 19 20 22 23 24 25 27 28 29 32 33 38 39 40  
68 4 8 17 19 20 22 23 27 29 30 36  
22 1 3 4 5 6 7 10 11 12 14 16 18 19 20 21 22 24 25 27 28 29 30 31 32 33 34 35 36 37 38  
114 1 2 5 6 7 8 10 11 12 14 15 16 17 18 19 20 21 22 23 24 25 26 27 29 30 32 35 37 38 40  
90 5 10 12 20 21 23 26 27 34 38 39  
67 5 15 21 22 25 26 27 28 29 30 33 34 35 38  
106 1 2 6 13 16 18 19 20 21 22 23 25 26 34 35 36 39  
66 1 2 3 4 5 8 9 11 12 13 14 16 17 18 19 20 21 22 23 24 25 27 28 29 30 31 32 33 34 35 36 37 38 39 40  
26 3 5 6 7 8 9 10 12 13 15 16 17 18 20 21 23 24 25 26 29 30 32 33 34 35 36 37 38 39 40  
113 2 3 4 5 9 10 15 17 19 20 22 26 29 32 34 35 36 37  
28 2 3 6 7 10 12 13 15 16 17 20 22 23 24 25 27 29 30 31 32 33 34 35 37 38 39 40  
24 1 4 19 29 31 32 40  
62 1 2 4 7 8 9 10 12 18 19 20 21 23 24 25 28 29 33 35 37 38 39 40  
52 1 2 3 4 5 6 7 8 9 10 11 12 13 14 15 16 17 18 19 20 21 22 23 24 25 26 27 29 30 31 32 33 34 35 36 37 38 39 40  
14 1 4 5 6 9 10 12 13 16 18 20 25 27 30 36 39 40  
23 2 3 5 11 12 14 15 16 17 20 21 22 26 28 29 30 31 35 36 38  
72 5 7 8 9 10 11 14 15 17 22 25 27 29 30 31 32 33 34 36 40  
55 1 4 8 9 10 11 12 13 14 15 17 18 19 20 22 23 24 25 26 27 28 29 30 31 33 34 35 36 37 38 39 40  
40 1 3 4 7 8 10 11 13 14 15 16 17 18 19 20 21 22 23 27 28 29 30 31 32 36 37 38 39 40  
32 1 7 10 11 12 13 19 20 21 22 27 37  
25 1 3 4 5 6 7 8 9 11 12 13 14 15 16 17 18 19 20 21 22 23 24 25 26 27 28 29 30 31 32 33 34 35 36 37 38 39 40  
63 8 9 11 14 16 17 19 21 22 27 28 34 37 39  
11 9 10 11 12 13 14 15 21 25 37  
54 5 7 8 9 10 11 12 13 15 16 19 21 24 26 27 28 29 30 31 32 36 37 38 39  
9 5 11 21 35 37  
6 1 2 3 4 5 6 7 8 9 10 11 13 14 15 18 20 22 23 24 25 26 28 31 32 33 34 35 36 37 39 40  
95 1 6 11 20 40  
92 1 2 4 5 6 7 8 9 10 11 12 16 17 18 19 20 21 22 24 26 27 28 29 30 32 33 34 35 36 37 38 39 40  
91 1 2 3 4 5 7 8 10 11 12 13 14 15 16 18 19 20 22 23 25 26 28 29 30 31 32 33 34 35 36 37 38 40  
81 20 22  
35 2 5 6 12 15 21 25 26 27 32 37 40  
60 1 2 5 8 9 10 12 13 18 20 23 25 26 29 30 31 35 40  
13 1 2 4 6 7 8 9 10 11 12 13 14 15 16 17 18 19 20 22 23 24 25 26 27 29 30 31 32 35 36 37 39 40  
20 2 3 4 7 8 14 23 26 28 30 31 33 38  
87 1 2 3 4 6 7 9 10 11 12 13 14 15 16 17 19 20 22 23 24 25 26 29 30 31 32 33 35 37 38 39 40  
84 2 6 8 9 11 12 13 15 16 17 18 20 21 22 25 28 30 31 32 33 34 35 37 38 40  
57 1 2 4 5 6 8 9 10 11 12 13 15 17 19 20 21 23 24 25 26 27 28 29 30 31 32 36 37 38 39  
53 2 4 6 10 15 16 20 21 22 25 27 28 33 34  
31 2 4 5 6 7 10 11 13 16 18 21 22 24 25 27 32 34 38 39  
98 1 2 3 4 5 8 9 10 11 12 13 14 15 16 17 18 19 20 21 22 23 29 30 31 32 33 34 35 36 37 38 39 40  
94 1 2 4 6 7 11 12 13 15 16 17 18 19 20 21 22 23 24 26 28 31 32 33 34 36  
19 15 24  
34 1 2 3 4 5 6 7 8 9 10 11 12 13 14 15 16 17 18 19 20 21 23 24 25 26 27 28 30 31 32 33 34 35 36 37 39 40  
27 2 3 7 8 12 17 19 20 21 23 24 29 31 32 35 37  
64 1 2 3 4 5 6 7 8 9 10 11 12 14 15 17 21 22 23 24 25 26 27 28 29 30 31 32 33 34 35 37 38 40  
103 2 5 8 11 14 18 20 22 33 37 39  
SIZE OF PROGRAMS (pID SIZE):
1 60.0 
2 85.0 
3 95.0 
4 90.0 
5 87.0 
6 42.0 
7 84.0 
8 89.0 
9 99.0 
10 69.0 
11 78.0 
12 57.0 
13 73.0 
14 83.0 
15 80.0 
16 55.0 
17 42.0 
18 97.0 
19 71.0 
20 66.0 
21 99.0 
22 49.0 
23 44.0 
24 64.0 
25 63.0 
26 89.0 
27 84.0 
28 64.0 
29 82.0 
30 63.0 
31 63.0 
32 50.0 
33 59.0 
34 80.0 
35 83.0 
36 71.0 
37 96.0 
38 70.0 
39 94.0 
40 43.0 
COST_INSTALL_SERVER_AND_PROGRAMS :
0 9824.24242424242 1.8181818181818181 2.5757575757575757 2.878787878787879 2.727272727272727 2.6363636363636362 1.2727272727272727 2.5454545454545454 2.696969696969697 3.0 2.090909090909091 2.3636363636363638 1.7272727272727273 2.212121212121212 2.515151515151515 2.4242424242424243 1.6666666666666667 1.2727272727272727 2.9393939393939394 2.1515151515151514 2.0 3.0 1.4848484848484849 1.3333333333333333 1.9393939393939394 1.9090909090909092 2.696969696969697 2.5454545454545454 1.9393939393939394 2.484848484848485 1.9090909090909092 1.9090909090909092 1.5151515151515151 1.7878787878787878 2.4242424242424243 2.515151515151515 2.1515151515151514 2.909090909090909 2.121212121212121 2.8484848484848486 1.303030303030303  
83 91.356600990118 1.8181818181818181 2.5757575757575757 2.878787878787879 2.727272727272727 2.6363636363636362 1.2727272727272727 2.5454545454545454 2.696969696969697 3.0 2.090909090909091 2.3636363636363638 1.7272727272727273 2.212121212121212 2.515151515151515 2.4242424242424243 1.6666666666666667 1.2727272727272727 2.9393939393939394 2.1515151515151514 2.0 3.0 1.4848484848484849 1.3333333333333333 1.9393939393939394 1.9090909090909092 2.696969696969697 2.5454545454545454 1.9393939393939394 2.484848484848485 1.9090909090909092 1.9090909090909092 1.5151515151515151 1.7878787878787878 2.4242424242424243 2.515151515151515 2.1515151515151514 2.909090909090909 2.121212121212121 2.8484848484848486 1.303030303030303  
105 109.05432205582595 1.8181818181818181 2.5757575757575757 2.878787878787879 2.727272727272727 2.6363636363636362 1.2727272727272727 2.5454545454545454 2.696969696969697 3.0 2.090909090909091 2.3636363636363638 1.7272727272727273 2.212121212121212 2.515151515151515 2.4242424242424243 1.6666666666666667 1.2727272727272727 2.9393939393939394 2.1515151515151514 2.0 3.0 1.4848484848484849 1.3333333333333333 1.9393939393939394 1.9090909090909092 2.696969696969697 2.5454545454545454 1.9393939393939394 2.484848484848485 1.9090909090909092 1.9090909090909092 1.5151515151515151 1.7878787878787878 2.4242424242424243 2.515151515151515 2.1515151515151514 2.909090909090909 2.121212121212121 2.8484848484848486 1.303030303030303  
115 139.12275808799924 1.2121212121212122 1.7171717171717171 1.9191919191919191 1.8181818181818181 1.7575757575757576 0.8484848484848485 1.696969696969697 1.797979797979798 2.0 1.393939393939394 1.5757575757575757 1.1515151515151516 1.4747474747474747 1.6767676767676767 1.6161616161616161 1.1111111111111112 0.8484848484848485 1.9595959595959596 1.4343434343434343 1.3333333333333333 2.0 0.98989898989899 0.8888888888888888 1.292929292929293 1.2727272727272727 1.797979797979798 1.696969696969697 1.292929292929293 1.6565656565656566 1.2727272727272727 1.2727272727272727 1.0101010101010102 1.1919191919191918 1.6161616161616161 1.6767676767676767 1.4343434343434343 1.9393939393939394 1.4141414141414141 1.898989898989899 0.8686868686868687  
49 344.4756451530975 1.8181818181818181 2.5757575757575757 2.878787878787879 2.727272727272727 2.6363636363636362 1.2727272727272727 2.5454545454545454 2.696969696969697 3.0 2.090909090909091 2.3636363636363638 1.7272727272727273 2.212121212121212 2.515151515151515 2.4242424242424243 1.6666666666666667 1.2727272727272727 2.9393939393939394 2.1515151515151514 2.0 3.0 1.4848484848484849 1.3333333333333333 1.9393939393939394 1.9090909090909092 2.696969696969697 2.5454545454545454 1.9393939393939394 2.484848484848485 1.9090909090909092 1.9090909090909092 1.5151515151515151 1.7878787878787878 2.4242424242424243 2.515151515151515 2.1515151515151514 2.909090909090909 2.121212121212121 2.8484848484848486 1.303030303030303  
104 297.183570603689 1.2121212121212122 1.7171717171717171 1.9191919191919191 1.8181818181818181 1.7575757575757576 0.8484848484848485 1.696969696969697 1.797979797979798 2.0 1.393939393939394 1.5757575757575757 1.1515151515151516 1.4747474747474747 1.6767676767676767 1.6161616161616161 1.1111111111111112 0.8484848484848485 1.9595959595959596 1.4343434343434343 1.3333333333333333 2.0 0.98989898989899 0.8888888888888888 1.292929292929293 1.2727272727272727 1.797979797979798 1.696969696969697 1.292929292929293 1.6565656565656566 1.2727272727272727 1.2727272727272727 1.0101010101010102 1.1919191919191918 1.6161616161616161 1.6767676767676767 1.4343434343434343 1.9393939393939394 1.4141414141414141 1.898989898989899 0.8686868686868687  
12 143.42860358554967 1.8181818181818181 2.5757575757575757 2.878787878787879 2.727272727272727 2.6363636363636362 1.2727272727272727 2.5454545454545454 2.696969696969697 3.0 2.090909090909091 2.3636363636363638 1.7272727272727273 2.212121212121212 2.515151515151515 2.4242424242424243 1.6666666666666667 1.2727272727272727 2.9393939393939394 2.1515151515151514 2.0 3.0 1.4848484848484849 1.3333333333333333 1.9393939393939394 1.9090909090909092 2.696969696969697 2.5454545454545454 1.9393939393939394 2.484848484848485 1.9090909090909092 1.9090909090909092 1.5151515151515151 1.7878787878787878 2.4242424242424243 2.515151515151515 2.1515151515151514 2.909090909090909 2.121212121212121 2.8484848484848486 1.303030303030303  
47 322.2831162341949 1.2121212121212122 1.7171717171717171 1.9191919191919191 1.8181818181818181 1.7575757575757576 0.8484848484848485 1.696969696969697 1.797979797979798 2.0 1.393939393939394 1.5757575757575757 1.1515151515151516 1.4747474747474747 1.6767676767676767 1.6161616161616161 1.1111111111111112 0.8484848484848485 1.9595959595959596 1.4343434343434343 1.3333333333333333 2.0 0.98989898989899 0.8888888888888888 1.292929292929293 1.2727272727272727 1.797979797979798 1.696969696969697 1.292929292929293 1.6565656565656566 1.2727272727272727 1.2727272727272727 1.0101010101010102 1.1919191919191918 1.6161616161616161 1.6767676767676767 1.4343434343434343 1.9393939393939394 1.4141414141414141 1.898989898989899 0.8686868686868687  
58 302.9089722667696 1.2121212121212122 1.7171717171717171 1.9191919191919191 1.8181818181818181 1.7575757575757576 0.8484848484848485 1.696969696969697 1.797979797979798 2.0 1.393939393939394 1.5757575757575757 1.1515151515151516 1.4747474747474747 1.6767676767676767 1.6161616161616161 1.1111111111111112 0.8484848484848485 1.9595959595959596 1.4343434343434343 1.3333333333333333 2.0 0.98989898989899 0.8888888888888888 1.292929292929293 1.2727272727272727 1.797979797979798 1.696969696969697 1.292929292929293 1.6565656565656566 1.2727272727272727 1.2727272727272727 1.0101010101010102 1.1919191919191918 1.6161616161616161 1.6767676767676767 1.4343434343434343 1.9393939393939394 1.4141414141414141 1.898989898989899 0.8686868686868687  
16 219.71054105349137 1.8181818181818181 2.5757575757575757 2.878787878787879 2.727272727272727 2.6363636363636362 1.2727272727272727 2.5454545454545454 2.696969696969697 3.0 2.090909090909091 2.3636363636363638 1.7272727272727273 2.212121212121212 2.515151515151515 2.4242424242424243 1.6666666666666667 1.2727272727272727 2.9393939393939394 2.1515151515151514 2.0 3.0 1.4848484848484849 1.3333333333333333 1.9393939393939394 1.9090909090909092 2.696969696969697 2.5454545454545454 1.9393939393939394 2.484848484848485 1.9090909090909092 1.9090909090909092 1.5151515151515151 1.7878787878787878 2.4242424242424243 2.515151515151515 2.1515151515151514 2.909090909090909 2.121212121212121 2.8484848484848486 1.303030303030303  
65 101.13134351077764 1.8181818181818181 2.5757575757575757 2.878787878787879 2.727272727272727 2.6363636363636362 1.2727272727272727 2.5454545454545454 2.696969696969697 3.0 2.090909090909091 2.3636363636363638 1.7272727272727273 2.212121212121212 2.515151515151515 2.4242424242424243 1.6666666666666667 1.2727272727272727 2.9393939393939394 2.1515151515151514 2.0 3.0 1.4848484848484849 1.3333333333333333 1.9393939393939394 1.9090909090909092 2.696969696969697 2.5454545454545454 1.9393939393939394 2.484848484848485 1.9090909090909092 1.9090909090909092 1.5151515151515151 1.7878787878787878 2.4242424242424243 2.515151515151515 2.1515151515151514 2.909090909090909 2.121212121212121 2.8484848484848486 1.303030303030303  
21 136.74825627906043 1.8181818181818181 2.5757575757575757 2.878787878787879 2.727272727272727 2.6363636363636362 1.2727272727272727 2.5454545454545454 2.696969696969697 3.0 2.090909090909091 2.3636363636363638 1.7272727272727273 2.212121212121212 2.515151515151515 2.4242424242424243 1.6666666666666667 1.2727272727272727 2.9393939393939394 2.1515151515151514 2.0 3.0 1.4848484848484849 1.3333333333333333 1.9393939393939394 1.9090909090909092 2.696969696969697 2.5454545454545454 1.9393939393939394 2.484848484848485 1.9090909090909092 1.9090909090909092 1.5151515151515151 1.7878787878787878 2.4242424242424243 2.515151515151515 2.1515151515151514 2.909090909090909 2.121212121212121 2.8484848484848486 1.303030303030303  
50 525.1117536172869 1.8181818181818181 2.5757575757575757 2.878787878787879 2.727272727272727 2.6363636363636362 1.2727272727272727 2.5454545454545454 2.696969696969697 3.0 2.090909090909091 2.3636363636363638 1.7272727272727273 2.212121212121212 2.515151515151515 2.4242424242424243 1.6666666666666667 1.2727272727272727 2.9393939393939394 2.1515151515151514 2.0 3.0 1.4848484848484849 1.3333333333333333 1.9393939393939394 1.9090909090909092 2.696969696969697 2.5454545454545454 1.9393939393939394 2.484848484848485 1.9090909090909092 1.9090909090909092 1.5151515151515151 1.7878787878787878 2.4242424242424243 2.515151515151515 2.1515151515151514 2.909090909090909 2.121212121212121 2.8484848484848486 1.303030303030303  
88 764.0 1.8181818181818181 2.5757575757575757 2.878787878787879 2.727272727272727 2.6363636363636362 1.2727272727272727 2.5454545454545454 2.696969696969697 3.0 2.090909090909091 2.3636363636363638 1.7272727272727273 2.212121212121212 2.515151515151515 2.4242424242424243 1.6666666666666667 1.2727272727272727 2.9393939393939394 2.1515151515151514 2.0 3.0 1.4848484848484849 1.3333333333333333 1.9393939393939394 1.9090909090909092 2.696969696969697 2.5454545454545454 1.9393939393939394 2.484848484848485 1.9090909090909092 1.9090909090909092 1.5151515151515151 1.7878787878787878 2.4242424242424243 2.515151515151515 2.1515151515151514 2.909090909090909 2.121212121212121 2.8484848484848486 1.303030303030303  
70 35.251502437280195 1.2121212121212122 1.7171717171717171 1.9191919191919191 1.8181818181818181 1.7575757575757576 0.8484848484848485 1.696969696969697 1.797979797979798 2.0 1.393939393939394 1.5757575757575757 1.1515151515151516 1.4747474747474747 1.6767676767676767 1.6161616161616161 1.1111111111111112 0.8484848484848485 1.9595959595959596 1.4343434343434343 1.3333333333333333 2.0 0.98989898989899 0.8888888888888888 1.292929292929293 1.2727272727272727 1.797979797979798 1.696969696969697 1.292929292929293 1.6565656565656566 1.2727272727272727 1.2727272727272727 1.0101010101010102 1.1919191919191918 1.6161616161616161 1.6767676767676767 1.4343434343434343 1.9393939393939394 1.4141414141414141 1.898989898989899 0.8686868686868687  
33 694.0 1.2121212121212122 1.7171717171717171 1.9191919191919191 1.8181818181818181 1.7575757575757576 0.8484848484848485 1.696969696969697 1.797979797979798 2.0 1.393939393939394 1.5757575757575757 1.1515151515151516 1.4747474747474747 1.6767676767676767 1.6161616161616161 1.1111111111111112 0.8484848484848485 1.9595959595959596 1.4343434343434343 1.3333333333333333 2.0 0.98989898989899 0.8888888888888888 1.292929292929293 1.2727272727272727 1.797979797979798 1.696969696969697 1.292929292929293 1.6565656565656566 1.2727272727272727 1.2727272727272727 1.0101010101010102 1.1919191919191918 1.6161616161616161 1.6767676767676767 1.4343434343434343 1.9393939393939394 1.4141414141414141 1.898989898989899 0.8686868686868687  
116 126.1887121069479 1.8181818181818181 2.5757575757575757 2.878787878787879 2.727272727272727 2.6363636363636362 1.2727272727272727 2.5454545454545454 2.696969696969697 3.0 2.090909090909091 2.3636363636363638 1.7272727272727273 2.212121212121212 2.515151515151515 2.4242424242424243 1.6666666666666667 1.2727272727272727 2.9393939393939394 2.1515151515151514 2.0 3.0 1.4848484848484849 1.3333333333333333 1.9393939393939394 1.9090909090909092 2.696969696969697 2.5454545454545454 1.9393939393939394 2.484848484848485 1.9090909090909092 1.9090909090909092 1.5151515151515151 1.7878787878787878 2.4242424242424243 2.515151515151515 2.1515151515151514 2.909090909090909 2.121212121212121 2.8484848484848486 1.303030303030303  
43 285.0084943377696 1.8181818181818181 2.5757575757575757 2.878787878787879 2.727272727272727 2.6363636363636362 1.2727272727272727 2.5454545454545454 2.696969696969697 3.0 2.090909090909091 2.3636363636363638 1.7272727272727273 2.212121212121212 2.515151515151515 2.4242424242424243 1.6666666666666667 1.2727272727272727 2.9393939393939394 2.1515151515151514 2.0 3.0 1.4848484848484849 1.3333333333333333 1.9393939393939394 1.9090909090909092 2.696969696969697 2.5454545454545454 1.9393939393939394 2.484848484848485 1.9090909090909092 1.9090909090909092 1.5151515151515151 1.7878787878787878 2.4242424242424243 2.515151515151515 2.1515151515151514 2.909090909090909 2.121212121212121 2.8484848484848486 1.303030303030303  
101 218.25457963912544 1.2121212121212122 1.7171717171717171 1.9191919191919191 1.8181818181818181 1.7575757575757576 0.8484848484848485 1.696969696969697 1.797979797979798 2.0 1.393939393939394 1.5757575757575757 1.1515151515151516 1.4747474747474747 1.6767676767676767 1.6161616161616161 1.1111111111111112 0.8484848484848485 1.9595959595959596 1.4343434343434343 1.3333333333333333 2.0 0.98989898989899 0.8888888888888888 1.292929292929293 1.2727272727272727 1.797979797979798 1.696969696969697 1.292929292929293 1.6565656565656566 1.2727272727272727 1.2727272727272727 1.0101010101010102 1.1919191919191918 1.6161616161616161 1.6767676767676767 1.4343434343434343 1.9393939393939394 1.4141414141414141 1.898989898989899 0.8686868686868687  
15 241.76780142152916 1.8181818181818181 2.5757575757575757 2.878787878787879 2.727272727272727 2.6363636363636362 1.2727272727272727 2.5454545454545454 2.696969696969697 3.0 2.090909090909091 2.3636363636363638 1.7272727272727273 2.212121212121212 2.515151515151515 2.4242424242424243 1.6666666666666667 1.2727272727272727 2.9393939393939394 2.1515151515151514 2.0 3.0 1.4848484848484849 1.3333333333333333 1.9393939393939394 1.9090909090909092 2.696969696969697 2.5454545454545454 1.9393939393939394 2.484848484848485 1.9090909090909092 1.9090909090909092 1.5151515151515151 1.7878787878787878 2.4242424242424243 2.515151515151515 2.1515151515151514 2.909090909090909 2.121212121212121 2.8484848484848486 1.303030303030303  
1 46.27965477091458 1.8181818181818181 2.5757575757575757 2.878787878787879 2.727272727272727 2.6363636363636362 1.2727272727272727 2.5454545454545454 2.696969696969697 3.0 2.090909090909091 2.3636363636363638 1.7272727272727273 2.212121212121212 2.515151515151515 2.4242424242424243 1.6666666666666667 1.2727272727272727 2.9393939393939394 2.1515151515151514 2.0 3.0 1.4848484848484849 1.3333333333333333 1.9393939393939394 1.9090909090909092 2.696969696969697 2.5454545454545454 1.9393939393939394 2.484848484848485 1.9090909090909092 1.9090909090909092 1.5151515151515151 1.7878787878787878 2.4242424242424243 2.515151515151515 2.1515151515151514 2.909090909090909 2.121212121212121 2.8484848484848486 1.303030303030303  
3 314.559947084638 1.8181818181818181 2.5757575757575757 2.878787878787879 2.727272727272727 2.6363636363636362 1.2727272727272727 2.5454545454545454 2.696969696969697 3.0 2.090909090909091 2.3636363636363638 1.7272727272727273 2.212121212121212 2.515151515151515 2.4242424242424243 1.6666666666666667 1.2727272727272727 2.9393939393939394 2.1515151515151514 2.0 3.0 1.4848484848484849 1.3333333333333333 1.9393939393939394 1.9090909090909092 2.696969696969697 2.5454545454545454 1.9393939393939394 2.484848484848485 1.9090909090909092 1.9090909090909092 1.5151515151515151 1.7878787878787878 2.4242424242424243 2.515151515151515 2.1515151515151514 2.909090909090909 2.121212121212121 2.8484848484848486 1.303030303030303  
118 12.610165480232695 1.8181818181818181 2.5757575757575757 2.878787878787879 2.727272727272727 2.6363636363636362 1.2727272727272727 2.5454545454545454 2.696969696969697 3.0 2.090909090909091 2.3636363636363638 1.7272727272727273 2.212121212121212 2.515151515151515 2.4242424242424243 1.6666666666666667 1.2727272727272727 2.9393939393939394 2.1515151515151514 2.0 3.0 1.4848484848484849 1.3333333333333333 1.9393939393939394 1.9090909090909092 2.696969696969697 2.5454545454545454 1.9393939393939394 2.484848484848485 1.9090909090909092 1.9090909090909092 1.5151515151515151 1.7878787878787878 2.4242424242424243 2.515151515151515 2.1515151515151514 2.909090909090909 2.121212121212121 2.8484848484848486 1.303030303030303  
111 91.14966506330929 1.8181818181818181 2.5757575757575757 2.878787878787879 2.727272727272727 2.6363636363636362 1.2727272727272727 2.5454545454545454 2.696969696969697 3.0 2.090909090909091 2.3636363636363638 1.7272727272727273 2.212121212121212 2.515151515151515 2.4242424242424243 1.6666666666666667 1.2727272727272727 2.9393939393939394 2.1515151515151514 2.0 3.0 1.4848484848484849 1.3333333333333333 1.9393939393939394 1.9090909090909092 2.696969696969697 2.5454545454545454 1.9393939393939394 2.484848484848485 1.9090909090909092 1.9090909090909092 1.5151515151515151 1.7878787878787878 2.4242424242424243 2.515151515151515 2.1515151515151514 2.909090909090909 2.121212121212121 2.8484848484848486 1.303030303030303  
75 213.2948856877721 1.2121212121212122 1.7171717171717171 1.9191919191919191 1.8181818181818181 1.7575757575757576 0.8484848484848485 1.696969696969697 1.797979797979798 2.0 1.393939393939394 1.5757575757575757 1.1515151515151516 1.4747474747474747 1.6767676767676767 1.6161616161616161 1.1111111111111112 0.8484848484848485 1.9595959595959596 1.4343434343434343 1.3333333333333333 2.0 0.98989898989899 0.8888888888888888 1.292929292929293 1.2727272727272727 1.797979797979798 1.696969696969697 1.292929292929293 1.6565656565656566 1.2727272727272727 1.2727272727272727 1.0101010101010102 1.1919191919191918 1.6161616161616161 1.6767676767676767 1.4343434343434343 1.9393939393939394 1.4141414141414141 1.898989898989899 0.8686868686868687  
96 274.8689790272492 1.8181818181818181 2.5757575757575757 2.878787878787879 2.727272727272727 2.6363636363636362 1.2727272727272727 2.5454545454545454 2.696969696969697 3.0 2.090909090909091 2.3636363636363638 1.7272727272727273 2.212121212121212 2.515151515151515 2.4242424242424243 1.6666666666666667 1.2727272727272727 2.9393939393939394 2.1515151515151514 2.0 3.0 1.4848484848484849 1.3333333333333333 1.9393939393939394 1.9090909090909092 2.696969696969697 2.5454545454545454 1.9393939393939394 2.484848484848485 1.9090909090909092 1.9090909090909092 1.5151515151515151 1.7878787878787878 2.4242424242424243 2.515151515151515 2.1515151515151514 2.909090909090909 2.121212121212121 2.8484848484848486 1.303030303030303  
80 202.81626005482838 1.2121212121212122 1.7171717171717171 1.9191919191919191 1.8181818181818181 1.7575757575757576 0.8484848484848485 1.696969696969697 1.797979797979798 2.0 1.393939393939394 1.5757575757575757 1.1515151515151516 1.4747474747474747 1.6767676767676767 1.6161616161616161 1.1111111111111112 0.8484848484848485 1.9595959595959596 1.4343434343434343 1.3333333333333333 2.0 0.98989898989899 0.8888888888888888 1.292929292929293 1.2727272727272727 1.797979797979798 1.696969696969697 1.292929292929293 1.6565656565656566 1.2727272727272727 1.2727272727272727 1.0101010101010102 1.1919191919191918 1.6161616161616161 1.6767676767676767 1.4343434343434343 1.9393939393939394 1.4141414141414141 1.898989898989899 0.8686868686868687  
93 56.425623527656064 1.8181818181818181 2.5757575757575757 2.878787878787879 2.727272727272727 2.6363636363636362 1.2727272727272727 2.5454545454545454 2.696969696969697 3.0 2.090909090909091 2.3636363636363638 1.7272727272727273 2.212121212121212 2.515151515151515 2.4242424242424243 1.6666666666666667 1.2727272727272727 2.9393939393939394 2.1515151515151514 2.0 3.0 1.4848484848484849 1.3333333333333333 1.9393939393939394 1.9090909090909092 2.696969696969697 2.5454545454545454 1.9393939393939394 2.484848484848485 1.9090909090909092 1.9090909090909092 1.5151515151515151 1.7878787878787878 2.4242424242424243 2.515151515151515 2.1515151515151514 2.909090909090909 2.121212121212121 2.8484848484848486 1.303030303030303  
119 87.0619633547872 1.8181818181818181 2.5757575757575757 2.878787878787879 2.727272727272727 2.6363636363636362 1.2727272727272727 2.5454545454545454 2.696969696969697 3.0 2.090909090909091 2.3636363636363638 1.7272727272727273 2.212121212121212 2.515151515151515 2.4242424242424243 1.6666666666666667 1.2727272727272727 2.9393939393939394 2.1515151515151514 2.0 3.0 1.4848484848484849 1.3333333333333333 1.9393939393939394 1.9090909090909092 2.696969696969697 2.5454545454545454 1.9393939393939394 2.484848484848485 1.9090909090909092 1.9090909090909092 1.5151515151515151 1.7878787878787878 2.4242424242424243 2.515151515151515 2.1515151515151514 2.909090909090909 2.121212121212121 2.8484848484848486 1.303030303030303  
74 211.38106447682276 1.2121212121212122 1.7171717171717171 1.9191919191919191 1.8181818181818181 1.7575757575757576 0.8484848484848485 1.696969696969697 1.797979797979798 2.0 1.393939393939394 1.5757575757575757 1.1515151515151516 1.4747474747474747 1.6767676767676767 1.6161616161616161 1.1111111111111112 0.8484848484848485 1.9595959595959596 1.4343434343434343 1.3333333333333333 2.0 0.98989898989899 0.8888888888888888 1.292929292929293 1.2727272727272727 1.797979797979798 1.696969696969697 1.292929292929293 1.6565656565656566 1.2727272727272727 1.2727272727272727 1.0101010101010102 1.1919191919191918 1.6161616161616161 1.6767676767676767 1.4343434343434343 1.9393939393939394 1.4141414141414141 1.898989898989899 0.8686868686868687  
56 105.05071460965692 1.8181818181818181 2.5757575757575757 2.878787878787879 2.727272727272727 2.6363636363636362 1.2727272727272727 2.5454545454545454 2.696969696969697 3.0 2.090909090909091 2.3636363636363638 1.7272727272727273 2.212121212121212 2.515151515151515 2.4242424242424243 1.6666666666666667 1.2727272727272727 2.9393939393939394 2.1515151515151514 2.0 3.0 1.4848484848484849 1.3333333333333333 1.9393939393939394 1.9090909090909092 2.696969696969697 2.5454545454545454 1.9393939393939394 2.484848484848485 1.9090909090909092 1.9090909090909092 1.5151515151515151 1.7878787878787878 2.4242424242424243 2.515151515151515 2.1515151515151514 2.909090909090909 2.121212121212121 2.8484848484848486 1.303030303030303  
4 202.06673754292945 1.2121212121212122 1.7171717171717171 1.9191919191919191 1.8181818181818181 1.7575757575757576 0.8484848484848485 1.696969696969697 1.797979797979798 2.0 1.393939393939394 1.5757575757575757 1.1515151515151516 1.4747474747474747 1.6767676767676767 1.6161616161616161 1.1111111111111112 0.8484848484848485 1.9595959595959596 1.4343434343434343 1.3333333333333333 2.0 0.98989898989899 0.8888888888888888 1.292929292929293 1.2727272727272727 1.797979797979798 1.696969696969697 1.292929292929293 1.6565656565656566 1.2727272727272727 1.2727272727272727 1.0101010101010102 1.1919191919191918 1.6161616161616161 1.6767676767676767 1.4343434343434343 1.9393939393939394 1.4141414141414141 1.898989898989899 0.8686868686868687  
110 75.55350147123681 1.2121212121212122 1.7171717171717171 1.9191919191919191 1.8181818181818181 1.7575757575757576 0.8484848484848485 1.696969696969697 1.797979797979798 2.0 1.393939393939394 1.5757575757575757 1.1515151515151516 1.4747474747474747 1.6767676767676767 1.6161616161616161 1.1111111111111112 0.8484848484848485 1.9595959595959596 1.4343434343434343 1.3333333333333333 2.0 0.98989898989899 0.8888888888888888 1.292929292929293 1.2727272727272727 1.797979797979798 1.696969696969697 1.292929292929293 1.6565656565656566 1.2727272727272727 1.2727272727272727 1.0101010101010102 1.1919191919191918 1.6161616161616161 1.6767676767676767 1.4343434343434343 1.9393939393939394 1.4141414141414141 1.898989898989899 0.8686868686868687  
8 181.27898168171598 1.2121212121212122 1.7171717171717171 1.9191919191919191 1.8181818181818181 1.7575757575757576 0.8484848484848485 1.696969696969697 1.797979797979798 2.0 1.393939393939394 1.5757575757575757 1.1515151515151516 1.4747474747474747 1.6767676767676767 1.6161616161616161 1.1111111111111112 0.8484848484848485 1.9595959595959596 1.4343434343434343 1.3333333333333333 2.0 0.98989898989899 0.8888888888888888 1.292929292929293 1.2727272727272727 1.797979797979798 1.696969696969697 1.292929292929293 1.6565656565656566 1.2727272727272727 1.2727272727272727 1.0101010101010102 1.1919191919191918 1.6161616161616161 1.6767676767676767 1.4343434343434343 1.9393939393939394 1.4141414141414141 1.898989898989899 0.8686868686868687  
5 316.8987188713265 1.2121212121212122 1.7171717171717171 1.9191919191919191 1.8181818181818181 1.7575757575757576 0.8484848484848485 1.696969696969697 1.797979797979798 2.0 1.393939393939394 1.5757575757575757 1.1515151515151516 1.4747474747474747 1.6767676767676767 1.6161616161616161 1.1111111111111112 0.8484848484848485 1.9595959595959596 1.4343434343434343 1.3333333333333333 2.0 0.98989898989899 0.8888888888888888 1.292929292929293 1.2727272727272727 1.797979797979798 1.696969696969697 1.292929292929293 1.6565656565656566 1.2727272727272727 1.2727272727272727 1.0101010101010102 1.1919191919191918 1.6161616161616161 1.6767676767676767 1.4343434343434343 1.9393939393939394 1.4141414141414141 1.898989898989899 0.8686868686868687  
100 363.8544362766638 1.2121212121212122 1.7171717171717171 1.9191919191919191 1.8181818181818181 1.7575757575757576 0.8484848484848485 1.696969696969697 1.797979797979798 2.0 1.393939393939394 1.5757575757575757 1.1515151515151516 1.4747474747474747 1.6767676767676767 1.6161616161616161 1.1111111111111112 0.8484848484848485 1.9595959595959596 1.4343434343434343 1.3333333333333333 2.0 0.98989898989899 0.8888888888888888 1.292929292929293 1.2727272727272727 1.797979797979798 1.696969696969697 1.292929292929293 1.6565656565656566 1.2727272727272727 1.2727272727272727 1.0101010101010102 1.1919191919191918 1.6161616161616161 1.6767676767676767 1.4343434343434343 1.9393939393939394 1.4141414141414141 1.898989898989899 0.8686868686868687  
10 126.28577614273038 1.8181818181818181 2.5757575757575757 2.878787878787879 2.727272727272727 2.6363636363636362 1.2727272727272727 2.5454545454545454 2.696969696969697 3.0 2.090909090909091 2.3636363636363638 1.7272727272727273 2.212121212121212 2.515151515151515 2.4242424242424243 1.6666666666666667 1.2727272727272727 2.9393939393939394 2.1515151515151514 2.0 3.0 1.4848484848484849 1.3333333333333333 1.9393939393939394 1.9090909090909092 2.696969696969697 2.5454545454545454 1.9393939393939394 2.484848484848485 1.9090909090909092 1.9090909090909092 1.5151515151515151 1.7878787878787878 2.4242424242424243 2.515151515151515 2.1515151515151514 2.909090909090909 2.121212121212121 2.8484848484848486 1.303030303030303  
102 86.33782719436246 1.8181818181818181 2.5757575757575757 2.878787878787879 2.727272727272727 2.6363636363636362 1.2727272727272727 2.5454545454545454 2.696969696969697 3.0 2.090909090909091 2.3636363636363638 1.7272727272727273 2.212121212121212 2.515151515151515 2.4242424242424243 1.6666666666666667 1.2727272727272727 2.9393939393939394 2.1515151515151514 2.0 3.0 1.4848484848484849 1.3333333333333333 1.9393939393939394 1.9090909090909092 2.696969696969697 2.5454545454545454 1.9393939393939394 2.484848484848485 1.9090909090909092 1.9090909090909092 1.5151515151515151 1.7878787878787878 2.4242424242424243 2.515151515151515 2.1515151515151514 2.909090909090909 2.121212121212121 2.8484848484848486 1.303030303030303  
77 67.43012593498098 1.8181818181818181 2.5757575757575757 2.878787878787879 2.727272727272727 2.6363636363636362 1.2727272727272727 2.5454545454545454 2.696969696969697 3.0 2.090909090909091 2.3636363636363638 1.7272727272727273 2.212121212121212 2.515151515151515 2.4242424242424243 1.6666666666666667 1.2727272727272727 2.9393939393939394 2.1515151515151514 2.0 3.0 1.4848484848484849 1.3333333333333333 1.9393939393939394 1.9090909090909092 2.696969696969697 2.5454545454545454 1.9393939393939394 2.484848484848485 1.9090909090909092 1.9090909090909092 1.5151515151515151 1.7878787878787878 2.4242424242424243 2.515151515151515 2.1515151515151514 2.909090909090909 2.121212121212121 2.8484848484848486 1.303030303030303  
46 201.35734361580325 1.8181818181818181 2.5757575757575757 2.878787878787879 2.727272727272727 2.6363636363636362 1.2727272727272727 2.5454545454545454 2.696969696969697 3.0 2.090909090909091 2.3636363636363638 1.7272727272727273 2.212121212121212 2.515151515151515 2.4242424242424243 1.6666666666666667 1.2727272727272727 2.9393939393939394 2.1515151515151514 2.0 3.0 1.4848484848484849 1.3333333333333333 1.9393939393939394 1.9090909090909092 2.696969696969697 2.5454545454545454 1.9393939393939394 2.484848484848485 1.9090909090909092 1.9090909090909092 1.5151515151515151 1.7878787878787878 2.4242424242424243 2.515151515151515 2.1515151515151514 2.909090909090909 2.121212121212121 2.8484848484848486 1.303030303030303  
44 15.23995021211939 1.2121212121212122 1.7171717171717171 1.9191919191919191 1.8181818181818181 1.7575757575757576 0.8484848484848485 1.696969696969697 1.797979797979798 2.0 1.393939393939394 1.5757575757575757 1.1515151515151516 1.4747474747474747 1.6767676767676767 1.6161616161616161 1.1111111111111112 0.8484848484848485 1.9595959595959596 1.4343434343434343 1.3333333333333333 2.0 0.98989898989899 0.8888888888888888 1.292929292929293 1.2727272727272727 1.797979797979798 1.696969696969697 1.292929292929293 1.6565656565656566 1.2727272727272727 1.2727272727272727 1.0101010101010102 1.1919191919191918 1.6161616161616161 1.6767676767676767 1.4343434343434343 1.9393939393939394 1.4141414141414141 1.898989898989899 0.8686868686868687  
99 48.30042815066662 1.2121212121212122 1.7171717171717171 1.9191919191919191 1.8181818181818181 1.7575757575757576 0.8484848484848485 1.696969696969697 1.797979797979798 2.0 1.393939393939394 1.5757575757575757 1.1515151515151516 1.4747474747474747 1.6767676767676767 1.6161616161616161 1.1111111111111112 0.8484848484848485 1.9595959595959596 1.4343434343434343 1.3333333333333333 2.0 0.98989898989899 0.8888888888888888 1.292929292929293 1.2727272727272727 1.797979797979798 1.696969696969697 1.292929292929293 1.6565656565656566 1.2727272727272727 1.2727272727272727 1.0101010101010102 1.1919191919191918 1.6161616161616161 1.6767676767676767 1.4343434343434343 1.9393939393939394 1.4141414141414141 1.898989898989899 0.8686868686868687  
85 110.48874153941281 1.2121212121212122 1.7171717171717171 1.9191919191919191 1.8181818181818181 1.7575757575757576 0.8484848484848485 1.696969696969697 1.797979797979798 2.0 1.393939393939394 1.5757575757575757 1.1515151515151516 1.4747474747474747 1.6767676767676767 1.6161616161616161 1.1111111111111112 0.8484848484848485 1.9595959595959596 1.4343434343434343 1.3333333333333333 2.0 0.98989898989899 0.8888888888888888 1.292929292929293 1.2727272727272727 1.797979797979798 1.696969696969697 1.292929292929293 1.6565656565656566 1.2727272727272727 1.2727272727272727 1.0101010101010102 1.1919191919191918 1.6161616161616161 1.6767676767676767 1.4343434343434343 1.9393939393939394 1.4141414141414141 1.898989898989899 0.8686868686868687  
37 230.1148812286304 1.2121212121212122 1.7171717171717171 1.9191919191919191 1.8181818181818181 1.7575757575757576 0.8484848484848485 1.696969696969697 1.797979797979798 2.0 1.393939393939394 1.5757575757575757 1.1515151515151516 1.4747474747474747 1.6767676767676767 1.6161616161616161 1.1111111111111112 0.8484848484848485 1.9595959595959596 1.4343434343434343 1.3333333333333333 2.0 0.98989898989899 0.8888888888888888 1.292929292929293 1.2727272727272727 1.797979797979798 1.696969696969697 1.292929292929293 1.6565656565656566 1.2727272727272727 1.2727272727272727 1.0101010101010102 1.1919191919191918 1.6161616161616161 1.6767676767676767 1.4343434343434343 1.9393939393939394 1.4141414141414141 1.898989898989899 0.8686868686868687  
42 434.8853621527428 1.2121212121212122 1.7171717171717171 1.9191919191919191 1.8181818181818181 1.7575757575757576 0.8484848484848485 1.696969696969697 1.797979797979798 2.0 1.393939393939394 1.5757575757575757 1.1515151515151516 1.4747474747474747 1.6767676767676767 1.6161616161616161 1.1111111111111112 0.8484848484848485 1.9595959595959596 1.4343434343434343 1.3333333333333333 2.0 0.98989898989899 0.8888888888888888 1.292929292929293 1.2727272727272727 1.797979797979798 1.696969696969697 1.292929292929293 1.6565656565656566 1.2727272727272727 1.2727272727272727 1.0101010101010102 1.1919191919191918 1.6161616161616161 1.6767676767676767 1.4343434343434343 1.9393939393939394 1.4141414141414141 1.898989898989899 0.8686868686868687  
45 185.75160655704178 1.8181818181818181 2.5757575757575757 2.878787878787879 2.727272727272727 2.6363636363636362 1.2727272727272727 2.5454545454545454 2.696969696969697 3.0 2.090909090909091 2.3636363636363638 1.7272727272727273 2.212121212121212 2.515151515151515 2.4242424242424243 1.6666666666666667 1.2727272727272727 2.9393939393939394 2.1515151515151514 2.0 3.0 1.4848484848484849 1.3333333333333333 1.9393939393939394 1.9090909090909092 2.696969696969697 2.5454545454545454 1.9393939393939394 2.484848484848485 1.9090909090909092 1.9090909090909092 1.5151515151515151 1.7878787878787878 2.4242424242424243 2.515151515151515 2.1515151515151514 2.909090909090909 2.121212121212121 2.8484848484848486 1.303030303030303  
79 161.92369861220408 1.2121212121212122 1.7171717171717171 1.9191919191919191 1.8181818181818181 1.7575757575757576 0.8484848484848485 1.696969696969697 1.797979797979798 2.0 1.393939393939394 1.5757575757575757 1.1515151515151516 1.4747474747474747 1.6767676767676767 1.6161616161616161 1.1111111111111112 0.8484848484848485 1.9595959595959596 1.4343434343434343 1.3333333333333333 2.0 0.98989898989899 0.8888888888888888 1.292929292929293 1.2727272727272727 1.797979797979798 1.696969696969697 1.292929292929293 1.6565656565656566 1.2727272727272727 1.2727272727272727 1.0101010101010102 1.1919191919191918 1.6161616161616161 1.6767676767676767 1.4343434343434343 1.9393939393939394 1.4141414141414141 1.898989898989899 0.8686868686868687  
76 135.35392453713095 1.2121212121212122 1.7171717171717171 1.9191919191919191 1.8181818181818181 1.7575757575757576 0.8484848484848485 1.696969696969697 1.797979797979798 2.0 1.393939393939394 1.5757575757575757 1.1515151515151516 1.4747474747474747 1.6767676767676767 1.6161616161616161 1.1111111111111112 0.8484848484848485 1.9595959595959596 1.4343434343434343 1.3333333333333333 2.0 0.98989898989899 0.8888888888888888 1.292929292929293 1.2727272727272727 1.797979797979798 1.696969696969697 1.292929292929293 1.6565656565656566 1.2727272727272727 1.2727272727272727 1.0101010101010102 1.1919191919191918 1.6161616161616161 1.6767676767676767 1.4343434343434343 1.9393939393939394 1.4141414141414141 1.898989898989899 0.8686868686868687  
41 247.36434368655074 1.2121212121212122 1.7171717171717171 1.9191919191919191 1.8181818181818181 1.7575757575757576 0.8484848484848485 1.696969696969697 1.797979797979798 2.0 1.393939393939394 1.5757575757575757 1.1515151515151516 1.4747474747474747 1.6767676767676767 1.6161616161616161 1.1111111111111112 0.8484848484848485 1.9595959595959596 1.4343434343434343 1.3333333333333333 2.0 0.98989898989899 0.8888888888888888 1.292929292929293 1.2727272727272727 1.797979797979798 1.696969696969697 1.292929292929293 1.6565656565656566 1.2727272727272727 1.2727272727272727 1.0101010101010102 1.1919191919191918 1.6161616161616161 1.6767676767676767 1.4343434343434343 1.9393939393939394 1.4141414141414141 1.898989898989899 0.8686868686868687  
39 134.89062021097322 1.8181818181818181 2.5757575757575757 2.878787878787879 2.727272727272727 2.6363636363636362 1.2727272727272727 2.5454545454545454 2.696969696969697 3.0 2.090909090909091 2.3636363636363638 1.7272727272727273 2.212121212121212 2.515151515151515 2.4242424242424243 1.6666666666666667 1.2727272727272727 2.9393939393939394 2.1515151515151514 2.0 3.0 1.4848484848484849 1.3333333333333333 1.9393939393939394 1.9090909090909092 2.696969696969697 2.5454545454545454 1.9393939393939394 2.484848484848485 1.9090909090909092 1.9090909090909092 1.5151515151515151 1.7878787878787878 2.4242424242424243 2.515151515151515 2.1515151515151514 2.909090909090909 2.121212121212121 2.8484848484848486 1.303030303030303  
30 199.42313364306665 1.8181818181818181 2.5757575757575757 2.878787878787879 2.727272727272727 2.6363636363636362 1.2727272727272727 2.5454545454545454 2.696969696969697 3.0 2.090909090909091 2.3636363636363638 1.7272727272727273 2.212121212121212 2.515151515151515 2.4242424242424243 1.6666666666666667 1.2727272727272727 2.9393939393939394 2.1515151515151514 2.0 3.0 1.4848484848484849 1.3333333333333333 1.9393939393939394 1.9090909090909092 2.696969696969697 2.5454545454545454 1.9393939393939394 2.484848484848485 1.9090909090909092 1.9090909090909092 1.5151515151515151 1.7878787878787878 2.4242424242424243 2.515151515151515 2.1515151515151514 2.909090909090909 2.121212121212121 2.8484848484848486 1.303030303030303  
73 109.803575624856 1.8181818181818181 2.5757575757575757 2.878787878787879 2.727272727272727 2.6363636363636362 1.2727272727272727 2.5454545454545454 2.696969696969697 3.0 2.090909090909091 2.3636363636363638 1.7272727272727273 2.212121212121212 2.515151515151515 2.4242424242424243 1.6666666666666667 1.2727272727272727 2.9393939393939394 2.1515151515151514 2.0 3.0 1.4848484848484849 1.3333333333333333 1.9393939393939394 1.9090909090909092 2.696969696969697 2.5454545454545454 1.9393939393939394 2.484848484848485 1.9090909090909092 1.9090909090909092 1.5151515151515151 1.7878787878787878 2.4242424242424243 2.515151515151515 2.1515151515151514 2.909090909090909 2.121212121212121 2.8484848484848486 1.303030303030303  
78 105.19069977441035 1.8181818181818181 2.5757575757575757 2.878787878787879 2.727272727272727 2.6363636363636362 1.2727272727272727 2.5454545454545454 2.696969696969697 3.0 2.090909090909091 2.3636363636363638 1.7272727272727273 2.212121212121212 2.515151515151515 2.4242424242424243 1.6666666666666667 1.2727272727272727 2.9393939393939394 2.1515151515151514 2.0 3.0 1.4848484848484849 1.3333333333333333 1.9393939393939394 1.9090909090909092 2.696969696969697 2.5454545454545454 1.9393939393939394 2.484848484848485 1.9090909090909092 1.9090909090909092 1.5151515151515151 1.7878787878787878 2.4242424242424243 2.515151515151515 2.1515151515151514 2.909090909090909 2.121212121212121 2.8484848484848486 1.303030303030303  
82 230.97308869184246 1.8181818181818181 2.5757575757575757 2.878787878787879 2.727272727272727 2.6363636363636362 1.2727272727272727 2.5454545454545454 2.696969696969697 3.0 2.090909090909091 2.3636363636363638 1.7272727272727273 2.212121212121212 2.515151515151515 2.4242424242424243 1.6666666666666667 1.2727272727272727 2.9393939393939394 2.1515151515151514 2.0 3.0 1.4848484848484849 1.3333333333333333 1.9393939393939394 1.9090909090909092 2.696969696969697 2.5454545454545454 1.9393939393939394 2.484848484848485 1.9090909090909092 1.9090909090909092 1.5151515151515151 1.7878787878787878 2.4242424242424243 2.515151515151515 2.1515151515151514 2.909090909090909 2.121212121212121 2.8484848484848486 1.303030303030303  
107 126.35786732498212 1.2121212121212122 1.7171717171717171 1.9191919191919191 1.8181818181818181 1.7575757575757576 0.8484848484848485 1.696969696969697 1.797979797979798 2.0 1.393939393939394 1.5757575757575757 1.1515151515151516 1.4747474747474747 1.6767676767676767 1.6161616161616161 1.1111111111111112 0.8484848484848485 1.9595959595959596 1.4343434343434343 1.3333333333333333 2.0 0.98989898989899 0.8888888888888888 1.292929292929293 1.2727272727272727 1.797979797979798 1.696969696969697 1.292929292929293 1.6565656565656566 1.2727272727272727 1.2727272727272727 1.0101010101010102 1.1919191919191918 1.6161616161616161 1.6767676767676767 1.4343434343434343 1.9393939393939394 1.4141414141414141 1.898989898989899 0.8686868686868687  
51 350.34357775082685 1.8181818181818181 2.5757575757575757 2.878787878787879 2.727272727272727 2.6363636363636362 1.2727272727272727 2.5454545454545454 2.696969696969697 3.0 2.090909090909091 2.3636363636363638 1.7272727272727273 2.212121212121212 2.515151515151515 2.4242424242424243 1.6666666666666667 1.2727272727272727 2.9393939393939394 2.1515151515151514 2.0 3.0 1.4848484848484849 1.3333333333333333 1.9393939393939394 1.9090909090909092 2.696969696969697 2.5454545454545454 1.9393939393939394 2.484848484848485 1.9090909090909092 1.9090909090909092 1.5151515151515151 1.7878787878787878 2.4242424242424243 2.515151515151515 2.1515151515151514 2.909090909090909 2.121212121212121 2.8484848484848486 1.303030303030303  
117 88.57599347824957 1.8181818181818181 2.5757575757575757 2.878787878787879 2.727272727272727 2.6363636363636362 1.2727272727272727 2.5454545454545454 2.696969696969697 3.0 2.090909090909091 2.3636363636363638 1.7272727272727273 2.212121212121212 2.515151515151515 2.4242424242424243 1.6666666666666667 1.2727272727272727 2.9393939393939394 2.1515151515151514 2.0 3.0 1.4848484848484849 1.3333333333333333 1.9393939393939394 1.9090909090909092 2.696969696969697 2.5454545454545454 1.9393939393939394 2.484848484848485 1.9090909090909092 1.9090909090909092 1.5151515151515151 1.7878787878787878 2.4242424242424243 2.515151515151515 2.1515151515151514 2.909090909090909 2.121212121212121 2.8484848484848486 1.303030303030303  
86 275.1429509279233 1.2121212121212122 1.7171717171717171 1.9191919191919191 1.8181818181818181 1.7575757575757576 0.8484848484848485 1.696969696969697 1.797979797979798 2.0 1.393939393939394 1.5757575757575757 1.1515151515151516 1.4747474747474747 1.6767676767676767 1.6161616161616161 1.1111111111111112 0.8484848484848485 1.9595959595959596 1.4343434343434343 1.3333333333333333 2.0 0.98989898989899 0.8888888888888888 1.292929292929293 1.2727272727272727 1.797979797979798 1.696969696969697 1.292929292929293 1.6565656565656566 1.2727272727272727 1.2727272727272727 1.0101010101010102 1.1919191919191918 1.6161616161616161 1.6767676767676767 1.4343434343434343 1.9393939393939394 1.4141414141414141 1.898989898989899 0.8686868686868687  
7 40.34701057992564 1.8181818181818181 2.5757575757575757 2.878787878787879 2.727272727272727 2.6363636363636362 1.2727272727272727 2.5454545454545454 2.696969696969697 3.0 2.090909090909091 2.3636363636363638 1.7272727272727273 2.212121212121212 2.515151515151515 2.4242424242424243 1.6666666666666667 1.2727272727272727 2.9393939393939394 2.1515151515151514 2.0 3.0 1.4848484848484849 1.3333333333333333 1.9393939393939394 1.9090909090909092 2.696969696969697 2.5454545454545454 1.9393939393939394 2.484848484848485 1.9090909090909092 1.9090909090909092 1.5151515151515151 1.7878787878787878 2.4242424242424243 2.515151515151515 2.1515151515151514 2.909090909090909 2.121212121212121 2.8484848484848486 1.303030303030303  
36 55.802980710162416 1.2121212121212122 1.7171717171717171 1.9191919191919191 1.8181818181818181 1.7575757575757576 0.8484848484848485 1.696969696969697 1.797979797979798 2.0 1.393939393939394 1.5757575757575757 1.1515151515151516 1.4747474747474747 1.6767676767676767 1.6161616161616161 1.1111111111111112 0.8484848484848485 1.9595959595959596 1.4343434343434343 1.3333333333333333 2.0 0.98989898989899 0.8888888888888888 1.292929292929293 1.2727272727272727 1.797979797979798 1.696969696969697 1.292929292929293 1.6565656565656566 1.2727272727272727 1.2727272727272727 1.0101010101010102 1.1919191919191918 1.6161616161616161 1.6767676767676767 1.4343434343434343 1.9393939393939394 1.4141414141414141 1.898989898989899 0.8686868686868687  
69 13.936016089340532 1.8181818181818181 2.5757575757575757 2.878787878787879 2.727272727272727 2.6363636363636362 1.2727272727272727 2.5454545454545454 2.696969696969697 3.0 2.090909090909091 2.3636363636363638 1.7272727272727273 2.212121212121212 2.515151515151515 2.4242424242424243 1.6666666666666667 1.2727272727272727 2.9393939393939394 2.1515151515151514 2.0 3.0 1.4848484848484849 1.3333333333333333 1.9393939393939394 1.9090909090909092 2.696969696969697 2.5454545454545454 1.9393939393939394 2.484848484848485 1.9090909090909092 1.9090909090909092 1.5151515151515151 1.7878787878787878 2.4242424242424243 2.515151515151515 2.1515151515151514 2.909090909090909 2.121212121212121 2.8484848484848486 1.303030303030303  
48 416.6449388276044 1.2121212121212122 1.7171717171717171 1.9191919191919191 1.8181818181818181 1.7575757575757576 0.8484848484848485 1.696969696969697 1.797979797979798 2.0 1.393939393939394 1.5757575757575757 1.1515151515151516 1.4747474747474747 1.6767676767676767 1.6161616161616161 1.1111111111111112 0.8484848484848485 1.9595959595959596 1.4343434343434343 1.3333333333333333 2.0 0.98989898989899 0.8888888888888888 1.292929292929293 1.2727272727272727 1.797979797979798 1.696969696969697 1.292929292929293 1.6565656565656566 1.2727272727272727 1.2727272727272727 1.0101010101010102 1.1919191919191918 1.6161616161616161 1.6767676767676767 1.4343434343434343 1.9393939393939394 1.4141414141414141 1.898989898989899 0.8686868686868687  
109 257.2357611473402 1.8181818181818181 2.5757575757575757 2.878787878787879 2.727272727272727 2.6363636363636362 1.2727272727272727 2.5454545454545454 2.696969696969697 3.0 2.090909090909091 2.3636363636363638 1.7272727272727273 2.212121212121212 2.515151515151515 2.4242424242424243 1.6666666666666667 1.2727272727272727 2.9393939393939394 2.1515151515151514 2.0 3.0 1.4848484848484849 1.3333333333333333 1.9393939393939394 1.9090909090909092 2.696969696969697 2.5454545454545454 1.9393939393939394 2.484848484848485 1.9090909090909092 1.9090909090909092 1.5151515151515151 1.7878787878787878 2.4242424242424243 2.515151515151515 2.1515151515151514 2.909090909090909 2.121212121212121 2.8484848484848486 1.303030303030303  
112 805.0 1.2121212121212122 1.7171717171717171 1.9191919191919191 1.8181818181818181 1.7575757575757576 0.8484848484848485 1.696969696969697 1.797979797979798 2.0 1.393939393939394 1.5757575757575757 1.1515151515151516 1.4747474747474747 1.6767676767676767 1.6161616161616161 1.1111111111111112 0.8484848484848485 1.9595959595959596 1.4343434343434343 1.3333333333333333 2.0 0.98989898989899 0.8888888888888888 1.292929292929293 1.2727272727272727 1.797979797979798 1.696969696969697 1.292929292929293 1.6565656565656566 1.2727272727272727 1.2727272727272727 1.0101010101010102 1.1919191919191918 1.6161616161616161 1.6767676767676767 1.4343434343434343 1.9393939393939394 1.4141414141414141 1.898989898989899 0.8686868686868687  
71 110.44779677842676 1.8181818181818181 2.5757575757575757 2.878787878787879 2.727272727272727 2.6363636363636362 1.2727272727272727 2.5454545454545454 2.696969696969697 3.0 2.090909090909091 2.3636363636363638 1.7272727272727273 2.212121212121212 2.515151515151515 2.4242424242424243 1.6666666666666667 1.2727272727272727 2.9393939393939394 2.1515151515151514 2.0 3.0 1.4848484848484849 1.3333333333333333 1.9393939393939394 1.9090909090909092 2.696969696969697 2.5454545454545454 1.9393939393939394 2.484848484848485 1.9090909090909092 1.9090909090909092 1.5151515151515151 1.7878787878787878 2.4242424242424243 2.515151515151515 2.1515151515151514 2.909090909090909 2.121212121212121 2.8484848484848486 1.303030303030303  
97 407.88815157239725 1.2121212121212122 1.7171717171717171 1.9191919191919191 1.8181818181818181 1.7575757575757576 0.8484848484848485 1.696969696969697 1.797979797979798 2.0 1.393939393939394 1.5757575757575757 1.1515151515151516 1.4747474747474747 1.6767676767676767 1.6161616161616161 1.1111111111111112 0.8484848484848485 1.9595959595959596 1.4343434343434343 1.3333333333333333 2.0 0.98989898989899 0.8888888888888888 1.292929292929293 1.2727272727272727 1.797979797979798 1.696969696969697 1.292929292929293 1.6565656565656566 1.2727272727272727 1.2727272727272727 1.0101010101010102 1.1919191919191918 1.6161616161616161 1.6767676767676767 1.4343434343434343 1.9393939393939394 1.4141414141414141 1.898989898989899 0.8686868686868687  
89 189.2352333854759 1.8181818181818181 2.5757575757575757 2.878787878787879 2.727272727272727 2.6363636363636362 1.2727272727272727 2.5454545454545454 2.696969696969697 3.0 2.090909090909091 2.3636363636363638 1.7272727272727273 2.212121212121212 2.515151515151515 2.4242424242424243 1.6666666666666667 1.2727272727272727 2.9393939393939394 2.1515151515151514 2.0 3.0 1.4848484848484849 1.3333333333333333 1.9393939393939394 1.9090909090909092 2.696969696969697 2.5454545454545454 1.9393939393939394 2.484848484848485 1.9090909090909092 1.9090909090909092 1.5151515151515151 1.7878787878787878 2.4242424242424243 2.515151515151515 2.1515151515151514 2.909090909090909 2.121212121212121 2.8484848484848486 1.303030303030303  
61 272.0127808417384 1.8181818181818181 2.5757575757575757 2.878787878787879 2.727272727272727 2.6363636363636362 1.2727272727272727 2.5454545454545454 2.696969696969697 3.0 2.090909090909091 2.3636363636363638 1.7272727272727273 2.212121212121212 2.515151515151515 2.4242424242424243 1.6666666666666667 1.2727272727272727 2.9393939393939394 2.1515151515151514 2.0 3.0 1.4848484848484849 1.3333333333333333 1.9393939393939394 1.9090909090909092 2.696969696969697 2.5454545454545454 1.9393939393939394 2.484848484848485 1.9090909090909092 1.9090909090909092 1.5151515151515151 1.7878787878787878 2.4242424242424243 2.515151515151515 2.1515151515151514 2.909090909090909 2.121212121212121 2.8484848484848486 1.303030303030303  
2 111.29357574955728 1.8181818181818181 2.5757575757575757 2.878787878787879 2.727272727272727 2.6363636363636362 1.2727272727272727 2.5454545454545454 2.696969696969697 3.0 2.090909090909091 2.3636363636363638 1.7272727272727273 2.212121212121212 2.515151515151515 2.4242424242424243 1.6666666666666667 1.2727272727272727 2.9393939393939394 2.1515151515151514 2.0 3.0 1.4848484848484849 1.3333333333333333 1.9393939393939394 1.9090909090909092 2.696969696969697 2.5454545454545454 1.9393939393939394 2.484848484848485 1.9090909090909092 1.9090909090909092 1.5151515151515151 1.7878787878787878 2.4242424242424243 2.515151515151515 2.1515151515151514 2.909090909090909 2.121212121212121 2.8484848484848486 1.303030303030303  
17 102.6086306548559 1.8181818181818181 2.5757575757575757 2.878787878787879 2.727272727272727 2.6363636363636362 1.2727272727272727 2.5454545454545454 2.696969696969697 3.0 2.090909090909091 2.3636363636363638 1.7272727272727273 2.212121212121212 2.515151515151515 2.4242424242424243 1.6666666666666667 1.2727272727272727 2.9393939393939394 2.1515151515151514 2.0 3.0 1.4848484848484849 1.3333333333333333 1.9393939393939394 1.9090909090909092 2.696969696969697 2.5454545454545454 1.9393939393939394 2.484848484848485 1.9090909090909092 1.9090909090909092 1.5151515151515151 1.7878787878787878 2.4242424242424243 2.515151515151515 2.1515151515151514 2.909090909090909 2.121212121212121 2.8484848484848486 1.303030303030303  
29 435.40601480078726 1.8181818181818181 2.5757575757575757 2.878787878787879 2.727272727272727 2.6363636363636362 1.2727272727272727 2.5454545454545454 2.696969696969697 3.0 2.090909090909091 2.3636363636363638 1.7272727272727273 2.212121212121212 2.515151515151515 2.4242424242424243 1.6666666666666667 1.2727272727272727 2.9393939393939394 2.1515151515151514 2.0 3.0 1.4848484848484849 1.3333333333333333 1.9393939393939394 1.9090909090909092 2.696969696969697 2.5454545454545454 1.9393939393939394 2.484848484848485 1.9090909090909092 1.9090909090909092 1.5151515151515151 1.7878787878787878 2.4242424242424243 2.515151515151515 2.1515151515151514 2.909090909090909 2.121212121212121 2.8484848484848486 1.303030303030303  
59 171.2430451528714 1.8181818181818181 2.5757575757575757 2.878787878787879 2.727272727272727 2.6363636363636362 1.2727272727272727 2.5454545454545454 2.696969696969697 3.0 2.090909090909091 2.3636363636363638 1.7272727272727273 2.212121212121212 2.515151515151515 2.4242424242424243 1.6666666666666667 1.2727272727272727 2.9393939393939394 2.1515151515151514 2.0 3.0 1.4848484848484849 1.3333333333333333 1.9393939393939394 1.9090909090909092 2.696969696969697 2.5454545454545454 1.9393939393939394 2.484848484848485 1.9090909090909092 1.9090909090909092 1.5151515151515151 1.7878787878787878 2.4242424242424243 2.515151515151515 2.1515151515151514 2.909090909090909 2.121212121212121 2.8484848484848486 1.303030303030303  
18 135.87980532954438 1.2121212121212122 1.7171717171717171 1.9191919191919191 1.8181818181818181 1.7575757575757576 0.8484848484848485 1.696969696969697 1.797979797979798 2.0 1.393939393939394 1.5757575757575757 1.1515151515151516 1.4747474747474747 1.6767676767676767 1.6161616161616161 1.1111111111111112 0.8484848484848485 1.9595959595959596 1.4343434343434343 1.3333333333333333 2.0 0.98989898989899 0.8888888888888888 1.292929292929293 1.2727272727272727 1.797979797979798 1.696969696969697 1.292929292929293 1.6565656565656566 1.2727272727272727 1.2727272727272727 1.0101010101010102 1.1919191919191918 1.6161616161616161 1.6767676767676767 1.4343434343434343 1.9393939393939394 1.4141414141414141 1.898989898989899 0.8686868686868687  
108 98.55431815778367 1.2121212121212122 1.7171717171717171 1.9191919191919191 1.8181818181818181 1.7575757575757576 0.8484848484848485 1.696969696969697 1.797979797979798 2.0 1.393939393939394 1.5757575757575757 1.1515151515151516 1.4747474747474747 1.6767676767676767 1.6161616161616161 1.1111111111111112 0.8484848484848485 1.9595959595959596 1.4343434343434343 1.3333333333333333 2.0 0.98989898989899 0.8888888888888888 1.292929292929293 1.2727272727272727 1.797979797979798 1.696969696969697 1.292929292929293 1.6565656565656566 1.2727272727272727 1.2727272727272727 1.0101010101010102 1.1919191919191918 1.6161616161616161 1.6767676767676767 1.4343434343434343 1.9393939393939394 1.4141414141414141 1.898989898989899 0.8686868686868687  
38 155.44301872109435 1.2121212121212122 1.7171717171717171 1.9191919191919191 1.8181818181818181 1.7575757575757576 0.8484848484848485 1.696969696969697 1.797979797979798 2.0 1.393939393939394 1.5757575757575757 1.1515151515151516 1.4747474747474747 1.6767676767676767 1.6161616161616161 1.1111111111111112 0.8484848484848485 1.9595959595959596 1.4343434343434343 1.3333333333333333 2.0 0.98989898989899 0.8888888888888888 1.292929292929293 1.2727272727272727 1.797979797979798 1.696969696969697 1.292929292929293 1.6565656565656566 1.2727272727272727 1.2727272727272727 1.0101010101010102 1.1919191919191918 1.6161616161616161 1.6767676767676767 1.4343434343434343 1.9393939393939394 1.4141414141414141 1.898989898989899 0.8686868686868687  
68 83.97943549969447 1.2121212121212122 1.7171717171717171 1.9191919191919191 1.8181818181818181 1.7575757575757576 0.8484848484848485 1.696969696969697 1.797979797979798 2.0 1.393939393939394 1.5757575757575757 1.1515151515151516 1.4747474747474747 1.6767676767676767 1.6161616161616161 1.1111111111111112 0.8484848484848485 1.9595959595959596 1.4343434343434343 1.3333333333333333 2.0 0.98989898989899 0.8888888888888888 1.292929292929293 1.2727272727272727 1.797979797979798 1.696969696969697 1.292929292929293 1.6565656565656566 1.2727272727272727 1.2727272727272727 1.0101010101010102 1.1919191919191918 1.6161616161616161 1.6767676767676767 1.4343434343434343 1.9393939393939394 1.4141414141414141 1.898989898989899 0.8686868686868687  
22 161.11064413857483 1.2121212121212122 1.7171717171717171 1.9191919191919191 1.8181818181818181 1.7575757575757576 0.8484848484848485 1.696969696969697 1.797979797979798 2.0 1.393939393939394 1.5757575757575757 1.1515151515151516 1.4747474747474747 1.6767676767676767 1.6161616161616161 1.1111111111111112 0.8484848484848485 1.9595959595959596 1.4343434343434343 1.3333333333333333 2.0 0.98989898989899 0.8888888888888888 1.292929292929293 1.2727272727272727 1.797979797979798 1.696969696969697 1.292929292929293 1.6565656565656566 1.2727272727272727 1.2727272727272727 1.0101010101010102 1.1919191919191918 1.6161616161616161 1.6767676767676767 1.4343434343434343 1.9393939393939394 1.4141414141414141 1.898989898989899 0.8686868686868687  
114 167.77661958231974 1.8181818181818181 2.5757575757575757 2.878787878787879 2.727272727272727 2.6363636363636362 1.2727272727272727 2.5454545454545454 2.696969696969697 3.0 2.090909090909091 2.3636363636363638 1.7272727272727273 2.212121212121212 2.515151515151515 2.4242424242424243 1.6666666666666667 1.2727272727272727 2.9393939393939394 2.1515151515151514 2.0 3.0 1.4848484848484849 1.3333333333333333 1.9393939393939394 1.9090909090909092 2.696969696969697 2.5454545454545454 1.9393939393939394 2.484848484848485 1.9090909090909092 1.9090909090909092 1.5151515151515151 1.7878787878787878 2.4242424242424243 2.515151515151515 2.1515151515151514 2.909090909090909 2.121212121212121 2.8484848484848486 1.303030303030303  
90 377.49209993451177 1.2121212121212122 1.7171717171717171 1.9191919191919191 1.8181818181818181 1.7575757575757576 0.8484848484848485 1.696969696969697 1.797979797979798 2.0 1.393939393939394 1.5757575757575757 1.1515151515151516 1.4747474747474747 1.6767676767676767 1.6161616161616161 1.1111111111111112 0.8484848484848485 1.9595959595959596 1.4343434343434343 1.3333333333333333 2.0 0.98989898989899 0.8888888888888888 1.292929292929293 1.2727272727272727 1.797979797979798 1.696969696969697 1.292929292929293 1.6565656565656566 1.2727272727272727 1.2727272727272727 1.0101010101010102 1.1919191919191918 1.6161616161616161 1.6767676767676767 1.4343434343434343 1.9393939393939394 1.4141414141414141 1.898989898989899 0.8686868686868687  
67 143.81677871463336 1.8181818181818181 2.5757575757575757 2.878787878787879 2.727272727272727 2.6363636363636362 1.2727272727272727 2.5454545454545454 2.696969696969697 3.0 2.090909090909091 2.3636363636363638 1.7272727272727273 2.212121212121212 2.515151515151515 2.4242424242424243 1.6666666666666667 1.2727272727272727 2.9393939393939394 2.1515151515151514 2.0 3.0 1.4848484848484849 1.3333333333333333 1.9393939393939394 1.9090909090909092 2.696969696969697 2.5454545454545454 1.9393939393939394 2.484848484848485 1.9090909090909092 1.9090909090909092 1.5151515151515151 1.7878787878787878 2.4242424242424243 2.515151515151515 2.1515151515151514 2.909090909090909 2.121212121212121 2.8484848484848486 1.303030303030303  
106 196.86823882743957 1.2121212121212122 1.7171717171717171 1.9191919191919191 1.8181818181818181 1.7575757575757576 0.8484848484848485 1.696969696969697 1.797979797979798 2.0 1.393939393939394 1.5757575757575757 1.1515151515151516 1.4747474747474747 1.6767676767676767 1.6161616161616161 1.1111111111111112 0.8484848484848485 1.9595959595959596 1.4343434343434343 1.3333333333333333 2.0 0.98989898989899 0.8888888888888888 1.292929292929293 1.2727272727272727 1.797979797979798 1.696969696969697 1.292929292929293 1.6565656565656566 1.2727272727272727 1.2727272727272727 1.0101010101010102 1.1919191919191918 1.6161616161616161 1.6767676767676767 1.4343434343434343 1.9393939393939394 1.4141414141414141 1.898989898989899 0.8686868686868687  
66 227.69639383912772 1.2121212121212122 1.7171717171717171 1.9191919191919191 1.8181818181818181 1.7575757575757576 0.8484848484848485 1.696969696969697 1.797979797979798 2.0 1.393939393939394 1.5757575757575757 1.1515151515151516 1.4747474747474747 1.6767676767676767 1.6161616161616161 1.1111111111111112 0.8484848484848485 1.9595959595959596 1.4343434343434343 1.3333333333333333 2.0 0.98989898989899 0.8888888888888888 1.292929292929293 1.2727272727272727 1.797979797979798 1.696969696969697 1.292929292929293 1.6565656565656566 1.2727272727272727 1.2727272727272727 1.0101010101010102 1.1919191919191918 1.6161616161616161 1.6767676767676767 1.4343434343434343 1.9393939393939394 1.4141414141414141 1.898989898989899 0.8686868686868687  
26 64.9854073039941 1.2121212121212122 1.7171717171717171 1.9191919191919191 1.8181818181818181 1.7575757575757576 0.8484848484848485 1.696969696969697 1.797979797979798 2.0 1.393939393939394 1.5757575757575757 1.1515151515151516 1.4747474747474747 1.6767676767676767 1.6161616161616161 1.1111111111111112 0.8484848484848485 1.9595959595959596 1.4343434343434343 1.3333333333333333 2.0 0.98989898989899 0.8888888888888888 1.292929292929293 1.2727272727272727 1.797979797979798 1.696969696969697 1.292929292929293 1.6565656565656566 1.2727272727272727 1.2727272727272727 1.0101010101010102 1.1919191919191918 1.6161616161616161 1.6767676767676767 1.4343434343434343 1.9393939393939394 1.4141414141414141 1.898989898989899 0.8686868686868687  
113 66.8971481788859 1.2121212121212122 1.7171717171717171 1.9191919191919191 1.8181818181818181 1.7575757575757576 0.8484848484848485 1.696969696969697 1.797979797979798 2.0 1.393939393939394 1.5757575757575757 1.1515151515151516 1.4747474747474747 1.6767676767676767 1.6161616161616161 1.1111111111111112 0.8484848484848485 1.9595959595959596 1.4343434343434343 1.3333333333333333 2.0 0.98989898989899 0.8888888888888888 1.292929292929293 1.2727272727272727 1.797979797979798 1.696969696969697 1.292929292929293 1.6565656565656566 1.2727272727272727 1.2727272727272727 1.0101010101010102 1.1919191919191918 1.6161616161616161 1.6767676767676767 1.4343434343434343 1.9393939393939394 1.4141414141414141 1.898989898989899 0.8686868686868687  
28 274.13104416129926 1.8181818181818181 2.5757575757575757 2.878787878787879 2.727272727272727 2.6363636363636362 1.2727272727272727 2.5454545454545454 2.696969696969697 3.0 2.090909090909091 2.3636363636363638 1.7272727272727273 2.212121212121212 2.515151515151515 2.4242424242424243 1.6666666666666667 1.2727272727272727 2.9393939393939394 2.1515151515151514 2.0 3.0 1.4848484848484849 1.3333333333333333 1.9393939393939394 1.9090909090909092 2.696969696969697 2.5454545454545454 1.9393939393939394 2.484848484848485 1.9090909090909092 1.9090909090909092 1.5151515151515151 1.7878787878787878 2.4242424242424243 2.515151515151515 2.1515151515151514 2.909090909090909 2.121212121212121 2.8484848484848486 1.303030303030303  
24 256.5048314448747 1.2121212121212122 1.7171717171717171 1.9191919191919191 1.8181818181818181 1.7575757575757576 0.8484848484848485 1.696969696969697 1.797979797979798 2.0 1.393939393939394 1.5757575757575757 1.1515151515151516 1.4747474747474747 1.6767676767676767 1.6161616161616161 1.1111111111111112 0.8484848484848485 1.9595959595959596 1.4343434343434343 1.3333333333333333 2.0 0.98989898989899 0.8888888888888888 1.292929292929293 1.2727272727272727 1.797979797979798 1.696969696969697 1.292929292929293 1.6565656565656566 1.2727272727272727 1.2727272727272727 1.0101010101010102 1.1919191919191918 1.6161616161616161 1.6767676767676767 1.4343434343434343 1.9393939393939394 1.4141414141414141 1.898989898989899 0.8686868686868687  
62 143.5917951254544 1.8181818181818181 2.5757575757575757 2.878787878787879 2.727272727272727 2.6363636363636362 1.2727272727272727 2.5454545454545454 2.696969696969697 3.0 2.090909090909091 2.3636363636363638 1.7272727272727273 2.212121212121212 2.515151515151515 2.4242424242424243 1.6666666666666667 1.2727272727272727 2.9393939393939394 2.1515151515151514 2.0 3.0 1.4848484848484849 1.3333333333333333 1.9393939393939394 1.9090909090909092 2.696969696969697 2.5454545454545454 1.9393939393939394 2.484848484848485 1.9090909090909092 1.9090909090909092 1.5151515151515151 1.7878787878787878 2.4242424242424243 2.515151515151515 2.1515151515151514 2.909090909090909 2.121212121212121 2.8484848484848486 1.303030303030303  
52 391.18213108801024 1.2121212121212122 1.7171717171717171 1.9191919191919191 1.8181818181818181 1.7575757575757576 0.8484848484848485 1.696969696969697 1.797979797979798 2.0 1.393939393939394 1.5757575757575757 1.1515151515151516 1.4747474747474747 1.6767676767676767 1.6161616161616161 1.1111111111111112 0.8484848484848485 1.9595959595959596 1.4343434343434343 1.3333333333333333 2.0 0.98989898989899 0.8888888888888888 1.292929292929293 1.2727272727272727 1.797979797979798 1.696969696969697 1.292929292929293 1.6565656565656566 1.2727272727272727 1.2727272727272727 1.0101010101010102 1.1919191919191918 1.6161616161616161 1.6767676767676767 1.4343434343434343 1.9393939393939394 1.4141414141414141 1.898989898989899 0.8686868686868687  
14 242.80191808466938 1.2121212121212122 1.7171717171717171 1.9191919191919191 1.8181818181818181 1.7575757575757576 0.8484848484848485 1.696969696969697 1.797979797979798 2.0 1.393939393939394 1.5757575757575757 1.1515151515151516 1.4747474747474747 1.6767676767676767 1.6161616161616161 1.1111111111111112 0.8484848484848485 1.9595959595959596 1.4343434343434343 1.3333333333333333 2.0 0.98989898989899 0.8888888888888888 1.292929292929293 1.2727272727272727 1.797979797979798 1.696969696969697 1.292929292929293 1.6565656565656566 1.2727272727272727 1.2727272727272727 1.0101010101010102 1.1919191919191918 1.6161616161616161 1.6767676767676767 1.4343434343434343 1.9393939393939394 1.4141414141414141 1.898989898989899 0.8686868686868687  
23 82.3995952552691 1.8181818181818181 2.5757575757575757 2.878787878787879 2.727272727272727 2.6363636363636362 1.2727272727272727 2.5454545454545454 2.696969696969697 3.0 2.090909090909091 2.3636363636363638 1.7272727272727273 2.212121212121212 2.515151515151515 2.4242424242424243 1.6666666666666667 1.2727272727272727 2.9393939393939394 2.1515151515151514 2.0 3.0 1.4848484848484849 1.3333333333333333 1.9393939393939394 1.9090909090909092 2.696969696969697 2.5454545454545454 1.9393939393939394 2.484848484848485 1.9090909090909092 1.9090909090909092 1.5151515151515151 1.7878787878787878 2.4242424242424243 2.515151515151515 2.1515151515151514 2.909090909090909 2.121212121212121 2.8484848484848486 1.303030303030303  
72 54.520548760657974 1.2121212121212122 1.7171717171717171 1.9191919191919191 1.8181818181818181 1.7575757575757576 0.8484848484848485 1.696969696969697 1.797979797979798 2.0 1.393939393939394 1.5757575757575757 1.1515151515151516 1.4747474747474747 1.6767676767676767 1.6161616161616161 1.1111111111111112 0.8484848484848485 1.9595959595959596 1.4343434343434343 1.3333333333333333 2.0 0.98989898989899 0.8888888888888888 1.292929292929293 1.2727272727272727 1.797979797979798 1.696969696969697 1.292929292929293 1.6565656565656566 1.2727272727272727 1.2727272727272727 1.0101010101010102 1.1919191919191918 1.6161616161616161 1.6767676767676767 1.4343434343434343 1.9393939393939394 1.4141414141414141 1.898989898989899 0.8686868686868687  
55 163.08173091314433 1.2121212121212122 1.7171717171717171 1.9191919191919191 1.8181818181818181 1.7575757575757576 0.8484848484848485 1.696969696969697 1.797979797979798 2.0 1.393939393939394 1.5757575757575757 1.1515151515151516 1.4747474747474747 1.6767676767676767 1.6161616161616161 1.1111111111111112 0.8484848484848485 1.9595959595959596 1.4343434343434343 1.3333333333333333 2.0 0.98989898989899 0.8888888888888888 1.292929292929293 1.2727272727272727 1.797979797979798 1.696969696969697 1.292929292929293 1.6565656565656566 1.2727272727272727 1.2727272727272727 1.0101010101010102 1.1919191919191918 1.6161616161616161 1.6767676767676767 1.4343434343434343 1.9393939393939394 1.4141414141414141 1.898989898989899 0.8686868686868687  
40 369.2836532365441 1.2121212121212122 1.7171717171717171 1.9191919191919191 1.8181818181818181 1.7575757575757576 0.8484848484848485 1.696969696969697 1.797979797979798 2.0 1.393939393939394 1.5757575757575757 1.1515151515151516 1.4747474747474747 1.6767676767676767 1.6161616161616161 1.1111111111111112 0.8484848484848485 1.9595959595959596 1.4343434343434343 1.3333333333333333 2.0 0.98989898989899 0.8888888888888888 1.292929292929293 1.2727272727272727 1.797979797979798 1.696969696969697 1.292929292929293 1.6565656565656566 1.2727272727272727 1.2727272727272727 1.0101010101010102 1.1919191919191918 1.6161616161616161 1.6767676767676767 1.4343434343434343 1.9393939393939394 1.4141414141414141 1.898989898989899 0.8686868686868687  
32 72.87825966438346 1.8181818181818181 2.5757575757575757 2.878787878787879 2.727272727272727 2.6363636363636362 1.2727272727272727 2.5454545454545454 2.696969696969697 3.0 2.090909090909091 2.3636363636363638 1.7272727272727273 2.212121212121212 2.515151515151515 2.4242424242424243 1.6666666666666667 1.2727272727272727 2.9393939393939394 2.1515151515151514 2.0 3.0 1.4848484848484849 1.3333333333333333 1.9393939393939394 1.9090909090909092 2.696969696969697 2.5454545454545454 1.9393939393939394 2.484848484848485 1.9090909090909092 1.9090909090909092 1.5151515151515151 1.7878787878787878 2.4242424242424243 2.515151515151515 2.1515151515151514 2.909090909090909 2.121212121212121 2.8484848484848486 1.303030303030303  
25 215.27393746004998 1.8181818181818181 2.5757575757575757 2.878787878787879 2.727272727272727 2.6363636363636362 1.2727272727272727 2.5454545454545454 2.696969696969697 3.0 2.090909090909091 2.3636363636363638 1.7272727272727273 2.212121212121212 2.515151515151515 2.4242424242424243 1.6666666666666667 1.2727272727272727 2.9393939393939394 2.1515151515151514 2.0 3.0 1.4848484848484849 1.3333333333333333 1.9393939393939394 1.9090909090909092 2.696969696969697 2.5454545454545454 1.9393939393939394 2.484848484848485 1.9090909090909092 1.9090909090909092 1.5151515151515151 1.7878787878787878 2.4242424242424243 2.515151515151515 2.1515151515151514 2.909090909090909 2.121212121212121 2.8484848484848486 1.303030303030303  
63 356.6489829452621 1.2121212121212122 1.7171717171717171 1.9191919191919191 1.8181818181818181 1.7575757575757576 0.8484848484848485 1.696969696969697 1.797979797979798 2.0 1.393939393939394 1.5757575757575757 1.1515151515151516 1.4747474747474747 1.6767676767676767 1.6161616161616161 1.1111111111111112 0.8484848484848485 1.9595959595959596 1.4343434343434343 1.3333333333333333 2.0 0.98989898989899 0.8888888888888888 1.292929292929293 1.2727272727272727 1.797979797979798 1.696969696969697 1.292929292929293 1.6565656565656566 1.2727272727272727 1.2727272727272727 1.0101010101010102 1.1919191919191918 1.6161616161616161 1.6767676767676767 1.4343434343434343 1.9393939393939394 1.4141414141414141 1.898989898989899 0.8686868686868687  
11 265.00806615759336 1.2121212121212122 1.7171717171717171 1.9191919191919191 1.8181818181818181 1.7575757575757576 0.8484848484848485 1.696969696969697 1.797979797979798 2.0 1.393939393939394 1.5757575757575757 1.1515151515151516 1.4747474747474747 1.6767676767676767 1.6161616161616161 1.1111111111111112 0.8484848484848485 1.9595959595959596 1.4343434343434343 1.3333333333333333 2.0 0.98989898989899 0.8888888888888888 1.292929292929293 1.2727272727272727 1.797979797979798 1.696969696969697 1.292929292929293 1.6565656565656566 1.2727272727272727 1.2727272727272727 1.0101010101010102 1.1919191919191918 1.6161616161616161 1.6767676767676767 1.4343434343434343 1.9393939393939394 1.4141414141414141 1.898989898989899 0.8686868686868687  
54 164.1660950191604 1.8181818181818181 2.5757575757575757 2.878787878787879 2.727272727272727 2.6363636363636362 1.2727272727272727 2.5454545454545454 2.696969696969697 3.0 2.090909090909091 2.3636363636363638 1.7272727272727273 2.212121212121212 2.515151515151515 2.4242424242424243 1.6666666666666667 1.2727272727272727 2.9393939393939394 2.1515151515151514 2.0 3.0 1.4848484848484849 1.3333333333333333 1.9393939393939394 1.9090909090909092 2.696969696969697 2.5454545454545454 1.9393939393939394 2.484848484848485 1.9090909090909092 1.9090909090909092 1.5151515151515151 1.7878787878787878 2.4242424242424243 2.515151515151515 2.1515151515151514 2.909090909090909 2.121212121212121 2.8484848484848486 1.303030303030303  
9 20.018148538036428 1.8181818181818181 2.5757575757575757 2.878787878787879 2.727272727272727 2.6363636363636362 1.2727272727272727 2.5454545454545454 2.696969696969697 3.0 2.090909090909091 2.3636363636363638 1.7272727272727273 2.212121212121212 2.515151515151515 2.4242424242424243 1.6666666666666667 1.2727272727272727 2.9393939393939394 2.1515151515151514 2.0 3.0 1.4848484848484849 1.3333333333333333 1.9393939393939394 1.9090909090909092 2.696969696969697 2.5454545454545454 1.9393939393939394 2.484848484848485 1.9090909090909092 1.9090909090909092 1.5151515151515151 1.7878787878787878 2.4242424242424243 2.515151515151515 2.1515151515151514 2.909090909090909 2.121212121212121 2.8484848484848486 1.303030303030303  
6 183.0796676521452 1.2121212121212122 1.7171717171717171 1.9191919191919191 1.8181818181818181 1.7575757575757576 0.8484848484848485 1.696969696969697 1.797979797979798 2.0 1.393939393939394 1.5757575757575757 1.1515151515151516 1.4747474747474747 1.6767676767676767 1.6161616161616161 1.1111111111111112 0.8484848484848485 1.9595959595959596 1.4343434343434343 1.3333333333333333 2.0 0.98989898989899 0.8888888888888888 1.292929292929293 1.2727272727272727 1.797979797979798 1.696969696969697 1.292929292929293 1.6565656565656566 1.2727272727272727 1.2727272727272727 1.0101010101010102 1.1919191919191918 1.6161616161616161 1.6767676767676767 1.4343434343434343 1.9393939393939394 1.4141414141414141 1.898989898989899 0.8686868686868687  
95 134.25363679131993 1.8181818181818181 2.5757575757575757 2.878787878787879 2.727272727272727 2.6363636363636362 1.2727272727272727 2.5454545454545454 2.696969696969697 3.0 2.090909090909091 2.3636363636363638 1.7272727272727273 2.212121212121212 2.515151515151515 2.4242424242424243 1.6666666666666667 1.2727272727272727 2.9393939393939394 2.1515151515151514 2.0 3.0 1.4848484848484849 1.3333333333333333 1.9393939393939394 1.9090909090909092 2.696969696969697 2.5454545454545454 1.9393939393939394 2.484848484848485 1.9090909090909092 1.9090909090909092 1.5151515151515151 1.7878787878787878 2.4242424242424243 2.515151515151515 2.1515151515151514 2.909090909090909 2.121212121212121 2.8484848484848486 1.303030303030303  
92 372.5681179551784 1.8181818181818181 2.5757575757575757 2.878787878787879 2.727272727272727 2.6363636363636362 1.2727272727272727 2.5454545454545454 2.696969696969697 3.0 2.090909090909091 2.3636363636363638 1.7272727272727273 2.212121212121212 2.515151515151515 2.4242424242424243 1.6666666666666667 1.2727272727272727 2.9393939393939394 2.1515151515151514 2.0 3.0 1.4848484848484849 1.3333333333333333 1.9393939393939394 1.9090909090909092 2.696969696969697 2.5454545454545454 1.9393939393939394 2.484848484848485 1.9090909090909092 1.9090909090909092 1.5151515151515151 1.7878787878787878 2.4242424242424243 2.515151515151515 2.1515151515151514 2.909090909090909 2.121212121212121 2.8484848484848486 1.303030303030303  
91 330.4364812852533 1.8181818181818181 2.5757575757575757 2.878787878787879 2.727272727272727 2.6363636363636362 1.2727272727272727 2.5454545454545454 2.696969696969697 3.0 2.090909090909091 2.3636363636363638 1.7272727272727273 2.212121212121212 2.515151515151515 2.4242424242424243 1.6666666666666667 1.2727272727272727 2.9393939393939394 2.1515151515151514 2.0 3.0 1.4848484848484849 1.3333333333333333 1.9393939393939394 1.9090909090909092 2.696969696969697 2.5454545454545454 1.9393939393939394 2.484848484848485 1.9090909090909092 1.9090909090909092 1.5151515151515151 1.7878787878787878 2.4242424242424243 2.515151515151515 2.1515151515151514 2.909090909090909 2.121212121212121 2.8484848484848486 1.303030303030303  
81 378.57706647524674 1.8181818181818181 2.5757575757575757 2.878787878787879 2.727272727272727 2.6363636363636362 1.2727272727272727 2.5454545454545454 2.696969696969697 3.0 2.090909090909091 2.3636363636363638 1.7272727272727273 2.212121212121212 2.515151515151515 2.4242424242424243 1.6666666666666667 1.2727272727272727 2.9393939393939394 2.1515151515151514 2.0 3.0 1.4848484848484849 1.3333333333333333 1.9393939393939394 1.9090909090909092 2.696969696969697 2.5454545454545454 1.9393939393939394 2.484848484848485 1.9090909090909092 1.9090909090909092 1.5151515151515151 1.7878787878787878 2.4242424242424243 2.515151515151515 2.1515151515151514 2.909090909090909 2.121212121212121 2.8484848484848486 1.303030303030303  
35 165.37749337821896 1.8181818181818181 2.5757575757575757 2.878787878787879 2.727272727272727 2.6363636363636362 1.2727272727272727 2.5454545454545454 2.696969696969697 3.0 2.090909090909091 2.3636363636363638 1.7272727272727273 2.212121212121212 2.515151515151515 2.4242424242424243 1.6666666666666667 1.2727272727272727 2.9393939393939394 2.1515151515151514 2.0 3.0 1.4848484848484849 1.3333333333333333 1.9393939393939394 1.9090909090909092 2.696969696969697 2.5454545454545454 1.9393939393939394 2.484848484848485 1.9090909090909092 1.9090909090909092 1.5151515151515151 1.7878787878787878 2.4242424242424243 2.515151515151515 2.1515151515151514 2.909090909090909 2.121212121212121 2.8484848484848486 1.303030303030303  
60 91.94269299347798 1.2121212121212122 1.7171717171717171 1.9191919191919191 1.8181818181818181 1.7575757575757576 0.8484848484848485 1.696969696969697 1.797979797979798 2.0 1.393939393939394 1.5757575757575757 1.1515151515151516 1.4747474747474747 1.6767676767676767 1.6161616161616161 1.1111111111111112 0.8484848484848485 1.9595959595959596 1.4343434343434343 1.3333333333333333 2.0 0.98989898989899 0.8888888888888888 1.292929292929293 1.2727272727272727 1.797979797979798 1.696969696969697 1.292929292929293 1.6565656565656566 1.2727272727272727 1.2727272727272727 1.0101010101010102 1.1919191919191918 1.6161616161616161 1.6767676767676767 1.4343434343434343 1.9393939393939394 1.4141414141414141 1.898989898989899 0.8686868686868687  
13 318.8987780142183 1.8181818181818181 2.5757575757575757 2.878787878787879 2.727272727272727 2.6363636363636362 1.2727272727272727 2.5454545454545454 2.696969696969697 3.0 2.090909090909091 2.3636363636363638 1.7272727272727273 2.212121212121212 2.515151515151515 2.4242424242424243 1.6666666666666667 1.2727272727272727 2.9393939393939394 2.1515151515151514 2.0 3.0 1.4848484848484849 1.3333333333333333 1.9393939393939394 1.9090909090909092 2.696969696969697 2.5454545454545454 1.9393939393939394 2.484848484848485 1.9090909090909092 1.9090909090909092 1.5151515151515151 1.7878787878787878 2.4242424242424243 2.515151515151515 2.1515151515151514 2.909090909090909 2.121212121212121 2.8484848484848486 1.303030303030303  
20 104.28405928806446 1.2121212121212122 1.7171717171717171 1.9191919191919191 1.8181818181818181 1.7575757575757576 0.8484848484848485 1.696969696969697 1.797979797979798 2.0 1.393939393939394 1.5757575757575757 1.1515151515151516 1.4747474747474747 1.6767676767676767 1.6161616161616161 1.1111111111111112 0.8484848484848485 1.9595959595959596 1.4343434343434343 1.3333333333333333 2.0 0.98989898989899 0.8888888888888888 1.292929292929293 1.2727272727272727 1.797979797979798 1.696969696969697 1.292929292929293 1.6565656565656566 1.2727272727272727 1.2727272727272727 1.0101010101010102 1.1919191919191918 1.6161616161616161 1.6767676767676767 1.4343434343434343 1.9393939393939394 1.4141414141414141 1.898989898989899 0.8686868686868687  
87 259.4209825814892 1.8181818181818181 2.5757575757575757 2.878787878787879 2.727272727272727 2.6363636363636362 1.2727272727272727 2.5454545454545454 2.696969696969697 3.0 2.090909090909091 2.3636363636363638 1.7272727272727273 2.212121212121212 2.515151515151515 2.4242424242424243 1.6666666666666667 1.2727272727272727 2.9393939393939394 2.1515151515151514 2.0 3.0 1.4848484848484849 1.3333333333333333 1.9393939393939394 1.9090909090909092 2.696969696969697 2.5454545454545454 1.9393939393939394 2.484848484848485 1.9090909090909092 1.9090909090909092 1.5151515151515151 1.7878787878787878 2.4242424242424243 2.515151515151515 2.1515151515151514 2.909090909090909 2.121212121212121 2.8484848484848486 1.303030303030303  
84 79.1538966642706 1.2121212121212122 1.7171717171717171 1.9191919191919191 1.8181818181818181 1.7575757575757576 0.8484848484848485 1.696969696969697 1.797979797979798 2.0 1.393939393939394 1.5757575757575757 1.1515151515151516 1.4747474747474747 1.6767676767676767 1.6161616161616161 1.1111111111111112 0.8484848484848485 1.9595959595959596 1.4343434343434343 1.3333333333333333 2.0 0.98989898989899 0.8888888888888888 1.292929292929293 1.2727272727272727 1.797979797979798 1.696969696969697 1.292929292929293 1.6565656565656566 1.2727272727272727 1.2727272727272727 1.0101010101010102 1.1919191919191918 1.6161616161616161 1.6767676767676767 1.4343434343434343 1.9393939393939394 1.4141414141414141 1.898989898989899 0.8686868686868687  
57 282.15815059979104 1.8181818181818181 2.5757575757575757 2.878787878787879 2.727272727272727 2.6363636363636362 1.2727272727272727 2.5454545454545454 2.696969696969697 3.0 2.090909090909091 2.3636363636363638 1.7272727272727273 2.212121212121212 2.515151515151515 2.4242424242424243 1.6666666666666667 1.2727272727272727 2.9393939393939394 2.1515151515151514 2.0 3.0 1.4848484848484849 1.3333333333333333 1.9393939393939394 1.9090909090909092 2.696969696969697 2.5454545454545454 1.9393939393939394 2.484848484848485 1.9090909090909092 1.9090909090909092 1.5151515151515151 1.7878787878787878 2.4242424242424243 2.515151515151515 2.1515151515151514 2.909090909090909 2.121212121212121 2.8484848484848486 1.303030303030303  
53 28.52343053437865 1.8181818181818181 2.5757575757575757 2.878787878787879 2.727272727272727 2.6363636363636362 1.2727272727272727 2.5454545454545454 2.696969696969697 3.0 2.090909090909091 2.3636363636363638 1.7272727272727273 2.212121212121212 2.515151515151515 2.4242424242424243 1.6666666666666667 1.2727272727272727 2.9393939393939394 2.1515151515151514 2.0 3.0 1.4848484848484849 1.3333333333333333 1.9393939393939394 1.9090909090909092 2.696969696969697 2.5454545454545454 1.9393939393939394 2.484848484848485 1.9090909090909092 1.9090909090909092 1.5151515151515151 1.7878787878787878 2.4242424242424243 2.515151515151515 2.1515151515151514 2.909090909090909 2.121212121212121 2.8484848484848486 1.303030303030303  
31 209.42540045277548 1.2121212121212122 1.7171717171717171 1.9191919191919191 1.8181818181818181 1.7575757575757576 0.8484848484848485 1.696969696969697 1.797979797979798 2.0 1.393939393939394 1.5757575757575757 1.1515151515151516 1.4747474747474747 1.6767676767676767 1.6161616161616161 1.1111111111111112 0.8484848484848485 1.9595959595959596 1.4343434343434343 1.3333333333333333 2.0 0.98989898989899 0.8888888888888888 1.292929292929293 1.2727272727272727 1.797979797979798 1.696969696969697 1.292929292929293 1.6565656565656566 1.2727272727272727 1.2727272727272727 1.0101010101010102 1.1919191919191918 1.6161616161616161 1.6767676767676767 1.4343434343434343 1.9393939393939394 1.4141414141414141 1.898989898989899 0.8686868686868687  
98 255.66133611908216 1.8181818181818181 2.5757575757575757 2.878787878787879 2.727272727272727 2.6363636363636362 1.2727272727272727 2.5454545454545454 2.696969696969697 3.0 2.090909090909091 2.3636363636363638 1.7272727272727273 2.212121212121212 2.515151515151515 2.4242424242424243 1.6666666666666667 1.2727272727272727 2.9393939393939394 2.1515151515151514 2.0 3.0 1.4848484848484849 1.3333333333333333 1.9393939393939394 1.9090909090909092 2.696969696969697 2.5454545454545454 1.9393939393939394 2.484848484848485 1.9090909090909092 1.9090909090909092 1.5151515151515151 1.7878787878787878 2.4242424242424243 2.515151515151515 2.1515151515151514 2.909090909090909 2.121212121212121 2.8484848484848486 1.303030303030303  
94 230.36725349359764 1.2121212121212122 1.7171717171717171 1.9191919191919191 1.8181818181818181 1.7575757575757576 0.8484848484848485 1.696969696969697 1.797979797979798 2.0 1.393939393939394 1.5757575757575757 1.1515151515151516 1.4747474747474747 1.6767676767676767 1.6161616161616161 1.1111111111111112 0.8484848484848485 1.9595959595959596 1.4343434343434343 1.3333333333333333 2.0 0.98989898989899 0.8888888888888888 1.292929292929293 1.2727272727272727 1.797979797979798 1.696969696969697 1.292929292929293 1.6565656565656566 1.2727272727272727 1.2727272727272727 1.0101010101010102 1.1919191919191918 1.6161616161616161 1.6767676767676767 1.4343434343434343 1.9393939393939394 1.4141414141414141 1.898989898989899 0.8686868686868687  
19 129.33864203941002 1.8181818181818181 2.5757575757575757 2.878787878787879 2.727272727272727 2.6363636363636362 1.2727272727272727 2.5454545454545454 2.696969696969697 3.0 2.090909090909091 2.3636363636363638 1.7272727272727273 2.212121212121212 2.515151515151515 2.4242424242424243 1.6666666666666667 1.2727272727272727 2.9393939393939394 2.1515151515151514 2.0 3.0 1.4848484848484849 1.3333333333333333 1.9393939393939394 1.9090909090909092 2.696969696969697 2.5454545454545454 1.9393939393939394 2.484848484848485 1.9090909090909092 1.9090909090909092 1.5151515151515151 1.7878787878787878 2.4242424242424243 2.515151515151515 2.1515151515151514 2.909090909090909 2.121212121212121 2.8484848484848486 1.303030303030303  
34 224.19594952224259 1.2121212121212122 1.7171717171717171 1.9191919191919191 1.8181818181818181 1.7575757575757576 0.8484848484848485 1.696969696969697 1.797979797979798 2.0 1.393939393939394 1.5757575757575757 1.1515151515151516 1.4747474747474747 1.6767676767676767 1.6161616161616161 1.1111111111111112 0.8484848484848485 1.9595959595959596 1.4343434343434343 1.3333333333333333 2.0 0.98989898989899 0.8888888888888888 1.292929292929293 1.2727272727272727 1.797979797979798 1.696969696969697 1.292929292929293 1.6565656565656566 1.2727272727272727 1.2727272727272727 1.0101010101010102 1.1919191919191918 1.6161616161616161 1.6767676767676767 1.4343434343434343 1.9393939393939394 1.4141414141414141 1.898989898989899 0.8686868686868687  
27 193.2849636982828 1.2121212121212122 1.7171717171717171 1.9191919191919191 1.8181818181818181 1.7575757575757576 0.8484848484848485 1.696969696969697 1.797979797979798 2.0 1.393939393939394 1.5757575757575757 1.1515151515151516 1.4747474747474747 1.6767676767676767 1.6161616161616161 1.1111111111111112 0.8484848484848485 1.9595959595959596 1.4343434343434343 1.3333333333333333 2.0 0.98989898989899 0.8888888888888888 1.292929292929293 1.2727272727272727 1.797979797979798 1.696969696969697 1.292929292929293 1.6565656565656566 1.2727272727272727 1.2727272727272727 1.0101010101010102 1.1919191919191918 1.6161616161616161 1.6767676767676767 1.4343434343434343 1.9393939393939394 1.4141414141414141 1.898989898989899 0.8686868686868687  
64 451.42390675796554 1.8181818181818181 2.5757575757575757 2.878787878787879 2.727272727272727 2.6363636363636362 1.2727272727272727 2.5454545454545454 2.696969696969697 3.0 2.090909090909091 2.3636363636363638 1.7272727272727273 2.212121212121212 2.515151515151515 2.4242424242424243 1.6666666666666667 1.2727272727272727 2.9393939393939394 2.1515151515151514 2.0 3.0 1.4848484848484849 1.3333333333333333 1.9393939393939394 1.9090909090909092 2.696969696969697 2.5454545454545454 1.9393939393939394 2.484848484848485 1.9090909090909092 1.9090909090909092 1.5151515151515151 1.7878787878787878 2.4242424242424243 2.515151515151515 2.1515151515151514 2.909090909090909 2.121212121212121 2.8484848484848486 1.303030303030303  
103 249.37942038087454 1.8181818181818181 2.5757575757575757 2.878787878787879 2.727272727272727 2.6363636363636362 1.2727272727272727 2.5454545454545454 2.696969696969697 3.0 2.090909090909091 2.3636363636363638 1.7272727272727273 2.212121212121212 2.515151515151515 2.4242424242424243 1.6666666666666667 1.2727272727272727 2.9393939393939394 2.1515151515151514 2.0 3.0 1.4848484848484849 1.3333333333333333 1.9393939393939394 1.9090909090909092 2.696969696969697 2.5454545454545454 1.9393939393939394 2.484848484848485 1.9090909090909092 1.9090909090909092 1.5151515151515151 1.7878787878787878 2.4242424242424243 2.515151515151515 2.1515151515151514 2.909090909090909 2.121212121212121 2.8484848484848486 1.303030303030303  
