110 30
TREE NETWORK (nID nID Weight):
1 0 48.0 
30 0 31.0 
31 30 42.0 
42 30 52.0 
63 0 36.0 
64 63 33.0 
65 64 52.0 
43 42 44.0 
50 30 44.0 
32 31 54.0 
51 30 59.0 
66 65 55.0 
86 65 33.0 
88 65 50.0 
101 63 55.0 
67 66 38.0 
2 1 49.0 
3 2 31.0 
12 2 36.0 
91 65 55.0 
33 32 55.0 
22 1 44.0 
13 12 46.0 
4 3 38.0 
23 22 58.0 
52 51 43.0 
103 63 40.0 
35 32 31.0 
68 66 49.0 
75 66 46.0 
104 63 57.0 
18 2 58.0 
59 30 51.0 
76 75 36.0 
98 64 31.0 
92 91 33.0 
99 64 39.0 
89 88 41.0 
57 51 54.0 
14 13 47.0 
36 32 36.0 
105 104 46.0 
6 3 45.0 
8 3 36.0 
9 8 58.0 
26 1 49.0 
77 76 46.0 
93 92 48.0 
19 18 37.0 
69 68 36.0 
83 76 46.0 
44 43 35.0 
60 59 55.0 
70 69 44.0 
108 63 37.0 
24 22 54.0 
90 89 55.0 
73 68 59.0 
95 91 41.0 
49 42 31.0 
21 18 33.0 
53 52 33.0 
40 32 34.0 
54 53 40.0 
78 77 35.0 
7 6 41.0 
29 1 36.0 
37 36 40.0 
20 19 59.0 
72 69 52.0 
55 53 36.0 
97 91 59.0 
79 77 57.0 
94 92 50.0 
25 22 30.0 
84 76 32.0 
106 105 40.0 
81 77 34.0 
45 44 30.0 
38 37 41.0 
56 55 44.0 
5 4 31.0 
46 45 34.0 
10 9 46.0 
61 59 39.0 
102 101 56.0 
48 43 48.0 
15 14 44.0 
47 46 32.0 
39 38 34.0 
80 79 50.0 
100 99 43.0 
85 75 35.0 
41 40 45.0 
87 86 59.0 
62 61 55.0 
71 70 47.0 
16 15 43.0 
11 10 57.0 
27 26 58.0 
96 95 49.0 
82 77 51.0 
17 15 56.0 
109 63 57.0 
34 33 30.0 
58 51 42.0 
107 105 49.0 
28 27 55.0 
74 73 50.0 
PROGRAMS ASSIGNED TO NODES (nID pID1 pID2 ...):
0 1 2 3 4 5 6 7 8 9 10 11 12 13 14 15 16 17 18 19 20 21 22 23 24 25 26 27 28 29 30  
66 1 19 21 27 29  
8 14  
54 2 3 7 9 11 12 13 15 17 19 20 21 22 23 24 27 28 29  
109 1 2 3 4 5 6 7 8 9 10 12 14 15 16 17 19 20 21 22 23 24 25 26 27 29 30  
49 2 3 13 14 15 16 24 26  
60 1 6 10 14 15 16 20 21 22 23 24 26 30  
104 1 2 6 9 11 17 20 30  
7 1 2 3 5 6 7 8 10 11 12 13 14 15 16 17 18 21 22 24 25 26 27 28 29 30  
75 5 8 13 15  
52  
97 1 2 3 4 6 7 8 10 13 14 15 18 19 20 24 26 27 28 29  
40 4 5 7 8 10 11 13 15 17 18 19 20 21 23 24 26 28  
90 2 3 4 5 9 11 12 13 14 17 18 20 21 23 24 25 26 27 28 29 30  
68 1 2 3 4 5 6 9 11 13 18 19 21 22 23 24 25 26 27 28 30  
31 4 6 7 10 13 15 18 19 20 21 28  
79 1 2 4 6 7 10 11 13 15 16 17 18 21 22 23 24 26 27 28 30  
29 1 5 11 14 15 17 19 20 26 27 29 30  
84  
46 5 8 10 11 15 18 20 27 29 30  
74 1 2 3 4 5 6 7 9 10 13 14 16 17 18 19 20 22 23 24 25 26 27 28 30  
55 1 2 3 4 6 7 8 11 13 16 19 21 22 23 24 25 26 27 28 29 30  
67 2  
15 3 4 5 9 11 12 13 14 15 16 17 19 23 27 28 30  
50 1 3 4 5 6 7 8 9 10 11 12 13 14 15 16 17 21 22 23 24 25 27 28 29 30  
85 1 2 3 5 7 8 10 11 12 14 15 16 17 18 19 20 22 23 24 25 26 27 28 29 30  
10 1 2 3 4 5 6 7 9 10 11 12 13 15 16 17 18 19 20 21 23 24 25 26 28 29 30  
93 1 2 3 4 5 6 7 8 12 14 15 16 17 18 20 21 22 23 25 26 27 29 30  
25 6  
70 24  
44 4 5 18 22 25 27 29  
56 1 3 4 5 6 7 8 9 10 11 12 14 15 16 18 19 20 21 22 23 24 25 26 28 29 30  
23  
5 6  
89 15  
92 26  
41 1 2 3 4 5 6 7 8 9 10 11 13 14 15 16 17 18 19 20 21 22 24 25 26 28  
34 4 17 18 23 24 25 26 30  
35 2 5 6 7 10 11 12 14 15 16 20 21 22 26 28  
95 29  
42 1 2 3 6 7 9 14 16 20 22 24 25 26 27 29 30  
106 1 4 6 7 10 11 12 13 15 16 17 18 19 21 23 25 26 27 28 29 30  
16 1 3 5 6 7 8 9 10 12 13 14 15 16 17 18 19 21 22 23 24 25 26 27 28 30  
33 1 6 8 15 17 18 20 23 30  
53 2 5 6 10 14 18 24 27 29  
48 1 7 10 11 13 15 17 19 21 23 25 27 28 29  
39 5 6 8 15 22 23  
69 2 3 6 8 10 11 15 18 22 23 26  
83 1 2 13 16 17 30  
27  
62 3 5 6 12 22 23  
2 9 16 18 19 26  
13 1 2 3 4 5 6 7 8 9 10 11 12 13 14 15 16 17 19 20 21 22 23 24 25 26 27 28 29 30  
105 2 4 5 6 7 8 9 10 12 13 14 15 16 17 19 20 21 22 24 25 26 28 29 30  
99 1 3 5 6 7 10 13 14 15 16 17 18 19 22 23 24 25 28 29 30  
3 3 4 5 7 14 15 16 17 18 20 21 22 23 25 26 28 30  
47 8 27  
59 2 6 9 13 14 26  
64 3 6 9 17 24 28  
37 1 3 4 6 7 8 9 11 13 15 16 17 19 21 23 24 25 27 28  
28 1 2 3 4 5 6 7 9 10 11 12 13 14 15 16 17 18 21 22 23 24 25 26 27 28 29 30  
45 1 3 4 5 6 7 8 9 12 13 14 15 16 17 18 19 21 22 23 25 26 27 28 29 30  
17 4 6 7 8 11 13 14 15 16 18 20 21 22 23 25 28 29  
14 1 2 3 4 5 6 8 9 10 11 13 14 15 16 17 18 19 22 24 25 26 28 29  
51 3 4 5 6 8 9 10 11 13 14 17 18 19 20 22 23 24 25 27 28 29  
96 12 17 19 21 24 25 26 27  
6 4 5 7 12 13 14 15 17 18 19 20 21 22 24 27 29 30  
43 1 2 3 5 6 7 8 10 11 12 13 14 16 17 18 19 20 21 22 23 24 25 26 27 28 29 30  
91 3 5 6 7 10 11 13 16 17 18 19 20 21 27 28 29  
19 1 2 3 4 5 9 10 11 12 13 17 22 23 25 28 29  
81 2 5 7 9 14 18 19 23 27 28  
76 1 5 6 9 23 24 28 30  
4 1 2 3 4 6 7 9 10 11 12 13 15 16 19 20 21 23 24 25 26 28 29  
22 6 7 8 10 12 16 20 21 22 25 30  
101 2 3 4 5 6 7 8 9 10 11 12 14 15 16 17 19 20 21 22 23 24 26 27 28 29 30  
9 1 2 3 5 7 8 9 11 12 14 15 16 17 18 19 22 23 24 25 27 30  
57 1 2 3 5 6 7 8 9 10 11 12 13 14 15 16 17 18 21 22 23 25 26 27 28 30  
32 3 8 9 12 13 14 15 17 18 19 20 28  
1 1 2 3 4 5 7 8 9 10 11 13 15 16 17 18 19 20 22 23 24 25 26 27 28  
87 1 2 4 6 7 8 11 12 13 14 16 17 20 21 23 24 26 27 28 29  
80 1 2 3 4 5 8 9 10 11 12 13 14 15 17 18 19 20 21 23 26 27 28 29 30  
82  
24 1 2 5 6 8 11 13 15 16 19 20 21 25 28 29  
94 4 8 9 13 17 24  
30 1 3 4 7 8 9 11 12 14 18 20 25 27 28  
72 4 15 17 19 20 22 24  
36 1 2 4 6 7 9 10 12 16 17 18 20 22 23 24 29  
86 2 4 7 8 10 11 12 14 16 20 22 24 26 27 28 30  
102 1 5 19 22 23 27  
20 1 2 3 4 5 6 7 9 10 11 12 13 14 15 16 17 18 19 20 21 23 24 25 26 27 28 29  
65 1 2 3 4 5 6 7 8 9 10 11 12 13 14 15 16 17 18 19 20 21 22 23 24 25 26 27 29 30  
18 1 2 3 4 6 8 10 11 13 14 15 16 17 18 19 20 21 22 23 24 25 26 27 28 30  
103 9 20 26 30  
77 1 5 8 13 14 18 19 21 25 27 29  
107 1 2 4 5 8 10 11 13 14 15 16 17 19 20 23 27 28 29  
73 5 10 11 15 16 23 26 29  
12 6 8 10 11 12 13 15 19 21 23 26 27 28 30  
21 23  
26 15  
11 1 5 13 18 25  
38 1 2 4 5 6 7 9 10 12 13 14 16 17 18 19 20 22 25 26 27 28 29 30  
108 2 3 4 5 6 7 8 9 10 11 12 13 14 15 16 17 18 19 20 21 22 23 24 25 26 27 28 29 30  
78 1 2 3 5 7 8 10 13 14 15 17 18 19 20 21 22 23 24 25 27 29 30  
88 1 5 7 9 12 24 27  
100 27  
98 1 2 4 5 8 10 11 12 17 19 20 22 23 24 26 27  
71 1 9 15 16 27  
63 1 2 4 5 8 9 10 11 12 15 17 18 21 22 23 25 26 27 29 30  
61 1 4 5 9 13 15 17 18 19 24 25 26 28 29  
58 1 2 3 5 6 7 8 9 10 12 13 14 17 19 21 22 23 24 25 26 27 28 29 30  
SIZE OF PROGRAMS (pID SIZE):
1 78.0 
2 80.0 
3 70.0 
4 71.0 
5 84.0 
6 79.0 
7 66.0 
8 56.0 
9 72.0 
10 60.0 
11 71.0 
12 54.0 
13 57.0 
14 95.0 
15 83.0 
16 57.0 
17 65.0 
18 52.0 
19 55.0 
20 83.0 
21 74.0 
22 68.0 
23 51.0 
24 57.0 
25 84.0 
26 60.0 
27 78.0 
28 55.0 
29 77.0 
30 94.0 
COST_INSTALL_SERVER_AND_PROGRAMS :
0 7587.368421052632 2.463157894736842 2.526315789473684 2.210526315789474 2.2421052631578946 2.6526315789473682 2.4947368421052634 2.0842105263157893 1.768421052631579 2.2736842105263158 1.894736842105263 2.2421052631578946 1.7052631578947368 1.8 3.0 2.6210526315789475 1.8 2.0526315789473686 1.6421052631578947 1.736842105263158 2.6210526315789475 2.336842105263158 2.1473684210526316 1.6105263157894736 1.8 2.6526315789473682 1.894736842105263 2.463157894736842 1.736842105263158 2.431578947368421 2.968421052631579  
66 302.2271539900924 2.463157894736842 2.526315789473684 2.210526315789474 2.2421052631578946 2.6526315789473682 2.4947368421052634 2.0842105263157893 1.768421052631579 2.2736842105263158 1.894736842105263 2.2421052631578946 1.7052631578947368 1.8 3.0 2.6210526315789475 1.8 2.0526315789473686 1.6421052631578947 1.736842105263158 2.6210526315789475 2.336842105263158 2.1473684210526316 1.6105263157894736 1.8 2.6526315789473682 1.894736842105263 2.463157894736842 1.736842105263158 2.431578947368421 2.968421052631579  
8 262.1716999943667 2.463157894736842 2.526315789473684 2.210526315789474 2.2421052631578946 2.6526315789473682 2.4947368421052634 2.0842105263157893 1.768421052631579 2.2736842105263158 1.894736842105263 2.2421052631578946 1.7052631578947368 1.8 3.0 2.6210526315789475 1.8 2.0526315789473686 1.6421052631578947 1.736842105263158 2.6210526315789475 2.336842105263158 2.1473684210526316 1.6105263157894736 1.8 2.6526315789473682 1.894736842105263 2.463157894736842 1.736842105263158 2.431578947368421 2.968421052631579  
54 257.86267317234956 2.463157894736842 2.526315789473684 2.210526315789474 2.2421052631578946 2.6526315789473682 2.4947368421052634 2.0842105263157893 1.768421052631579 2.2736842105263158 1.894736842105263 2.2421052631578946 1.7052631578947368 1.8 3.0 2.6210526315789475 1.8 2.0526315789473686 1.6421052631578947 1.736842105263158 2.6210526315789475 2.336842105263158 2.1473684210526316 1.6105263157894736 1.8 2.6526315789473682 1.894736842105263 2.463157894736842 1.736842105263158 2.431578947368421 2.968421052631579  
109 113.44525344736927 1.6421052631578947 1.6842105263157894 1.4736842105263157 1.4947368421052631 1.768421052631579 1.6631578947368422 1.3894736842105264 1.1789473684210525 1.5157894736842106 1.263157894736842 1.4947368421052631 1.1368421052631579 1.2 2.0 1.7473684210526317 1.2 1.368421052631579 1.0947368421052632 1.1578947368421053 1.7473684210526317 1.5578947368421052 1.431578947368421 1.0736842105263158 1.2 1.768421052631579 1.263157894736842 1.6421052631578947 1.1578947368421053 1.6210526315789473 1.9789473684210526  
49 55.892166995165674 1.6421052631578947 1.6842105263157894 1.4736842105263157 1.4947368421052631 1.768421052631579 1.6631578947368422 1.3894736842105264 1.1789473684210525 1.5157894736842106 1.263157894736842 1.4947368421052631 1.1368421052631579 1.2 2.0 1.7473684210526317 1.2 1.368421052631579 1.0947368421052632 1.1578947368421053 1.7473684210526317 1.5578947368421052 1.431578947368421 1.0736842105263158 1.2 1.768421052631579 1.263157894736842 1.6421052631578947 1.1578947368421053 1.6210526315789473 1.9789473684210526  
60 82.5918140839758 2.463157894736842 2.526315789473684 2.210526315789474 2.2421052631578946 2.6526315789473682 2.4947368421052634 2.0842105263157893 1.768421052631579 2.2736842105263158 1.894736842105263 2.2421052631578946 1.7052631578947368 1.8 3.0 2.6210526315789475 1.8 2.0526315789473686 1.6421052631578947 1.736842105263158 2.6210526315789475 2.336842105263158 2.1473684210526316 1.6105263157894736 1.8 2.6526315789473682 1.894736842105263 2.463157894736842 1.736842105263158 2.431578947368421 2.968421052631579  
104 74.30132303330635 2.463157894736842 2.526315789473684 2.210526315789474 2.2421052631578946 2.6526315789473682 2.4947368421052634 2.0842105263157893 1.768421052631579 2.2736842105263158 1.894736842105263 2.2421052631578946 1.7052631578947368 1.8 3.0 2.6210526315789475 1.8 2.0526315789473686 1.6421052631578947 1.736842105263158 2.6210526315789475 2.336842105263158 2.1473684210526316 1.6105263157894736 1.8 2.6526315789473682 1.894736842105263 2.463157894736842 1.736842105263158 2.431578947368421 2.968421052631579  
7 241.2560820124523 1.6421052631578947 1.6842105263157894 1.4736842105263157 1.4947368421052631 1.768421052631579 1.6631578947368422 1.3894736842105264 1.1789473684210525 1.5157894736842106 1.263157894736842 1.4947368421052631 1.1368421052631579 1.2 2.0 1.7473684210526317 1.2 1.368421052631579 1.0947368421052632 1.1578947368421053 1.7473684210526317 1.5578947368421052 1.431578947368421 1.0736842105263158 1.2 1.768421052631579 1.263157894736842 1.6421052631578947 1.1578947368421053 1.6210526315789473 1.9789473684210526  
75 271.28523829796535 1.6421052631578947 1.6842105263157894 1.4736842105263157 1.4947368421052631 1.768421052631579 1.6631578947368422 1.3894736842105264 1.1789473684210525 1.5157894736842106 1.263157894736842 1.4947368421052631 1.1368421052631579 1.2 2.0 1.7473684210526317 1.2 1.368421052631579 1.0947368421052632 1.1578947368421053 1.7473684210526317 1.5578947368421052 1.431578947368421 1.0736842105263158 1.2 1.768421052631579 1.263157894736842 1.6421052631578947 1.1578947368421053 1.6210526315789473 1.9789473684210526  
52 210.578697858306 1.6421052631578947 1.6842105263157894 1.4736842105263157 1.4947368421052631 1.768421052631579 1.6631578947368422 1.3894736842105264 1.1789473684210525 1.5157894736842106 1.263157894736842 1.4947368421052631 1.1368421052631579 1.2 2.0 1.7473684210526317 1.2 1.368421052631579 1.0947368421052632 1.1578947368421053 1.7473684210526317 1.5578947368421052 1.431578947368421 1.0736842105263158 1.2 1.768421052631579 1.263157894736842 1.6421052631578947 1.1578947368421053 1.6210526315789473 1.9789473684210526  
97 218.54935557711647 2.463157894736842 2.526315789473684 2.210526315789474 2.2421052631578946 2.6526315789473682 2.4947368421052634 2.0842105263157893 1.768421052631579 2.2736842105263158 1.894736842105263 2.2421052631578946 1.7052631578947368 1.8 3.0 2.6210526315789475 1.8 2.0526315789473686 1.6421052631578947 1.736842105263158 2.6210526315789475 2.336842105263158 2.1473684210526316 1.6105263157894736 1.8 2.6526315789473682 1.894736842105263 2.463157894736842 1.736842105263158 2.431578947368421 2.968421052631579  
40 166.28588704475922 1.6421052631578947 1.6842105263157894 1.4736842105263157 1.4947368421052631 1.768421052631579 1.6631578947368422 1.3894736842105264 1.1789473684210525 1.5157894736842106 1.263157894736842 1.4947368421052631 1.1368421052631579 1.2 2.0 1.7473684210526317 1.2 1.368421052631579 1.0947368421052632 1.1578947368421053 1.7473684210526317 1.5578947368421052 1.431578947368421 1.0736842105263158 1.2 1.768421052631579 1.263157894736842 1.6421052631578947 1.1578947368421053 1.6210526315789473 1.9789473684210526  
90 221.34328217096675 1.6421052631578947 1.6842105263157894 1.4736842105263157 1.4947368421052631 1.768421052631579 1.6631578947368422 1.3894736842105264 1.1789473684210525 1.5157894736842106 1.263157894736842 1.4947368421052631 1.1368421052631579 1.2 2.0 1.7473684210526317 1.2 1.368421052631579 1.0947368421052632 1.1578947368421053 1.7473684210526317 1.5578947368421052 1.431578947368421 1.0736842105263158 1.2 1.768421052631579 1.263157894736842 1.6421052631578947 1.1578947368421053 1.6210526315789473 1.9789473684210526  
68 176.10053099669014 1.6421052631578947 1.6842105263157894 1.4736842105263157 1.4947368421052631 1.768421052631579 1.6631578947368422 1.3894736842105264 1.1789473684210525 1.5157894736842106 1.263157894736842 1.4947368421052631 1.1368421052631579 1.2 2.0 1.7473684210526317 1.2 1.368421052631579 1.0947368421052632 1.1578947368421053 1.7473684210526317 1.5578947368421052 1.431578947368421 1.0736842105263158 1.2 1.768421052631579 1.263157894736842 1.6421052631578947 1.1578947368421053 1.6210526315789473 1.9789473684210526  
31 122.41747003180646 1.6421052631578947 1.6842105263157894 1.4736842105263157 1.4947368421052631 1.768421052631579 1.6631578947368422 1.3894736842105264 1.1789473684210525 1.5157894736842106 1.263157894736842 1.4947368421052631 1.1368421052631579 1.2 2.0 1.7473684210526317 1.2 1.368421052631579 1.0947368421052632 1.1578947368421053 1.7473684210526317 1.5578947368421052 1.431578947368421 1.0736842105263158 1.2 1.768421052631579 1.263157894736842 1.6421052631578947 1.1578947368421053 1.6210526315789473 1.9789473684210526  
79 536.6575532305654 1.6421052631578947 1.6842105263157894 1.4736842105263157 1.4947368421052631 1.768421052631579 1.6631578947368422 1.3894736842105264 1.1789473684210525 1.5157894736842106 1.263157894736842 1.4947368421052631 1.1368421052631579 1.2 2.0 1.7473684210526317 1.2 1.368421052631579 1.0947368421052632 1.1578947368421053 1.7473684210526317 1.5578947368421052 1.431578947368421 1.0736842105263158 1.2 1.768421052631579 1.263157894736842 1.6421052631578947 1.1578947368421053 1.6210526315789473 1.9789473684210526  
29 36.76390235076157 2.463157894736842 2.526315789473684 2.210526315789474 2.2421052631578946 2.6526315789473682 2.4947368421052634 2.0842105263157893 1.768421052631579 2.2736842105263158 1.894736842105263 2.2421052631578946 1.7052631578947368 1.8 3.0 2.6210526315789475 1.8 2.0526315789473686 1.6421052631578947 1.736842105263158 2.6210526315789475 2.336842105263158 2.1473684210526316 1.6105263157894736 1.8 2.6526315789473682 1.894736842105263 2.463157894736842 1.736842105263158 2.431578947368421 2.968421052631579  
84 318.0 2.463157894736842 2.526315789473684 2.210526315789474 2.2421052631578946 2.6526315789473682 2.4947368421052634 2.0842105263157893 1.768421052631579 2.2736842105263158 1.894736842105263 2.2421052631578946 1.7052631578947368 1.8 3.0 2.6210526315789475 1.8 2.0526315789473686 1.6421052631578947 1.736842105263158 2.6210526315789475 2.336842105263158 2.1473684210526316 1.6105263157894736 1.8 2.6526315789473682 1.894736842105263 2.463157894736842 1.736842105263158 2.431578947368421 2.968421052631579  
46 164.17325887048244 2.463157894736842 2.526315789473684 2.210526315789474 2.2421052631578946 2.6526315789473682 2.4947368421052634 2.0842105263157893 1.768421052631579 2.2736842105263158 1.894736842105263 2.2421052631578946 1.7052631578947368 1.8 3.0 2.6210526315789475 1.8 2.0526315789473686 1.6421052631578947 1.736842105263158 2.6210526315789475 2.336842105263158 2.1473684210526316 1.6105263157894736 1.8 2.6526315789473682 1.894736842105263 2.463157894736842 1.736842105263158 2.431578947368421 2.968421052631579  
74 382.6883890746095 2.463157894736842 2.526315789473684 2.210526315789474 2.2421052631578946 2.6526315789473682 2.4947368421052634 2.0842105263157893 1.768421052631579 2.2736842105263158 1.894736842105263 2.2421052631578946 1.7052631578947368 1.8 3.0 2.6210526315789475 1.8 2.0526315789473686 1.6421052631578947 1.736842105263158 2.6210526315789475 2.336842105263158 2.1473684210526316 1.6105263157894736 1.8 2.6526315789473682 1.894736842105263 2.463157894736842 1.736842105263158 2.431578947368421 2.968421052631579  
55 227.8605062123386 1.6421052631578947 1.6842105263157894 1.4736842105263157 1.4947368421052631 1.768421052631579 1.6631578947368422 1.3894736842105264 1.1789473684210525 1.5157894736842106 1.263157894736842 1.4947368421052631 1.1368421052631579 1.2 2.0 1.7473684210526317 1.2 1.368421052631579 1.0947368421052632 1.1578947368421053 1.7473684210526317 1.5578947368421052 1.431578947368421 1.0736842105263158 1.2 1.768421052631579 1.263157894736842 1.6421052631578947 1.1578947368421053 1.6210526315789473 1.9789473684210526  
67 12.968364746971723 1.6421052631578947 1.6842105263157894 1.4736842105263157 1.4947368421052631 1.768421052631579 1.6631578947368422 1.3894736842105264 1.1789473684210525 1.5157894736842106 1.263157894736842 1.4947368421052631 1.1368421052631579 1.2 2.0 1.7473684210526317 1.2 1.368421052631579 1.0947368421052632 1.1578947368421053 1.7473684210526317 1.5578947368421052 1.431578947368421 1.0736842105263158 1.2 1.768421052631579 1.263157894736842 1.6421052631578947 1.1578947368421053 1.6210526315789473 1.9789473684210526  
15 229.810606440041 2.463157894736842 2.526315789473684 2.210526315789474 2.2421052631578946 2.6526315789473682 2.4947368421052634 2.0842105263157893 1.768421052631579 2.2736842105263158 1.894736842105263 2.2421052631578946 1.7052631578947368 1.8 3.0 2.6210526315789475 1.8 2.0526315789473686 1.6421052631578947 1.736842105263158 2.6210526315789475 2.336842105263158 2.1473684210526316 1.6105263157894736 1.8 2.6526315789473682 1.894736842105263 2.463157894736842 1.736842105263158 2.431578947368421 2.968421052631579  
50 63.04869955946663 1.6421052631578947 1.6842105263157894 1.4736842105263157 1.4947368421052631 1.768421052631579 1.6631578947368422 1.3894736842105264 1.1789473684210525 1.5157894736842106 1.263157894736842 1.4947368421052631 1.1368421052631579 1.2 2.0 1.7473684210526317 1.2 1.368421052631579 1.0947368421052632 1.1578947368421053 1.7473684210526317 1.5578947368421052 1.431578947368421 1.0736842105263158 1.2 1.768421052631579 1.263157894736842 1.6421052631578947 1.1578947368421053 1.6210526315789473 1.9789473684210526  
85 206.26324450530768 2.463157894736842 2.526315789473684 2.210526315789474 2.2421052631578946 2.6526315789473682 2.4947368421052634 2.0842105263157893 1.768421052631579 2.2736842105263158 1.894736842105263 2.2421052631578946 1.7052631578947368 1.8 3.0 2.6210526315789475 1.8 2.0526315789473686 1.6421052631578947 1.736842105263158 2.6210526315789475 2.336842105263158 2.1473684210526316 1.6105263157894736 1.8 2.6526315789473682 1.894736842105263 2.463157894736842 1.736842105263158 2.431578947368421 2.968421052631579  
10 318.39535041860574 1.6421052631578947 1.6842105263157894 1.4736842105263157 1.4947368421052631 1.768421052631579 1.6631578947368422 1.3894736842105264 1.1789473684210525 1.5157894736842106 1.263157894736842 1.4947368421052631 1.1368421052631579 1.2 2.0 1.7473684210526317 1.2 1.368421052631579 1.0947368421052632 1.1578947368421053 1.7473684210526317 1.5578947368421052 1.431578947368421 1.0736842105263158 1.2 1.768421052631579 1.263157894736842 1.6421052631578947 1.1578947368421053 1.6210526315789473 1.9789473684210526  
93 350.02158542539365 2.463157894736842 2.526315789473684 2.210526315789474 2.2421052631578946 2.6526315789473682 2.4947368421052634 2.0842105263157893 1.768421052631579 2.2736842105263158 1.894736842105263 2.2421052631578946 1.7052631578947368 1.8 3.0 2.6210526315789475 1.8 2.0526315789473686 1.6421052631578947 1.736842105263158 2.6210526315789475 2.336842105263158 2.1473684210526316 1.6105263157894736 1.8 2.6526315789473682 1.894736842105263 2.463157894736842 1.736842105263158 2.431578947368421 2.968421052631579  
25 6.385785724861287 1.6421052631578947 1.6842105263157894 1.4736842105263157 1.4947368421052631 1.768421052631579 1.6631578947368422 1.3894736842105264 1.1789473684210525 1.5157894736842106 1.263157894736842 1.4947368421052631 1.1368421052631579 1.2 2.0 1.7473684210526317 1.2 1.368421052631579 1.0947368421052632 1.1578947368421053 1.7473684210526317 1.5578947368421052 1.431578947368421 1.0736842105263158 1.2 1.768421052631579 1.263157894736842 1.6421052631578947 1.1578947368421053 1.6210526315789473 1.9789473684210526  
70 112.30279982562037 1.6421052631578947 1.6842105263157894 1.4736842105263157 1.4947368421052631 1.768421052631579 1.6631578947368422 1.3894736842105264 1.1789473684210525 1.5157894736842106 1.263157894736842 1.4947368421052631 1.1368421052631579 1.2 2.0 1.7473684210526317 1.2 1.368421052631579 1.0947368421052632 1.1578947368421053 1.7473684210526317 1.5578947368421052 1.431578947368421 1.0736842105263158 1.2 1.768421052631579 1.263157894736842 1.6421052631578947 1.1578947368421053 1.6210526315789473 1.9789473684210526  
44 190.23496798336842 2.463157894736842 2.526315789473684 2.210526315789474 2.2421052631578946 2.6526315789473682 2.4947368421052634 2.0842105263157893 1.768421052631579 2.2736842105263158 1.894736842105263 2.2421052631578946 1.7052631578947368 1.8 3.0 2.6210526315789475 1.8 2.0526315789473686 1.6421052631578947 1.736842105263158 2.6210526315789475 2.336842105263158 2.1473684210526316 1.6105263157894736 1.8 2.6526315789473682 1.894736842105263 2.463157894736842 1.736842105263158 2.431578947368421 2.968421052631579  
56 378.04801615814097 2.463157894736842 2.526315789473684 2.210526315789474 2.2421052631578946 2.6526315789473682 2.4947368421052634 2.0842105263157893 1.768421052631579 2.2736842105263158 1.894736842105263 2.2421052631578946 1.7052631578947368 1.8 3.0 2.6210526315789475 1.8 2.0526315789473686 1.6421052631578947 1.736842105263158 2.6210526315789475 2.336842105263158 2.1473684210526316 1.6105263157894736 1.8 2.6526315789473682 1.894736842105263 2.463157894736842 1.736842105263158 2.431578947368421 2.968421052631579  
23 125.0 1.6421052631578947 1.6842105263157894 1.4736842105263157 1.4947368421052631 1.768421052631579 1.6631578947368422 1.3894736842105264 1.1789473684210525 1.5157894736842106 1.263157894736842 1.4947368421052631 1.1368421052631579 1.2 2.0 1.7473684210526317 1.2 1.368421052631579 1.0947368421052632 1.1578947368421053 1.7473684210526317 1.5578947368421052 1.431578947368421 1.0736842105263158 1.2 1.768421052631579 1.263157894736842 1.6421052631578947 1.1578947368421053 1.6210526315789473 1.9789473684210526  
5 13.912828941073363 1.6421052631578947 1.6842105263157894 1.4736842105263157 1.4947368421052631 1.768421052631579 1.6631578947368422 1.3894736842105264 1.1789473684210525 1.5157894736842106 1.263157894736842 1.4947368421052631 1.1368421052631579 1.2 2.0 1.7473684210526317 1.2 1.368421052631579 1.0947368421052632 1.1578947368421053 1.7473684210526317 1.5578947368421052 1.431578947368421 1.0736842105263158 1.2 1.768421052631579 1.263157894736842 1.6421052631578947 1.1578947368421053 1.6210526315789473 1.9789473684210526  
89 304.3945537170237 1.6421052631578947 1.6842105263157894 1.4736842105263157 1.4947368421052631 1.768421052631579 1.6631578947368422 1.3894736842105264 1.1789473684210525 1.5157894736842106 1.263157894736842 1.4947368421052631 1.1368421052631579 1.2 2.0 1.7473684210526317 1.2 1.368421052631579 1.0947368421052632 1.1578947368421053 1.7473684210526317 1.5578947368421052 1.431578947368421 1.0736842105263158 1.2 1.768421052631579 1.263157894736842 1.6421052631578947 1.1578947368421053 1.6210526315789473 1.9789473684210526  
92 111.5746821781822 2.463157894736842 2.526315789473684 2.210526315789474 2.2421052631578946 2.6526315789473682 2.4947368421052634 2.0842105263157893 1.768421052631579 2.2736842105263158 1.894736842105263 2.2421052631578946 1.7052631578947368 1.8 3.0 2.6210526315789475 1.8 2.0526315789473686 1.6421052631578947 1.736842105263158 2.6210526315789475 2.336842105263158 2.1473684210526316 1.6105263157894736 1.8 2.6526315789473682 1.894736842105263 2.463157894736842 1.736842105263158 2.431578947368421 2.968421052631579  
41 211.99463569602 2.463157894736842 2.526315789473684 2.210526315789474 2.2421052631578946 2.6526315789473682 2.4947368421052634 2.0842105263157893 1.768421052631579 2.2736842105263158 1.894736842105263 2.2421052631578946 1.7052631578947368 1.8 3.0 2.6210526315789475 1.8 2.0526315789473686 1.6421052631578947 1.736842105263158 2.6210526315789475 2.336842105263158 2.1473684210526316 1.6105263157894736 1.8 2.6526315789473682 1.894736842105263 2.463157894736842 1.736842105263158 2.431578947368421 2.968421052631579  
34 45.684698099129584 2.463157894736842 2.526315789473684 2.210526315789474 2.2421052631578946 2.6526315789473682 2.4947368421052634 2.0842105263157893 1.768421052631579 2.2736842105263158 1.894736842105263 2.2421052631578946 1.7052631578947368 1.8 3.0 2.6210526315789475 1.8 2.0526315789473686 1.6421052631578947 1.736842105263158 2.6210526315789475 2.336842105263158 2.1473684210526316 1.6105263157894736 1.8 2.6526315789473682 1.894736842105263 2.463157894736842 1.736842105263158 2.431578947368421 2.968421052631579  
35 122.41110405945132 2.463157894736842 2.526315789473684 2.210526315789474 2.2421052631578946 2.6526315789473682 2.4947368421052634 2.0842105263157893 1.768421052631579 2.2736842105263158 1.894736842105263 2.2421052631578946 1.7052631578947368 1.8 3.0 2.6210526315789475 1.8 2.0526315789473686 1.6421052631578947 1.736842105263158 2.6210526315789475 2.336842105263158 2.1473684210526316 1.6105263157894736 1.8 2.6526315789473682 1.894736842105263 2.463157894736842 1.736842105263158 2.431578947368421 2.968421052631579  
95 85.40722292987721 2.463157894736842 2.526315789473684 2.210526315789474 2.2421052631578946 2.6526315789473682 2.4947368421052634 2.0842105263157893 1.768421052631579 2.2736842105263158 1.894736842105263 2.2421052631578946 1.7052631578947368 1.8 3.0 2.6210526315789475 1.8 2.0526315789473686 1.6421052631578947 1.736842105263158 2.6210526315789475 2.336842105263158 2.1473684210526316 1.6105263157894736 1.8 2.6526315789473682 1.894736842105263 2.463157894736842 1.736842105263158 2.431578947368421 2.968421052631579  
42 88.3029713105494 2.463157894736842 2.526315789473684 2.210526315789474 2.2421052631578946 2.6526315789473682 2.4947368421052634 2.0842105263157893 1.768421052631579 2.2736842105263158 1.894736842105263 2.2421052631578946 1.7052631578947368 1.8 3.0 2.6210526315789475 1.8 2.0526315789473686 1.6421052631578947 1.736842105263158 2.6210526315789475 2.336842105263158 2.1473684210526316 1.6105263157894736 1.8 2.6526315789473682 1.894736842105263 2.463157894736842 1.736842105263158 2.431578947368421 2.968421052631579  
106 110.77365268909088 2.463157894736842 2.526315789473684 2.210526315789474 2.2421052631578946 2.6526315789473682 2.4947368421052634 2.0842105263157893 1.768421052631579 2.2736842105263158 1.894736842105263 2.2421052631578946 1.7052631578947368 1.8 3.0 2.6210526315789475 1.8 2.0526315789473686 1.6421052631578947 1.736842105263158 2.6210526315789475 2.336842105263158 2.1473684210526316 1.6105263157894736 1.8 2.6526315789473682 1.894736842105263 2.463157894736842 1.736842105263158 2.431578947368421 2.968421052631579  
16 395.0778715003459 2.463157894736842 2.526315789473684 2.210526315789474 2.2421052631578946 2.6526315789473682 2.4947368421052634 2.0842105263157893 1.768421052631579 2.2736842105263158 1.894736842105263 2.2421052631578946 1.7052631578947368 1.8 3.0 2.6210526315789475 1.8 2.0526315789473686 1.6421052631578947 1.736842105263158 2.6210526315789475 2.336842105263158 2.1473684210526316 1.6105263157894736 1.8 2.6526315789473682 1.894736842105263 2.463157894736842 1.736842105263158 2.431578947368421 2.968421052631579  
33 110.6136343507927 2.463157894736842 2.526315789473684 2.210526315789474 2.2421052631578946 2.6526315789473682 2.4947368421052634 2.0842105263157893 1.768421052631579 2.2736842105263158 1.894736842105263 2.2421052631578946 1.7052631578947368 1.8 3.0 2.6210526315789475 1.8 2.0526315789473686 1.6421052631578947 1.736842105263158 2.6210526315789475 2.336842105263158 2.1473684210526316 1.6105263157894736 1.8 2.6526315789473682 1.894736842105263 2.463157894736842 1.736842105263158 2.431578947368421 2.968421052631579  
53 105.87322944871607 2.463157894736842 2.526315789473684 2.210526315789474 2.2421052631578946 2.6526315789473682 2.4947368421052634 2.0842105263157893 1.768421052631579 2.2736842105263158 1.894736842105263 2.2421052631578946 1.7052631578947368 1.8 3.0 2.6210526315789475 1.8 2.0526315789473686 1.6421052631578947 1.736842105263158 2.6210526315789475 2.336842105263158 2.1473684210526316 1.6105263157894736 1.8 2.6526315789473682 1.894736842105263 2.463157894736842 1.736842105263158 2.431578947368421 2.968421052631579  
48 147.2685954828072 1.6421052631578947 1.6842105263157894 1.4736842105263157 1.4947368421052631 1.768421052631579 1.6631578947368422 1.3894736842105264 1.1789473684210525 1.5157894736842106 1.263157894736842 1.4947368421052631 1.1368421052631579 1.2 2.0 1.7473684210526317 1.2 1.368421052631579 1.0947368421052632 1.1578947368421053 1.7473684210526317 1.5578947368421052 1.431578947368421 1.0736842105263158 1.2 1.768421052631579 1.263157894736842 1.6421052631578947 1.1578947368421053 1.6210526315789473 1.9789473684210526  
39 56.05173852085147 1.6421052631578947 1.6842105263157894 1.4736842105263157 1.4947368421052631 1.768421052631579 1.6631578947368422 1.3894736842105264 1.1789473684210525 1.5157894736842106 1.263157894736842 1.4947368421052631 1.1368421052631579 1.2 2.0 1.7473684210526317 1.2 1.368421052631579 1.0947368421052632 1.1578947368421053 1.7473684210526317 1.5578947368421052 1.431578947368421 1.0736842105263158 1.2 1.768421052631579 1.263157894736842 1.6421052631578947 1.1578947368421053 1.6210526315789473 1.9789473684210526  
69 265.0908104393721 1.6421052631578947 1.6842105263157894 1.4736842105263157 1.4947368421052631 1.768421052631579 1.6631578947368422 1.3894736842105264 1.1789473684210525 1.5157894736842106 1.263157894736842 1.4947368421052631 1.1368421052631579 1.2 2.0 1.7473684210526317 1.2 1.368421052631579 1.0947368421052632 1.1578947368421053 1.7473684210526317 1.5578947368421052 1.431578947368421 1.0736842105263158 1.2 1.768421052631579 1.263157894736842 1.6421052631578947 1.1578947368421053 1.6210526315789473 1.9789473684210526  
83 47.98005384311795 2.463157894736842 2.526315789473684 2.210526315789474 2.2421052631578946 2.6526315789473682 2.4947368421052634 2.0842105263157893 1.768421052631579 2.2736842105263158 1.894736842105263 2.2421052631578946 1.7052631578947368 1.8 3.0 2.6210526315789475 1.8 2.0526315789473686 1.6421052631578947 1.736842105263158 2.6210526315789475 2.336842105263158 2.1473684210526316 1.6105263157894736 1.8 2.6526315789473682 1.894736842105263 2.463157894736842 1.736842105263158 2.431578947368421 2.968421052631579  
27 112.4092397043845 2.463157894736842 2.526315789473684 2.210526315789474 2.2421052631578946 2.6526315789473682 2.4947368421052634 2.0842105263157893 1.768421052631579 2.2736842105263158 1.894736842105263 2.2421052631578946 1.7052631578947368 1.8 3.0 2.6210526315789475 1.8 2.0526315789473686 1.6421052631578947 1.736842105263158 2.6210526315789475 2.336842105263158 2.1473684210526316 1.6105263157894736 1.8 2.6526315789473682 1.894736842105263 2.463157894736842 1.736842105263158 2.431578947368421 2.968421052631579  
62 26.649406270671797 1.6421052631578947 1.6842105263157894 1.4736842105263157 1.4947368421052631 1.768421052631579 1.6631578947368422 1.3894736842105264 1.1789473684210525 1.5157894736842106 1.263157894736842 1.4947368421052631 1.1368421052631579 1.2 2.0 1.7473684210526317 1.2 1.368421052631579 1.0947368421052632 1.1578947368421053 1.7473684210526317 1.5578947368421052 1.431578947368421 1.0736842105263158 1.2 1.768421052631579 1.263157894736842 1.6421052631578947 1.1578947368421053 1.6210526315789473 1.9789473684210526  
2 38.58432043926268 2.463157894736842 2.526315789473684 2.210526315789474 2.2421052631578946 2.6526315789473682 2.4947368421052634 2.0842105263157893 1.768421052631579 2.2736842105263158 1.894736842105263 2.2421052631578946 1.7052631578947368 1.8 3.0 2.6210526315789475 1.8 2.0526315789473686 1.6421052631578947 1.736842105263158 2.6210526315789475 2.336842105263158 2.1473684210526316 1.6105263157894736 1.8 2.6526315789473682 1.894736842105263 2.463157894736842 1.736842105263158 2.431578947368421 2.968421052631579  
13 153.45948108475147 1.6421052631578947 1.6842105263157894 1.4736842105263157 1.4947368421052631 1.768421052631579 1.6631578947368422 1.3894736842105264 1.1789473684210525 1.5157894736842106 1.263157894736842 1.4947368421052631 1.1368421052631579 1.2 2.0 1.7473684210526317 1.2 1.368421052631579 1.0947368421052632 1.1578947368421053 1.7473684210526317 1.5578947368421052 1.431578947368421 1.0736842105263158 1.2 1.768421052631579 1.263157894736842 1.6421052631578947 1.1578947368421053 1.6210526315789473 1.9789473684210526  
105 89.06599008053371 1.6421052631578947 1.6842105263157894 1.4736842105263157 1.4947368421052631 1.768421052631579 1.6631578947368422 1.3894736842105264 1.1789473684210525 1.5157894736842106 1.263157894736842 1.4947368421052631 1.1368421052631579 1.2 2.0 1.7473684210526317 1.2 1.368421052631579 1.0947368421052632 1.1578947368421053 1.7473684210526317 1.5578947368421052 1.431578947368421 1.0736842105263158 1.2 1.768421052631579 1.263157894736842 1.6421052631578947 1.1578947368421053 1.6210526315789473 1.9789473684210526  
99 70.16589003945474 1.6421052631578947 1.6842105263157894 1.4736842105263157 1.4947368421052631 1.768421052631579 1.6631578947368422 1.3894736842105264 1.1789473684210525 1.5157894736842106 1.263157894736842 1.4947368421052631 1.1368421052631579 1.2 2.0 1.7473684210526317 1.2 1.368421052631579 1.0947368421052632 1.1578947368421053 1.7473684210526317 1.5578947368421052 1.431578947368421 1.0736842105263158 1.2 1.768421052631579 1.263157894736842 1.6421052631578947 1.1578947368421053 1.6210526315789473 1.9789473684210526  
3 192.92296149852376 1.6421052631578947 1.6842105263157894 1.4736842105263157 1.4947368421052631 1.768421052631579 1.6631578947368422 1.3894736842105264 1.1789473684210525 1.5157894736842106 1.263157894736842 1.4947368421052631 1.1368421052631579 1.2 2.0 1.7473684210526317 1.2 1.368421052631579 1.0947368421052632 1.1578947368421053 1.7473684210526317 1.5578947368421052 1.431578947368421 1.0736842105263158 1.2 1.768421052631579 1.263157894736842 1.6421052631578947 1.1578947368421053 1.6210526315789473 1.9789473684210526  
47 19.88444509465105 2.463157894736842 2.526315789473684 2.210526315789474 2.2421052631578946 2.6526315789473682 2.4947368421052634 2.0842105263157893 1.768421052631579 2.2736842105263158 1.894736842105263 2.2421052631578946 1.7052631578947368 1.8 3.0 2.6210526315789475 1.8 2.0526315789473686 1.6421052631578947 1.736842105263158 2.6210526315789475 2.336842105263158 2.1473684210526316 1.6105263157894736 1.8 2.6526315789473682 1.894736842105263 2.463157894736842 1.736842105263158 2.431578947368421 2.968421052631579  
59 100.95089522781636 2.463157894736842 2.526315789473684 2.210526315789474 2.2421052631578946 2.6526315789473682 2.4947368421052634 2.0842105263157893 1.768421052631579 2.2736842105263158 1.894736842105263 2.2421052631578946 1.7052631578947368 1.8 3.0 2.6210526315789475 1.8 2.0526315789473686 1.6421052631578947 1.736842105263158 2.6210526315789475 2.336842105263158 2.1473684210526316 1.6105263157894736 1.8 2.6526315789473682 1.894736842105263 2.463157894736842 1.736842105263158 2.431578947368421 2.968421052631579  
64 107.51248810579463 1.6421052631578947 1.6842105263157894 1.4736842105263157 1.4947368421052631 1.768421052631579 1.6631578947368422 1.3894736842105264 1.1789473684210525 1.5157894736842106 1.263157894736842 1.4947368421052631 1.1368421052631579 1.2 2.0 1.7473684210526317 1.2 1.368421052631579 1.0947368421052632 1.1578947368421053 1.7473684210526317 1.5578947368421052 1.431578947368421 1.0736842105263158 1.2 1.768421052631579 1.263157894736842 1.6421052631578947 1.1578947368421053 1.6210526315789473 1.9789473684210526  
37 338.26832967388503 1.6421052631578947 1.6842105263157894 1.4736842105263157 1.4947368421052631 1.768421052631579 1.6631578947368422 1.3894736842105264 1.1789473684210525 1.5157894736842106 1.263157894736842 1.4947368421052631 1.1368421052631579 1.2 2.0 1.7473684210526317 1.2 1.368421052631579 1.0947368421052632 1.1578947368421053 1.7473684210526317 1.5578947368421052 1.431578947368421 1.0736842105263158 1.2 1.768421052631579 1.263157894736842 1.6421052631578947 1.1578947368421053 1.6210526315789473 1.9789473684210526  
28 87.26883772880731 1.6421052631578947 1.6842105263157894 1.4736842105263157 1.4947368421052631 1.768421052631579 1.6631578947368422 1.3894736842105264 1.1789473684210525 1.5157894736842106 1.263157894736842 1.4947368421052631 1.1368421052631579 1.2 2.0 1.7473684210526317 1.2 1.368421052631579 1.0947368421052632 1.1578947368421053 1.7473684210526317 1.5578947368421052 1.431578947368421 1.0736842105263158 1.2 1.768421052631579 1.263157894736842 1.6421052631578947 1.1578947368421053 1.6210526315789473 1.9789473684210526  
45 334.1033546873705 1.6421052631578947 1.6842105263157894 1.4736842105263157 1.4947368421052631 1.768421052631579 1.6631578947368422 1.3894736842105264 1.1789473684210525 1.5157894736842106 1.263157894736842 1.4947368421052631 1.1368421052631579 1.2 2.0 1.7473684210526317 1.2 1.368421052631579 1.0947368421052632 1.1578947368421053 1.7473684210526317 1.5578947368421052 1.431578947368421 1.0736842105263158 1.2 1.768421052631579 1.263157894736842 1.6421052631578947 1.1578947368421053 1.6210526315789473 1.9789473684210526  
17 127.91117999314872 1.6421052631578947 1.6842105263157894 1.4736842105263157 1.4947368421052631 1.768421052631579 1.6631578947368422 1.3894736842105264 1.1789473684210525 1.5157894736842106 1.263157894736842 1.4947368421052631 1.1368421052631579 1.2 2.0 1.7473684210526317 1.2 1.368421052631579 1.0947368421052632 1.1578947368421053 1.7473684210526317 1.5578947368421052 1.431578947368421 1.0736842105263158 1.2 1.768421052631579 1.263157894736842 1.6421052631578947 1.1578947368421053 1.6210526315789473 1.9789473684210526  
14 338.96522198323675 1.6421052631578947 1.6842105263157894 1.4736842105263157 1.4947368421052631 1.768421052631579 1.6631578947368422 1.3894736842105264 1.1789473684210525 1.5157894736842106 1.263157894736842 1.4947368421052631 1.1368421052631579 1.2 2.0 1.7473684210526317 1.2 1.368421052631579 1.0947368421052632 1.1578947368421053 1.7473684210526317 1.5578947368421052 1.431578947368421 1.0736842105263158 1.2 1.768421052631579 1.263157894736842 1.6421052631578947 1.1578947368421053 1.6210526315789473 1.9789473684210526  
51 55.51948692764521 1.6421052631578947 1.6842105263157894 1.4736842105263157 1.4947368421052631 1.768421052631579 1.6631578947368422 1.3894736842105264 1.1789473684210525 1.5157894736842106 1.263157894736842 1.4947368421052631 1.1368421052631579 1.2 2.0 1.7473684210526317 1.2 1.368421052631579 1.0947368421052632 1.1578947368421053 1.7473684210526317 1.5578947368421052 1.431578947368421 1.0736842105263158 1.2 1.768421052631579 1.263157894736842 1.6421052631578947 1.1578947368421053 1.6210526315789473 1.9789473684210526  
96 112.4071058096682 1.6421052631578947 1.6842105263157894 1.4736842105263157 1.4947368421052631 1.768421052631579 1.6631578947368422 1.3894736842105264 1.1789473684210525 1.5157894736842106 1.263157894736842 1.4947368421052631 1.1368421052631579 1.2 2.0 1.7473684210526317 1.2 1.368421052631579 1.0947368421052632 1.1578947368421053 1.7473684210526317 1.5578947368421052 1.431578947368421 1.0736842105263158 1.2 1.768421052631579 1.263157894736842 1.6421052631578947 1.1578947368421053 1.6210526315789473 1.9789473684210526  
6 246.7018788752229 2.463157894736842 2.526315789473684 2.210526315789474 2.2421052631578946 2.6526315789473682 2.4947368421052634 2.0842105263157893 1.768421052631579 2.2736842105263158 1.894736842105263 2.2421052631578946 1.7052631578947368 1.8 3.0 2.6210526315789475 1.8 2.0526315789473686 1.6421052631578947 1.736842105263158 2.6210526315789475 2.336842105263158 2.1473684210526316 1.6105263157894736 1.8 2.6526315789473682 1.894736842105263 2.463157894736842 1.736842105263158 2.431578947368421 2.968421052631579  
43 159.9003208663541 2.463157894736842 2.526315789473684 2.210526315789474 2.2421052631578946 2.6526315789473682 2.4947368421052634 2.0842105263157893 1.768421052631579 2.2736842105263158 1.894736842105263 2.2421052631578946 1.7052631578947368 1.8 3.0 2.6210526315789475 1.8 2.0526315789473686 1.6421052631578947 1.736842105263158 2.6210526315789475 2.336842105263158 2.1473684210526316 1.6105263157894736 1.8 2.6526315789473682 1.894736842105263 2.463157894736842 1.736842105263158 2.431578947368421 2.968421052631579  
91 200.53407317132223 2.463157894736842 2.526315789473684 2.210526315789474 2.2421052631578946 2.6526315789473682 2.4947368421052634 2.0842105263157893 1.768421052631579 2.2736842105263158 1.894736842105263 2.2421052631578946 1.7052631578947368 1.8 3.0 2.6210526315789475 1.8 2.0526315789473686 1.6421052631578947 1.736842105263158 2.6210526315789475 2.336842105263158 2.1473684210526316 1.6105263157894736 1.8 2.6526315789473682 1.894736842105263 2.463157894736842 1.736842105263158 2.431578947368421 2.968421052631579  
19 149.66915414330472 1.6421052631578947 1.6842105263157894 1.4736842105263157 1.4947368421052631 1.768421052631579 1.6631578947368422 1.3894736842105264 1.1789473684210525 1.5157894736842106 1.263157894736842 1.4947368421052631 1.1368421052631579 1.2 2.0 1.7473684210526317 1.2 1.368421052631579 1.0947368421052632 1.1578947368421053 1.7473684210526317 1.5578947368421052 1.431578947368421 1.0736842105263158 1.2 1.768421052631579 1.263157894736842 1.6421052631578947 1.1578947368421053 1.6210526315789473 1.9789473684210526  
81 149.39351305484178 1.6421052631578947 1.6842105263157894 1.4736842105263157 1.4947368421052631 1.768421052631579 1.6631578947368422 1.3894736842105264 1.1789473684210525 1.5157894736842106 1.263157894736842 1.4947368421052631 1.1368421052631579 1.2 2.0 1.7473684210526317 1.2 1.368421052631579 1.0947368421052632 1.1578947368421053 1.7473684210526317 1.5578947368421052 1.431578947368421 1.0736842105263158 1.2 1.768421052631579 1.263157894736842 1.6421052631578947 1.1578947368421053 1.6210526315789473 1.9789473684210526  
76 365.2478125918857 2.463157894736842 2.526315789473684 2.210526315789474 2.2421052631578946 2.6526315789473682 2.4947368421052634 2.0842105263157893 1.768421052631579 2.2736842105263158 1.894736842105263 2.2421052631578946 1.7052631578947368 1.8 3.0 2.6210526315789475 1.8 2.0526315789473686 1.6421052631578947 1.736842105263158 2.6210526315789475 2.336842105263158 2.1473684210526316 1.6105263157894736 1.8 2.6526315789473682 1.894736842105263 2.463157894736842 1.736842105263158 2.431578947368421 2.968421052631579  
4 142.30596127815082 2.463157894736842 2.526315789473684 2.210526315789474 2.2421052631578946 2.6526315789473682 2.4947368421052634 2.0842105263157893 1.768421052631579 2.2736842105263158 1.894736842105263 2.2421052631578946 1.7052631578947368 1.8 3.0 2.6210526315789475 1.8 2.0526315789473686 1.6421052631578947 1.736842105263158 2.6210526315789475 2.336842105263158 2.1473684210526316 1.6105263157894736 1.8 2.6526315789473682 1.894736842105263 2.463157894736842 1.736842105263158 2.431578947368421 2.968421052631579  
22 41.010993333969175 2.463157894736842 2.526315789473684 2.210526315789474 2.2421052631578946 2.6526315789473682 2.4947368421052634 2.0842105263157893 1.768421052631579 2.2736842105263158 1.894736842105263 2.2421052631578946 1.7052631578947368 1.8 3.0 2.6210526315789475 1.8 2.0526315789473686 1.6421052631578947 1.736842105263158 2.6210526315789475 2.336842105263158 2.1473684210526316 1.6105263157894736 1.8 2.6526315789473682 1.894736842105263 2.463157894736842 1.736842105263158 2.431578947368421 2.968421052631579  
101 90.81909926160296 2.463157894736842 2.526315789473684 2.210526315789474 2.2421052631578946 2.6526315789473682 2.4947368421052634 2.0842105263157893 1.768421052631579 2.2736842105263158 1.894736842105263 2.2421052631578946 1.7052631578947368 1.8 3.0 2.6210526315789475 1.8 2.0526315789473686 1.6421052631578947 1.736842105263158 2.6210526315789475 2.336842105263158 2.1473684210526316 1.6105263157894736 1.8 2.6526315789473682 1.894736842105263 2.463157894736842 1.736842105263158 2.431578947368421 2.968421052631579  
9 251.28897512989982 1.6421052631578947 1.6842105263157894 1.4736842105263157 1.4947368421052631 1.768421052631579 1.6631578947368422 1.3894736842105264 1.1789473684210525 1.5157894736842106 1.263157894736842 1.4947368421052631 1.1368421052631579 1.2 2.0 1.7473684210526317 1.2 1.368421052631579 1.0947368421052632 1.1578947368421053 1.7473684210526317 1.5578947368421052 1.431578947368421 1.0736842105263158 1.2 1.768421052631579 1.263157894736842 1.6421052631578947 1.1578947368421053 1.6210526315789473 1.9789473684210526  
57 167.8442249799228 1.6421052631578947 1.6842105263157894 1.4736842105263157 1.4947368421052631 1.768421052631579 1.6631578947368422 1.3894736842105264 1.1789473684210525 1.5157894736842106 1.263157894736842 1.4947368421052631 1.1368421052631579 1.2 2.0 1.7473684210526317 1.2 1.368421052631579 1.0947368421052632 1.1578947368421053 1.7473684210526317 1.5578947368421052 1.431578947368421 1.0736842105263158 1.2 1.768421052631579 1.263157894736842 1.6421052631578947 1.1578947368421053 1.6210526315789473 1.9789473684210526  
32 79.89013024492156 1.6421052631578947 1.6842105263157894 1.4736842105263157 1.4947368421052631 1.768421052631579 1.6631578947368422 1.3894736842105264 1.1789473684210525 1.5157894736842106 1.263157894736842 1.4947368421052631 1.1368421052631579 1.2 2.0 1.7473684210526317 1.2 1.368421052631579 1.0947368421052632 1.1578947368421053 1.7473684210526317 1.5578947368421052 1.431578947368421 1.0736842105263158 1.2 1.768421052631579 1.263157894736842 1.6421052631578947 1.1578947368421053 1.6210526315789473 1.9789473684210526  
1 22.058515156244738 2.463157894736842 2.526315789473684 2.210526315789474 2.2421052631578946 2.6526315789473682 2.4947368421052634 2.0842105263157893 1.768421052631579 2.2736842105263158 1.894736842105263 2.2421052631578946 1.7052631578947368 1.8 3.0 2.6210526315789475 1.8 2.0526315789473686 1.6421052631578947 1.736842105263158 2.6210526315789475 2.336842105263158 2.1473684210526316 1.6105263157894736 1.8 2.6526315789473682 1.894736842105263 2.463157894736842 1.736842105263158 2.431578947368421 2.968421052631579  
87 122.86490787127198 2.463157894736842 2.526315789473684 2.210526315789474 2.2421052631578946 2.6526315789473682 2.4947368421052634 2.0842105263157893 1.768421052631579 2.2736842105263158 1.894736842105263 2.2421052631578946 1.7052631578947368 1.8 3.0 2.6210526315789475 1.8 2.0526315789473686 1.6421052631578947 1.736842105263158 2.6210526315789475 2.336842105263158 2.1473684210526316 1.6105263157894736 1.8 2.6526315789473682 1.894736842105263 2.463157894736842 1.736842105263158 2.431578947368421 2.968421052631579  
80 379.0836016290917 1.6421052631578947 1.6842105263157894 1.4736842105263157 1.4947368421052631 1.768421052631579 1.6631578947368422 1.3894736842105264 1.1789473684210525 1.5157894736842106 1.263157894736842 1.4947368421052631 1.1368421052631579 1.2 2.0 1.7473684210526317 1.2 1.368421052631579 1.0947368421052632 1.1578947368421053 1.7473684210526317 1.5578947368421052 1.431578947368421 1.0736842105263158 1.2 1.768421052631579 1.263157894736842 1.6421052631578947 1.1578947368421053 1.6210526315789473 1.9789473684210526  
82 1018.0 2.463157894736842 2.526315789473684 2.210526315789474 2.2421052631578946 2.6526315789473682 2.4947368421052634 2.0842105263157893 1.768421052631579 2.2736842105263158 1.894736842105263 2.2421052631578946 1.7052631578947368 1.8 3.0 2.6210526315789475 1.8 2.0526315789473686 1.6421052631578947 1.736842105263158 2.6210526315789475 2.336842105263158 2.1473684210526316 1.6105263157894736 1.8 2.6526315789473682 1.894736842105263 2.463157894736842 1.736842105263158 2.431578947368421 2.968421052631579  
24 56.37759653821824 2.463157894736842 2.526315789473684 2.210526315789474 2.2421052631578946 2.6526315789473682 2.4947368421052634 2.0842105263157893 1.768421052631579 2.2736842105263158 1.894736842105263 2.2421052631578946 1.7052631578947368 1.8 3.0 2.6210526315789475 1.8 2.0526315789473686 1.6421052631578947 1.736842105263158 2.6210526315789475 2.336842105263158 2.1473684210526316 1.6105263157894736 1.8 2.6526315789473682 1.894736842105263 2.463157894736842 1.736842105263158 2.431578947368421 2.968421052631579  
94 76.37947112987055 2.463157894736842 2.526315789473684 2.210526315789474 2.2421052631578946 2.6526315789473682 2.4947368421052634 2.0842105263157893 1.768421052631579 2.2736842105263158 1.894736842105263 2.2421052631578946 1.7052631578947368 1.8 3.0 2.6210526315789475 1.8 2.0526315789473686 1.6421052631578947 1.736842105263158 2.6210526315789475 2.336842105263158 2.1473684210526316 1.6105263157894736 1.8 2.6526315789473682 1.894736842105263 2.463157894736842 1.736842105263158 2.431578947368421 2.968421052631579  
30 73.70186416053868 2.463157894736842 2.526315789473684 2.210526315789474 2.2421052631578946 2.6526315789473682 2.4947368421052634 2.0842105263157893 1.768421052631579 2.2736842105263158 1.894736842105263 2.2421052631578946 1.7052631578947368 1.8 3.0 2.6210526315789475 1.8 2.0526315789473686 1.6421052631578947 1.736842105263158 2.6210526315789475 2.336842105263158 2.1473684210526316 1.6105263157894736 1.8 2.6526315789473682 1.894736842105263 2.463157894736842 1.736842105263158 2.431578947368421 2.968421052631579  
72 79.27185465462408 1.6421052631578947 1.6842105263157894 1.4736842105263157 1.4947368421052631 1.768421052631579 1.6631578947368422 1.3894736842105264 1.1789473684210525 1.5157894736842106 1.263157894736842 1.4947368421052631 1.1368421052631579 1.2 2.0 1.7473684210526317 1.2 1.368421052631579 1.0947368421052632 1.1578947368421053 1.7473684210526317 1.5578947368421052 1.431578947368421 1.0736842105263158 1.2 1.768421052631579 1.263157894736842 1.6421052631578947 1.1578947368421053 1.6210526315789473 1.9789473684210526  
36 203.5689771816606 1.6421052631578947 1.6842105263157894 1.4736842105263157 1.4947368421052631 1.768421052631579 1.6631578947368422 1.3894736842105264 1.1789473684210525 1.5157894736842106 1.263157894736842 1.4947368421052631 1.1368421052631579 1.2 2.0 1.7473684210526317 1.2 1.368421052631579 1.0947368421052632 1.1578947368421053 1.7473684210526317 1.5578947368421052 1.431578947368421 1.0736842105263158 1.2 1.768421052631579 1.263157894736842 1.6421052631578947 1.1578947368421053 1.6210526315789473 1.9789473684210526  
86 96.696596920965 2.463157894736842 2.526315789473684 2.210526315789474 2.2421052631578946 2.6526315789473682 2.4947368421052634 2.0842105263157893 1.768421052631579 2.2736842105263158 1.894736842105263 2.2421052631578946 1.7052631578947368 1.8 3.0 2.6210526315789475 1.8 2.0526315789473686 1.6421052631578947 1.736842105263158 2.6210526315789475 2.336842105263158 2.1473684210526316 1.6105263157894736 1.8 2.6526315789473682 1.894736842105263 2.463157894736842 1.736842105263158 2.431578947368421 2.968421052631579  
102 14.73738772984018 2.463157894736842 2.526315789473684 2.210526315789474 2.2421052631578946 2.6526315789473682 2.4947368421052634 2.0842105263157893 1.768421052631579 2.2736842105263158 1.894736842105263 2.2421052631578946 1.7052631578947368 1.8 3.0 2.6210526315789475 1.8 2.0526315789473686 1.6421052631578947 1.736842105263158 2.6210526315789475 2.336842105263158 2.1473684210526316 1.6105263157894736 1.8 2.6526315789473682 1.894736842105263 2.463157894736842 1.736842105263158 2.431578947368421 2.968421052631579  
20 147.91782299892554 1.6421052631578947 1.6842105263157894 1.4736842105263157 1.4947368421052631 1.768421052631579 1.6631578947368422 1.3894736842105264 1.1789473684210525 1.5157894736842106 1.263157894736842 1.4947368421052631 1.1368421052631579 1.2 2.0 1.7473684210526317 1.2 1.368421052631579 1.0947368421052632 1.1578947368421053 1.7473684210526317 1.5578947368421052 1.431578947368421 1.0736842105263158 1.2 1.768421052631579 1.263157894736842 1.6421052631578947 1.1578947368421053 1.6210526315789473 1.9789473684210526  
65 188.74422195305132 2.463157894736842 2.526315789473684 2.210526315789474 2.2421052631578946 2.6526315789473682 2.4947368421052634 2.0842105263157893 1.768421052631579 2.2736842105263158 1.894736842105263 2.2421052631578946 1.7052631578947368 1.8 3.0 2.6210526315789475 1.8 2.0526315789473686 1.6421052631578947 1.736842105263158 2.6210526315789475 2.336842105263158 2.1473684210526316 1.6105263157894736 1.8 2.6526315789473682 1.894736842105263 2.463157894736842 1.736842105263158 2.431578947368421 2.968421052631579  
18 88.2175752164687 1.6421052631578947 1.6842105263157894 1.4736842105263157 1.4947368421052631 1.768421052631579 1.6631578947368422 1.3894736842105264 1.1789473684210525 1.5157894736842106 1.263157894736842 1.4947368421052631 1.1368421052631579 1.2 2.0 1.7473684210526317 1.2 1.368421052631579 1.0947368421052632 1.1578947368421053 1.7473684210526317 1.5578947368421052 1.431578947368421 1.0736842105263158 1.2 1.768421052631579 1.263157894736842 1.6421052631578947 1.1578947368421053 1.6210526315789473 1.9789473684210526  
103 11.77201835812677 2.463157894736842 2.526315789473684 2.210526315789474 2.2421052631578946 2.6526315789473682 2.4947368421052634 2.0842105263157893 1.768421052631579 2.2736842105263158 1.894736842105263 2.2421052631578946 1.7052631578947368 1.8 3.0 2.6210526315789475 1.8 2.0526315789473686 1.6421052631578947 1.736842105263158 2.6210526315789475 2.336842105263158 2.1473684210526316 1.6105263157894736 1.8 2.6526315789473682 1.894736842105263 2.463157894736842 1.736842105263158 2.431578947368421 2.968421052631579  
77 205.094647607636 2.463157894736842 2.526315789473684 2.210526315789474 2.2421052631578946 2.6526315789473682 2.4947368421052634 2.0842105263157893 1.768421052631579 2.2736842105263158 1.894736842105263 2.2421052631578946 1.7052631578947368 1.8 3.0 2.6210526315789475 1.8 2.0526315789473686 1.6421052631578947 1.736842105263158 2.6210526315789475 2.336842105263158 2.1473684210526316 1.6105263157894736 1.8 2.6526315789473682 1.894736842105263 2.463157894736842 1.736842105263158 2.431578947368421 2.968421052631579  
107 126.3417438360505 1.6421052631578947 1.6842105263157894 1.4736842105263157 1.4947368421052631 1.768421052631579 1.6631578947368422 1.3894736842105264 1.1789473684210525 1.5157894736842106 1.263157894736842 1.4947368421052631 1.1368421052631579 1.2 2.0 1.7473684210526317 1.2 1.368421052631579 1.0947368421052632 1.1578947368421053 1.7473684210526317 1.5578947368421052 1.431578947368421 1.0736842105263158 1.2 1.768421052631579 1.263157894736842 1.6421052631578947 1.1578947368421053 1.6210526315789473 1.9789473684210526  
73 425.2547736658551 1.6421052631578947 1.6842105263157894 1.4736842105263157 1.4947368421052631 1.768421052631579 1.6631578947368422 1.3894736842105264 1.1789473684210525 1.5157894736842106 1.263157894736842 1.4947368421052631 1.1368421052631579 1.2 2.0 1.7473684210526317 1.2 1.368421052631579 1.0947368421052632 1.1578947368421053 1.7473684210526317 1.5578947368421052 1.431578947368421 1.0736842105263158 1.2 1.768421052631579 1.263157894736842 1.6421052631578947 1.1578947368421053 1.6210526315789473 1.9789473684210526  
12 191.8384859942836 1.6421052631578947 1.6842105263157894 1.4736842105263157 1.4947368421052631 1.768421052631579 1.6631578947368422 1.3894736842105264 1.1789473684210525 1.5157894736842106 1.263157894736842 1.4947368421052631 1.1368421052631579 1.2 2.0 1.7473684210526317 1.2 1.368421052631579 1.0947368421052632 1.1578947368421053 1.7473684210526317 1.5578947368421052 1.431578947368421 1.0736842105263158 1.2 1.768421052631579 1.263157894736842 1.6421052631578947 1.1578947368421053 1.6210526315789473 1.9789473684210526  
21 5.156839158729051 1.6421052631578947 1.6842105263157894 1.4736842105263157 1.4947368421052631 1.768421052631579 1.6631578947368422 1.3894736842105264 1.1789473684210525 1.5157894736842106 1.263157894736842 1.4947368421052631 1.1368421052631579 1.2 2.0 1.7473684210526317 1.2 1.368421052631579 1.0947368421052632 1.1578947368421053 1.7473684210526317 1.5578947368421052 1.431578947368421 1.0736842105263158 1.2 1.768421052631579 1.263157894736842 1.6421052631578947 1.1578947368421053 1.6210526315789473 1.9789473684210526  
26 33.17998882137709 2.463157894736842 2.526315789473684 2.210526315789474 2.2421052631578946 2.6526315789473682 2.4947368421052634 2.0842105263157893 1.768421052631579 2.2736842105263158 1.894736842105263 2.2421052631578946 1.7052631578947368 1.8 3.0 2.6210526315789475 1.8 2.0526315789473686 1.6421052631578947 1.736842105263158 2.6210526315789475 2.336842105263158 2.1473684210526316 1.6105263157894736 1.8 2.6526315789473682 1.894736842105263 2.463157894736842 1.736842105263158 2.431578947368421 2.968421052631579  
11 83.47354207284133 2.463157894736842 2.526315789473684 2.210526315789474 2.2421052631578946 2.6526315789473682 2.4947368421052634 2.0842105263157893 1.768421052631579 2.2736842105263158 1.894736842105263 2.2421052631578946 1.7052631578947368 1.8 3.0 2.6210526315789475 1.8 2.0526315789473686 1.6421052631578947 1.736842105263158 2.6210526315789475 2.336842105263158 2.1473684210526316 1.6105263157894736 1.8 2.6526315789473682 1.894736842105263 2.463157894736842 1.736842105263158 2.431578947368421 2.968421052631579  
38 307.47347026577506 2.463157894736842 2.526315789473684 2.210526315789474 2.2421052631578946 2.6526315789473682 2.4947368421052634 2.0842105263157893 1.768421052631579 2.2736842105263158 1.894736842105263 2.2421052631578946 1.7052631578947368 1.8 3.0 2.6210526315789475 1.8 2.0526315789473686 1.6421052631578947 1.736842105263158 2.6210526315789475 2.336842105263158 2.1473684210526316 1.6105263157894736 1.8 2.6526315789473682 1.894736842105263 2.463157894736842 1.736842105263158 2.431578947368421 2.968421052631579  
108 166.7912322485274 2.463157894736842 2.526315789473684 2.210526315789474 2.2421052631578946 2.6526315789473682 2.4947368421052634 2.0842105263157893 1.768421052631579 2.2736842105263158 1.894736842105263 2.2421052631578946 1.7052631578947368 1.8 3.0 2.6210526315789475 1.8 2.0526315789473686 1.6421052631578947 1.736842105263158 2.6210526315789475 2.336842105263158 2.1473684210526316 1.6105263157894736 1.8 2.6526315789473682 1.894736842105263 2.463157894736842 1.736842105263158 2.431578947368421 2.968421052631579  
78 220.32144460306958 1.6421052631578947 1.6842105263157894 1.4736842105263157 1.4947368421052631 1.768421052631579 1.6631578947368422 1.3894736842105264 1.1789473684210525 1.5157894736842106 1.263157894736842 1.4947368421052631 1.1368421052631579 1.2 2.0 1.7473684210526317 1.2 1.368421052631579 1.0947368421052632 1.1578947368421053 1.7473684210526317 1.5578947368421052 1.431578947368421 1.0736842105263158 1.2 1.768421052631579 1.263157894736842 1.6421052631578947 1.1578947368421053 1.6210526315789473 1.9789473684210526  
88 137.63425189142905 1.6421052631578947 1.6842105263157894 1.4736842105263157 1.4947368421052631 1.768421052631579 1.6631578947368422 1.3894736842105264 1.1789473684210525 1.5157894736842106 1.263157894736842 1.4947368421052631 1.1368421052631579 1.2 2.0 1.7473684210526317 1.2 1.368421052631579 1.0947368421052632 1.1578947368421053 1.7473684210526317 1.5578947368421052 1.431578947368421 1.0736842105263158 1.2 1.768421052631579 1.263157894736842 1.6421052631578947 1.1578947368421053 1.6210526315789473 1.9789473684210526  
100 7.247759459758857 2.463157894736842 2.526315789473684 2.210526315789474 2.2421052631578946 2.6526315789473682 2.4947368421052634 2.0842105263157893 1.768421052631579 2.2736842105263158 1.894736842105263 2.2421052631578946 1.7052631578947368 1.8 3.0 2.6210526315789475 1.8 2.0526315789473686 1.6421052631578947 1.736842105263158 2.6210526315789475 2.336842105263158 2.1473684210526316 1.6105263157894736 1.8 2.6526315789473682 1.894736842105263 2.463157894736842 1.736842105263158 2.431578947368421 2.968421052631579  
98 124.44776422490457 1.6421052631578947 1.6842105263157894 1.4736842105263157 1.4947368421052631 1.768421052631579 1.6631578947368422 1.3894736842105264 1.1789473684210525 1.5157894736842106 1.263157894736842 1.4947368421052631 1.1368421052631579 1.2 2.0 1.7473684210526317 1.2 1.368421052631579 1.0947368421052632 1.1578947368421053 1.7473684210526317 1.5578947368421052 1.431578947368421 1.0736842105263158 1.2 1.768421052631579 1.263157894736842 1.6421052631578947 1.1578947368421053 1.6210526315789473 1.9789473684210526  
71 82.01042320247079 1.6421052631578947 1.6842105263157894 1.4736842105263157 1.4947368421052631 1.768421052631579 1.6631578947368422 1.3894736842105264 1.1789473684210525 1.5157894736842106 1.263157894736842 1.4947368421052631 1.1368421052631579 1.2 2.0 1.7473684210526317 1.2 1.368421052631579 1.0947368421052632 1.1578947368421053 1.7473684210526317 1.5578947368421052 1.431578947368421 1.0736842105263158 1.2 1.768421052631579 1.263157894736842 1.6421052631578947 1.1578947368421053 1.6210526315789473 1.9789473684210526  
63 70.19380999350238 1.6421052631578947 1.6842105263157894 1.4736842105263157 1.4947368421052631 1.768421052631579 1.6631578947368422 1.3894736842105264 1.1789473684210525 1.5157894736842106 1.263157894736842 1.4947368421052631 1.1368421052631579 1.2 2.0 1.7473684210526317 1.2 1.368421052631579 1.0947368421052632 1.1578947368421053 1.7473684210526317 1.5578947368421052 1.431578947368421 1.0736842105263158 1.2 1.768421052631579 1.263157894736842 1.6421052631578947 1.1578947368421053 1.6210526315789473 1.9789473684210526  
61 57.909060514573994 1.6421052631578947 1.6842105263157894 1.4736842105263157 1.4947368421052631 1.768421052631579 1.6631578947368422 1.3894736842105264 1.1789473684210525 1.5157894736842106 1.263157894736842 1.4947368421052631 1.1368421052631579 1.2 2.0 1.7473684210526317 1.2 1.368421052631579 1.0947368421052632 1.1578947368421053 1.7473684210526317 1.5578947368421052 1.431578947368421 1.0736842105263158 1.2 1.768421052631579 1.263157894736842 1.6421052631578947 1.1578947368421053 1.6210526315789473 1.9789473684210526  
58 102.41570971485358 1.6421052631578947 1.6842105263157894 1.4736842105263157 1.4947368421052631 1.768421052631579 1.6631578947368422 1.3894736842105264 1.1789473684210525 1.5157894736842106 1.263157894736842 1.4947368421052631 1.1368421052631579 1.2 2.0 1.7473684210526317 1.2 1.368421052631579 1.0947368421052632 1.1578947368421053 1.7473684210526317 1.5578947368421052 1.431578947368421 1.0736842105263158 1.2 1.768421052631579 1.263157894736842 1.6421052631578947 1.1578947368421053 1.6210526315789473 1.9789473684210526  
