90 50
TREE NETWORK (nID nID Weight):
1 0 33.0 
2 1 32.0 
3 2 42.0 
79 0 31.0 
80 79 30.0 
5 2 41.0 
38 1 48.0 
9 2 41.0 
82 79 38.0 
22 2 47.0 
23 22 56.0 
46 1 57.0 
31 22 31.0 
81 80 51.0 
47 46 30.0 
48 47 36.0 
70 1 37.0 
49 48 52.0 
50 49 54.0 
10 9 49.0 
11 9 30.0 
87 0 56.0 
24 23 33.0 
88 0 56.0 
39 38 32.0 
14 9 42.0 
12 11 46.0 
51 48 36.0 
67 46 57.0 
52 51 55.0 
40 39 33.0 
71 70 45.0 
54 51 46.0 
18 9 59.0 
41 39 41.0 
55 54 38.0 
68 46 55.0 
89 88 37.0 
4 3 31.0 
6 5 35.0 
64 47 58.0 
59 51 38.0 
42 41 34.0 
25 24 40.0 
56 55 41.0 
32 31 37.0 
53 52 50.0 
15 14 39.0 
77 70 46.0 
65 47 53.0 
19 18 58.0 
57 56 56.0 
60 51 50.0 
13 12 48.0 
20 18 47.0 
7 6 58.0 
66 65 38.0 
34 31 32.0 
35 34 54.0 
26 23 57.0 
83 79 46.0 
16 14 35.0 
78 1 37.0 
43 42 43.0 
84 83 58.0 
17 16 30.0 
69 46 30.0 
37 2 46.0 
58 57 55.0 
72 71 53.0 
73 72 30.0 
28 23 57.0 
63 48 44.0 
85 84 39.0 
75 71 34.0 
36 35 58.0 
21 20 31.0 
62 51 39.0 
76 75 49.0 
61 60 50.0 
30 23 36.0 
8 6 55.0 
86 85 30.0 
29 28 39.0 
44 43 46.0 
74 73 33.0 
33 32 34.0 
27 26 46.0 
45 41 35.0 
PROGRAMS ASSIGNED TO NODES (nID pID1 pID2 ...):
0 1 2 3 4 5 6 7 8 9 10 11 12 13 14 15 16 17 18 19 20 21 22 23 24 25 26 27 28 29 30 31 32 33 34 35 36 37 38 39 40 41 42 43 44 45 46 47 48 49 50  
68 1 2 6 7 8 9 10 11 14 15 16 17 19 20 21 22 25 26 27 31 32 35 36 37 38 40 42 43 47 49 50  
60 1 2 4 5 8 10 11 12 13 15 16 18 20 23 24 25 27 31 35 36 37 40 42 43 44 45 46 47 49  
27 24 34 37 43 44  
9 1 2 6 8 9 11 12 13 16 17 18 19 20 21 22 23 24 30 31 34 36 39 40 41 45 47 48 50  
86 1 2 3 4 7 9 11 12 13 15 17 19 22 23 24 25 27 29 30 33 35 36 37 38 40 41 42 44 46 47 48 49 50  
44 1 2 3 4 5 6 8 9 10 11 12 13 14 15 16 17 18 19 20 21 22 23 24 25 27 28 29 30 31 32 33 34 35 36 37 38 39 40 41 42 43 44 45 46 47 48 49 50  
64 5 16 18 47  
70 2 3 4 7 9 14 15 17 22 25 26 27 32 33 37 41 43 44 50  
14 2 3 4 7 8 9 11 12 13 14 15 16 17 19 20 21 23 24 25 26 28 30 32 33 35 36 37 39 41 43 44 45 46 47 49 50  
84 1 2 3 5 9 11 13 16 17 18 19 21 22 23 24 25 26 28 29 30 32 33 36 37 46 47 48 49 50  
13 1 3 4 5 6 9 10 11 12 13 14 15 16 17 20 21 22 23 24 25 26 27 28 29 31 32 33 34 35 36 37 38 39 40 42 43 44 45 46 47 48 49 50  
59 5 12 21 23 25 28 33 38 42 44 46 47  
55 1 2 4 10 11 12 16 18 19 21 22 24 25 26 31 37 41 44 45 46 48 49  
67 9 14 19 24 25 29 33 35 41 44 47 48  
48 2 4 23 32 33 50  
65 2 5 7 9 11 12 15 16 18 20 21 23 24 26 27 29 31 32 34 35 37 38 39 40 42 45 46 48 50  
33 2 6 7 10 13 15 17 19 21 24 28 30 35 39 40 44 45 46 49  
85 2 3 4 9 10 11 13 14 16 20 21 29 34 35 38 40 42 49 50  
42 1 2 3 7 9 10 11 12 14 15 18 20 23 27 28 31 32 33 35 40 42 43 45 46 47  
58 1 3 6 8 9 10 13 17 18 20 24 25 27 29 30 32 33 35 36 39 41 45 46 49  
54 1 6 11 12 13 14 15 20 21 23 24 30 34 39 41 42 43 44 45 48 49  
31 1 2 3 4 5 6 7 8 9 10 11 12 14 15 16 17 19 20 21 22 23 24 26 29 32 34 35 36 37 38 39 41 42 43 44 45 46 47 48 49 50  
72 1 2 3 4 5 6 7 8 9 10 12 13 14 15 16 18 19 20 21 22 23 25 26 27 28 29 30 31 34 35 36 37 38 39 40 41 42 43 44 45 46 47 48 49 50  
49 8 9 11 12 17 25 26 29 31 35 44 47 49  
11 2 5 8 12 14 15 18 23 26 31 34 35 39 40 42 45 46 47  
2 2 4 5 6 7 8 10 11 12 13 14 15 16 17 19 22 27 28 29 30 31 32 33 36 37 38 39 40 41 44 45 46 48 49 50  
19 2 5 8 10 13 21 27 32 36 40 42 43 47  
71 1 2 3 5 6 7 9 10 11 14 15 16 17 18 20 21 24 29 30 31 32 34 35 37 39 41 46 49 50  
17 2 3 6 7 8 12 16 17 20 21 24 25 31 32 38 41 47  
16 1 2 4 5 6 12 14 16 17 18 24 27 30 31 37 40 41 42 43 45 48  
26 7 17 18 19 23 25 27 28 31 35 36 42 48 49  
15 2 3 4 5 7 10 12 13 14 15 17 19 22 23 25 29 30 34 38 42 44 48 50  
6 1 4 5 6 7 12 13 14 15 16 22 25 28 29 31 37 40 41 42 43 45 47 49 50  
37 1 6 7 8 9 10 13 14 17 20 21 22 24 28 36 38 42 43 44 46 47 48 49 50  
43 1 2 3 4 6 7 8 9 10 11 14 15 17 19 20 21 22 23 24 25 27 28 29 30 31 33 35 38 39 41 42 43 44 45 46 48 49 50  
88 1 3 4 7 8 10 13 15 16 18 19 20 21 22 24 27 28 30 31 32 34 36 37 38 39 41 42 43 44 45 46 47 50  
66 1 2 4 5 6 7 8 9 10 11 12 14 15 16 17 18 19 20 21 22 23 24 25 27 29 30 31 33 34 35 38 39 42 43 44 45 46 47 48 49 50  
57 1 2 4 5 6 7 8 9 10 11 12 13 14 15 16 18 20 21 22 24 25 27 30 31 32 33 34 38 40 42 44 45 46 47 48 49 50  
46 5 6 13 17 22 24 25 26 29 30 31 32 33 39 41 43 44  
5 3 14 19 43 44  
47 1 5 8 10 13 14 18 22 25 30 32 33 34 37 39 43 48  
77 25 50  
63 4 5 7 9 10 12 13 14 15 16 17 18 19 20 21 22 23 24 25 26 27 28 29 30 31 33 34 36 37 39 40 41 42 44 45 47 49 50  
81 1 2 4 5 6 7 8 9 10 11 12 13 14 15 17 18 19 20 21 22 23 25 26 27 28 29 30 31 32 33 34 35 37 38 40 41 42 43 44 46 47 48 50  
62 11  
82 2 4 10 17 18 22 33 34 36 37 42 44 45  
38 2 3 4 5 8 25 26 27 35 36 41 43  
20 1 2 4 5 6 7 8 9 10 11 13 14 15 16 17 18 19 20 21 22 23 24 25 26 27 28 29 30 31 32 33 34 35 36 37 40 41 42 43 44 45 46 47 48 49 50  
36 3 4 7 8 10 12 13 14 15 17 18 19 20 21 22 24 26 27 28 29 30 31 32 33 34 35 36 37 39 40 42 43 44 45 46 48 49 50  
41 3 6 11 12 13 14 17 21 23 25 28 33 35  
4 4 7 12 22 31 32 37 44 45  
29 2 4 5 7 8 10 11 12 15 17 18 20 21 22 23 26 27 28 29 30 31 33 34 35 37 38 40 41 42 47 48 50  
79 1 9 14 20 23 25 32 34 36 39 43 47 49  
50 1 2 3 4 5 6 7 8 11 13 14 15 18 19 20 21 22 23 26 27 29 30 31 32 33 35 36 38 40 41 42 43 44 46 47 48 49 50  
40 2 3 4 5 6 7 8 9 10 11 12 13 14 15 16 18 19 20 21 22 23 24 26 28 29 30 32 33 34 35 36 37 39 41 42 44 45 46 47 48  
1 5 8 12 24 37  
35 18 34  
7 1 6 7 13 20 22 24 25 26 33 37 39 49  
23  
52 1 2 3 4 5 6 7 10 12 13 15 17 19 20 22 23 24 26 27 28 29 30 31 32 33 34 35 36 37 38 39 40 41 42 43 44 45 46 48 49 50  
53 12  
10 1 5 9 10 15 16 20 22 24 26 27 31 34 36 39 41 44 45 48 49 50  
30 1 2 3 4 5 6 7 8 9 10 11 12 13 14 15 16 17 18 19 20 21 22 23 24 25 26 27 28 29 30 31 32 33 34 35 36 37 38 39 40 41 42 43 44 45 46 47 49 50  
34 1 2 3 4 6 7 8 9 10 11 12 13 14 15 16 17 18 19 20 21 22 23 24 25 28 30 31 32 33 34 35 36 37 38 39 40 41 42 43 44 45 46 47 48 49 50  
22 3 8 10 12 13 15 18 22 24 27 30 33 34 37 40 42 47 49 50  
75 1 2 4 6 9 11 12 13 14 15 17 18 19 20 21 24 25 27 36 37 39 40 41 44 45 47 48 49 50  
3 1 2 3 4 5 10 11 12 14 15 17 18 19 20 25 26 27 28 29 31 32 33 34 35 37 38 39 41 43 44 45 46 50  
80 1 3 4 5 7 12 18 20 22 24 25 26 27 28 30 31 33 34 36 38 39 41 42 43 44 47 48 49 50  
12 1 2 3 4 5 6 8 10 12 16 18 19 20 21 24 27 28 30 31 34 35 36 37 38 41 42 44 46 47 48 49 50  
73 19 27 35 41  
45  
51 1 2 3 4 5 6 7 9 11 12 13 14 15 16 17 18 19 20 21 22 24 25 26 28 29 30 31 32 33 34 35 37 38 39 40 41 43 44 45 46 47 48 49 50  
21 8 10 11 12 15 16 20 23 24 25 27 29 31 32 33 44 45 46 49  
87 2 5 12 13 19 20 24 25 27 30 36 39 43 45 47 50  
28 1 3 6 9 11 13 14 22 23 24 26 29 34 37 38 39 41 43 44 46 47 50  
32 1 2 3 5 6 7 9 10 11 12 13 14 15 16 17 21 22 23 24 25 26 27 28 29 30 31 32 33 35 36 37 38 39 40 41 42 43 44 45 46 47 48 49 50  
24 4 5 8 9 11 14 15 17 18 19 21 22 24 28 30 31 32 34 36 37 39 40 41 42 43 45 46 47 48 49  
61 4 6 7 10 13 14 15 16 18 20 22 23 24 27 28 29 30 33 34 36 38 40 41 47 48 49 50  
69 2 3 11 15 23 24 27 29 30 34 35 36 37 42 43 49 50  
25 1 2 11 17 21 26 30 50  
83 1 2 10 11 16 17 19 21 23 28 29 32 34 36 39  
8 1 2 3 4 5 8 9 12 14 15 16 17 18 19 20 21 23 25 27 28 29 30 32 33 34 35 37 38 40 42 44 45 46 50  
74 2 3 4 5 6 7 8 9 15 16 17 22 24 26 27 28 30 31 32 33 34 35 37 40 42 43 44 46 47 49  
76 8 9 16 18 21 22 23 24 28 33 38 39 43 50  
78 2 3 7 11 15 16 17 19 22 24 26 28 29 31 32 33 34 37 41 43 45 49  
89 2 5 13 15 21 22 24 28 34 42 43 47  
56 1 2 3 4 5 6 7 10 11 12 13 14 15 16 17 18 19 21 22 24 27 28 29 30 31 32 34 35 36 38 39 41 42 43 44 46 48 49 50  
18 1 2 3 8 9 12 17 21 22 23 24 26 28 29 33 48  
39 1 2 3 4 5 6 7 10 11 12 13 14 15 16 17 19 20 23 24 26 27 28 29 30 32 33 34 36 37 39 40 41 42 43 44 45 46 47 48 50  
SIZE OF PROGRAMS (pID SIZE):
1 68.0 
2 99.0 
3 97.0 
4 82.0 
5 72.0 
6 60.0 
7 63.0 
8 91.0 
9 70.0 
10 99.0 
11 89.0 
12 56.0 
13 98.0 
14 88.0 
15 74.0 
16 44.0 
17 78.0 
18 57.0 
19 81.0 
20 82.0 
21 74.0 
22 75.0 
23 50.0 
24 56.0 
25 96.0 
26 59.0 
27 47.0 
28 45.0 
29 83.0 
30 40.0 
31 49.0 
32 54.0 
33 83.0 
34 94.0 
35 96.0 
36 46.0 
37 71.0 
38 53.0 
39 40.0 
40 92.0 
41 91.0 
42 84.0 
43 50.0 
44 67.0 
45 53.0 
46 52.0 
47 99.0 
48 74.0 
49 62.0 
50 49.0 
COST_INSTALL_SERVER_AND_PROGRAMS :
0 11703.030303030304 2.0606060606060606 3.0 2.9393939393939394 2.484848484848485 2.1818181818181817 1.8181818181818181 1.9090909090909092 2.757575757575758 2.121212121212121 3.0 2.696969696969697 1.696969696969697 2.9696969696969697 2.6666666666666665 2.242424242424242 1.3333333333333333 2.3636363636363638 1.7272727272727273 2.4545454545454546 2.484848484848485 2.242424242424242 2.272727272727273 1.5151515151515151 1.696969696969697 2.909090909090909 1.7878787878787878 1.4242424242424243 1.3636363636363635 2.515151515151515 1.2121212121212122 1.4848484848484849 1.6363636363636365 2.515151515151515 2.8484848484848486 2.909090909090909 1.393939393939394 2.1515151515151514 1.606060606060606 1.2121212121212122 2.787878787878788 2.757575757575758 2.5454545454545454 1.5151515151515151 2.0303030303030303 1.606060606060606 1.5757575757575757 3.0 2.242424242424242 1.878787878787879 1.4848484848484849  
68 72.77360585807432 2.0606060606060606 3.0 2.9393939393939394 2.484848484848485 2.1818181818181817 1.8181818181818181 1.9090909090909092 2.757575757575758 2.121212121212121 3.0 2.696969696969697 1.696969696969697 2.9696969696969697 2.6666666666666665 2.242424242424242 1.3333333333333333 2.3636363636363638 1.7272727272727273 2.4545454545454546 2.484848484848485 2.242424242424242 2.272727272727273 1.5151515151515151 1.696969696969697 2.909090909090909 1.7878787878787878 1.4242424242424243 1.3636363636363635 2.515151515151515 1.2121212121212122 1.4848484848484849 1.6363636363636365 2.515151515151515 2.8484848484848486 2.909090909090909 1.393939393939394 2.1515151515151514 1.606060606060606 1.2121212121212122 2.787878787878788 2.757575757575758 2.5454545454545454 1.5151515151515151 2.0303030303030303 1.606060606060606 1.5757575757575757 3.0 2.242424242424242 1.878787878787879 1.4848484848484849  
60 473.9888036749765 2.0606060606060606 3.0 2.9393939393939394 2.484848484848485 2.1818181818181817 1.8181818181818181 1.9090909090909092 2.757575757575758 2.121212121212121 3.0 2.696969696969697 1.696969696969697 2.9696969696969697 2.6666666666666665 2.242424242424242 1.3333333333333333 2.3636363636363638 1.7272727272727273 2.4545454545454546 2.484848484848485 2.242424242424242 2.272727272727273 1.5151515151515151 1.696969696969697 2.909090909090909 1.7878787878787878 1.4242424242424243 1.3636363636363635 2.515151515151515 1.2121212121212122 1.4848484848484849 1.6363636363636365 2.515151515151515 2.8484848484848486 2.909090909090909 1.393939393939394 2.1515151515151514 1.606060606060606 1.2121212121212122 2.787878787878788 2.757575757575758 2.5454545454545454 1.5151515151515151 2.0303030303030303 1.606060606060606 1.5757575757575757 3.0 2.242424242424242 1.878787878787879 1.4848484848484849  
27 55.38104073486913 2.0606060606060606 3.0 2.9393939393939394 2.484848484848485 2.1818181818181817 1.8181818181818181 1.9090909090909092 2.757575757575758 2.121212121212121 3.0 2.696969696969697 1.696969696969697 2.9696969696969697 2.6666666666666665 2.242424242424242 1.3333333333333333 2.3636363636363638 1.7272727272727273 2.4545454545454546 2.484848484848485 2.242424242424242 2.272727272727273 1.5151515151515151 1.696969696969697 2.909090909090909 1.7878787878787878 1.4242424242424243 1.3636363636363635 2.515151515151515 1.2121212121212122 1.4848484848484849 1.6363636363636365 2.515151515151515 2.8484848484848486 2.909090909090909 1.393939393939394 2.1515151515151514 1.606060606060606 1.2121212121212122 2.787878787878788 2.757575757575758 2.5454545454545454 1.5151515151515151 2.0303030303030303 1.606060606060606 1.5757575757575757 3.0 2.242424242424242 1.878787878787879 1.4848484848484849  
9 423.2638347416502 2.0606060606060606 3.0 2.9393939393939394 2.484848484848485 2.1818181818181817 1.8181818181818181 1.9090909090909092 2.757575757575758 2.121212121212121 3.0 2.696969696969697 1.696969696969697 2.9696969696969697 2.6666666666666665 2.242424242424242 1.3333333333333333 2.3636363636363638 1.7272727272727273 2.4545454545454546 2.484848484848485 2.242424242424242 2.272727272727273 1.5151515151515151 1.696969696969697 2.909090909090909 1.7878787878787878 1.4242424242424243 1.3636363636363635 2.515151515151515 1.2121212121212122 1.4848484848484849 1.6363636363636365 2.515151515151515 2.8484848484848486 2.909090909090909 1.393939393939394 2.1515151515151514 1.606060606060606 1.2121212121212122 2.787878787878788 2.757575757575758 2.5454545454545454 1.5151515151515151 2.0303030303030303 1.606060606060606 1.5757575757575757 3.0 2.242424242424242 1.878787878787879 1.4848484848484849  
86 269.7233369712974 1.3737373737373737 2.0 1.9595959595959596 1.6565656565656566 1.4545454545454546 1.2121212121212122 1.2727272727272727 1.8383838383838385 1.4141414141414141 2.0 1.797979797979798 1.1313131313131313 1.97979797979798 1.7777777777777777 1.494949494949495 0.8888888888888888 1.5757575757575757 1.1515151515151516 1.6363636363636365 1.6565656565656566 1.494949494949495 1.5151515151515151 1.0101010101010102 1.1313131313131313 1.9393939393939394 1.1919191919191918 0.9494949494949495 0.9090909090909091 1.6767676767676767 0.8080808080808081 0.98989898989899 1.0909090909090908 1.6767676767676767 1.898989898989899 1.9393939393939394 0.9292929292929293 1.4343434343434343 1.0707070707070707 0.8080808080808081 1.8585858585858586 1.8383838383838385 1.696969696969697 1.0101010101010102 1.3535353535353536 1.0707070707070707 1.0505050505050506 2.0 1.494949494949495 1.2525252525252526 0.98989898989899  
44 735.9824561041271 2.0606060606060606 3.0 2.9393939393939394 2.484848484848485 2.1818181818181817 1.8181818181818181 1.9090909090909092 2.757575757575758 2.121212121212121 3.0 2.696969696969697 1.696969696969697 2.9696969696969697 2.6666666666666665 2.242424242424242 1.3333333333333333 2.3636363636363638 1.7272727272727273 2.4545454545454546 2.484848484848485 2.242424242424242 2.272727272727273 1.5151515151515151 1.696969696969697 2.909090909090909 1.7878787878787878 1.4242424242424243 1.3636363636363635 2.515151515151515 1.2121212121212122 1.4848484848484849 1.6363636363636365 2.515151515151515 2.8484848484848486 2.909090909090909 1.393939393939394 2.1515151515151514 1.606060606060606 1.2121212121212122 2.787878787878788 2.757575757575758 2.5454545454545454 1.5151515151515151 2.0303030303030303 1.606060606060606 1.5757575757575757 3.0 2.242424242424242 1.878787878787879 1.4848484848484849  
64 17.079956134047396 2.0606060606060606 3.0 2.9393939393939394 2.484848484848485 2.1818181818181817 1.8181818181818181 1.9090909090909092 2.757575757575758 2.121212121212121 3.0 2.696969696969697 1.696969696969697 2.9696969696969697 2.6666666666666665 2.242424242424242 1.3333333333333333 2.3636363636363638 1.7272727272727273 2.4545454545454546 2.484848484848485 2.242424242424242 2.272727272727273 1.5151515151515151 1.696969696969697 2.909090909090909 1.7878787878787878 1.4242424242424243 1.3636363636363635 2.515151515151515 1.2121212121212122 1.4848484848484849 1.6363636363636365 2.515151515151515 2.8484848484848486 2.909090909090909 1.393939393939394 2.1515151515151514 1.606060606060606 1.2121212121212122 2.787878787878788 2.757575757575758 2.5454545454545454 1.5151515151515151 2.0303030303030303 1.606060606060606 1.5757575757575757 3.0 2.242424242424242 1.878787878787879 1.4848484848484849  
70 269.0312964406174 2.0606060606060606 3.0 2.9393939393939394 2.484848484848485 2.1818181818181817 1.8181818181818181 1.9090909090909092 2.757575757575758 2.121212121212121 3.0 2.696969696969697 1.696969696969697 2.9696969696969697 2.6666666666666665 2.242424242424242 1.3333333333333333 2.3636363636363638 1.7272727272727273 2.4545454545454546 2.484848484848485 2.242424242424242 2.272727272727273 1.5151515151515151 1.696969696969697 2.909090909090909 1.7878787878787878 1.4242424242424243 1.3636363636363635 2.515151515151515 1.2121212121212122 1.4848484848484849 1.6363636363636365 2.515151515151515 2.8484848484848486 2.909090909090909 1.393939393939394 2.1515151515151514 1.606060606060606 1.2121212121212122 2.787878787878788 2.757575757575758 2.5454545454545454 1.5151515151515151 2.0303030303030303 1.606060606060606 1.5757575757575757 3.0 2.242424242424242 1.878787878787879 1.4848484848484849  
14 605.7059753401918 2.0606060606060606 3.0 2.9393939393939394 2.484848484848485 2.1818181818181817 1.8181818181818181 1.9090909090909092 2.757575757575758 2.121212121212121 3.0 2.696969696969697 1.696969696969697 2.9696969696969697 2.6666666666666665 2.242424242424242 1.3333333333333333 2.3636363636363638 1.7272727272727273 2.4545454545454546 2.484848484848485 2.242424242424242 2.272727272727273 1.5151515151515151 1.696969696969697 2.909090909090909 1.7878787878787878 1.4242424242424243 1.3636363636363635 2.515151515151515 1.2121212121212122 1.4848484848484849 1.6363636363636365 2.515151515151515 2.8484848484848486 2.909090909090909 1.393939393939394 2.1515151515151514 1.606060606060606 1.2121212121212122 2.787878787878788 2.757575757575758 2.5454545454545454 1.5151515151515151 2.0303030303030303 1.606060606060606 1.5757575757575757 3.0 2.242424242424242 1.878787878787879 1.4848484848484849  
84 227.12300205442776 1.3737373737373737 2.0 1.9595959595959596 1.6565656565656566 1.4545454545454546 1.2121212121212122 1.2727272727272727 1.8383838383838385 1.4141414141414141 2.0 1.797979797979798 1.1313131313131313 1.97979797979798 1.7777777777777777 1.494949494949495 0.8888888888888888 1.5757575757575757 1.1515151515151516 1.6363636363636365 1.6565656565656566 1.494949494949495 1.5151515151515151 1.0101010101010102 1.1313131313131313 1.9393939393939394 1.1919191919191918 0.9494949494949495 0.9090909090909091 1.6767676767676767 0.8080808080808081 0.98989898989899 1.0909090909090908 1.6767676767676767 1.898989898989899 1.9393939393939394 0.9292929292929293 1.4343434343434343 1.0707070707070707 0.8080808080808081 1.8585858585858586 1.8383838383838385 1.696969696969697 1.0101010101010102 1.3535353535353536 1.0707070707070707 1.0505050505050506 2.0 1.494949494949495 1.2525252525252526 0.98989898989899  
13 378.8823507988883 2.0606060606060606 3.0 2.9393939393939394 2.484848484848485 2.1818181818181817 1.8181818181818181 1.9090909090909092 2.757575757575758 2.121212121212121 3.0 2.696969696969697 1.696969696969697 2.9696969696969697 2.6666666666666665 2.242424242424242 1.3333333333333333 2.3636363636363638 1.7272727272727273 2.4545454545454546 2.484848484848485 2.242424242424242 2.272727272727273 1.5151515151515151 1.696969696969697 2.909090909090909 1.7878787878787878 1.4242424242424243 1.3636363636363635 2.515151515151515 1.2121212121212122 1.4848484848484849 1.6363636363636365 2.515151515151515 2.8484848484848486 2.909090909090909 1.393939393939394 2.1515151515151514 1.606060606060606 1.2121212121212122 2.787878787878788 2.757575757575758 2.5454545454545454 1.5151515151515151 2.0303030303030303 1.606060606060606 1.5757575757575757 3.0 2.242424242424242 1.878787878787879 1.4848484848484849  
59 168.53592574412866 1.3737373737373737 2.0 1.9595959595959596 1.6565656565656566 1.4545454545454546 1.2121212121212122 1.2727272727272727 1.8383838383838385 1.4141414141414141 2.0 1.797979797979798 1.1313131313131313 1.97979797979798 1.7777777777777777 1.494949494949495 0.8888888888888888 1.5757575757575757 1.1515151515151516 1.6363636363636365 1.6565656565656566 1.494949494949495 1.5151515151515151 1.0101010101010102 1.1313131313131313 1.9393939393939394 1.1919191919191918 0.9494949494949495 0.9090909090909091 1.6767676767676767 0.8080808080808081 0.98989898989899 1.0909090909090908 1.6767676767676767 1.898989898989899 1.9393939393939394 0.9292929292929293 1.4343434343434343 1.0707070707070707 0.8080808080808081 1.8585858585858586 1.8383838383838385 1.696969696969697 1.0101010101010102 1.3535353535353536 1.0707070707070707 1.0505050505050506 2.0 1.494949494949495 1.2525252525252526 0.98989898989899  
55 980.0664423429029 2.0606060606060606 3.0 2.9393939393939394 2.484848484848485 2.1818181818181817 1.8181818181818181 1.9090909090909092 2.757575757575758 2.121212121212121 3.0 2.696969696969697 1.696969696969697 2.9696969696969697 2.6666666666666665 2.242424242424242 1.3333333333333333 2.3636363636363638 1.7272727272727273 2.4545454545454546 2.484848484848485 2.242424242424242 2.272727272727273 1.5151515151515151 1.696969696969697 2.909090909090909 1.7878787878787878 1.4242424242424243 1.3636363636363635 2.515151515151515 1.2121212121212122 1.4848484848484849 1.6363636363636365 2.515151515151515 2.8484848484848486 2.909090909090909 1.393939393939394 2.1515151515151514 1.606060606060606 1.2121212121212122 2.787878787878788 2.757575757575758 2.5454545454545454 1.5151515151515151 2.0303030303030303 1.606060606060606 1.5757575757575757 3.0 2.242424242424242 1.878787878787879 1.4848484848484849  
67 89.57155409093711 2.0606060606060606 3.0 2.9393939393939394 2.484848484848485 2.1818181818181817 1.8181818181818181 1.9090909090909092 2.757575757575758 2.121212121212121 3.0 2.696969696969697 1.696969696969697 2.9696969696969697 2.6666666666666665 2.242424242424242 1.3333333333333333 2.3636363636363638 1.7272727272727273 2.4545454545454546 2.484848484848485 2.242424242424242 2.272727272727273 1.5151515151515151 1.696969696969697 2.909090909090909 1.7878787878787878 1.4242424242424243 1.3636363636363635 2.515151515151515 1.2121212121212122 1.4848484848484849 1.6363636363636365 2.515151515151515 2.8484848484848486 2.909090909090909 1.393939393939394 2.1515151515151514 1.606060606060606 1.2121212121212122 2.787878787878788 2.757575757575758 2.5454545454545454 1.5151515151515151 2.0303030303030303 1.606060606060606 1.5757575757575757 3.0 2.242424242424242 1.878787878787879 1.4848484848484849  
48 293.2039712086121 1.3737373737373737 2.0 1.9595959595959596 1.6565656565656566 1.4545454545454546 1.2121212121212122 1.2727272727272727 1.8383838383838385 1.4141414141414141 2.0 1.797979797979798 1.1313131313131313 1.97979797979798 1.7777777777777777 1.494949494949495 0.8888888888888888 1.5757575757575757 1.1515151515151516 1.6363636363636365 1.6565656565656566 1.494949494949495 1.5151515151515151 1.0101010101010102 1.1313131313131313 1.9393939393939394 1.1919191919191918 0.9494949494949495 0.9090909090909091 1.6767676767676767 0.8080808080808081 0.98989898989899 1.0909090909090908 1.6767676767676767 1.898989898989899 1.9393939393939394 0.9292929292929293 1.4343434343434343 1.0707070707070707 0.8080808080808081 1.8585858585858586 1.8383838383838385 1.696969696969697 1.0101010101010102 1.3535353535353536 1.0707070707070707 1.0505050505050506 2.0 1.494949494949495 1.2525252525252526 0.98989898989899  
65 450.6669665792636 1.3737373737373737 2.0 1.9595959595959596 1.6565656565656566 1.4545454545454546 1.2121212121212122 1.2727272727272727 1.8383838383838385 1.4141414141414141 2.0 1.797979797979798 1.1313131313131313 1.97979797979798 1.7777777777777777 1.494949494949495 0.8888888888888888 1.5757575757575757 1.1515151515151516 1.6363636363636365 1.6565656565656566 1.494949494949495 1.5151515151515151 1.0101010101010102 1.1313131313131313 1.9393939393939394 1.1919191919191918 0.9494949494949495 0.9090909090909091 1.6767676767676767 0.8080808080808081 0.98989898989899 1.0909090909090908 1.6767676767676767 1.898989898989899 1.9393939393939394 0.9292929292929293 1.4343434343434343 1.0707070707070707 0.8080808080808081 1.8585858585858586 1.8383838383838385 1.696969696969697 1.0101010101010102 1.3535353535353536 1.0707070707070707 1.0505050505050506 2.0 1.494949494949495 1.2525252525252526 0.98989898989899  
33 272.8446873317135 1.3737373737373737 2.0 1.9595959595959596 1.6565656565656566 1.4545454545454546 1.2121212121212122 1.2727272727272727 1.8383838383838385 1.4141414141414141 2.0 1.797979797979798 1.1313131313131313 1.97979797979798 1.7777777777777777 1.494949494949495 0.8888888888888888 1.5757575757575757 1.1515151515151516 1.6363636363636365 1.6565656565656566 1.494949494949495 1.5151515151515151 1.0101010101010102 1.1313131313131313 1.9393939393939394 1.1919191919191918 0.9494949494949495 0.9090909090909091 1.6767676767676767 0.8080808080808081 0.98989898989899 1.0909090909090908 1.6767676767676767 1.898989898989899 1.9393939393939394 0.9292929292929293 1.4343434343434343 1.0707070707070707 0.8080808080808081 1.8585858585858586 1.8383838383838385 1.696969696969697 1.0101010101010102 1.3535353535353536 1.0707070707070707 1.0505050505050506 2.0 1.494949494949495 1.2525252525252526 0.98989898989899  
85 338.26037330932445 2.0606060606060606 3.0 2.9393939393939394 2.484848484848485 2.1818181818181817 1.8181818181818181 1.9090909090909092 2.757575757575758 2.121212121212121 3.0 2.696969696969697 1.696969696969697 2.9696969696969697 2.6666666666666665 2.242424242424242 1.3333333333333333 2.3636363636363638 1.7272727272727273 2.4545454545454546 2.484848484848485 2.242424242424242 2.272727272727273 1.5151515151515151 1.696969696969697 2.909090909090909 1.7878787878787878 1.4242424242424243 1.3636363636363635 2.515151515151515 1.2121212121212122 1.4848484848484849 1.6363636363636365 2.515151515151515 2.8484848484848486 2.909090909090909 1.393939393939394 2.1515151515151514 1.606060606060606 1.2121212121212122 2.787878787878788 2.757575757575758 2.5454545454545454 1.5151515151515151 2.0303030303030303 1.606060606060606 1.5757575757575757 3.0 2.242424242424242 1.878787878787879 1.4848484848484849  
42 589.2267537327673 1.3737373737373737 2.0 1.9595959595959596 1.6565656565656566 1.4545454545454546 1.2121212121212122 1.2727272727272727 1.8383838383838385 1.4141414141414141 2.0 1.797979797979798 1.1313131313131313 1.97979797979798 1.7777777777777777 1.494949494949495 0.8888888888888888 1.5757575757575757 1.1515151515151516 1.6363636363636365 1.6565656565656566 1.494949494949495 1.5151515151515151 1.0101010101010102 1.1313131313131313 1.9393939393939394 1.1919191919191918 0.9494949494949495 0.9090909090909091 1.6767676767676767 0.8080808080808081 0.98989898989899 1.0909090909090908 1.6767676767676767 1.898989898989899 1.9393939393939394 0.9292929292929293 1.4343434343434343 1.0707070707070707 0.8080808080808081 1.8585858585858586 1.8383838383838385 1.696969696969697 1.0101010101010102 1.3535353535353536 1.0707070707070707 1.0505050505050506 2.0 1.494949494949495 1.2525252525252526 0.98989898989899  
58 348.71688128709974 1.3737373737373737 2.0 1.9595959595959596 1.6565656565656566 1.4545454545454546 1.2121212121212122 1.2727272727272727 1.8383838383838385 1.4141414141414141 2.0 1.797979797979798 1.1313131313131313 1.97979797979798 1.7777777777777777 1.494949494949495 0.8888888888888888 1.5757575757575757 1.1515151515151516 1.6363636363636365 1.6565656565656566 1.494949494949495 1.5151515151515151 1.0101010101010102 1.1313131313131313 1.9393939393939394 1.1919191919191918 0.9494949494949495 0.9090909090909091 1.6767676767676767 0.8080808080808081 0.98989898989899 1.0909090909090908 1.6767676767676767 1.898989898989899 1.9393939393939394 0.9292929292929293 1.4343434343434343 1.0707070707070707 0.8080808080808081 1.8585858585858586 1.8383838383838385 1.696969696969697 1.0101010101010102 1.3535353535353536 1.0707070707070707 1.0505050505050506 2.0 1.494949494949495 1.2525252525252526 0.98989898989899  
54 634.0205320371625 1.3737373737373737 2.0 1.9595959595959596 1.6565656565656566 1.4545454545454546 1.2121212121212122 1.2727272727272727 1.8383838383838385 1.4141414141414141 2.0 1.797979797979798 1.1313131313131313 1.97979797979798 1.7777777777777777 1.494949494949495 0.8888888888888888 1.5757575757575757 1.1515151515151516 1.6363636363636365 1.6565656565656566 1.494949494949495 1.5151515151515151 1.0101010101010102 1.1313131313131313 1.9393939393939394 1.1919191919191918 0.9494949494949495 0.9090909090909091 1.6767676767676767 0.8080808080808081 0.98989898989899 1.0909090909090908 1.6767676767676767 1.898989898989899 1.9393939393939394 0.9292929292929293 1.4343434343434343 1.0707070707070707 0.8080808080808081 1.8585858585858586 1.8383838383838385 1.696969696969697 1.0101010101010102 1.3535353535353536 1.0707070707070707 1.0505050505050506 2.0 1.494949494949495 1.2525252525252526 0.98989898989899  
31 622.2874204363407 2.0606060606060606 3.0 2.9393939393939394 2.484848484848485 2.1818181818181817 1.8181818181818181 1.9090909090909092 2.757575757575758 2.121212121212121 3.0 2.696969696969697 1.696969696969697 2.9696969696969697 2.6666666666666665 2.242424242424242 1.3333333333333333 2.3636363636363638 1.7272727272727273 2.4545454545454546 2.484848484848485 2.242424242424242 2.272727272727273 1.5151515151515151 1.696969696969697 2.909090909090909 1.7878787878787878 1.4242424242424243 1.3636363636363635 2.515151515151515 1.2121212121212122 1.4848484848484849 1.6363636363636365 2.515151515151515 2.8484848484848486 2.909090909090909 1.393939393939394 2.1515151515151514 1.606060606060606 1.2121212121212122 2.787878787878788 2.757575757575758 2.5454545454545454 1.5151515151515151 2.0303030303030303 1.606060606060606 1.5757575757575757 3.0 2.242424242424242 1.878787878787879 1.4848484848484849  
72 471.1826285912585 2.0606060606060606 3.0 2.9393939393939394 2.484848484848485 2.1818181818181817 1.8181818181818181 1.9090909090909092 2.757575757575758 2.121212121212121 3.0 2.696969696969697 1.696969696969697 2.9696969696969697 2.6666666666666665 2.242424242424242 1.3333333333333333 2.3636363636363638 1.7272727272727273 2.4545454545454546 2.484848484848485 2.242424242424242 2.272727272727273 1.5151515151515151 1.696969696969697 2.909090909090909 1.7878787878787878 1.4242424242424243 1.3636363636363635 2.515151515151515 1.2121212121212122 1.4848484848484849 1.6363636363636365 2.515151515151515 2.8484848484848486 2.909090909090909 1.393939393939394 2.1515151515151514 1.606060606060606 1.2121212121212122 2.787878787878788 2.757575757575758 2.5454545454545454 1.5151515151515151 2.0303030303030303 1.606060606060606 1.5757575757575757 3.0 2.242424242424242 1.878787878787879 1.4848484848484849  
49 373.81112634474607 1.3737373737373737 2.0 1.9595959595959596 1.6565656565656566 1.4545454545454546 1.2121212121212122 1.2727272727272727 1.8383838383838385 1.4141414141414141 2.0 1.797979797979798 1.1313131313131313 1.97979797979798 1.7777777777777777 1.494949494949495 0.8888888888888888 1.5757575757575757 1.1515151515151516 1.6363636363636365 1.6565656565656566 1.494949494949495 1.5151515151515151 1.0101010101010102 1.1313131313131313 1.9393939393939394 1.1919191919191918 0.9494949494949495 0.9090909090909091 1.6767676767676767 0.8080808080808081 0.98989898989899 1.0909090909090908 1.6767676767676767 1.898989898989899 1.9393939393939394 0.9292929292929293 1.4343434343434343 1.0707070707070707 0.8080808080808081 1.8585858585858586 1.8383838383838385 1.696969696969697 1.0101010101010102 1.3535353535353536 1.0707070707070707 1.0505050505050506 2.0 1.494949494949495 1.2525252525252526 0.98989898989899  
11 536.1953732360485 1.3737373737373737 2.0 1.9595959595959596 1.6565656565656566 1.4545454545454546 1.2121212121212122 1.2727272727272727 1.8383838383838385 1.4141414141414141 2.0 1.797979797979798 1.1313131313131313 1.97979797979798 1.7777777777777777 1.494949494949495 0.8888888888888888 1.5757575757575757 1.1515151515151516 1.6363636363636365 1.6565656565656566 1.494949494949495 1.5151515151515151 1.0101010101010102 1.1313131313131313 1.9393939393939394 1.1919191919191918 0.9494949494949495 0.9090909090909091 1.6767676767676767 0.8080808080808081 0.98989898989899 1.0909090909090908 1.6767676767676767 1.898989898989899 1.9393939393939394 0.9292929292929293 1.4343434343434343 1.0707070707070707 0.8080808080808081 1.8585858585858586 1.8383838383838385 1.696969696969697 1.0101010101010102 1.3535353535353536 1.0707070707070707 1.0505050505050506 2.0 1.494949494949495 1.2525252525252526 0.98989898989899  
2 115.88225287638932 1.3737373737373737 2.0 1.9595959595959596 1.6565656565656566 1.4545454545454546 1.2121212121212122 1.2727272727272727 1.8383838383838385 1.4141414141414141 2.0 1.797979797979798 1.1313131313131313 1.97979797979798 1.7777777777777777 1.494949494949495 0.8888888888888888 1.5757575757575757 1.1515151515151516 1.6363636363636365 1.6565656565656566 1.494949494949495 1.5151515151515151 1.0101010101010102 1.1313131313131313 1.9393939393939394 1.1919191919191918 0.9494949494949495 0.9090909090909091 1.6767676767676767 0.8080808080808081 0.98989898989899 1.0909090909090908 1.6767676767676767 1.898989898989899 1.9393939393939394 0.9292929292929293 1.4343434343434343 1.0707070707070707 0.8080808080808081 1.8585858585858586 1.8383838383838385 1.696969696969697 1.0101010101010102 1.3535353535353536 1.0707070707070707 1.0505050505050506 2.0 1.494949494949495 1.2525252525252526 0.98989898989899  
19 124.8553916098533 2.0606060606060606 3.0 2.9393939393939394 2.484848484848485 2.1818181818181817 1.8181818181818181 1.9090909090909092 2.757575757575758 2.121212121212121 3.0 2.696969696969697 1.696969696969697 2.9696969696969697 2.6666666666666665 2.242424242424242 1.3333333333333333 2.3636363636363638 1.7272727272727273 2.4545454545454546 2.484848484848485 2.242424242424242 2.272727272727273 1.5151515151515151 1.696969696969697 2.909090909090909 1.7878787878787878 1.4242424242424243 1.3636363636363635 2.515151515151515 1.2121212121212122 1.4848484848484849 1.6363636363636365 2.515151515151515 2.8484848484848486 2.909090909090909 1.393939393939394 2.1515151515151514 1.606060606060606 1.2121212121212122 2.787878787878788 2.757575757575758 2.5454545454545454 1.5151515151515151 2.0303030303030303 1.606060606060606 1.5757575757575757 3.0 2.242424242424242 1.878787878787879 1.4848484848484849  
71 396.8387586494291 1.3737373737373737 2.0 1.9595959595959596 1.6565656565656566 1.4545454545454546 1.2121212121212122 1.2727272727272727 1.8383838383838385 1.4141414141414141 2.0 1.797979797979798 1.1313131313131313 1.97979797979798 1.7777777777777777 1.494949494949495 0.8888888888888888 1.5757575757575757 1.1515151515151516 1.6363636363636365 1.6565656565656566 1.494949494949495 1.5151515151515151 1.0101010101010102 1.1313131313131313 1.9393939393939394 1.1919191919191918 0.9494949494949495 0.9090909090909091 1.6767676767676767 0.8080808080808081 0.98989898989899 1.0909090909090908 1.6767676767676767 1.898989898989899 1.9393939393939394 0.9292929292929293 1.4343434343434343 1.0707070707070707 0.8080808080808081 1.8585858585858586 1.8383838383838385 1.696969696969697 1.0101010101010102 1.3535353535353536 1.0707070707070707 1.0505050505050506 2.0 1.494949494949495 1.2525252525252526 0.98989898989899  
17 222.63486621491097 2.0606060606060606 3.0 2.9393939393939394 2.484848484848485 2.1818181818181817 1.8181818181818181 1.9090909090909092 2.757575757575758 2.121212121212121 3.0 2.696969696969697 1.696969696969697 2.9696969696969697 2.6666666666666665 2.242424242424242 1.3333333333333333 2.3636363636363638 1.7272727272727273 2.4545454545454546 2.484848484848485 2.242424242424242 2.272727272727273 1.5151515151515151 1.696969696969697 2.909090909090909 1.7878787878787878 1.4242424242424243 1.3636363636363635 2.515151515151515 1.2121212121212122 1.4848484848484849 1.6363636363636365 2.515151515151515 2.8484848484848486 2.909090909090909 1.393939393939394 2.1515151515151514 1.606060606060606 1.2121212121212122 2.787878787878788 2.757575757575758 2.5454545454545454 1.5151515151515151 2.0303030303030303 1.606060606060606 1.5757575757575757 3.0 2.242424242424242 1.878787878787879 1.4848484848484849  
16 305.3650428954073 1.3737373737373737 2.0 1.9595959595959596 1.6565656565656566 1.4545454545454546 1.2121212121212122 1.2727272727272727 1.8383838383838385 1.4141414141414141 2.0 1.797979797979798 1.1313131313131313 1.97979797979798 1.7777777777777777 1.494949494949495 0.8888888888888888 1.5757575757575757 1.1515151515151516 1.6363636363636365 1.6565656565656566 1.494949494949495 1.5151515151515151 1.0101010101010102 1.1313131313131313 1.9393939393939394 1.1919191919191918 0.9494949494949495 0.9090909090909091 1.6767676767676767 0.8080808080808081 0.98989898989899 1.0909090909090908 1.6767676767676767 1.898989898989899 1.9393939393939394 0.9292929292929293 1.4343434343434343 1.0707070707070707 0.8080808080808081 1.8585858585858586 1.8383838383838385 1.696969696969697 1.0101010101010102 1.3535353535353536 1.0707070707070707 1.0505050505050506 2.0 1.494949494949495 1.2525252525252526 0.98989898989899  
26 204.94973702799837 2.0606060606060606 3.0 2.9393939393939394 2.484848484848485 2.1818181818181817 1.8181818181818181 1.9090909090909092 2.757575757575758 2.121212121212121 3.0 2.696969696969697 1.696969696969697 2.9696969696969697 2.6666666666666665 2.242424242424242 1.3333333333333333 2.3636363636363638 1.7272727272727273 2.4545454545454546 2.484848484848485 2.242424242424242 2.272727272727273 1.5151515151515151 1.696969696969697 2.909090909090909 1.7878787878787878 1.4242424242424243 1.3636363636363635 2.515151515151515 1.2121212121212122 1.4848484848484849 1.6363636363636365 2.515151515151515 2.8484848484848486 2.909090909090909 1.393939393939394 2.1515151515151514 1.606060606060606 1.2121212121212122 2.787878787878788 2.757575757575758 2.5454545454545454 1.5151515151515151 2.0303030303030303 1.606060606060606 1.5757575757575757 3.0 2.242424242424242 1.878787878787879 1.4848484848484849  
15 343.04741260011383 1.3737373737373737 2.0 1.9595959595959596 1.6565656565656566 1.4545454545454546 1.2121212121212122 1.2727272727272727 1.8383838383838385 1.4141414141414141 2.0 1.797979797979798 1.1313131313131313 1.97979797979798 1.7777777777777777 1.494949494949495 0.8888888888888888 1.5757575757575757 1.1515151515151516 1.6363636363636365 1.6565656565656566 1.494949494949495 1.5151515151515151 1.0101010101010102 1.1313131313131313 1.9393939393939394 1.1919191919191918 0.9494949494949495 0.9090909090909091 1.6767676767676767 0.8080808080808081 0.98989898989899 1.0909090909090908 1.6767676767676767 1.898989898989899 1.9393939393939394 0.9292929292929293 1.4343434343434343 1.0707070707070707 0.8080808080808081 1.8585858585858586 1.8383838383838385 1.696969696969697 1.0101010101010102 1.3535353535353536 1.0707070707070707 1.0505050505050506 2.0 1.494949494949495 1.2525252525252526 0.98989898989899  
6 421.2524709027297 2.0606060606060606 3.0 2.9393939393939394 2.484848484848485 2.1818181818181817 1.8181818181818181 1.9090909090909092 2.757575757575758 2.121212121212121 3.0 2.696969696969697 1.696969696969697 2.9696969696969697 2.6666666666666665 2.242424242424242 1.3333333333333333 2.3636363636363638 1.7272727272727273 2.4545454545454546 2.484848484848485 2.242424242424242 2.272727272727273 1.5151515151515151 1.696969696969697 2.909090909090909 1.7878787878787878 1.4242424242424243 1.3636363636363635 2.515151515151515 1.2121212121212122 1.4848484848484849 1.6363636363636365 2.515151515151515 2.8484848484848486 2.909090909090909 1.393939393939394 2.1515151515151514 1.606060606060606 1.2121212121212122 2.787878787878788 2.757575757575758 2.5454545454545454 1.5151515151515151 2.0303030303030303 1.606060606060606 1.5757575757575757 3.0 2.242424242424242 1.878787878787879 1.4848484848484849  
37 128.89338000234733 1.3737373737373737 2.0 1.9595959595959596 1.6565656565656566 1.4545454545454546 1.2121212121212122 1.2727272727272727 1.8383838383838385 1.4141414141414141 2.0 1.797979797979798 1.1313131313131313 1.97979797979798 1.7777777777777777 1.494949494949495 0.8888888888888888 1.5757575757575757 1.1515151515151516 1.6363636363636365 1.6565656565656566 1.494949494949495 1.5151515151515151 1.0101010101010102 1.1313131313131313 1.9393939393939394 1.1919191919191918 0.9494949494949495 0.9090909090909091 1.6767676767676767 0.8080808080808081 0.98989898989899 1.0909090909090908 1.6767676767676767 1.898989898989899 1.9393939393939394 0.9292929292929293 1.4343434343434343 1.0707070707070707 0.8080808080808081 1.8585858585858586 1.8383838383838385 1.696969696969697 1.0101010101010102 1.3535353535353536 1.0707070707070707 1.0505050505050506 2.0 1.494949494949495 1.2525252525252526 0.98989898989899  
43 425.18349089855053 1.3737373737373737 2.0 1.9595959595959596 1.6565656565656566 1.4545454545454546 1.2121212121212122 1.2727272727272727 1.8383838383838385 1.4141414141414141 2.0 1.797979797979798 1.1313131313131313 1.97979797979798 1.7777777777777777 1.494949494949495 0.8888888888888888 1.5757575757575757 1.1515151515151516 1.6363636363636365 1.6565656565656566 1.494949494949495 1.5151515151515151 1.0101010101010102 1.1313131313131313 1.9393939393939394 1.1919191919191918 0.9494949494949495 0.9090909090909091 1.6767676767676767 0.8080808080808081 0.98989898989899 1.0909090909090908 1.6767676767676767 1.898989898989899 1.9393939393939394 0.9292929292929293 1.4343434343434343 1.0707070707070707 0.8080808080808081 1.8585858585858586 1.8383838383838385 1.696969696969697 1.0101010101010102 1.3535353535353536 1.0707070707070707 1.0505050505050506 2.0 1.494949494949495 1.2525252525252526 0.98989898989899  
88 24.85463067678677 1.3737373737373737 2.0 1.9595959595959596 1.6565656565656566 1.4545454545454546 1.2121212121212122 1.2727272727272727 1.8383838383838385 1.4141414141414141 2.0 1.797979797979798 1.1313131313131313 1.97979797979798 1.7777777777777777 1.494949494949495 0.8888888888888888 1.5757575757575757 1.1515151515151516 1.6363636363636365 1.6565656565656566 1.494949494949495 1.5151515151515151 1.0101010101010102 1.1313131313131313 1.9393939393939394 1.1919191919191918 0.9494949494949495 0.9090909090909091 1.6767676767676767 0.8080808080808081 0.98989898989899 1.0909090909090908 1.6767676767676767 1.898989898989899 1.9393939393939394 0.9292929292929293 1.4343434343434343 1.0707070707070707 0.8080808080808081 1.8585858585858586 1.8383838383838385 1.696969696969697 1.0101010101010102 1.3535353535353536 1.0707070707070707 1.0505050505050506 2.0 1.494949494949495 1.2525252525252526 0.98989898989899  
66 505.7336187533828 2.0606060606060606 3.0 2.9393939393939394 2.484848484848485 2.1818181818181817 1.8181818181818181 1.9090909090909092 2.757575757575758 2.121212121212121 3.0 2.696969696969697 1.696969696969697 2.9696969696969697 2.6666666666666665 2.242424242424242 1.3333333333333333 2.3636363636363638 1.7272727272727273 2.4545454545454546 2.484848484848485 2.242424242424242 2.272727272727273 1.5151515151515151 1.696969696969697 2.909090909090909 1.7878787878787878 1.4242424242424243 1.3636363636363635 2.515151515151515 1.2121212121212122 1.4848484848484849 1.6363636363636365 2.515151515151515 2.8484848484848486 2.909090909090909 1.393939393939394 2.1515151515151514 1.606060606060606 1.2121212121212122 2.787878787878788 2.757575757575758 2.5454545454545454 1.5151515151515151 2.0303030303030303 1.606060606060606 1.5757575757575757 3.0 2.242424242424242 1.878787878787879 1.4848484848484849  
57 511.1005490036937 2.0606060606060606 3.0 2.9393939393939394 2.484848484848485 2.1818181818181817 1.8181818181818181 1.9090909090909092 2.757575757575758 2.121212121212121 3.0 2.696969696969697 1.696969696969697 2.9696969696969697 2.6666666666666665 2.242424242424242 1.3333333333333333 2.3636363636363638 1.7272727272727273 2.4545454545454546 2.484848484848485 2.242424242424242 2.272727272727273 1.5151515151515151 1.696969696969697 2.909090909090909 1.7878787878787878 1.4242424242424243 1.3636363636363635 2.515151515151515 1.2121212121212122 1.4848484848484849 1.6363636363636365 2.515151515151515 2.8484848484848486 2.909090909090909 1.393939393939394 2.1515151515151514 1.606060606060606 1.2121212121212122 2.787878787878788 2.757575757575758 2.5454545454545454 1.5151515151515151 2.0303030303030303 1.606060606060606 1.5757575757575757 3.0 2.242424242424242 1.878787878787879 1.4848484848484849  
46 229.06583065276146 1.3737373737373737 2.0 1.9595959595959596 1.6565656565656566 1.4545454545454546 1.2121212121212122 1.2727272727272727 1.8383838383838385 1.4141414141414141 2.0 1.797979797979798 1.1313131313131313 1.97979797979798 1.7777777777777777 1.494949494949495 0.8888888888888888 1.5757575757575757 1.1515151515151516 1.6363636363636365 1.6565656565656566 1.494949494949495 1.5151515151515151 1.0101010101010102 1.1313131313131313 1.9393939393939394 1.1919191919191918 0.9494949494949495 0.9090909090909091 1.6767676767676767 0.8080808080808081 0.98989898989899 1.0909090909090908 1.6767676767676767 1.898989898989899 1.9393939393939394 0.9292929292929293 1.4343434343434343 1.0707070707070707 0.8080808080808081 1.8585858585858586 1.8383838383838385 1.696969696969697 1.0101010101010102 1.3535353535353536 1.0707070707070707 1.0505050505050506 2.0 1.494949494949495 1.2525252525252526 0.98989898989899  
5 215.2854387223959 2.0606060606060606 3.0 2.9393939393939394 2.484848484848485 2.1818181818181817 1.8181818181818181 1.9090909090909092 2.757575757575758 2.121212121212121 3.0 2.696969696969697 1.696969696969697 2.9696969696969697 2.6666666666666665 2.242424242424242 1.3333333333333333 2.3636363636363638 1.7272727272727273 2.4545454545454546 2.484848484848485 2.242424242424242 2.272727272727273 1.5151515151515151 1.696969696969697 2.909090909090909 1.7878787878787878 1.4242424242424243 1.3636363636363635 2.515151515151515 1.2121212121212122 1.4848484848484849 1.6363636363636365 2.515151515151515 2.8484848484848486 2.909090909090909 1.393939393939394 2.1515151515151514 1.606060606060606 1.2121212121212122 2.787878787878788 2.757575757575758 2.5454545454545454 1.5151515151515151 2.0303030303030303 1.606060606060606 1.5757575757575757 3.0 2.242424242424242 1.878787878787879 1.4848484848484849  
47 309.12193307490804 2.0606060606060606 3.0 2.9393939393939394 2.484848484848485 2.1818181818181817 1.8181818181818181 1.9090909090909092 2.757575757575758 2.121212121212121 3.0 2.696969696969697 1.696969696969697 2.9696969696969697 2.6666666666666665 2.242424242424242 1.3333333333333333 2.3636363636363638 1.7272727272727273 2.4545454545454546 2.484848484848485 2.242424242424242 2.272727272727273 1.5151515151515151 1.696969696969697 2.909090909090909 1.7878787878787878 1.4242424242424243 1.3636363636363635 2.515151515151515 1.2121212121212122 1.4848484848484849 1.6363636363636365 2.515151515151515 2.8484848484848486 2.909090909090909 1.393939393939394 2.1515151515151514 1.606060606060606 1.2121212121212122 2.787878787878788 2.757575757575758 2.5454545454545454 1.5151515151515151 2.0303030303030303 1.606060606060606 1.5757575757575757 3.0 2.242424242424242 1.878787878787879 1.4848484848484849  
77 8.7133065249406 2.0606060606060606 3.0 2.9393939393939394 2.484848484848485 2.1818181818181817 1.8181818181818181 1.9090909090909092 2.757575757575758 2.121212121212121 3.0 2.696969696969697 1.696969696969697 2.9696969696969697 2.6666666666666665 2.242424242424242 1.3333333333333333 2.3636363636363638 1.7272727272727273 2.4545454545454546 2.484848484848485 2.242424242424242 2.272727272727273 1.5151515151515151 1.696969696969697 2.909090909090909 1.7878787878787878 1.4242424242424243 1.3636363636363635 2.515151515151515 1.2121212121212122 1.4848484848484849 1.6363636363636365 2.515151515151515 2.8484848484848486 2.909090909090909 1.393939393939394 2.1515151515151514 1.606060606060606 1.2121212121212122 2.787878787878788 2.757575757575758 2.5454545454545454 1.5151515151515151 2.0303030303030303 1.606060606060606 1.5757575757575757 3.0 2.242424242424242 1.878787878787879 1.4848484848484849  
63 325.0776428627975 2.0606060606060606 3.0 2.9393939393939394 2.484848484848485 2.1818181818181817 1.8181818181818181 1.9090909090909092 2.757575757575758 2.121212121212121 3.0 2.696969696969697 1.696969696969697 2.9696969696969697 2.6666666666666665 2.242424242424242 1.3333333333333333 2.3636363636363638 1.7272727272727273 2.4545454545454546 2.484848484848485 2.242424242424242 2.272727272727273 1.5151515151515151 1.696969696969697 2.909090909090909 1.7878787878787878 1.4242424242424243 1.3636363636363635 2.515151515151515 1.2121212121212122 1.4848484848484849 1.6363636363636365 2.515151515151515 2.8484848484848486 2.909090909090909 1.393939393939394 2.1515151515151514 1.606060606060606 1.2121212121212122 2.787878787878788 2.757575757575758 2.5454545454545454 1.5151515151515151 2.0303030303030303 1.606060606060606 1.5757575757575757 3.0 2.242424242424242 1.878787878787879 1.4848484848484849  
81 210.9912645746138 2.0606060606060606 3.0 2.9393939393939394 2.484848484848485 2.1818181818181817 1.8181818181818181 1.9090909090909092 2.757575757575758 2.121212121212121 3.0 2.696969696969697 1.696969696969697 2.9696969696969697 2.6666666666666665 2.242424242424242 1.3333333333333333 2.3636363636363638 1.7272727272727273 2.4545454545454546 2.484848484848485 2.242424242424242 2.272727272727273 1.5151515151515151 1.696969696969697 2.909090909090909 1.7878787878787878 1.4242424242424243 1.3636363636363635 2.515151515151515 1.2121212121212122 1.4848484848484849 1.6363636363636365 2.515151515151515 2.8484848484848486 2.909090909090909 1.393939393939394 2.1515151515151514 1.606060606060606 1.2121212121212122 2.787878787878788 2.757575757575758 2.5454545454545454 1.5151515151515151 2.0303030303030303 1.606060606060606 1.5757575757575757 3.0 2.242424242424242 1.878787878787879 1.4848484848484849  
62 12.33980991805149 2.0606060606060606 3.0 2.9393939393939394 2.484848484848485 2.1818181818181817 1.8181818181818181 1.9090909090909092 2.757575757575758 2.121212121212121 3.0 2.696969696969697 1.696969696969697 2.9696969696969697 2.6666666666666665 2.242424242424242 1.3333333333333333 2.3636363636363638 1.7272727272727273 2.4545454545454546 2.484848484848485 2.242424242424242 2.272727272727273 1.5151515151515151 1.696969696969697 2.909090909090909 1.7878787878787878 1.4242424242424243 1.3636363636363635 2.515151515151515 1.2121212121212122 1.4848484848484849 1.6363636363636365 2.515151515151515 2.8484848484848486 2.909090909090909 1.393939393939394 2.1515151515151514 1.606060606060606 1.2121212121212122 2.787878787878788 2.757575757575758 2.5454545454545454 1.5151515151515151 2.0303030303030303 1.606060606060606 1.5757575757575757 3.0 2.242424242424242 1.878787878787879 1.4848484848484849  
82 58.341532352765384 2.0606060606060606 3.0 2.9393939393939394 2.484848484848485 2.1818181818181817 1.8181818181818181 1.9090909090909092 2.757575757575758 2.121212121212121 3.0 2.696969696969697 1.696969696969697 2.9696969696969697 2.6666666666666665 2.242424242424242 1.3333333333333333 2.3636363636363638 1.7272727272727273 2.4545454545454546 2.484848484848485 2.242424242424242 2.272727272727273 1.5151515151515151 1.696969696969697 2.909090909090909 1.7878787878787878 1.4242424242424243 1.3636363636363635 2.515151515151515 1.2121212121212122 1.4848484848484849 1.6363636363636365 2.515151515151515 2.8484848484848486 2.909090909090909 1.393939393939394 2.1515151515151514 1.606060606060606 1.2121212121212122 2.787878787878788 2.757575757575758 2.5454545454545454 1.5151515151515151 2.0303030303030303 1.606060606060606 1.5757575757575757 3.0 2.242424242424242 1.878787878787879 1.4848484848484849  
38 162.0864654320319 1.3737373737373737 2.0 1.9595959595959596 1.6565656565656566 1.4545454545454546 1.2121212121212122 1.2727272727272727 1.8383838383838385 1.4141414141414141 2.0 1.797979797979798 1.1313131313131313 1.97979797979798 1.7777777777777777 1.494949494949495 0.8888888888888888 1.5757575757575757 1.1515151515151516 1.6363636363636365 1.6565656565656566 1.494949494949495 1.5151515151515151 1.0101010101010102 1.1313131313131313 1.9393939393939394 1.1919191919191918 0.9494949494949495 0.9090909090909091 1.6767676767676767 0.8080808080808081 0.98989898989899 1.0909090909090908 1.6767676767676767 1.898989898989899 1.9393939393939394 0.9292929292929293 1.4343434343434343 1.0707070707070707 0.8080808080808081 1.8585858585858586 1.8383838383838385 1.696969696969697 1.0101010101010102 1.3535353535353536 1.0707070707070707 1.0505050505050506 2.0 1.494949494949495 1.2525252525252526 0.98989898989899  
20 677.5943281276938 1.3737373737373737 2.0 1.9595959595959596 1.6565656565656566 1.4545454545454546 1.2121212121212122 1.2727272727272727 1.8383838383838385 1.4141414141414141 2.0 1.797979797979798 1.1313131313131313 1.97979797979798 1.7777777777777777 1.494949494949495 0.8888888888888888 1.5757575757575757 1.1515151515151516 1.6363636363636365 1.6565656565656566 1.494949494949495 1.5151515151515151 1.0101010101010102 1.1313131313131313 1.9393939393939394 1.1919191919191918 0.9494949494949495 0.9090909090909091 1.6767676767676767 0.8080808080808081 0.98989898989899 1.0909090909090908 1.6767676767676767 1.898989898989899 1.9393939393939394 0.9292929292929293 1.4343434343434343 1.0707070707070707 0.8080808080808081 1.8585858585858586 1.8383838383838385 1.696969696969697 1.0101010101010102 1.3535353535353536 1.0707070707070707 1.0505050505050506 2.0 1.494949494949495 1.2525252525252526 0.98989898989899  
36 784.7603180723095 2.0606060606060606 3.0 2.9393939393939394 2.484848484848485 2.1818181818181817 1.8181818181818181 1.9090909090909092 2.757575757575758 2.121212121212121 3.0 2.696969696969697 1.696969696969697 2.9696969696969697 2.6666666666666665 2.242424242424242 1.3333333333333333 2.3636363636363638 1.7272727272727273 2.4545454545454546 2.484848484848485 2.242424242424242 2.272727272727273 1.5151515151515151 1.696969696969697 2.909090909090909 1.7878787878787878 1.4242424242424243 1.3636363636363635 2.515151515151515 1.2121212121212122 1.4848484848484849 1.6363636363636365 2.515151515151515 2.8484848484848486 2.909090909090909 1.393939393939394 2.1515151515151514 1.606060606060606 1.2121212121212122 2.787878787878788 2.757575757575758 2.5454545454545454 1.5151515151515151 2.0303030303030303 1.606060606060606 1.5757575757575757 3.0 2.242424242424242 1.878787878787879 1.4848484848484849  
41 538.3432483785236 1.3737373737373737 2.0 1.9595959595959596 1.6565656565656566 1.4545454545454546 1.2121212121212122 1.2727272727272727 1.8383838383838385 1.4141414141414141 2.0 1.797979797979798 1.1313131313131313 1.97979797979798 1.7777777777777777 1.494949494949495 0.8888888888888888 1.5757575757575757 1.1515151515151516 1.6363636363636365 1.6565656565656566 1.494949494949495 1.5151515151515151 1.0101010101010102 1.1313131313131313 1.9393939393939394 1.1919191919191918 0.9494949494949495 0.9090909090909091 1.6767676767676767 0.8080808080808081 0.98989898989899 1.0909090909090908 1.6767676767676767 1.898989898989899 1.9393939393939394 0.9292929292929293 1.4343434343434343 1.0707070707070707 0.8080808080808081 1.8585858585858586 1.8383838383838385 1.696969696969697 1.0101010101010102 1.3535353535353536 1.0707070707070707 1.0505050505050506 2.0 1.494949494949495 1.2525252525252526 0.98989898989899  
4 64.31168884587679 2.0606060606060606 3.0 2.9393939393939394 2.484848484848485 2.1818181818181817 1.8181818181818181 1.9090909090909092 2.757575757575758 2.121212121212121 3.0 2.696969696969697 1.696969696969697 2.9696969696969697 2.6666666666666665 2.242424242424242 1.3333333333333333 2.3636363636363638 1.7272727272727273 2.4545454545454546 2.484848484848485 2.242424242424242 2.272727272727273 1.5151515151515151 1.696969696969697 2.909090909090909 1.7878787878787878 1.4242424242424243 1.3636363636363635 2.515151515151515 1.2121212121212122 1.4848484848484849 1.6363636363636365 2.515151515151515 2.8484848484848486 2.909090909090909 1.393939393939394 2.1515151515151514 1.606060606060606 1.2121212121212122 2.787878787878788 2.757575757575758 2.5454545454545454 1.5151515151515151 2.0303030303030303 1.606060606060606 1.5757575757575757 3.0 2.242424242424242 1.878787878787879 1.4848484848484849  
29 427.2658880632075 1.3737373737373737 2.0 1.9595959595959596 1.6565656565656566 1.4545454545454546 1.2121212121212122 1.2727272727272727 1.8383838383838385 1.4141414141414141 2.0 1.797979797979798 1.1313131313131313 1.97979797979798 1.7777777777777777 1.494949494949495 0.8888888888888888 1.5757575757575757 1.1515151515151516 1.6363636363636365 1.6565656565656566 1.494949494949495 1.5151515151515151 1.0101010101010102 1.1313131313131313 1.9393939393939394 1.1919191919191918 0.9494949494949495 0.9090909090909091 1.6767676767676767 0.8080808080808081 0.98989898989899 1.0909090909090908 1.6767676767676767 1.898989898989899 1.9393939393939394 0.9292929292929293 1.4343434343434343 1.0707070707070707 0.8080808080808081 1.8585858585858586 1.8383838383838385 1.696969696969697 1.0101010101010102 1.3535353535353536 1.0707070707070707 1.0505050505050506 2.0 1.494949494949495 1.2525252525252526 0.98989898989899  
79 122.55161568078461 1.3737373737373737 2.0 1.9595959595959596 1.6565656565656566 1.4545454545454546 1.2121212121212122 1.2727272727272727 1.8383838383838385 1.4141414141414141 2.0 1.797979797979798 1.1313131313131313 1.97979797979798 1.7777777777777777 1.494949494949495 0.8888888888888888 1.5757575757575757 1.1515151515151516 1.6363636363636365 1.6565656565656566 1.494949494949495 1.5151515151515151 1.0101010101010102 1.1313131313131313 1.9393939393939394 1.1919191919191918 0.9494949494949495 0.9090909090909091 1.6767676767676767 0.8080808080808081 0.98989898989899 1.0909090909090908 1.6767676767676767 1.898989898989899 1.9393939393939394 0.9292929292929293 1.4343434343434343 1.0707070707070707 0.8080808080808081 1.8585858585858586 1.8383838383838385 1.696969696969697 1.0101010101010102 1.3535353535353536 1.0707070707070707 1.0505050505050506 2.0 1.494949494949495 1.2525252525252526 0.98989898989899  
50 552.8093261442 2.0606060606060606 3.0 2.9393939393939394 2.484848484848485 2.1818181818181817 1.8181818181818181 1.9090909090909092 2.757575757575758 2.121212121212121 3.0 2.696969696969697 1.696969696969697 2.9696969696969697 2.6666666666666665 2.242424242424242 1.3333333333333333 2.3636363636363638 1.7272727272727273 2.4545454545454546 2.484848484848485 2.242424242424242 2.272727272727273 1.5151515151515151 1.696969696969697 2.909090909090909 1.7878787878787878 1.4242424242424243 1.3636363636363635 2.515151515151515 1.2121212121212122 1.4848484848484849 1.6363636363636365 2.515151515151515 2.8484848484848486 2.909090909090909 1.393939393939394 2.1515151515151514 1.606060606060606 1.2121212121212122 2.787878787878788 2.757575757575758 2.5454545454545454 1.5151515151515151 2.0303030303030303 1.606060606060606 1.5757575757575757 3.0 2.242424242424242 1.878787878787879 1.4848484848484849  
40 363.7474240421085 2.0606060606060606 3.0 2.9393939393939394 2.484848484848485 2.1818181818181817 1.8181818181818181 1.9090909090909092 2.757575757575758 2.121212121212121 3.0 2.696969696969697 1.696969696969697 2.9696969696969697 2.6666666666666665 2.242424242424242 1.3333333333333333 2.3636363636363638 1.7272727272727273 2.4545454545454546 2.484848484848485 2.242424242424242 2.272727272727273 1.5151515151515151 1.696969696969697 2.909090909090909 1.7878787878787878 1.4242424242424243 1.3636363636363635 2.515151515151515 1.2121212121212122 1.4848484848484849 1.6363636363636365 2.515151515151515 2.8484848484848486 2.909090909090909 1.393939393939394 2.1515151515151514 1.606060606060606 1.2121212121212122 2.787878787878788 2.757575757575758 2.5454545454545454 1.5151515151515151 2.0303030303030303 1.606060606060606 1.5757575757575757 3.0 2.242424242424242 1.878787878787879 1.4848484848484849  
1 103.1478709748018 1.3737373737373737 2.0 1.9595959595959596 1.6565656565656566 1.4545454545454546 1.2121212121212122 1.2727272727272727 1.8383838383838385 1.4141414141414141 2.0 1.797979797979798 1.1313131313131313 1.97979797979798 1.7777777777777777 1.494949494949495 0.8888888888888888 1.5757575757575757 1.1515151515151516 1.6363636363636365 1.6565656565656566 1.494949494949495 1.5151515151515151 1.0101010101010102 1.1313131313131313 1.9393939393939394 1.1919191919191918 0.9494949494949495 0.9090909090909091 1.6767676767676767 0.8080808080808081 0.98989898989899 1.0909090909090908 1.6767676767676767 1.898989898989899 1.9393939393939394 0.9292929292929293 1.4343434343434343 1.0707070707070707 0.8080808080808081 1.8585858585858586 1.8383838383838385 1.696969696969697 1.0101010101010102 1.3535353535353536 1.0707070707070707 1.0505050505050506 2.0 1.494949494949495 1.2525252525252526 0.98989898989899  
35 419.34072583244694 1.3737373737373737 2.0 1.9595959595959596 1.6565656565656566 1.4545454545454546 1.2121212121212122 1.2727272727272727 1.8383838383838385 1.4141414141414141 2.0 1.797979797979798 1.1313131313131313 1.97979797979798 1.7777777777777777 1.494949494949495 0.8888888888888888 1.5757575757575757 1.1515151515151516 1.6363636363636365 1.6565656565656566 1.494949494949495 1.5151515151515151 1.0101010101010102 1.1313131313131313 1.9393939393939394 1.1919191919191918 0.9494949494949495 0.9090909090909091 1.6767676767676767 0.8080808080808081 0.98989898989899 1.0909090909090908 1.6767676767676767 1.898989898989899 1.9393939393939394 0.9292929292929293 1.4343434343434343 1.0707070707070707 0.8080808080808081 1.8585858585858586 1.8383838383838385 1.696969696969697 1.0101010101010102 1.3535353535353536 1.0707070707070707 1.0505050505050506 2.0 1.494949494949495 1.2525252525252526 0.98989898989899  
7 153.64718867027145 1.3737373737373737 2.0 1.9595959595959596 1.6565656565656566 1.4545454545454546 1.2121212121212122 1.2727272727272727 1.8383838383838385 1.4141414141414141 2.0 1.797979797979798 1.1313131313131313 1.97979797979798 1.7777777777777777 1.494949494949495 0.8888888888888888 1.5757575757575757 1.1515151515151516 1.6363636363636365 1.6565656565656566 1.494949494949495 1.5151515151515151 1.0101010101010102 1.1313131313131313 1.9393939393939394 1.1919191919191918 0.9494949494949495 0.9090909090909091 1.6767676767676767 0.8080808080808081 0.98989898989899 1.0909090909090908 1.6767676767676767 1.898989898989899 1.9393939393939394 0.9292929292929293 1.4343434343434343 1.0707070707070707 0.8080808080808081 1.8585858585858586 1.8383838383838385 1.696969696969697 1.0101010101010102 1.3535353535353536 1.0707070707070707 1.0505050505050506 2.0 1.494949494949495 1.2525252525252526 0.98989898989899  
23 385.3751960885836 1.3737373737373737 2.0 1.9595959595959596 1.6565656565656566 1.4545454545454546 1.2121212121212122 1.2727272727272727 1.8383838383838385 1.4141414141414141 2.0 1.797979797979798 1.1313131313131313 1.97979797979798 1.7777777777777777 1.494949494949495 0.8888888888888888 1.5757575757575757 1.1515151515151516 1.6363636363636365 1.6565656565656566 1.494949494949495 1.5151515151515151 1.0101010101010102 1.1313131313131313 1.9393939393939394 1.1919191919191918 0.9494949494949495 0.9090909090909091 1.6767676767676767 0.8080808080808081 0.98989898989899 1.0909090909090908 1.6767676767676767 1.898989898989899 1.9393939393939394 0.9292929292929293 1.4343434343434343 1.0707070707070707 0.8080808080808081 1.8585858585858586 1.8383838383838385 1.696969696969697 1.0101010101010102 1.3535353535353536 1.0707070707070707 1.0505050505050506 2.0 1.494949494949495 1.2525252525252526 0.98989898989899  
52 319.80858439420456 2.0606060606060606 3.0 2.9393939393939394 2.484848484848485 2.1818181818181817 1.8181818181818181 1.9090909090909092 2.757575757575758 2.121212121212121 3.0 2.696969696969697 1.696969696969697 2.9696969696969697 2.6666666666666665 2.242424242424242 1.3333333333333333 2.3636363636363638 1.7272727272727273 2.4545454545454546 2.484848484848485 2.242424242424242 2.272727272727273 1.5151515151515151 1.696969696969697 2.909090909090909 1.7878787878787878 1.4242424242424243 1.3636363636363635 2.515151515151515 1.2121212121212122 1.4848484848484849 1.6363636363636365 2.515151515151515 2.8484848484848486 2.909090909090909 1.393939393939394 2.1515151515151514 1.606060606060606 1.2121212121212122 2.787878787878788 2.757575757575758 2.5454545454545454 1.5151515151515151 2.0303030303030303 1.606060606060606 1.5757575757575757 3.0 2.242424242424242 1.878787878787879 1.4848484848484849  
53 10.235844836059096 1.3737373737373737 2.0 1.9595959595959596 1.6565656565656566 1.4545454545454546 1.2121212121212122 1.2727272727272727 1.8383838383838385 1.4141414141414141 2.0 1.797979797979798 1.1313131313131313 1.97979797979798 1.7777777777777777 1.494949494949495 0.8888888888888888 1.5757575757575757 1.1515151515151516 1.6363636363636365 1.6565656565656566 1.494949494949495 1.5151515151515151 1.0101010101010102 1.1313131313131313 1.9393939393939394 1.1919191919191918 0.9494949494949495 0.9090909090909091 1.6767676767676767 0.8080808080808081 0.98989898989899 1.0909090909090908 1.6767676767676767 1.898989898989899 1.9393939393939394 0.9292929292929293 1.4343434343434343 1.0707070707070707 0.8080808080808081 1.8585858585858586 1.8383838383838385 1.696969696969697 1.0101010101010102 1.3535353535353536 1.0707070707070707 1.0505050505050506 2.0 1.494949494949495 1.2525252525252526 0.98989898989899  
10 196.91335885381753 1.3737373737373737 2.0 1.9595959595959596 1.6565656565656566 1.4545454545454546 1.2121212121212122 1.2727272727272727 1.8383838383838385 1.4141414141414141 2.0 1.797979797979798 1.1313131313131313 1.97979797979798 1.7777777777777777 1.494949494949495 0.8888888888888888 1.5757575757575757 1.1515151515151516 1.6363636363636365 1.6565656565656566 1.494949494949495 1.5151515151515151 1.0101010101010102 1.1313131313131313 1.9393939393939394 1.1919191919191918 0.9494949494949495 0.9090909090909091 1.6767676767676767 0.8080808080808081 0.98989898989899 1.0909090909090908 1.6767676767676767 1.898989898989899 1.9393939393939394 0.9292929292929293 1.4343434343434343 1.0707070707070707 0.8080808080808081 1.8585858585858586 1.8383838383838385 1.696969696969697 1.0101010101010102 1.3535353535353536 1.0707070707070707 1.0505050505050506 2.0 1.494949494949495 1.2525252525252526 0.98989898989899  
30 729.7674633906396 2.0606060606060606 3.0 2.9393939393939394 2.484848484848485 2.1818181818181817 1.8181818181818181 1.9090909090909092 2.757575757575758 2.121212121212121 3.0 2.696969696969697 1.696969696969697 2.9696969696969697 2.6666666666666665 2.242424242424242 1.3333333333333333 2.3636363636363638 1.7272727272727273 2.4545454545454546 2.484848484848485 2.242424242424242 2.272727272727273 1.5151515151515151 1.696969696969697 2.909090909090909 1.7878787878787878 1.4242424242424243 1.3636363636363635 2.515151515151515 1.2121212121212122 1.4848484848484849 1.6363636363636365 2.515151515151515 2.8484848484848486 2.909090909090909 1.393939393939394 2.1515151515151514 1.606060606060606 1.2121212121212122 2.787878787878788 2.757575757575758 2.5454545454545454 1.5151515151515151 2.0303030303030303 1.606060606060606 1.5757575757575757 3.0 2.242424242424242 1.878787878787879 1.4848484848484849  
34 764.4054107357879 1.3737373737373737 2.0 1.9595959595959596 1.6565656565656566 1.4545454545454546 1.2121212121212122 1.2727272727272727 1.8383838383838385 1.4141414141414141 2.0 1.797979797979798 1.1313131313131313 1.97979797979798 1.7777777777777777 1.494949494949495 0.8888888888888888 1.5757575757575757 1.1515151515151516 1.6363636363636365 1.6565656565656566 1.494949494949495 1.5151515151515151 1.0101010101010102 1.1313131313131313 1.9393939393939394 1.1919191919191918 0.9494949494949495 0.9090909090909091 1.6767676767676767 0.8080808080808081 0.98989898989899 1.0909090909090908 1.6767676767676767 1.898989898989899 1.9393939393939394 0.9292929292929293 1.4343434343434343 1.0707070707070707 0.8080808080808081 1.8585858585858586 1.8383838383838385 1.696969696969697 1.0101010101010102 1.3535353535353536 1.0707070707070707 1.0505050505050506 2.0 1.494949494949495 1.2525252525252526 0.98989898989899  
22 203.08669742278772 2.0606060606060606 3.0 2.9393939393939394 2.484848484848485 2.1818181818181817 1.8181818181818181 1.9090909090909092 2.757575757575758 2.121212121212121 3.0 2.696969696969697 1.696969696969697 2.9696969696969697 2.6666666666666665 2.242424242424242 1.3333333333333333 2.3636363636363638 1.7272727272727273 2.4545454545454546 2.484848484848485 2.242424242424242 2.272727272727273 1.5151515151515151 1.696969696969697 2.909090909090909 1.7878787878787878 1.4242424242424243 1.3636363636363635 2.515151515151515 1.2121212121212122 1.4848484848484849 1.6363636363636365 2.515151515151515 2.8484848484848486 2.909090909090909 1.393939393939394 2.1515151515151514 1.606060606060606 1.2121212121212122 2.787878787878788 2.757575757575758 2.5454545454545454 1.5151515151515151 2.0303030303030303 1.606060606060606 1.5757575757575757 3.0 2.242424242424242 1.878787878787879 1.4848484848484849  
75 295.4252578536884 2.0606060606060606 3.0 2.9393939393939394 2.484848484848485 2.1818181818181817 1.8181818181818181 1.9090909090909092 2.757575757575758 2.121212121212121 3.0 2.696969696969697 1.696969696969697 2.9696969696969697 2.6666666666666665 2.242424242424242 1.3333333333333333 2.3636363636363638 1.7272727272727273 2.4545454545454546 2.484848484848485 2.242424242424242 2.272727272727273 1.5151515151515151 1.696969696969697 2.909090909090909 1.7878787878787878 1.4242424242424243 1.3636363636363635 2.515151515151515 1.2121212121212122 1.4848484848484849 1.6363636363636365 2.515151515151515 2.8484848484848486 2.909090909090909 1.393939393939394 2.1515151515151514 1.606060606060606 1.2121212121212122 2.787878787878788 2.757575757575758 2.5454545454545454 1.5151515151515151 2.0303030303030303 1.606060606060606 1.5757575757575757 3.0 2.242424242424242 1.878787878787879 1.4848484848484849  
3 152.10587848360814 1.3737373737373737 2.0 1.9595959595959596 1.6565656565656566 1.4545454545454546 1.2121212121212122 1.2727272727272727 1.8383838383838385 1.4141414141414141 2.0 1.797979797979798 1.1313131313131313 1.97979797979798 1.7777777777777777 1.494949494949495 0.8888888888888888 1.5757575757575757 1.1515151515151516 1.6363636363636365 1.6565656565656566 1.494949494949495 1.5151515151515151 1.0101010101010102 1.1313131313131313 1.9393939393939394 1.1919191919191918 0.9494949494949495 0.9090909090909091 1.6767676767676767 0.8080808080808081 0.98989898989899 1.0909090909090908 1.6767676767676767 1.898989898989899 1.9393939393939394 0.9292929292929293 1.4343434343434343 1.0707070707070707 0.8080808080808081 1.8585858585858586 1.8383838383838385 1.696969696969697 1.0101010101010102 1.3535353535353536 1.0707070707070707 1.0505050505050506 2.0 1.494949494949495 1.2525252525252526 0.98989898989899  
80 147.3015152370416 2.0606060606060606 3.0 2.9393939393939394 2.484848484848485 2.1818181818181817 1.8181818181818181 1.9090909090909092 2.757575757575758 2.121212121212121 3.0 2.696969696969697 1.696969696969697 2.9696969696969697 2.6666666666666665 2.242424242424242 1.3333333333333333 2.3636363636363638 1.7272727272727273 2.4545454545454546 2.484848484848485 2.242424242424242 2.272727272727273 1.5151515151515151 1.696969696969697 2.909090909090909 1.7878787878787878 1.4242424242424243 1.3636363636363635 2.515151515151515 1.2121212121212122 1.4848484848484849 1.6363636363636365 2.515151515151515 2.8484848484848486 2.909090909090909 1.393939393939394 2.1515151515151514 1.606060606060606 1.2121212121212122 2.787878787878788 2.757575757575758 2.5454545454545454 1.5151515151515151 2.0303030303030303 1.606060606060606 1.5757575757575757 3.0 2.242424242424242 1.878787878787879 1.4848484848484849  
12 677.4412429974968 1.3737373737373737 2.0 1.9595959595959596 1.6565656565656566 1.4545454545454546 1.2121212121212122 1.2727272727272727 1.8383838383838385 1.4141414141414141 2.0 1.797979797979798 1.1313131313131313 1.97979797979798 1.7777777777777777 1.494949494949495 0.8888888888888888 1.5757575757575757 1.1515151515151516 1.6363636363636365 1.6565656565656566 1.494949494949495 1.5151515151515151 1.0101010101010102 1.1313131313131313 1.9393939393939394 1.1919191919191918 0.9494949494949495 0.9090909090909091 1.6767676767676767 0.8080808080808081 0.98989898989899 1.0909090909090908 1.6767676767676767 1.898989898989899 1.9393939393939394 0.9292929292929293 1.4343434343434343 1.0707070707070707 0.8080808080808081 1.8585858585858586 1.8383838383838385 1.696969696969697 1.0101010101010102 1.3535353535353536 1.0707070707070707 1.0505050505050506 2.0 1.494949494949495 1.2525252525252526 0.98989898989899  
73 455.29894823949485 1.3737373737373737 2.0 1.9595959595959596 1.6565656565656566 1.4545454545454546 1.2121212121212122 1.2727272727272727 1.8383838383838385 1.4141414141414141 2.0 1.797979797979798 1.1313131313131313 1.97979797979798 1.7777777777777777 1.494949494949495 0.8888888888888888 1.5757575757575757 1.1515151515151516 1.6363636363636365 1.6565656565656566 1.494949494949495 1.5151515151515151 1.0101010101010102 1.1313131313131313 1.9393939393939394 1.1919191919191918 0.9494949494949495 0.9090909090909091 1.6767676767676767 0.8080808080808081 0.98989898989899 1.0909090909090908 1.6767676767676767 1.898989898989899 1.9393939393939394 0.9292929292929293 1.4343434343434343 1.0707070707070707 0.8080808080808081 1.8585858585858586 1.8383838383838385 1.696969696969697 1.0101010101010102 1.3535353535353536 1.0707070707070707 1.0505050505050506 2.0 1.494949494949495 1.2525252525252526 0.98989898989899  
45 951.0 1.3737373737373737 2.0 1.9595959595959596 1.6565656565656566 1.4545454545454546 1.2121212121212122 1.2727272727272727 1.8383838383838385 1.4141414141414141 2.0 1.797979797979798 1.1313131313131313 1.97979797979798 1.7777777777777777 1.494949494949495 0.8888888888888888 1.5757575757575757 1.1515151515151516 1.6363636363636365 1.6565656565656566 1.494949494949495 1.5151515151515151 1.0101010101010102 1.1313131313131313 1.9393939393939394 1.1919191919191918 0.9494949494949495 0.9090909090909091 1.6767676767676767 0.8080808080808081 0.98989898989899 1.0909090909090908 1.6767676767676767 1.898989898989899 1.9393939393939394 0.9292929292929293 1.4343434343434343 1.0707070707070707 0.8080808080808081 1.8585858585858586 1.8383838383838385 1.696969696969697 1.0101010101010102 1.3535353535353536 1.0707070707070707 1.0505050505050506 2.0 1.494949494949495 1.2525252525252526 0.98989898989899  
51 661.9098017082816 1.3737373737373737 2.0 1.9595959595959596 1.6565656565656566 1.4545454545454546 1.2121212121212122 1.2727272727272727 1.8383838383838385 1.4141414141414141 2.0 1.797979797979798 1.1313131313131313 1.97979797979798 1.7777777777777777 1.494949494949495 0.8888888888888888 1.5757575757575757 1.1515151515151516 1.6363636363636365 1.6565656565656566 1.494949494949495 1.5151515151515151 1.0101010101010102 1.1313131313131313 1.9393939393939394 1.1919191919191918 0.9494949494949495 0.9090909090909091 1.6767676767676767 0.8080808080808081 0.98989898989899 1.0909090909090908 1.6767676767676767 1.898989898989899 1.9393939393939394 0.9292929292929293 1.4343434343434343 1.0707070707070707 0.8080808080808081 1.8585858585858586 1.8383838383838385 1.696969696969697 1.0101010101010102 1.3535353535353536 1.0707070707070707 1.0505050505050506 2.0 1.494949494949495 1.2525252525252526 0.98989898989899  
21 166.55569761182315 1.3737373737373737 2.0 1.9595959595959596 1.6565656565656566 1.4545454545454546 1.2121212121212122 1.2727272727272727 1.8383838383838385 1.4141414141414141 2.0 1.797979797979798 1.1313131313131313 1.97979797979798 1.7777777777777777 1.494949494949495 0.8888888888888888 1.5757575757575757 1.1515151515151516 1.6363636363636365 1.6565656565656566 1.494949494949495 1.5151515151515151 1.0101010101010102 1.1313131313131313 1.9393939393939394 1.1919191919191918 0.9494949494949495 0.9090909090909091 1.6767676767676767 0.8080808080808081 0.98989898989899 1.0909090909090908 1.6767676767676767 1.898989898989899 1.9393939393939394 0.9292929292929293 1.4343434343434343 1.0707070707070707 0.8080808080808081 1.8585858585858586 1.8383838383838385 1.696969696969697 1.0101010101010102 1.3535353535353536 1.0707070707070707 1.0505050505050506 2.0 1.494949494949495 1.2525252525252526 0.98989898989899  
87 16.203180345071857 2.0606060606060606 3.0 2.9393939393939394 2.484848484848485 2.1818181818181817 1.8181818181818181 1.9090909090909092 2.757575757575758 2.121212121212121 3.0 2.696969696969697 1.696969696969697 2.9696969696969697 2.6666666666666665 2.242424242424242 1.3333333333333333 2.3636363636363638 1.7272727272727273 2.4545454545454546 2.484848484848485 2.242424242424242 2.272727272727273 1.5151515151515151 1.696969696969697 2.909090909090909 1.7878787878787878 1.4242424242424243 1.3636363636363635 2.515151515151515 1.2121212121212122 1.4848484848484849 1.6363636363636365 2.515151515151515 2.8484848484848486 2.909090909090909 1.393939393939394 2.1515151515151514 1.606060606060606 1.2121212121212122 2.787878787878788 2.757575757575758 2.5454545454545454 1.5151515151515151 2.0303030303030303 1.606060606060606 1.5757575757575757 3.0 2.242424242424242 1.878787878787879 1.4848484848484849  
28 307.718852064534 1.3737373737373737 2.0 1.9595959595959596 1.6565656565656566 1.4545454545454546 1.2121212121212122 1.2727272727272727 1.8383838383838385 1.4141414141414141 2.0 1.797979797979798 1.1313131313131313 1.97979797979798 1.7777777777777777 1.494949494949495 0.8888888888888888 1.5757575757575757 1.1515151515151516 1.6363636363636365 1.6565656565656566 1.494949494949495 1.5151515151515151 1.0101010101010102 1.1313131313131313 1.9393939393939394 1.1919191919191918 0.9494949494949495 0.9090909090909091 1.6767676767676767 0.8080808080808081 0.98989898989899 1.0909090909090908 1.6767676767676767 1.898989898989899 1.9393939393939394 0.9292929292929293 1.4343434343434343 1.0707070707070707 0.8080808080808081 1.8585858585858586 1.8383838383838385 1.696969696969697 1.0101010101010102 1.3535353535353536 1.0707070707070707 1.0505050505050506 2.0 1.494949494949495 1.2525252525252526 0.98989898989899  
32 563.2900397896631 1.3737373737373737 2.0 1.9595959595959596 1.6565656565656566 1.4545454545454546 1.2121212121212122 1.2727272727272727 1.8383838383838385 1.4141414141414141 2.0 1.797979797979798 1.1313131313131313 1.97979797979798 1.7777777777777777 1.494949494949495 0.8888888888888888 1.5757575757575757 1.1515151515151516 1.6363636363636365 1.6565656565656566 1.494949494949495 1.5151515151515151 1.0101010101010102 1.1313131313131313 1.9393939393939394 1.1919191919191918 0.9494949494949495 0.9090909090909091 1.6767676767676767 0.8080808080808081 0.98989898989899 1.0909090909090908 1.6767676767676767 1.898989898989899 1.9393939393939394 0.9292929292929293 1.4343434343434343 1.0707070707070707 0.8080808080808081 1.8585858585858586 1.8383838383838385 1.696969696969697 1.0101010101010102 1.3535353535353536 1.0707070707070707 1.0505050505050506 2.0 1.494949494949495 1.2525252525252526 0.98989898989899  
24 390.2700399672135 2.0606060606060606 3.0 2.9393939393939394 2.484848484848485 2.1818181818181817 1.8181818181818181 1.9090909090909092 2.757575757575758 2.121212121212121 3.0 2.696969696969697 1.696969696969697 2.9696969696969697 2.6666666666666665 2.242424242424242 1.3333333333333333 2.3636363636363638 1.7272727272727273 2.4545454545454546 2.484848484848485 2.242424242424242 2.272727272727273 1.5151515151515151 1.696969696969697 2.909090909090909 1.7878787878787878 1.4242424242424243 1.3636363636363635 2.515151515151515 1.2121212121212122 1.4848484848484849 1.6363636363636365 2.515151515151515 2.8484848484848486 2.909090909090909 1.393939393939394 2.1515151515151514 1.606060606060606 1.2121212121212122 2.787878787878788 2.757575757575758 2.5454545454545454 1.5151515151515151 2.0303030303030303 1.606060606060606 1.5757575757575757 3.0 2.242424242424242 1.878787878787879 1.4848484848484849  
61 414.14378879729765 2.0606060606060606 3.0 2.9393939393939394 2.484848484848485 2.1818181818181817 1.8181818181818181 1.9090909090909092 2.757575757575758 2.121212121212121 3.0 2.696969696969697 1.696969696969697 2.9696969696969697 2.6666666666666665 2.242424242424242 1.3333333333333333 2.3636363636363638 1.7272727272727273 2.4545454545454546 2.484848484848485 2.242424242424242 2.272727272727273 1.5151515151515151 1.696969696969697 2.909090909090909 1.7878787878787878 1.4242424242424243 1.3636363636363635 2.515151515151515 1.2121212121212122 1.4848484848484849 1.6363636363636365 2.515151515151515 2.8484848484848486 2.909090909090909 1.393939393939394 2.1515151515151514 1.606060606060606 1.2121212121212122 2.787878787878788 2.757575757575758 2.5454545454545454 1.5151515151515151 2.0303030303030303 1.606060606060606 1.5757575757575757 3.0 2.242424242424242 1.878787878787879 1.4848484848484849  
69 57.30135969438114 1.3737373737373737 2.0 1.9595959595959596 1.6565656565656566 1.4545454545454546 1.2121212121212122 1.2727272727272727 1.8383838383838385 1.4141414141414141 2.0 1.797979797979798 1.1313131313131313 1.97979797979798 1.7777777777777777 1.494949494949495 0.8888888888888888 1.5757575757575757 1.1515151515151516 1.6363636363636365 1.6565656565656566 1.494949494949495 1.5151515151515151 1.0101010101010102 1.1313131313131313 1.9393939393939394 1.1919191919191918 0.9494949494949495 0.9090909090909091 1.6767676767676767 0.8080808080808081 0.98989898989899 1.0909090909090908 1.6767676767676767 1.898989898989899 1.9393939393939394 0.9292929292929293 1.4343434343434343 1.0707070707070707 0.8080808080808081 1.8585858585858586 1.8383838383838385 1.696969696969697 1.0101010101010102 1.3535353535353536 1.0707070707070707 1.0505050505050506 2.0 1.494949494949495 1.2525252525252526 0.98989898989899  
25 91.0950768910019 1.3737373737373737 2.0 1.9595959595959596 1.6565656565656566 1.4545454545454546 1.2121212121212122 1.2727272727272727 1.8383838383838385 1.4141414141414141 2.0 1.797979797979798 1.1313131313131313 1.97979797979798 1.7777777777777777 1.494949494949495 0.8888888888888888 1.5757575757575757 1.1515151515151516 1.6363636363636365 1.6565656565656566 1.494949494949495 1.5151515151515151 1.0101010101010102 1.1313131313131313 1.9393939393939394 1.1919191919191918 0.9494949494949495 0.9090909090909091 1.6767676767676767 0.8080808080808081 0.98989898989899 1.0909090909090908 1.6767676767676767 1.898989898989899 1.9393939393939394 0.9292929292929293 1.4343434343434343 1.0707070707070707 0.8080808080808081 1.8585858585858586 1.8383838383838385 1.696969696969697 1.0101010101010102 1.3535353535353536 1.0707070707070707 1.0505050505050506 2.0 1.494949494949495 1.2525252525252526 0.98989898989899  
83 149.83940618666946 1.3737373737373737 2.0 1.9595959595959596 1.6565656565656566 1.4545454545454546 1.2121212121212122 1.2727272727272727 1.8383838383838385 1.4141414141414141 2.0 1.797979797979798 1.1313131313131313 1.97979797979798 1.7777777777777777 1.494949494949495 0.8888888888888888 1.5757575757575757 1.1515151515151516 1.6363636363636365 1.6565656565656566 1.494949494949495 1.5151515151515151 1.0101010101010102 1.1313131313131313 1.9393939393939394 1.1919191919191918 0.9494949494949495 0.9090909090909091 1.6767676767676767 0.8080808080808081 0.98989898989899 1.0909090909090908 1.6767676767676767 1.898989898989899 1.9393939393939394 0.9292929292929293 1.4343434343434343 1.0707070707070707 0.8080808080808081 1.8585858585858586 1.8383838383838385 1.696969696969697 1.0101010101010102 1.3535353535353536 1.0707070707070707 1.0505050505050506 2.0 1.494949494949495 1.2525252525252526 0.98989898989899  
8 285.9495400203202 2.0606060606060606 3.0 2.9393939393939394 2.484848484848485 2.1818181818181817 1.8181818181818181 1.9090909090909092 2.757575757575758 2.121212121212121 3.0 2.696969696969697 1.696969696969697 2.9696969696969697 2.6666666666666665 2.242424242424242 1.3333333333333333 2.3636363636363638 1.7272727272727273 2.4545454545454546 2.484848484848485 2.242424242424242 2.272727272727273 1.5151515151515151 1.696969696969697 2.909090909090909 1.7878787878787878 1.4242424242424243 1.3636363636363635 2.515151515151515 1.2121212121212122 1.4848484848484849 1.6363636363636365 2.515151515151515 2.8484848484848486 2.909090909090909 1.393939393939394 2.1515151515151514 1.606060606060606 1.2121212121212122 2.787878787878788 2.757575757575758 2.5454545454545454 1.5151515151515151 2.0303030303030303 1.606060606060606 1.5757575757575757 3.0 2.242424242424242 1.878787878787879 1.4848484848484849  
74 504.4250763736368 2.0606060606060606 3.0 2.9393939393939394 2.484848484848485 2.1818181818181817 1.8181818181818181 1.9090909090909092 2.757575757575758 2.121212121212121 3.0 2.696969696969697 1.696969696969697 2.9696969696969697 2.6666666666666665 2.242424242424242 1.3333333333333333 2.3636363636363638 1.7272727272727273 2.4545454545454546 2.484848484848485 2.242424242424242 2.272727272727273 1.5151515151515151 1.696969696969697 2.909090909090909 1.7878787878787878 1.4242424242424243 1.3636363636363635 2.515151515151515 1.2121212121212122 1.4848484848484849 1.6363636363636365 2.515151515151515 2.8484848484848486 2.909090909090909 1.393939393939394 2.1515151515151514 1.606060606060606 1.2121212121212122 2.787878787878788 2.757575757575758 2.5454545454545454 1.5151515151515151 2.0303030303030303 1.606060606060606 1.5757575757575757 3.0 2.242424242424242 1.878787878787879 1.4848484848484849  
76 160.62836951189433 2.0606060606060606 3.0 2.9393939393939394 2.484848484848485 2.1818181818181817 1.8181818181818181 1.9090909090909092 2.757575757575758 2.121212121212121 3.0 2.696969696969697 1.696969696969697 2.9696969696969697 2.6666666666666665 2.242424242424242 1.3333333333333333 2.3636363636363638 1.7272727272727273 2.4545454545454546 2.484848484848485 2.242424242424242 2.272727272727273 1.5151515151515151 1.696969696969697 2.909090909090909 1.7878787878787878 1.4242424242424243 1.3636363636363635 2.515151515151515 1.2121212121212122 1.4848484848484849 1.6363636363636365 2.515151515151515 2.8484848484848486 2.909090909090909 1.393939393939394 2.1515151515151514 1.606060606060606 1.2121212121212122 2.787878787878788 2.757575757575758 2.5454545454545454 1.5151515151515151 2.0303030303030303 1.606060606060606 1.5757575757575757 3.0 2.242424242424242 1.878787878787879 1.4848484848484849  
78 112.68503227859011 1.3737373737373737 2.0 1.9595959595959596 1.6565656565656566 1.4545454545454546 1.2121212121212122 1.2727272727272727 1.8383838383838385 1.4141414141414141 2.0 1.797979797979798 1.1313131313131313 1.97979797979798 1.7777777777777777 1.494949494949495 0.8888888888888888 1.5757575757575757 1.1515151515151516 1.6363636363636365 1.6565656565656566 1.494949494949495 1.5151515151515151 1.0101010101010102 1.1313131313131313 1.9393939393939394 1.1919191919191918 0.9494949494949495 0.9090909090909091 1.6767676767676767 0.8080808080808081 0.98989898989899 1.0909090909090908 1.6767676767676767 1.898989898989899 1.9393939393939394 0.9292929292929293 1.4343434343434343 1.0707070707070707 0.8080808080808081 1.8585858585858586 1.8383838383838385 1.696969696969697 1.0101010101010102 1.3535353535353536 1.0707070707070707 1.0505050505050506 2.0 1.494949494949495 1.2525252525252526 0.98989898989899  
89 57.42226589914459 1.3737373737373737 2.0 1.9595959595959596 1.6565656565656566 1.4545454545454546 1.2121212121212122 1.2727272727272727 1.8383838383838385 1.4141414141414141 2.0 1.797979797979798 1.1313131313131313 1.97979797979798 1.7777777777777777 1.494949494949495 0.8888888888888888 1.5757575757575757 1.1515151515151516 1.6363636363636365 1.6565656565656566 1.494949494949495 1.5151515151515151 1.0101010101010102 1.1313131313131313 1.9393939393939394 1.1919191919191918 0.9494949494949495 0.9090909090909091 1.6767676767676767 0.8080808080808081 0.98989898989899 1.0909090909090908 1.6767676767676767 1.898989898989899 1.9393939393939394 0.9292929292929293 1.4343434343434343 1.0707070707070707 0.8080808080808081 1.8585858585858586 1.8383838383838385 1.696969696969697 1.0101010101010102 1.3535353535353536 1.0707070707070707 1.0505050505050506 2.0 1.494949494949495 1.2525252525252526 0.98989898989899  
56 691.3750397504937 2.0606060606060606 3.0 2.9393939393939394 2.484848484848485 2.1818181818181817 1.8181818181818181 1.9090909090909092 2.757575757575758 2.121212121212121 3.0 2.696969696969697 1.696969696969697 2.9696969696969697 2.6666666666666665 2.242424242424242 1.3333333333333333 2.3636363636363638 1.7272727272727273 2.4545454545454546 2.484848484848485 2.242424242424242 2.272727272727273 1.5151515151515151 1.696969696969697 2.909090909090909 1.7878787878787878 1.4242424242424243 1.3636363636363635 2.515151515151515 1.2121212121212122 1.4848484848484849 1.6363636363636365 2.515151515151515 2.8484848484848486 2.909090909090909 1.393939393939394 2.1515151515151514 1.606060606060606 1.2121212121212122 2.787878787878788 2.757575757575758 2.5454545454545454 1.5151515151515151 2.0303030303030303 1.606060606060606 1.5757575757575757 3.0 2.242424242424242 1.878787878787879 1.4848484848484849  
18 196.07329873265473 1.3737373737373737 2.0 1.9595959595959596 1.6565656565656566 1.4545454545454546 1.2121212121212122 1.2727272727272727 1.8383838383838385 1.4141414141414141 2.0 1.797979797979798 1.1313131313131313 1.97979797979798 1.7777777777777777 1.494949494949495 0.8888888888888888 1.5757575757575757 1.1515151515151516 1.6363636363636365 1.6565656565656566 1.494949494949495 1.5151515151515151 1.0101010101010102 1.1313131313131313 1.9393939393939394 1.1919191919191918 0.9494949494949495 0.9090909090909091 1.6767676767676767 0.8080808080808081 0.98989898989899 1.0909090909090908 1.6767676767676767 1.898989898989899 1.9393939393939394 0.9292929292929293 1.4343434343434343 1.0707070707070707 0.8080808080808081 1.8585858585858586 1.8383838383838385 1.696969696969697 1.0101010101010102 1.3535353535353536 1.0707070707070707 1.0505050505050506 2.0 1.494949494949495 1.2525252525252526 0.98989898989899  
39 358.16588637094833 2.0606060606060606 3.0 2.9393939393939394 2.484848484848485 2.1818181818181817 1.8181818181818181 1.9090909090909092 2.757575757575758 2.121212121212121 3.0 2.696969696969697 1.696969696969697 2.9696969696969697 2.6666666666666665 2.242424242424242 1.3333333333333333 2.3636363636363638 1.7272727272727273 2.4545454545454546 2.484848484848485 2.242424242424242 2.272727272727273 1.5151515151515151 1.696969696969697 2.909090909090909 1.7878787878787878 1.4242424242424243 1.3636363636363635 2.515151515151515 1.2121212121212122 1.4848484848484849 1.6363636363636365 2.515151515151515 2.8484848484848486 2.909090909090909 1.393939393939394 2.1515151515151514 1.606060606060606 1.2121212121212122 2.787878787878788 2.757575757575758 2.5454545454545454 1.5151515151515151 2.0303030303030303 1.606060606060606 1.5757575757575757 3.0 2.242424242424242 1.878787878787879 1.4848484848484849  
