150 20
TREE NETWORK (nID nID Weight):
1 0 33.0 
2 1 41.0 
68 1 42.0 
3 2 52.0 
69 68 59.0 
70 69 54.0 
71 70 59.0 
72 71 33.0 
97 1 46.0 
85 68 30.0 
4 3 31.0 
39 2 59.0 
111 0 48.0 
40 39 43.0 
112 111 53.0 
16 3 47.0 
17 16 58.0 
127 0 55.0 
98 97 38.0 
107 1 39.0 
86 85 37.0 
60 2 49.0 
41 40 43.0 
42 41 32.0 
121 111 31.0 
50 40 48.0 
147 0 32.0 
20 16 34.0 
113 112 57.0 
89 85 56.0 
101 97 31.0 
92 68 46.0 
128 127 47.0 
55 39 38.0 
135 127 33.0 
43 41 35.0 
87 86 31.0 
137 127 49.0 
25 16 31.0 
145 127 48.0 
5 4 33.0 
61 60 52.0 
62 61 40.0 
57 39 56.0 
108 1 57.0 
6 4 50.0 
148 0 48.0 
114 112 53.0 
30 16 55.0 
45 41 52.0 
138 137 44.0 
51 50 39.0 
122 121 57.0 
31 30 40.0 
10 4 45.0 
93 68 33.0 
7 6 31.0 
109 108 44.0 
103 97 53.0 
115 112 58.0 
54 40 40.0 
139 138 50.0 
21 20 32.0 
74 70 39.0 
11 4 57.0 
129 128 38.0 
58 39 52.0 
140 139 41.0 
64 60 37.0 
18 17 59.0 
56 55 59.0 
8 7 47.0 
35 3 39.0 
149 0 50.0 
116 112 43.0 
46 45 54.0 
102 101 56.0 
26 25 53.0 
19 18 40.0 
123 122 49.0 
65 64 59.0 
12 11 46.0 
94 93 51.0 
78 70 49.0 
96 68 46.0 
14 4 48.0 
48 45 46.0 
32 16 46.0 
13 11 44.0 
75 74 59.0 
88 86 42.0 
117 116 40.0 
126 111 53.0 
136 135 32.0 
47 46 38.0 
36 3 38.0 
80 70 53.0 
146 145 57.0 
37 3 58.0 
110 109 38.0 
27 26 47.0 
33 32 45.0 
59 58 58.0 
83 69 46.0 
141 140 55.0 
119 116 43.0 
142 141 47.0 
143 142 58.0 
130 129 59.0 
81 70 53.0 
15 14 32.0 
118 117 36.0 
99 98 33.0 
131 128 45.0 
144 137 53.0 
124 123 47.0 
132 128 39.0 
105 97 42.0 
100 98 56.0 
95 93 52.0 
28 25 55.0 
52 51 41.0 
29 28 42.0 
133 128 44.0 
106 105 53.0 
82 70 50.0 
84 69 56.0 
24 20 59.0 
104 103 32.0 
125 121 47.0 
91 85 34.0 
90 89 42.0 
66 65 39.0 
38 3 53.0 
120 119 39.0 
79 78 36.0 
49 45 47.0 
63 61 36.0 
134 133 57.0 
44 43 48.0 
73 71 59.0 
53 51 51.0 
22 21 46.0 
76 74 37.0 
23 21 42.0 
67 60 33.0 
34 16 44.0 
9 7 57.0 
77 76 38.0 
PROGRAMS ASSIGNED TO NODES (nID pID1 pID2 ...):
0 1 2 3 4 5 6 7 8 9 10 11 12 13 14 15 16 17 18 19 20  
62 1 2 3 4 5 7 10 11 12 16 17 18 19 20  
33 1 2 4 6 8 9 10 11 12 14 15 16 17 20  
133 1 3 4 5 6 8 9 10 11 13 14 15 16 17 18 19 20  
134 1 3 4 6 8 9 10 11 12 13 14 15 16 17 19 20  
82 2 6 10 12 13 16 18 20  
24 6 7 14 18 19  
121 1 3 5 7 9 10 12 14 16 17 19 20  
102 6 17  
111 1 2 3 5 10 11 13 14 15 17 20  
49 1 2 3 4 7 8 9 10 11 12 13 14 15 16 17 18 19 20  
46 2 4 6 7 8 9 10 11 13 14 15 16 17 19 20  
29 2 10 13 15 17 20  
45 13 15 17 19  
92 1 2 4 5 6 7 8 10 11 12 13 14 15 16 17 18 19 20  
110 7 18 19  
135 1 2 3 5 8 11 12 16 17  
6 1 3 4 5 8 10 11 12 14 15 16 17 19  
59 3 5 6 9 10 11 12 13 14 15 16 17 19 20  
10 6 7 8 9 16 19  
115 2 4 6 7 12 16 18 19 20  
30 2 6 7 8 10 11 12 14 15 16 17 19 20  
4 2 3 5 8 9 12 13 14 17 18 19 20  
22 1 2 3 4 5 6 7 8 10 11 13 14 16 17 18 19 20  
87 3 4  
74 1 3 4 5 6 7 11 12 13 14 15 16 19  
65 9 10 14  
106 5 8 10 11 12 17 18  
69 2 4 7 8 10 12 19  
23 2 3 5 6 7 8 9 10 11 16 20  
2  
137 3  
25 1 3 4 6 7 8 9 10 11 12 15 16 17 19  
50 1 2 3 4 6 7 8 9 10 11 12 13 14 15 17 19 20  
98 1 3 4 5 6 7 11 15 16  
108  
77 1 2 3 4 5 6 7 8 9 10 11 12 13 14 16 17 18 19 20  
21 3 5 9 15 17 20  
19 2 4 6 7 8 9 10 12 14 16 17 19 20  
149 4 5 11 12 14 19 20  
7 1 2 4 6 7 9 10 13 14 15 17 18 19  
116 1 5 7 10 11 12 15 16 17 20  
96 2 8 9 10 11  
37 1 3 6 7 9 10 17 18 20  
105 1 2 3 5 6 7 8 9 10 12 14 15 16 17 20  
130 2 3 6 7 10 11 14 17 18 19  
11 2 3 4 6 8 9 12 14 16 18 20  
129 1 18  
122 4 9 10 11 14 16 19 20  
31 1 5 10 12 14 15 16 19 20  
27 3 9 14  
145 1 2 3 4 5 6 7 8 10 13 16 18 20  
140 1 2 3 4 8 9 11 12 13 15 18 20  
61 1 3 5 6 9 10 11 12 13 14 15 17 18  
124 3 6 7 11 16 17 19  
79 2 10  
112 1 5 6 12 13 16  
56 1 2 3 4 5 6 7 8 9 10 11 13 14 15 16 17 18 19 20  
15 6 12 18  
141 6 7 12 18 20  
43 1 2 3 4 5 6 7 8 10 12 13 14 15 17 18 19 20  
90 1 2 3 4 5 7 8 9 13 14 19  
36 5 6 7 9 10 11 14 15 16  
32 1 3 4 5 6 7 8 9 10 12 13 14 15 16 17 18 20  
120 4 5 7 9 13 14 15 17 20  
139 2 5 6 8 12 16 17 18 19 20  
144 1 2 3 4 5 7 8 9 11 12 13 14 15 16 17 18 19 20  
42 3 7 8 9 10 12 13 14 16 17 18 19 20  
132 1 2 5 6 8 13 14 16 17  
128 2 12 18 19  
60 1 4 5 6 8 9 12 14 17 18  
147 1 3 4 6 7 9 11 12 14 15 16 17 20  
47 4 6 11 16  
126 1 4 8 10  
72 1 4 8 12 13 16  
119 1 5 7 8 9 11 13 15 17  
80 1 2 3 4 5 6 7 8 9 10 11 13 14 15 16 17 18 19 20  
131  
38 8 12 15 16 18 19  
34 2 5 7 18  
44 3 4 5 6 7 8 11 12 13 15 16 17 18 19  
100 2 5 9 10 11 19  
101 3 4 6 9 11 14 15 16 18  
107 2 16  
13 1 5 8 10 13 14 19  
3 4 15 18  
55 1 3 4 5 6 8 9 10 11 13 14 15 16 17 18 20  
39 2  
40 1 7  
138 1 2 4 6 7 8 9 10 11 12 13 14 15 17 19 20  
85 1 2 3 4 5 6 8 10 11 12 13 14 17 19 20  
12 6 11 17  
28 1 4 5 8 9 13 16 18 19  
89 11 19  
5 1 2 3 4 5 6 7 8 9 10 11 12 13 14 15 16 17 18 19  
51 3 7 8 9 11 13 17 20  
17 2 3 4 7 8 11 13 15 17 19 20  
66 1 3 4 5 6 8 12 13 16 17 18 19  
97 1 2 4 5 7 10 12 14 19  
16 1 2 4 5 6 7 8 11 13 15 18 19 20  
67 1 3 5 6 15 18 19  
48 1 3 4 5 7 8 9 10 11 12 13 14 15  
9  
99 2 4 5 8 11 12 14 15 16 19  
148 1 2 3 4 6 7 8 10 11 12 13 14 15 16 17 18 19 20  
95 1 2 4 5 6 7 8 10 12 13 14 15 16 17 18 20  
18 1 4 8 12 13 16  
114 1 2 4 5 6 7 8 9 11 13 14 15 16 17 18 19 20  
123 4 5 6 9 12 13 14 17 18 20  
68 2 3 5 11 13 18 19  
94 3 10 14  
78 6 8 11 12 14 15 16 17 18  
35 2  
83 2 12 15 18 20  
20 2 6 9 11 12 13 16 18  
57 2 5 6 8 9 10 12 15 17 18 20  
52 2 3 4 5 6 7 8 9 11 12 14 15 16 17 18 19  
91 8 19  
109 1 3 5 7 8 9 10 12 14 15 16 19 20  
53 7 8 17  
58 1 2 3 4 6 7 8 9 10 11 12 13 14 15 16 17 18 19 20  
84 10 15 17 19  
54 1 2 5 6 7 8 10 15 16 18 19 20  
63 1 4 5 9 12 14 15  
88 15 16 20  
125 12 14 15 18  
136 1  
146 1 3 4 13  
81 1 5 8 10 11 12 13 17 18  
14 9 18  
73  
93 2 10 11 12 14 15 16  
76 2 4 9 10 14 15 16 19 20  
75 1 4 6 8 10 12 15 16 17 18 20  
8 5 6 9 11 13 18  
127 10 13 14 20  
113 1 2 3 4 6 7 8 9 11 12 13 14 15 16 17 18 19 20  
117 1 2 3 5 6 8 9 11 14 15 16 17 18 19 20  
103 2 9 11 12 14 15 16 18 19  
64 2 8 9 13 19  
104 1 2 3 4 5 6 7 8 9 10 11 12 13 14 15 16 17 18 19  
70 1 2 3 4 6 7 9 11 12 13 14 15 17 18 19  
142 1 4 11  
26 6 17 20  
118 1 4 5 7 9 10 11 12 13 14 15 17 18 19 20  
1 2 3 4 5 6 9 10 11 12 13 14 15 18 19  
143  
41 7 8 11 13 14 18  
86 4 5 9 10 12  
71 4 8 20  
SIZE OF PROGRAMS (pID SIZE):
1 50.0 
2 75.0 
3 44.0 
4 44.0 
5 56.0 
6 47.0 
7 64.0 
8 81.0 
9 85.0 
10 81.0 
11 98.0 
12 77.0 
13 53.0 
14 60.0 
15 97.0 
16 57.0 
17 73.0 
18 97.0 
19 82.0 
20 98.0 
COST_INSTALL_SERVER_AND_PROGRAMS :
0 5343.877551020409 1.530612244897959 2.295918367346939 1.346938775510204 1.346938775510204 1.7142857142857142 1.4387755102040816 1.9591836734693877 2.479591836734694 2.6020408163265305 2.479591836734694 3.0 2.357142857142857 1.6224489795918366 1.836734693877551 2.9693877551020407 1.7448979591836735 2.2346938775510203 2.9693877551020407 2.510204081632653 3.0  
62 88.7200089986058 1.530612244897959 2.295918367346939 1.346938775510204 1.346938775510204 1.7142857142857142 1.4387755102040816 1.9591836734693877 2.479591836734694 2.6020408163265305 2.479591836734694 3.0 2.357142857142857 1.6224489795918366 1.836734693877551 2.9693877551020407 1.7448979591836735 2.2346938775510203 2.9693877551020407 2.510204081632653 3.0  
33 209.2218314818343 1.0204081632653061 1.530612244897959 0.8979591836734694 0.8979591836734694 1.1428571428571428 0.9591836734693877 1.3061224489795917 1.653061224489796 1.7346938775510203 1.653061224489796 2.0 1.5714285714285714 1.0816326530612246 1.2244897959183674 1.9795918367346939 1.163265306122449 1.489795918367347 1.9795918367346939 1.6734693877551021 2.0  
133 116.44297534770426 1.0204081632653061 1.530612244897959 0.8979591836734694 0.8979591836734694 1.1428571428571428 0.9591836734693877 1.3061224489795917 1.653061224489796 1.7346938775510203 1.653061224489796 2.0 1.5714285714285714 1.0816326530612246 1.2244897959183674 1.9795918367346939 1.163265306122449 1.489795918367347 1.9795918367346939 1.6734693877551021 2.0  
134 94.80224308023566 1.0204081632653061 1.530612244897959 0.8979591836734694 0.8979591836734694 1.1428571428571428 0.9591836734693877 1.3061224489795917 1.653061224489796 1.7346938775510203 1.653061224489796 2.0 1.5714285714285714 1.0816326530612246 1.2244897959183674 1.9795918367346939 1.163265306122449 1.489795918367347 1.9795918367346939 1.6734693877551021 2.0  
82 66.96157709103161 1.530612244897959 2.295918367346939 1.346938775510204 1.346938775510204 1.7142857142857142 1.4387755102040816 1.9591836734693877 2.479591836734694 2.6020408163265305 2.479591836734694 3.0 2.357142857142857 1.6224489795918366 1.836734693877551 2.9693877551020407 1.7448979591836735 2.2346938775510203 2.9693877551020407 2.510204081632653 3.0  
24 57.77600809671098 1.0204081632653061 1.530612244897959 0.8979591836734694 0.8979591836734694 1.1428571428571428 0.9591836734693877 1.3061224489795917 1.653061224489796 1.7346938775510203 1.653061224489796 2.0 1.5714285714285714 1.0816326530612246 1.2244897959183674 1.9795918367346939 1.163265306122449 1.489795918367347 1.9795918367346939 1.6734693877551021 2.0  
121 34.63915166927103 1.530612244897959 2.295918367346939 1.346938775510204 1.346938775510204 1.7142857142857142 1.4387755102040816 1.9591836734693877 2.479591836734694 2.6020408163265305 2.479591836734694 3.0 2.357142857142857 1.6224489795918366 1.836734693877551 2.9693877551020407 1.7448979591836735 2.2346938775510203 2.9693877551020407 2.510204081632653 3.0  
102 10.640135583898932 1.0204081632653061 1.530612244897959 0.8979591836734694 0.8979591836734694 1.1428571428571428 0.9591836734693877 1.3061224489795917 1.653061224489796 1.7346938775510203 1.653061224489796 2.0 1.5714285714285714 1.0816326530612246 1.2244897959183674 1.9795918367346939 1.163265306122449 1.489795918367347 1.9795918367346939 1.6734693877551021 2.0  
111 11.15303146578023 1.530612244897959 2.295918367346939 1.346938775510204 1.346938775510204 1.7142857142857142 1.4387755102040816 1.9591836734693877 2.479591836734694 2.6020408163265305 2.479591836734694 3.0 2.357142857142857 1.6224489795918366 1.836734693877551 2.9693877551020407 1.7448979591836735 2.2346938775510203 2.9693877551020407 2.510204081632653 3.0  
49 328.36357711545406 1.0204081632653061 1.530612244897959 0.8979591836734694 0.8979591836734694 1.1428571428571428 0.9591836734693877 1.3061224489795917 1.653061224489796 1.7346938775510203 1.653061224489796 2.0 1.5714285714285714 1.0816326530612246 1.2244897959183674 1.9795918367346939 1.163265306122449 1.489795918367347 1.9795918367346939 1.6734693877551021 2.0  
46 162.62660777588573 1.530612244897959 2.295918367346939 1.346938775510204 1.346938775510204 1.7142857142857142 1.4387755102040816 1.9591836734693877 2.479591836734694 2.6020408163265305 2.479591836734694 3.0 2.357142857142857 1.6224489795918366 1.836734693877551 2.9693877551020407 1.7448979591836735 2.2346938775510203 2.9693877551020407 2.510204081632653 3.0  
29 102.46844967682725 1.0204081632653061 1.530612244897959 0.8979591836734694 0.8979591836734694 1.1428571428571428 0.9591836734693877 1.3061224489795917 1.653061224489796 1.7346938775510203 1.653061224489796 2.0 1.5714285714285714 1.0816326530612246 1.2244897959183674 1.9795918367346939 1.163265306122449 1.489795918367347 1.9795918367346939 1.6734693877551021 2.0  
45 155.4201539199111 1.530612244897959 2.295918367346939 1.346938775510204 1.346938775510204 1.7142857142857142 1.4387755102040816 1.9591836734693877 2.479591836734694 2.6020408163265305 2.479591836734694 3.0 2.357142857142857 1.6224489795918366 1.836734693877551 2.9693877551020407 1.7448979591836735 2.2346938775510203 2.9693877551020407 2.510204081632653 3.0  
92 97.41215803809496 1.530612244897959 2.295918367346939 1.346938775510204 1.346938775510204 1.7142857142857142 1.4387755102040816 1.9591836734693877 2.479591836734694 2.6020408163265305 2.479591836734694 3.0 2.357142857142857 1.6224489795918366 1.836734693877551 2.9693877551020407 1.7448979591836735 2.2346938775510203 2.9693877551020407 2.510204081632653 3.0  
110 19.565195650027068 1.0204081632653061 1.530612244897959 0.8979591836734694 0.8979591836734694 1.1428571428571428 0.9591836734693877 1.3061224489795917 1.653061224489796 1.7346938775510203 1.653061224489796 2.0 1.5714285714285714 1.0816326530612246 1.2244897959183674 1.9795918367346939 1.163265306122449 1.489795918367347 1.9795918367346939 1.6734693877551021 2.0  
135 10.299503399717349 1.530612244897959 2.295918367346939 1.346938775510204 1.346938775510204 1.7142857142857142 1.4387755102040816 1.9591836734693877 2.479591836734694 2.6020408163265305 2.479591836734694 3.0 2.357142857142857 1.6224489795918366 1.836734693877551 2.9693877551020407 1.7448979591836735 2.2346938775510203 2.9693877551020407 2.510204081632653 3.0  
6 124.33471547096298 1.0204081632653061 1.530612244897959 0.8979591836734694 0.8979591836734694 1.1428571428571428 0.9591836734693877 1.3061224489795917 1.653061224489796 1.7346938775510203 1.653061224489796 2.0 1.5714285714285714 1.0816326530612246 1.2244897959183674 1.9795918367346939 1.163265306122449 1.489795918367347 1.9795918367346939 1.6734693877551021 2.0  
59 76.18271557377548 1.530612244897959 2.295918367346939 1.346938775510204 1.346938775510204 1.7142857142857142 1.4387755102040816 1.9591836734693877 2.479591836734694 2.6020408163265305 2.479591836734694 3.0 2.357142857142857 1.6224489795918366 1.836734693877551 2.9693877551020407 1.7448979591836735 2.2346938775510203 2.9693877551020407 2.510204081632653 3.0  
10 70.80037656437982 1.530612244897959 2.295918367346939 1.346938775510204 1.346938775510204 1.7142857142857142 1.4387755102040816 1.9591836734693877 2.479591836734694 2.6020408163265305 2.479591836734694 3.0 2.357142857142857 1.6224489795918366 1.836734693877551 2.9693877551020407 1.7448979591836735 2.2346938775510203 2.9693877551020407 2.510204081632653 3.0  
115 39.04566899332679 1.530612244897959 2.295918367346939 1.346938775510204 1.346938775510204 1.7142857142857142 1.4387755102040816 1.9591836734693877 2.479591836734694 2.6020408163265305 2.479591836734694 3.0 2.357142857142857 1.6224489795918366 1.836734693877551 2.9693877551020407 1.7448979591836735 2.2346938775510203 2.9693877551020407 2.510204081632653 3.0  
30 82.10838669561771 1.530612244897959 2.295918367346939 1.346938775510204 1.346938775510204 1.7142857142857142 1.4387755102040816 1.9591836734693877 2.479591836734694 2.6020408163265305 2.479591836734694 3.0 2.357142857142857 1.6224489795918366 1.836734693877551 2.9693877551020407 1.7448979591836735 2.2346938775510203 2.9693877551020407 2.510204081632653 3.0  
4 196.687169678681 1.0204081632653061 1.530612244897959 0.8979591836734694 0.8979591836734694 1.1428571428571428 0.9591836734693877 1.3061224489795917 1.653061224489796 1.7346938775510203 1.653061224489796 2.0 1.5714285714285714 1.0816326530612246 1.2244897959183674 1.9795918367346939 1.163265306122449 1.489795918367347 1.9795918367346939 1.6734693877551021 2.0  
22 337.63156765157686 1.530612244897959 2.295918367346939 1.346938775510204 1.346938775510204 1.7142857142857142 1.4387755102040816 1.9591836734693877 2.479591836734694 2.6020408163265305 2.479591836734694 3.0 2.357142857142857 1.6224489795918366 1.836734693877551 2.9693877551020407 1.7448979591836735 2.2346938775510203 2.9693877551020407 2.510204081632653 3.0  
87 15.38808718297454 1.0204081632653061 1.530612244897959 0.8979591836734694 0.8979591836734694 1.1428571428571428 0.9591836734693877 1.3061224489795917 1.653061224489796 1.7346938775510203 1.653061224489796 2.0 1.5714285714285714 1.0816326530612246 1.2244897959183674 1.9795918367346939 1.163265306122449 1.489795918367347 1.9795918367346939 1.6734693877551021 2.0  
74 179.71767646666487 1.0204081632653061 1.530612244897959 0.8979591836734694 0.8979591836734694 1.1428571428571428 0.9591836734693877 1.3061224489795917 1.653061224489796 1.7346938775510203 1.653061224489796 2.0 1.5714285714285714 1.0816326530612246 1.2244897959183674 1.9795918367346939 1.163265306122449 1.489795918367347 1.9795918367346939 1.6734693877551021 2.0  
65 173.35744666151606 1.0204081632653061 1.530612244897959 0.8979591836734694 0.8979591836734694 1.1428571428571428 0.9591836734693877 1.3061224489795917 1.653061224489796 1.7346938775510203 1.653061224489796 2.0 1.5714285714285714 1.0816326530612246 1.2244897959183674 1.9795918367346939 1.163265306122449 1.489795918367347 1.9795918367346939 1.6734693877551021 2.0  
106 64.11789612475543 1.0204081632653061 1.530612244897959 0.8979591836734694 0.8979591836734694 1.1428571428571428 0.9591836734693877 1.3061224489795917 1.653061224489796 1.7346938775510203 1.653061224489796 2.0 1.5714285714285714 1.0816326530612246 1.2244897959183674 1.9795918367346939 1.163265306122449 1.489795918367347 1.9795918367346939 1.6734693877551021 2.0  
69 105.01785947101122 1.0204081632653061 1.530612244897959 0.8979591836734694 0.8979591836734694 1.1428571428571428 0.9591836734693877 1.3061224489795917 1.653061224489796 1.7346938775510203 1.653061224489796 2.0 1.5714285714285714 1.0816326530612246 1.2244897959183674 1.9795918367346939 1.163265306122449 1.489795918367347 1.9795918367346939 1.6734693877551021 2.0  
23 219.74259342003592 1.0204081632653061 1.530612244897959 0.8979591836734694 0.8979591836734694 1.1428571428571428 0.9591836734693877 1.3061224489795917 1.653061224489796 1.7346938775510203 1.653061224489796 2.0 1.5714285714285714 1.0816326530612246 1.2244897959183674 1.9795918367346939 1.163265306122449 1.489795918367347 1.9795918367346939 1.6734693877551021 2.0  
2 45.78245236895039 1.530612244897959 2.295918367346939 1.346938775510204 1.346938775510204 1.7142857142857142 1.4387755102040816 1.9591836734693877 2.479591836734694 2.6020408163265305 2.479591836734694 3.0 2.357142857142857 1.6224489795918366 1.836734693877551 2.9693877551020407 1.7448979591836735 2.2346938775510203 2.9693877551020407 2.510204081632653 3.0  
137 41.73900075360349 1.0204081632653061 1.530612244897959 0.8979591836734694 0.8979591836734694 1.1428571428571428 0.9591836734693877 1.3061224489795917 1.653061224489796 1.7346938775510203 1.653061224489796 2.0 1.5714285714285714 1.0816326530612246 1.2244897959183674 1.9795918367346939 1.163265306122449 1.489795918367347 1.9795918367346939 1.6734693877551021 2.0  
25 231.9332771811551 1.530612244897959 2.295918367346939 1.346938775510204 1.346938775510204 1.7142857142857142 1.4387755102040816 1.9591836734693877 2.479591836734694 2.6020408163265305 2.479591836734694 3.0 2.357142857142857 1.6224489795918366 1.836734693877551 2.9693877551020407 1.7448979591836735 2.2346938775510203 2.9693877551020407 2.510204081632653 3.0  
50 228.49586291868383 1.0204081632653061 1.530612244897959 0.8979591836734694 0.8979591836734694 1.1428571428571428 0.9591836734693877 1.3061224489795917 1.653061224489796 1.7346938775510203 1.653061224489796 2.0 1.5714285714285714 1.0816326530612246 1.2244897959183674 1.9795918367346939 1.163265306122449 1.489795918367347 1.9795918367346939 1.6734693877551021 2.0  
98 82.89823164875338 1.530612244897959 2.295918367346939 1.346938775510204 1.346938775510204 1.7142857142857142 1.4387755102040816 1.9591836734693877 2.479591836734694 2.6020408163265305 2.479591836734694 3.0 2.357142857142857 1.6224489795918366 1.836734693877551 2.9693877551020407 1.7448979591836735 2.2346938775510203 2.9693877551020407 2.510204081632653 3.0  
108 50.916088730337464 1.530612244897959 2.295918367346939 1.346938775510204 1.346938775510204 1.7142857142857142 1.4387755102040816 1.9591836734693877 2.479591836734694 2.6020408163265305 2.479591836734694 3.0 2.357142857142857 1.6224489795918366 1.836734693877551 2.9693877551020407 1.7448979591836735 2.2346938775510203 2.9693877551020407 2.510204081632653 3.0  
77 303.1434183169709 1.530612244897959 2.295918367346939 1.346938775510204 1.346938775510204 1.7142857142857142 1.4387755102040816 1.9591836734693877 2.479591836734694 2.6020408163265305 2.479591836734694 3.0 2.357142857142857 1.6224489795918366 1.836734693877551 2.9693877551020407 1.7448979591836735 2.2346938775510203 2.9693877551020407 2.510204081632653 3.0  
21 184.3450668810228 1.530612244897959 2.295918367346939 1.346938775510204 1.346938775510204 1.7142857142857142 1.4387755102040816 1.9591836734693877 2.479591836734694 2.6020408163265305 2.479591836734694 3.0 2.357142857142857 1.6224489795918366 1.836734693877551 2.9693877551020407 1.7448979591836735 2.2346938775510203 2.9693877551020407 2.510204081632653 3.0  
19 198.4215822649701 1.530612244897959 2.295918367346939 1.346938775510204 1.346938775510204 1.7142857142857142 1.4387755102040816 1.9591836734693877 2.479591836734694 2.6020408163265305 2.479591836734694 3.0 2.357142857142857 1.6224489795918366 1.836734693877551 2.9693877551020407 1.7448979591836735 2.2346938775510203 2.9693877551020407 2.510204081632653 3.0  
149 0.5761853805414905 1.530612244897959 2.295918367346939 1.346938775510204 1.346938775510204 1.7142857142857142 1.4387755102040816 1.9591836734693877 2.479591836734694 2.6020408163265305 2.479591836734694 3.0 2.357142857142857 1.6224489795918366 1.836734693877551 2.9693877551020407 1.7448979591836735 2.2346938775510203 2.9693877551020407 2.510204081632653 3.0  
7 190.05807297144625 1.0204081632653061 1.530612244897959 0.8979591836734694 0.8979591836734694 1.1428571428571428 0.9591836734693877 1.3061224489795917 1.653061224489796 1.7346938775510203 1.653061224489796 2.0 1.5714285714285714 1.0816326530612246 1.2244897959183674 1.9795918367346939 1.163265306122449 1.489795918367347 1.9795918367346939 1.6734693877551021 2.0  
116 58.90541106619051 1.0204081632653061 1.530612244897959 0.8979591836734694 0.8979591836734694 1.1428571428571428 0.9591836734693877 1.3061224489795917 1.653061224489796 1.7346938775510203 1.653061224489796 2.0 1.5714285714285714 1.0816326530612246 1.2244897959183674 1.9795918367346939 1.163265306122449 1.489795918367347 1.9795918367346939 1.6734693877551021 2.0  
96 34.97707507893995 1.530612244897959 2.295918367346939 1.346938775510204 1.346938775510204 1.7142857142857142 1.4387755102040816 1.9591836734693877 2.479591836734694 2.6020408163265305 2.479591836734694 3.0 2.357142857142857 1.6224489795918366 1.836734693877551 2.9693877551020407 1.7448979591836735 2.2346938775510203 2.9693877551020407 2.510204081632653 3.0  
37 44.21785318751647 1.0204081632653061 1.530612244897959 0.8979591836734694 0.8979591836734694 1.1428571428571428 0.9591836734693877 1.3061224489795917 1.653061224489796 1.7346938775510203 1.653061224489796 2.0 1.5714285714285714 1.0816326530612246 1.2244897959183674 1.9795918367346939 1.163265306122449 1.489795918367347 1.9795918367346939 1.6734693877551021 2.0  
105 64.92537918363884 1.0204081632653061 1.530612244897959 0.8979591836734694 0.8979591836734694 1.1428571428571428 0.9591836734693877 1.3061224489795917 1.653061224489796 1.7346938775510203 1.653061224489796 2.0 1.5714285714285714 1.0816326530612246 1.2244897959183674 1.9795918367346939 1.163265306122449 1.489795918367347 1.9795918367346939 1.6734693877551021 2.0  
130 85.27230393345397 1.530612244897959 2.295918367346939 1.346938775510204 1.346938775510204 1.7142857142857142 1.4387755102040816 1.9591836734693877 2.479591836734694 2.6020408163265305 2.479591836734694 3.0 2.357142857142857 1.6224489795918366 1.836734693877551 2.9693877551020407 1.7448979591836735 2.2346938775510203 2.9693877551020407 2.510204081632653 3.0  
11 132.17161141918547 1.530612244897959 2.295918367346939 1.346938775510204 1.346938775510204 1.7142857142857142 1.4387755102040816 1.9591836734693877 2.479591836734694 2.6020408163265305 2.479591836734694 3.0 2.357142857142857 1.6224489795918366 1.836734693877551 2.9693877551020407 1.7448979591836735 2.2346938775510203 2.9693877551020407 2.510204081632653 3.0  
129 32.795432126895776 1.0204081632653061 1.530612244897959 0.8979591836734694 0.8979591836734694 1.1428571428571428 0.9591836734693877 1.3061224489795917 1.653061224489796 1.7346938775510203 1.653061224489796 2.0 1.5714285714285714 1.0816326530612246 1.2244897959183674 1.9795918367346939 1.163265306122449 1.489795918367347 1.9795918367346939 1.6734693877551021 2.0  
122 50.46597513415617 1.0204081632653061 1.530612244897959 0.8979591836734694 0.8979591836734694 1.1428571428571428 0.9591836734693877 1.3061224489795917 1.653061224489796 1.7346938775510203 1.653061224489796 2.0 1.5714285714285714 1.0816326530612246 1.2244897959183674 1.9795918367346939 1.163265306122449 1.489795918367347 1.9795918367346939 1.6734693877551021 2.0  
31 146.2555580469505 1.0204081632653061 1.530612244897959 0.8979591836734694 0.8979591836734694 1.1428571428571428 0.9591836734693877 1.3061224489795917 1.653061224489796 1.7346938775510203 1.653061224489796 2.0 1.5714285714285714 1.0816326530612246 1.2244897959183674 1.9795918367346939 1.163265306122449 1.489795918367347 1.9795918367346939 1.6734693877551021 2.0  
27 36.62463407198872 1.530612244897959 2.295918367346939 1.346938775510204 1.346938775510204 1.7142857142857142 1.4387755102040816 1.9591836734693877 2.479591836734694 2.6020408163265305 2.479591836734694 3.0 2.357142857142857 1.6224489795918366 1.836734693877551 2.9693877551020407 1.7448979591836735 2.2346938775510203 2.9693877551020407 2.510204081632653 3.0  
145 12.424382872283472 1.0204081632653061 1.530612244897959 0.8979591836734694 0.8979591836734694 1.1428571428571428 0.9591836734693877 1.3061224489795917 1.653061224489796 1.7346938775510203 1.653061224489796 2.0 1.5714285714285714 1.0816326530612246 1.2244897959183674 1.9795918367346939 1.163265306122449 1.489795918367347 1.9795918367346939 1.6734693877551021 2.0  
140 69.42121667846519 1.0204081632653061 1.530612244897959 0.8979591836734694 0.8979591836734694 1.1428571428571428 0.9591836734693877 1.3061224489795917 1.653061224489796 1.7346938775510203 1.653061224489796 2.0 1.5714285714285714 1.0816326530612246 1.2244897959183674 1.9795918367346939 1.163265306122449 1.489795918367347 1.9795918367346939 1.6734693877551021 2.0  
61 145.6407251421854 1.530612244897959 2.295918367346939 1.346938775510204 1.346938775510204 1.7142857142857142 1.4387755102040816 1.9591836734693877 2.479591836734694 2.6020408163265305 2.479591836734694 3.0 2.357142857142857 1.6224489795918366 1.836734693877551 2.9693877551020407 1.7448979591836735 2.2346938775510203 2.9693877551020407 2.510204081632653 3.0  
124 32.99526812976152 1.0204081632653061 1.530612244897959 0.8979591836734694 0.8979591836734694 1.1428571428571428 0.9591836734693877 1.3061224489795917 1.653061224489796 1.7346938775510203 1.653061224489796 2.0 1.5714285714285714 1.0816326530612246 1.2244897959183674 1.9795918367346939 1.163265306122449 1.489795918367347 1.9795918367346939 1.6734693877551021 2.0  
79 31.33024429887878 1.0204081632653061 1.530612244897959 0.8979591836734694 0.8979591836734694 1.1428571428571428 0.9591836734693877 1.3061224489795917 1.653061224489796 1.7346938775510203 1.653061224489796 2.0 1.5714285714285714 1.0816326530612246 1.2244897959183674 1.9795918367346939 1.163265306122449 1.489795918367347 1.9795918367346939 1.6734693877551021 2.0  
112 50.06491528648979 1.530612244897959 2.295918367346939 1.346938775510204 1.346938775510204 1.7142857142857142 1.4387755102040816 1.9591836734693877 2.479591836734694 2.6020408163265305 2.479591836734694 3.0 2.357142857142857 1.6224489795918366 1.836734693877551 2.9693877551020407 1.7448979591836735 2.2346938775510203 2.9693877551020407 2.510204081632653 3.0  
56 130.18213595544756 1.0204081632653061 1.530612244897959 0.8979591836734694 0.8979591836734694 1.1428571428571428 0.9591836734693877 1.3061224489795917 1.653061224489796 1.7346938775510203 1.653061224489796 2.0 1.5714285714285714 1.0816326530612246 1.2244897959183674 1.9795918367346939 1.163265306122449 1.489795918367347 1.9795918367346939 1.6734693877551021 2.0  
15 40.08320583568152 1.0204081632653061 1.530612244897959 0.8979591836734694 0.8979591836734694 1.1428571428571428 0.9591836734693877 1.3061224489795917 1.653061224489796 1.7346938775510203 1.653061224489796 2.0 1.5714285714285714 1.0816326530612246 1.2244897959183674 1.9795918367346939 1.163265306122449 1.489795918367347 1.9795918367346939 1.6734693877551021 2.0  
141 62.65153839675739 1.530612244897959 2.295918367346939 1.346938775510204 1.346938775510204 1.7142857142857142 1.4387755102040816 1.9591836734693877 2.479591836734694 2.6020408163265305 2.479591836734694 3.0 2.357142857142857 1.6224489795918366 1.836734693877551 2.9693877551020407 1.7448979591836735 2.2346938775510203 2.9693877551020407 2.510204081632653 3.0  
43 185.25533550840737 1.530612244897959 2.295918367346939 1.346938775510204 1.346938775510204 1.7142857142857142 1.4387755102040816 1.9591836734693877 2.479591836734694 2.6020408163265305 2.479591836734694 3.0 2.357142857142857 1.6224489795918366 1.836734693877551 2.9693877551020407 1.7448979591836735 2.2346938775510203 2.9693877551020407 2.510204081632653 3.0  
90 129.67763657784258 1.0204081632653061 1.530612244897959 0.8979591836734694 0.8979591836734694 1.1428571428571428 0.9591836734693877 1.3061224489795917 1.653061224489796 1.7346938775510203 1.653061224489796 2.0 1.5714285714285714 1.0816326530612246 1.2244897959183674 1.9795918367346939 1.163265306122449 1.489795918367347 1.9795918367346939 1.6734693877551021 2.0  
36 59.57455420373966 1.530612244897959 2.295918367346939 1.346938775510204 1.346938775510204 1.7142857142857142 1.4387755102040816 1.9591836734693877 2.479591836734694 2.6020408163265305 2.479591836734694 3.0 2.357142857142857 1.6224489795918366 1.836734693877551 2.9693877551020407 1.7448979591836735 2.2346938775510203 2.9693877551020407 2.510204081632653 3.0  
32 110.77555670766495 1.0204081632653061 1.530612244897959 0.8979591836734694 0.8979591836734694 1.1428571428571428 0.9591836734693877 1.3061224489795917 1.653061224489796 1.7346938775510203 1.653061224489796 2.0 1.5714285714285714 1.0816326530612246 1.2244897959183674 1.9795918367346939 1.163265306122449 1.489795918367347 1.9795918367346939 1.6734693877551021 2.0  
120 93.59160804993675 1.530612244897959 2.295918367346939 1.346938775510204 1.346938775510204 1.7142857142857142 1.4387755102040816 1.9591836734693877 2.479591836734694 2.6020408163265305 2.479591836734694 3.0 2.357142857142857 1.6224489795918366 1.836734693877551 2.9693877551020407 1.7448979591836735 2.2346938775510203 2.9693877551020407 2.510204081632653 3.0  
139 85.12669960358313 1.0204081632653061 1.530612244897959 0.8979591836734694 0.8979591836734694 1.1428571428571428 0.9591836734693877 1.3061224489795917 1.653061224489796 1.7346938775510203 1.653061224489796 2.0 1.5714285714285714 1.0816326530612246 1.2244897959183674 1.9795918367346939 1.163265306122449 1.489795918367347 1.9795918367346939 1.6734693877551021 2.0  
144 71.50652686575242 1.530612244897959 2.295918367346939 1.346938775510204 1.346938775510204 1.7142857142857142 1.4387755102040816 1.9591836734693877 2.479591836734694 2.6020408163265305 2.479591836734694 3.0 2.357142857142857 1.6224489795918366 1.836734693877551 2.9693877551020407 1.7448979591836735 2.2346938775510203 2.9693877551020407 2.510204081632653 3.0  
42 169.1971856819836 1.0204081632653061 1.530612244897959 0.8979591836734694 0.8979591836734694 1.1428571428571428 0.9591836734693877 1.3061224489795917 1.653061224489796 1.7346938775510203 1.653061224489796 2.0 1.5714285714285714 1.0816326530612246 1.2244897959183674 1.9795918367346939 1.163265306122449 1.489795918367347 1.9795918367346939 1.6734693877551021 2.0  
132 12.918559028543779 1.530612244897959 2.295918367346939 1.346938775510204 1.346938775510204 1.7142857142857142 1.4387755102040816 1.9591836734693877 2.479591836734694 2.6020408163265305 2.479591836734694 3.0 2.357142857142857 1.6224489795918366 1.836734693877551 2.9693877551020407 1.7448979591836735 2.2346938775510203 2.9693877551020407 2.510204081632653 3.0  
128 26.469431626286323 1.0204081632653061 1.530612244897959 0.8979591836734694 0.8979591836734694 1.1428571428571428 0.9591836734693877 1.3061224489795917 1.653061224489796 1.7346938775510203 1.653061224489796 2.0 1.5714285714285714 1.0816326530612246 1.2244897959183674 1.9795918367346939 1.163265306122449 1.489795918367347 1.9795918367346939 1.6734693877551021 2.0  
60 163.58681474031576 1.0204081632653061 1.530612244897959 0.8979591836734694 0.8979591836734694 1.1428571428571428 0.9591836734693877 1.3061224489795917 1.653061224489796 1.7346938775510203 1.653061224489796 2.0 1.5714285714285714 1.0816326530612246 1.2244897959183674 1.9795918367346939 1.163265306122449 1.489795918367347 1.9795918367346939 1.6734693877551021 2.0  
147 28.151861562160025 1.530612244897959 2.295918367346939 1.346938775510204 1.346938775510204 1.7142857142857142 1.4387755102040816 1.9591836734693877 2.479591836734694 2.6020408163265305 2.479591836734694 3.0 2.357142857142857 1.6224489795918366 1.836734693877551 2.9693877551020407 1.7448979591836735 2.2346938775510203 2.9693877551020407 2.510204081632653 3.0  
47 51.33257414295736 1.0204081632653061 1.530612244897959 0.8979591836734694 0.8979591836734694 1.1428571428571428 0.9591836734693877 1.3061224489795917 1.653061224489796 1.7346938775510203 1.653061224489796 2.0 1.5714285714285714 1.0816326530612246 1.2244897959183674 1.9795918367346939 1.163265306122449 1.489795918367347 1.9795918367346939 1.6734693877551021 2.0  
126 11.451481342775976 1.0204081632653061 1.530612244897959 0.8979591836734694 0.8979591836734694 1.1428571428571428 0.9591836734693877 1.3061224489795917 1.653061224489796 1.7346938775510203 1.653061224489796 2.0 1.5714285714285714 1.0816326530612246 1.2244897959183674 1.9795918367346939 1.163265306122449 1.489795918367347 1.9795918367346939 1.6734693877551021 2.0  
72 72.17159934015461 1.0204081632653061 1.530612244897959 0.8979591836734694 0.8979591836734694 1.1428571428571428 0.9591836734693877 1.3061224489795917 1.653061224489796 1.7346938775510203 1.653061224489796 2.0 1.5714285714285714 1.0816326530612246 1.2244897959183674 1.9795918367346939 1.163265306122449 1.489795918367347 1.9795918367346939 1.6734693877551021 2.0  
119 110.22199107976077 1.0204081632653061 1.530612244897959 0.8979591836734694 0.8979591836734694 1.1428571428571428 0.9591836734693877 1.3061224489795917 1.653061224489796 1.7346938775510203 1.653061224489796 2.0 1.5714285714285714 1.0816326530612246 1.2244897959183674 1.9795918367346939 1.163265306122449 1.489795918367347 1.9795918367346939 1.6734693877551021 2.0  
80 142.83757069552814 1.530612244897959 2.295918367346939 1.346938775510204 1.346938775510204 1.7142857142857142 1.4387755102040816 1.9591836734693877 2.479591836734694 2.6020408163265305 2.479591836734694 3.0 2.357142857142857 1.6224489795918366 1.836734693877551 2.9693877551020407 1.7448979591836735 2.2346938775510203 2.9693877551020407 2.510204081632653 3.0  
131 670.0 1.0204081632653061 1.530612244897959 0.8979591836734694 0.8979591836734694 1.1428571428571428 0.9591836734693877 1.3061224489795917 1.653061224489796 1.7346938775510203 1.653061224489796 2.0 1.5714285714285714 1.0816326530612246 1.2244897959183674 1.9795918367346939 1.163265306122449 1.489795918367347 1.9795918367346939 1.6734693877551021 2.0  
38 46.223034535844214 1.530612244897959 2.295918367346939 1.346938775510204 1.346938775510204 1.7142857142857142 1.4387755102040816 1.9591836734693877 2.479591836734694 2.6020408163265305 2.479591836734694 3.0 2.357142857142857 1.6224489795918366 1.836734693877551 2.9693877551020407 1.7448979591836735 2.2346938775510203 2.9693877551020407 2.510204081632653 3.0  
34 41.90406316715557 1.0204081632653061 1.530612244897959 0.8979591836734694 0.8979591836734694 1.1428571428571428 0.9591836734693877 1.3061224489795917 1.653061224489796 1.7346938775510203 1.653061224489796 2.0 1.5714285714285714 1.0816326530612246 1.2244897959183674 1.9795918367346939 1.163265306122449 1.489795918367347 1.9795918367346939 1.6734693877551021 2.0  
44 125.85520496325584 1.530612244897959 2.295918367346939 1.346938775510204 1.346938775510204 1.7142857142857142 1.4387755102040816 1.9591836734693877 2.479591836734694 2.6020408163265305 2.479591836734694 3.0 2.357142857142857 1.6224489795918366 1.836734693877551 2.9693877551020407 1.7448979591836735 2.2346938775510203 2.9693877551020407 2.510204081632653 3.0  
100 72.44771965221543 1.0204081632653061 1.530612244897959 0.8979591836734694 0.8979591836734694 1.1428571428571428 0.9591836734693877 1.3061224489795917 1.653061224489796 1.7346938775510203 1.653061224489796 2.0 1.5714285714285714 1.0816326530612246 1.2244897959183674 1.9795918367346939 1.163265306122449 1.489795918367347 1.9795918367346939 1.6734693877551021 2.0  
101 31.598566002830736 1.0204081632653061 1.530612244897959 0.8979591836734694 0.8979591836734694 1.1428571428571428 0.9591836734693877 1.3061224489795917 1.653061224489796 1.7346938775510203 1.653061224489796 2.0 1.5714285714285714 1.0816326530612246 1.2244897959183674 1.9795918367346939 1.163265306122449 1.489795918367347 1.9795918367346939 1.6734693877551021 2.0  
107 9.147941465180299 1.530612244897959 2.295918367346939 1.346938775510204 1.346938775510204 1.7142857142857142 1.4387755102040816 1.9591836734693877 2.479591836734694 2.6020408163265305 2.479591836734694 3.0 2.357142857142857 1.6224489795918366 1.836734693877551 2.9693877551020407 1.7448979591836735 2.2346938775510203 2.9693877551020407 2.510204081632653 3.0  
13 53.91778672892224 1.530612244897959 2.295918367346939 1.346938775510204 1.346938775510204 1.7142857142857142 1.4387755102040816 1.9591836734693877 2.479591836734694 2.6020408163265305 2.479591836734694 3.0 2.357142857142857 1.6224489795918366 1.836734693877551 2.9693877551020407 1.7448979591836735 2.2346938775510203 2.9693877551020407 2.510204081632653 3.0  
3 120.33341089803 1.530612244897959 2.295918367346939 1.346938775510204 1.346938775510204 1.7142857142857142 1.4387755102040816 1.9591836734693877 2.479591836734694 2.6020408163265305 2.479591836734694 3.0 2.357142857142857 1.6224489795918366 1.836734693877551 2.9693877551020407 1.7448979591836735 2.2346938775510203 2.9693877551020407 2.510204081632653 3.0  
55 129.15869669013605 1.0204081632653061 1.530612244897959 0.8979591836734694 0.8979591836734694 1.1428571428571428 0.9591836734693877 1.3061224489795917 1.653061224489796 1.7346938775510203 1.653061224489796 2.0 1.5714285714285714 1.0816326530612246 1.2244897959183674 1.9795918367346939 1.163265306122449 1.489795918367347 1.9795918367346939 1.6734693877551021 2.0  
39 70.84016011768145 1.0204081632653061 1.530612244897959 0.8979591836734694 0.8979591836734694 1.1428571428571428 0.9591836734693877 1.3061224489795917 1.653061224489796 1.7346938775510203 1.653061224489796 2.0 1.5714285714285714 1.0816326530612246 1.2244897959183674 1.9795918367346939 1.163265306122449 1.489795918367347 1.9795918367346939 1.6734693877551021 2.0  
40 213.7019738052844 1.0204081632653061 1.530612244897959 0.8979591836734694 0.8979591836734694 1.1428571428571428 0.9591836734693877 1.3061224489795917 1.653061224489796 1.7346938775510203 1.653061224489796 2.0 1.5714285714285714 1.0816326530612246 1.2244897959183674 1.9795918367346939 1.163265306122449 1.489795918367347 1.9795918367346939 1.6734693877551021 2.0  
138 52.21419367757051 1.0204081632653061 1.530612244897959 0.8979591836734694 0.8979591836734694 1.1428571428571428 0.9591836734693877 1.3061224489795917 1.653061224489796 1.7346938775510203 1.653061224489796 2.0 1.5714285714285714 1.0816326530612246 1.2244897959183674 1.9795918367346939 1.163265306122449 1.489795918367347 1.9795918367346939 1.6734693877551021 2.0  
85 95.86682227421075 1.530612244897959 2.295918367346939 1.346938775510204 1.346938775510204 1.7142857142857142 1.4387755102040816 1.9591836734693877 2.479591836734694 2.6020408163265305 2.479591836734694 3.0 2.357142857142857 1.6224489795918366 1.836734693877551 2.9693877551020407 1.7448979591836735 2.2346938775510203 2.9693877551020407 2.510204081632653 3.0  
12 24.549577116891818 1.0204081632653061 1.530612244897959 0.8979591836734694 0.8979591836734694 1.1428571428571428 0.9591836734693877 1.3061224489795917 1.653061224489796 1.7346938775510203 1.653061224489796 2.0 1.5714285714285714 1.0816326530612246 1.2244897959183674 1.9795918367346939 1.163265306122449 1.489795918367347 1.9795918367346939 1.6734693877551021 2.0  
28 145.79481959990497 1.0204081632653061 1.530612244897959 0.8979591836734694 0.8979591836734694 1.1428571428571428 0.9591836734693877 1.3061224489795917 1.653061224489796 1.7346938775510203 1.653061224489796 2.0 1.5714285714285714 1.0816326530612246 1.2244897959183674 1.9795918367346939 1.163265306122449 1.489795918367347 1.9795918367346939 1.6734693877551021 2.0  
89 81.5377778115922 1.0204081632653061 1.530612244897959 0.8979591836734694 0.8979591836734694 1.1428571428571428 0.9591836734693877 1.3061224489795917 1.653061224489796 1.7346938775510203 1.653061224489796 2.0 1.5714285714285714 1.0816326530612246 1.2244897959183674 1.9795918367346939 1.163265306122449 1.489795918367347 1.9795918367346939 1.6734693877551021 2.0  
5 162.86023789386854 1.530612244897959 2.295918367346939 1.346938775510204 1.346938775510204 1.7142857142857142 1.4387755102040816 1.9591836734693877 2.479591836734694 2.6020408163265305 2.479591836734694 3.0 2.357142857142857 1.6224489795918366 1.836734693877551 2.9693877551020407 1.7448979591836735 2.2346938775510203 2.9693877551020407 2.510204081632653 3.0  
51 190.11587560033544 1.0204081632653061 1.530612244897959 0.8979591836734694 0.8979591836734694 1.1428571428571428 0.9591836734693877 1.3061224489795917 1.653061224489796 1.7346938775510203 1.653061224489796 2.0 1.5714285714285714 1.0816326530612246 1.2244897959183674 1.9795918367346939 1.163265306122449 1.489795918367347 1.9795918367346939 1.6734693877551021 2.0  
17 124.98290310786895 1.530612244897959 2.295918367346939 1.346938775510204 1.346938775510204 1.7142857142857142 1.4387755102040816 1.9591836734693877 2.479591836734694 2.6020408163265305 2.479591836734694 3.0 2.357142857142857 1.6224489795918366 1.836734693877551 2.9693877551020407 1.7448979591836735 2.2346938775510203 2.9693877551020407 2.510204081632653 3.0  
66 84.32823121237143 1.0204081632653061 1.530612244897959 0.8979591836734694 0.8979591836734694 1.1428571428571428 0.9591836734693877 1.3061224489795917 1.653061224489796 1.7346938775510203 1.653061224489796 2.0 1.5714285714285714 1.0816326530612246 1.2244897959183674 1.9795918367346939 1.163265306122449 1.489795918367347 1.9795918367346939 1.6734693877551021 2.0  
97 52.277753520380585 1.0204081632653061 1.530612244897959 0.8979591836734694 0.8979591836734694 1.1428571428571428 0.9591836734693877 1.3061224489795917 1.653061224489796 1.7346938775510203 1.653061224489796 2.0 1.5714285714285714 1.0816326530612246 1.2244897959183674 1.9795918367346939 1.163265306122449 1.489795918367347 1.9795918367346939 1.6734693877551021 2.0  
16 111.68217474720582 1.0204081632653061 1.530612244897959 0.8979591836734694 0.8979591836734694 1.1428571428571428 0.9591836734693877 1.3061224489795917 1.653061224489796 1.7346938775510203 1.653061224489796 2.0 1.5714285714285714 1.0816326530612246 1.2244897959183674 1.9795918367346939 1.163265306122449 1.489795918367347 1.9795918367346939 1.6734693877551021 2.0  
67 50.356540384890145 1.530612244897959 2.295918367346939 1.346938775510204 1.346938775510204 1.7142857142857142 1.4387755102040816 1.9591836734693877 2.479591836734694 2.6020408163265305 2.479591836734694 3.0 2.357142857142857 1.6224489795918366 1.836734693877551 2.9693877551020407 1.7448979591836735 2.2346938775510203 2.9693877551020407 2.510204081632653 3.0  
48 223.54994316209297 1.530612244897959 2.295918367346939 1.346938775510204 1.346938775510204 1.7142857142857142 1.4387755102040816 1.9591836734693877 2.479591836734694 2.6020408163265305 2.479591836734694 3.0 2.357142857142857 1.6224489795918366 1.836734693877551 2.9693877551020407 1.7448979591836735 2.2346938775510203 2.9693877551020407 2.510204081632653 3.0  
9 1014.0 1.0204081632653061 1.530612244897959 0.8979591836734694 0.8979591836734694 1.1428571428571428 0.9591836734693877 1.3061224489795917 1.653061224489796 1.7346938775510203 1.653061224489796 2.0 1.5714285714285714 1.0816326530612246 1.2244897959183674 1.9795918367346939 1.163265306122449 1.489795918367347 1.9795918367346939 1.6734693877551021 2.0  
99 67.74364033293263 1.530612244897959 2.295918367346939 1.346938775510204 1.346938775510204 1.7142857142857142 1.4387755102040816 1.9591836734693877 2.479591836734694 2.6020408163265305 2.479591836734694 3.0 2.357142857142857 1.6224489795918366 1.836734693877551 2.9693877551020407 1.7448979591836735 2.2346938775510203 2.9693877551020407 2.510204081632653 3.0  
148 823.0 1.530612244897959 2.295918367346939 1.346938775510204 1.346938775510204 1.7142857142857142 1.4387755102040816 1.9591836734693877 2.479591836734694 2.6020408163265305 2.479591836734694 3.0 2.357142857142857 1.6224489795918366 1.836734693877551 2.9693877551020407 1.7448979591836735 2.2346938775510203 2.9693877551020407 2.510204081632653 3.0  
95 149.36540492952156 1.0204081632653061 1.530612244897959 0.8979591836734694 0.8979591836734694 1.1428571428571428 0.9591836734693877 1.3061224489795917 1.653061224489796 1.7346938775510203 1.653061224489796 2.0 1.5714285714285714 1.0816326530612246 1.2244897959183674 1.9795918367346939 1.163265306122449 1.489795918367347 1.9795918367346939 1.6734693877551021 2.0  
18 176.82093001906378 1.0204081632653061 1.530612244897959 0.8979591836734694 0.8979591836734694 1.1428571428571428 0.9591836734693877 1.3061224489795917 1.653061224489796 1.7346938775510203 1.653061224489796 2.0 1.5714285714285714 1.0816326530612246 1.2244897959183674 1.9795918367346939 1.163265306122449 1.489795918367347 1.9795918367346939 1.6734693877551021 2.0  
114 94.5301153726892 1.0204081632653061 1.530612244897959 0.8979591836734694 0.8979591836734694 1.1428571428571428 0.9591836734693877 1.3061224489795917 1.653061224489796 1.7346938775510203 1.653061224489796 2.0 1.5714285714285714 1.0816326530612246 1.2244897959183674 1.9795918367346939 1.163265306122449 1.489795918367347 1.9795918367346939 1.6734693877551021 2.0  
123 66.86971033903207 1.0204081632653061 1.530612244897959 0.8979591836734694 0.8979591836734694 1.1428571428571428 0.9591836734693877 1.3061224489795917 1.653061224489796 1.7346938775510203 1.653061224489796 2.0 1.5714285714285714 1.0816326530612246 1.2244897959183674 1.9795918367346939 1.163265306122449 1.489795918367347 1.9795918367346939 1.6734693877551021 2.0  
68 107.78344894068714 1.0204081632653061 1.530612244897959 0.8979591836734694 0.8979591836734694 1.1428571428571428 0.9591836734693877 1.3061224489795917 1.653061224489796 1.7346938775510203 1.653061224489796 2.0 1.5714285714285714 1.0816326530612246 1.2244897959183674 1.9795918367346939 1.163265306122449 1.489795918367347 1.9795918367346939 1.6734693877551021 2.0  
94 21.408305541676132 1.530612244897959 2.295918367346939 1.346938775510204 1.346938775510204 1.7142857142857142 1.4387755102040816 1.9591836734693877 2.479591836734694 2.6020408163265305 2.479591836734694 3.0 2.357142857142857 1.6224489795918366 1.836734693877551 2.9693877551020407 1.7448979591836735 2.2346938775510203 2.9693877551020407 2.510204081632653 3.0  
78 101.51792471165169 1.530612244897959 2.295918367346939 1.346938775510204 1.346938775510204 1.7142857142857142 1.4387755102040816 1.9591836734693877 2.479591836734694 2.6020408163265305 2.479591836734694 3.0 2.357142857142857 1.6224489795918366 1.836734693877551 2.9693877551020407 1.7448979591836735 2.2346938775510203 2.9693877551020407 2.510204081632653 3.0  
35 10.875841530610503 1.530612244897959 2.295918367346939 1.346938775510204 1.346938775510204 1.7142857142857142 1.4387755102040816 1.9591836734693877 2.479591836734694 2.6020408163265305 2.479591836734694 3.0 2.357142857142857 1.6224489795918366 1.836734693877551 2.9693877551020407 1.7448979591836735 2.2346938775510203 2.9693877551020407 2.510204081632653 3.0  
83 29.147165355394133 1.0204081632653061 1.530612244897959 0.8979591836734694 0.8979591836734694 1.1428571428571428 0.9591836734693877 1.3061224489795917 1.653061224489796 1.7346938775510203 1.653061224489796 2.0 1.5714285714285714 1.0816326530612246 1.2244897959183674 1.9795918367346939 1.163265306122449 1.489795918367347 1.9795918367346939 1.6734693877551021 2.0  
20 244.85212954712998 1.530612244897959 2.295918367346939 1.346938775510204 1.346938775510204 1.7142857142857142 1.4387755102040816 1.9591836734693877 2.479591836734694 2.6020408163265305 2.479591836734694 3.0 2.357142857142857 1.6224489795918366 1.836734693877551 2.9693877551020407 1.7448979591836735 2.2346938775510203 2.9693877551020407 2.510204081632653 3.0  
57 102.27117089534714 1.0204081632653061 1.530612244897959 0.8979591836734694 0.8979591836734694 1.1428571428571428 0.9591836734693877 1.3061224489795917 1.653061224489796 1.7346938775510203 1.653061224489796 2.0 1.5714285714285714 1.0816326530612246 1.2244897959183674 1.9795918367346939 1.163265306122449 1.489795918367347 1.9795918367346939 1.6734693877551021 2.0  
52 219.63760670723264 1.0204081632653061 1.530612244897959 0.8979591836734694 0.8979591836734694 1.1428571428571428 0.9591836734693877 1.3061224489795917 1.653061224489796 1.7346938775510203 1.653061224489796 2.0 1.5714285714285714 1.0816326530612246 1.2244897959183674 1.9795918367346939 1.163265306122449 1.489795918367347 1.9795918367346939 1.6734693877551021 2.0  
91 19.58778956440175 1.0204081632653061 1.530612244897959 0.8979591836734694 0.8979591836734694 1.1428571428571428 0.9591836734693877 1.3061224489795917 1.653061224489796 1.7346938775510203 1.653061224489796 2.0 1.5714285714285714 1.0816326530612246 1.2244897959183674 1.9795918367346939 1.163265306122449 1.489795918367347 1.9795918367346939 1.6734693877551021 2.0  
109 101.28515891430763 1.0204081632653061 1.530612244897959 0.8979591836734694 0.8979591836734694 1.1428571428571428 0.9591836734693877 1.3061224489795917 1.653061224489796 1.7346938775510203 1.653061224489796 2.0 1.5714285714285714 1.0816326530612246 1.2244897959183674 1.9795918367346939 1.163265306122449 1.489795918367347 1.9795918367346939 1.6734693877551021 2.0  
53 58.985325967084634 1.530612244897959 2.295918367346939 1.346938775510204 1.346938775510204 1.7142857142857142 1.4387755102040816 1.9591836734693877 2.479591836734694 2.6020408163265305 2.479591836734694 3.0 2.357142857142857 1.6224489795918366 1.836734693877551 2.9693877551020407 1.7448979591836735 2.2346938775510203 2.9693877551020407 2.510204081632653 3.0  
58 101.14197512408633 1.0204081632653061 1.530612244897959 0.8979591836734694 0.8979591836734694 1.1428571428571428 0.9591836734693877 1.3061224489795917 1.653061224489796 1.7346938775510203 1.653061224489796 2.0 1.5714285714285714 1.0816326530612246 1.2244897959183674 1.9795918367346939 1.163265306122449 1.489795918367347 1.9795918367346939 1.6734693877551021 2.0  
84 28.729587959719673 1.0204081632653061 1.530612244897959 0.8979591836734694 0.8979591836734694 1.1428571428571428 0.9591836734693877 1.3061224489795917 1.653061224489796 1.7346938775510203 1.653061224489796 2.0 1.5714285714285714 1.0816326530612246 1.2244897959183674 1.9795918367346939 1.163265306122449 1.489795918367347 1.9795918367346939 1.6734693877551021 2.0  
54 119.65538111139556 1.530612244897959 2.295918367346939 1.346938775510204 1.346938775510204 1.7142857142857142 1.4387755102040816 1.9591836734693877 2.479591836734694 2.6020408163265305 2.479591836734694 3.0 2.357142857142857 1.6224489795918366 1.836734693877551 2.9693877551020407 1.7448979591836735 2.2346938775510203 2.9693877551020407 2.510204081632653 3.0  
63 89.43605291288995 1.0204081632653061 1.530612244897959 0.8979591836734694 0.8979591836734694 1.1428571428571428 0.9591836734693877 1.3061224489795917 1.653061224489796 1.7346938775510203 1.653061224489796 2.0 1.5714285714285714 1.0816326530612246 1.2244897959183674 1.9795918367346939 1.163265306122449 1.489795918367347 1.9795918367346939 1.6734693877551021 2.0  
88 44.120810687909284 1.0204081632653061 1.530612244897959 0.8979591836734694 0.8979591836734694 1.1428571428571428 0.9591836734693877 1.3061224489795917 1.653061224489796 1.7346938775510203 1.653061224489796 2.0 1.5714285714285714 1.0816326530612246 1.2244897959183674 1.9795918367346939 1.163265306122449 1.489795918367347 1.9795918367346939 1.6734693877551021 2.0  
125 19.356907513732935 1.0204081632653061 1.530612244897959 0.8979591836734694 0.8979591836734694 1.1428571428571428 0.9591836734693877 1.3061224489795917 1.653061224489796 1.7346938775510203 1.653061224489796 2.0 1.5714285714285714 1.0816326530612246 1.2244897959183674 1.9795918367346939 1.163265306122449 1.489795918367347 1.9795918367346939 1.6734693877551021 2.0  
136 4.531124572024611 1.0204081632653061 1.530612244897959 0.8979591836734694 0.8979591836734694 1.1428571428571428 0.9591836734693877 1.3061224489795917 1.653061224489796 1.7346938775510203 1.653061224489796 2.0 1.5714285714285714 1.0816326530612246 1.2244897959183674 1.9795918367346939 1.163265306122449 1.489795918367347 1.9795918367346939 1.6734693877551021 2.0  
146 14.31794460722052 1.530612244897959 2.295918367346939 1.346938775510204 1.346938775510204 1.7142857142857142 1.4387755102040816 1.9591836734693877 2.479591836734694 2.6020408163265305 2.479591836734694 3.0 2.357142857142857 1.6224489795918366 1.836734693877551 2.9693877551020407 1.7448979591836735 2.2346938775510203 2.9693877551020407 2.510204081632653 3.0  
81 95.7826116584151 1.0204081632653061 1.530612244897959 0.8979591836734694 0.8979591836734694 1.1428571428571428 0.9591836734693877 1.3061224489795917 1.653061224489796 1.7346938775510203 1.653061224489796 2.0 1.5714285714285714 1.0816326530612246 1.2244897959183674 1.9795918367346939 1.163265306122449 1.489795918367347 1.9795918367346939 1.6734693877551021 2.0  
14 48.98316521909666 1.530612244897959 2.295918367346939 1.346938775510204 1.346938775510204 1.7142857142857142 1.4387755102040816 1.9591836734693877 2.479591836734694 2.6020408163265305 2.479591836734694 3.0 2.357142857142857 1.6224489795918366 1.836734693877551 2.9693877551020407 1.7448979591836735 2.2346938775510203 2.9693877551020407 2.510204081632653 3.0  
73 616.0 1.530612244897959 2.295918367346939 1.346938775510204 1.346938775510204 1.7142857142857142 1.4387755102040816 1.9591836734693877 2.479591836734694 2.6020408163265305 2.479591836734694 3.0 2.357142857142857 1.6224489795918366 1.836734693877551 2.9693877551020407 1.7448979591836735 2.2346938775510203 2.9693877551020407 2.510204081632653 3.0  
93 116.27561486193545 1.530612244897959 2.295918367346939 1.346938775510204 1.346938775510204 1.7142857142857142 1.4387755102040816 1.9591836734693877 2.479591836734694 2.6020408163265305 2.479591836734694 3.0 2.357142857142857 1.6224489795918366 1.836734693877551 2.9693877551020407 1.7448979591836735 2.2346938775510203 2.9693877551020407 2.510204081632653 3.0  
76 149.19826612143603 1.0204081632653061 1.530612244897959 0.8979591836734694 0.8979591836734694 1.1428571428571428 0.9591836734693877 1.3061224489795917 1.653061224489796 1.7346938775510203 1.653061224489796 2.0 1.5714285714285714 1.0816326530612246 1.2244897959183674 1.9795918367346939 1.163265306122449 1.489795918367347 1.9795918367346939 1.6734693877551021 2.0  
75 129.67108854268298 1.530612244897959 2.295918367346939 1.346938775510204 1.346938775510204 1.7142857142857142 1.4387755102040816 1.9591836734693877 2.479591836734694 2.6020408163265305 2.479591836734694 3.0 2.357142857142857 1.6224489795918366 1.836734693877551 2.9693877551020407 1.7448979591836735 2.2346938775510203 2.9693877551020407 2.510204081632653 3.0  
8 57.45062284011767 1.530612244897959 2.295918367346939 1.346938775510204 1.346938775510204 1.7142857142857142 1.4387755102040816 1.9591836734693877 2.479591836734694 2.6020408163265305 2.479591836734694 3.0 2.357142857142857 1.6224489795918366 1.836734693877551 2.9693877551020407 1.7448979591836735 2.2346938775510203 2.9693877551020407 2.510204081632653 3.0  
127 17.81334614176326 1.530612244897959 2.295918367346939 1.346938775510204 1.346938775510204 1.7142857142857142 1.4387755102040816 1.9591836734693877 2.479591836734694 2.6020408163265305 2.479591836734694 3.0 2.357142857142857 1.6224489795918366 1.836734693877551 2.9693877551020407 1.7448979591836735 2.2346938775510203 2.9693877551020407 2.510204081632653 3.0  
113 92.46329081795551 1.0204081632653061 1.530612244897959 0.8979591836734694 0.8979591836734694 1.1428571428571428 0.9591836734693877 1.3061224489795917 1.653061224489796 1.7346938775510203 1.653061224489796 2.0 1.5714285714285714 1.0816326530612246 1.2244897959183674 1.9795918367346939 1.163265306122449 1.489795918367347 1.9795918367346939 1.6734693877551021 2.0  
117 140.11673140862098 1.530612244897959 2.295918367346939 1.346938775510204 1.346938775510204 1.7142857142857142 1.4387755102040816 1.9591836734693877 2.479591836734694 2.6020408163265305 2.479591836734694 3.0 2.357142857142857 1.6224489795918366 1.836734693877551 2.9693877551020407 1.7448979591836735 2.2346938775510203 2.9693877551020407 2.510204081632653 3.0  
103 121.36732905609684 1.530612244897959 2.295918367346939 1.346938775510204 1.346938775510204 1.7142857142857142 1.4387755102040816 1.9591836734693877 2.479591836734694 2.6020408163265305 2.479591836734694 3.0 2.357142857142857 1.6224489795918366 1.836734693877551 2.9693877551020407 1.7448979591836735 2.2346938775510203 2.9693877551020407 2.510204081632653 3.0  
64 148.69129677335548 1.530612244897959 2.295918367346939 1.346938775510204 1.346938775510204 1.7142857142857142 1.4387755102040816 1.9591836734693877 2.479591836734694 2.6020408163265305 2.479591836734694 3.0 2.357142857142857 1.6224489795918366 1.836734693877551 2.9693877551020407 1.7448979591836735 2.2346938775510203 2.9693877551020407 2.510204081632653 3.0  
104 202.85227598851998 1.530612244897959 2.295918367346939 1.346938775510204 1.346938775510204 1.7142857142857142 1.4387755102040816 1.9591836734693877 2.479591836734694 2.6020408163265305 2.479591836734694 3.0 2.357142857142857 1.6224489795918366 1.836734693877551 2.9693877551020407 1.7448979591836735 2.2346938775510203 2.9693877551020407 2.510204081632653 3.0  
70 102.05889069433242 1.530612244897959 2.295918367346939 1.346938775510204 1.346938775510204 1.7142857142857142 1.4387755102040816 1.9591836734693877 2.479591836734694 2.6020408163265305 2.479591836734694 3.0 2.357142857142857 1.6224489795918366 1.836734693877551 2.9693877551020407 1.7448979591836735 2.2346938775510203 2.9693877551020407 2.510204081632653 3.0  
142 23.671490116595187 1.0204081632653061 1.530612244897959 0.8979591836734694 0.8979591836734694 1.1428571428571428 0.9591836734693877 1.3061224489795917 1.653061224489796 1.7346938775510203 1.653061224489796 2.0 1.5714285714285714 1.0816326530612246 1.2244897959183674 1.9795918367346939 1.163265306122449 1.489795918367347 1.9795918367346939 1.6734693877551021 2.0  
26 42.84180652010876 1.530612244897959 2.295918367346939 1.346938775510204 1.346938775510204 1.7142857142857142 1.4387755102040816 1.9591836734693877 2.479591836734694 2.6020408163265305 2.479591836734694 3.0 2.357142857142857 1.6224489795918366 1.836734693877551 2.9693877551020407 1.7448979591836735 2.2346938775510203 2.9693877551020407 2.510204081632653 3.0  
118 151.23120785815817 1.0204081632653061 1.530612244897959 0.8979591836734694 0.8979591836734694 1.1428571428571428 0.9591836734693877 1.3061224489795917 1.653061224489796 1.7346938775510203 1.653061224489796 2.0 1.5714285714285714 1.0816326530612246 1.2244897959183674 1.9795918367346939 1.163265306122449 1.489795918367347 1.9795918367346939 1.6734693877551021 2.0  
1 31.09338640185682 1.0204081632653061 1.530612244897959 0.8979591836734694 0.8979591836734694 1.1428571428571428 0.9591836734693877 1.3061224489795917 1.653061224489796 1.7346938775510203 1.653061224489796 2.0 1.5714285714285714 1.0816326530612246 1.2244897959183674 1.9795918367346939 1.163265306122449 1.489795918367347 1.9795918367346939 1.6734693877551021 2.0  
143 913.0 1.530612244897959 2.295918367346939 1.346938775510204 1.346938775510204 1.7142857142857142 1.4387755102040816 1.9591836734693877 2.479591836734694 2.6020408163265305 2.479591836734694 3.0 2.357142857142857 1.6224489795918366 1.836734693877551 2.9693877551020407 1.7448979591836735 2.2346938775510203 2.9693877551020407 2.510204081632653 3.0  
41 244.8601271299868 1.530612244897959 2.295918367346939 1.346938775510204 1.346938775510204 1.7142857142857142 1.4387755102040816 1.9591836734693877 2.479591836734694 2.6020408163265305 2.479591836734694 3.0 2.357142857142857 1.6224489795918366 1.836734693877551 2.9693877551020407 1.7448979591836735 2.2346938775510203 2.9693877551020407 2.510204081632653 3.0  
86 62.43731360842083 1.530612244897959 2.295918367346939 1.346938775510204 1.346938775510204 1.7142857142857142 1.4387755102040816 1.9591836734693877 2.479591836734694 2.6020408163265305 2.479591836734694 3.0 2.357142857142857 1.6224489795918366 1.836734693877551 2.9693877551020407 1.7448979591836735 2.2346938775510203 2.9693877551020407 2.510204081632653 3.0  
71 49.217101244878606 1.530612244897959 2.295918367346939 1.346938775510204 1.346938775510204 1.7142857142857142 1.4387755102040816 1.9591836734693877 2.479591836734694 2.6020408163265305 2.479591836734694 3.0 2.357142857142857 1.6224489795918366 1.836734693877551 2.9693877551020407 1.7448979591836735 2.2346938775510203 2.9693877551020407 2.510204081632653 3.0  
