50 20
TREE NETWORK (nID nID Weight):
1 0 31.0 
2 0 49.0 
10 0 34.0 
29 0 37.0 
30 29 37.0 
3 2 58.0 
11 10 40.0 
45 0 41.0 
12 11 31.0 
18 10 49.0 
13 12 33.0 
41 29 46.0 
14 13 36.0 
31 30 39.0 
19 18 42.0 
20 19 58.0 
22 19 32.0 
34 30 55.0 
4 3 45.0 
46 45 48.0 
35 34 40.0 
5 4 51.0 
23 19 54.0 
27 10 51.0 
38 30 43.0 
15 13 38.0 
49 0 40.0 
7 2 50.0 
8 7 41.0 
42 29 44.0 
39 38 36.0 
24 19 47.0 
47 45 31.0 
48 47 45.0 
16 15 56.0 
43 29 54.0 
17 12 44.0 
21 20 34.0 
9 7 59.0 
6 5 39.0 
32 31 30.0 
25 24 52.0 
36 34 35.0 
40 38 59.0 
37 36 32.0 
26 24 58.0 
44 29 49.0 
33 31 34.0 
28 27 32.0 
PROGRAMS ASSIGNED TO NODES (nID pID1 pID2 ...):
0 1 2 3 4 5 6 7 8 9 10 11 12 13 14 15 16 17 18 19 20  
49 3 9 16  
38 2 3 5 9 10 11 12 13 15 16 17 20  
26 1 3 18  
22 3 4 5 7 11 12 13 14 15 16 17 18 19  
41 7 11 14 16 19  
34  
31 1 2 3 4 5 6 8 9 10 11 12 13 14 15 16 17 18 19 20  
42 2 5 6 7 10 11 12 14 15 16 20  
48 1 2 3 5 6 7 8 10 11 12 13 14 15 16 17 18 20  
18 3 15 16 17  
8 2 3 4 6 8 9 10 11 12 13 15 16 17 18 19  
29 6 8 10 12 14 16 18 19 20  
7 2 3 4 5 6 7 8 10 14 15 16 17 18 19 20  
12 4 7 9 15 18  
9 1 3 5 6 9 12 13 14 15 17 19  
17 1 2 3 4 6 7 8 10 11 12 13 14 15 19  
43 3 4 5 9 10 11 12 13 14 15 16 18  
15 1 2 3 4 5 7 8 9 10 11 13 14 15 16 17 18 19 20  
37 2 4 10 14 17  
44 1 2 3 4 5 10 12 13 14 15 16 19 20  
21  
46 1 3 4 5 6 9 10 11 13 14 15 19 20  
20 1 2 3 4 7 9 11 13 14 17 18  
39 1 2 4 5 6 7 8 11 14 16 17 18 20  
11 2 3 4 5 7 8 9 11 12 13 14 15 16 17 18 19 20  
23 1 2 3 4 5 6 7 8 9 10 11 12 13 15 17 18 19 20  
47 1 2 3 4 5 6 8 9 10 11 13 14 15 16 17 18 19 20  
33 1 13 15  
3 10  
16  
24 1 2 3 4 5 7 8 9 10 12 13 14 15 17 18 19  
32 3 5 7 8 9 10 11 12 13 15 16 18 19 20  
45 9 16  
4 2 3 4 5 6 7 8 9 12 13 16 17 18 19 20  
6 2 3 5 6 7 8 11 12 13 14 16 19 20  
30 1 12 19  
35 3 9 14 20  
13 1 11  
40  
5 1 6 8 15 16  
19 4 5 14  
36  
14 6 7 10 11 14 17 19 20  
1 1 3 6 11 12 17  
28 1 7 8 9 12 13 14  
2 3 6 8 12 16 19  
25 1 2 3 4 5 8 9 10 11 12 13 14 15 16 17 19 20  
27 1 2 3 4 5 6 8 9 11 12 13 14 16 17 18 20  
10 1 2 3 4 5 6 7 9 10 11 12 13 14 15 16 17 19  
SIZE OF PROGRAMS (pID SIZE):
1 74.0 
2 64.0 
3 66.0 
4 96.0 
5 81.0 
6 48.0 
7 84.0 
8 58.0 
9 47.0 
10 74.0 
11 71.0 
12 62.0 
13 93.0 
14 73.0 
15 70.0 
16 57.0 
17 70.0 
18 44.0 
19 66.0 
20 63.0 
COST_INSTALL_SERVER_AND_PROGRAMS :
0 3835.4166666666665 1.5416666666666667 1.3333333333333333 1.375 2.0 1.6875 1.0 1.75 1.2083333333333333 0.9791666666666666 1.5416666666666667 1.4791666666666667 1.2916666666666667 1.9375 1.5208333333333333 1.4583333333333333 1.1875 1.4583333333333333 0.9166666666666666 1.375 1.3125  
49 5.101353406148584 1.5416666666666667 1.3333333333333333 1.375 2.0 1.6875 1.0 1.75 1.2083333333333333 0.9791666666666666 1.5416666666666667 1.4791666666666667 1.2916666666666667 1.9375 1.5208333333333333 1.4583333333333333 1.1875 1.4583333333333333 0.9166666666666666 1.375 1.3125  
38 95.29926269379568 1.5416666666666667 1.3333333333333333 1.375 2.0 1.6875 1.0 1.75 1.2083333333333333 0.9791666666666666 1.5416666666666667 1.4791666666666667 1.2916666666666667 1.9375 1.5208333333333333 1.4583333333333333 1.1875 1.4583333333333333 0.9166666666666666 1.375 1.3125  
26 22.822918536454782 2.3125 2.0 2.0625 3.0 2.53125 1.5 2.625 1.8125 1.46875 2.3125 2.21875 1.9375 2.90625 2.28125 2.1875 1.78125 2.1875 1.375 2.0625 1.96875  
22 133.40415126390087 2.3125 2.0 2.0625 3.0 2.53125 1.5 2.625 1.8125 1.46875 2.3125 2.21875 1.9375 2.90625 2.28125 2.1875 1.78125 2.1875 1.375 2.0625 1.96875  
41 17.403158933297014 1.5416666666666667 1.3333333333333333 1.375 2.0 1.6875 1.0 1.75 1.2083333333333333 0.9791666666666666 1.5416666666666667 1.4791666666666667 1.2916666666666667 1.9375 1.5208333333333333 1.4583333333333333 1.1875 1.4583333333333333 0.9166666666666666 1.375 1.3125  
34 33.733972478759156 2.3125 2.0 2.0625 3.0 2.53125 1.5 2.625 1.8125 1.46875 2.3125 2.21875 1.9375 2.90625 2.28125 2.1875 1.78125 2.1875 1.375 2.0625 1.96875  
31 155.4596976942231 1.5416666666666667 1.3333333333333333 1.375 2.0 1.6875 1.0 1.75 1.2083333333333333 0.9791666666666666 1.5416666666666667 1.4791666666666667 1.2916666666666667 1.9375 1.5208333333333333 1.4583333333333333 1.1875 1.4583333333333333 0.9166666666666666 1.375 1.3125  
42 48.58375004108389 1.5416666666666667 1.3333333333333333 1.375 2.0 1.6875 1.0 1.75 1.2083333333333333 0.9791666666666666 1.5416666666666667 1.4791666666666667 1.2916666666666667 1.9375 1.5208333333333333 1.4583333333333333 1.1875 1.4583333333333333 0.9166666666666666 1.375 1.3125  
48 60.65347038249217 2.3125 2.0 2.0625 3.0 2.53125 1.5 2.625 1.8125 1.46875 2.3125 2.21875 1.9375 2.90625 2.28125 2.1875 1.78125 2.1875 1.375 2.0625 1.96875  
18 40.37162786775586 2.3125 2.0 2.0625 3.0 2.53125 1.5 2.625 1.8125 1.46875 2.3125 2.21875 1.9375 2.90625 2.28125 2.1875 1.78125 2.1875 1.375 2.0625 1.96875  
8 65.53826075485586 1.5416666666666667 1.3333333333333333 1.375 2.0 1.6875 1.0 1.75 1.2083333333333333 0.9791666666666666 1.5416666666666667 1.4791666666666667 1.2916666666666667 1.9375 1.5208333333333333 1.4583333333333333 1.1875 1.4583333333333333 0.9166666666666666 1.375 1.3125  
29 36.19048181189166 1.5416666666666667 1.3333333333333333 1.375 2.0 1.6875 1.0 1.75 1.2083333333333333 0.9791666666666666 1.5416666666666667 1.4791666666666667 1.2916666666666667 1.9375 1.5208333333333333 1.4583333333333333 1.1875 1.4583333333333333 0.9166666666666666 1.375 1.3125  
7 1.9359259533382769 2.3125 2.0 2.0625 3.0 2.53125 1.5 2.625 1.8125 1.46875 2.3125 2.21875 1.9375 2.90625 2.28125 2.1875 1.78125 2.1875 1.375 2.0625 1.96875  
12 104.67845073145193 2.3125 2.0 2.0625 3.0 2.53125 1.5 2.625 1.8125 1.46875 2.3125 2.21875 1.9375 2.90625 2.28125 2.1875 1.78125 2.1875 1.375 2.0625 1.96875  
9 22.860684081220086 1.5416666666666667 1.3333333333333333 1.375 2.0 1.6875 1.0 1.75 1.2083333333333333 0.9791666666666666 1.5416666666666667 1.4791666666666667 1.2916666666666667 1.9375 1.5208333333333333 1.4583333333333333 1.1875 1.4583333333333333 0.9166666666666666 1.375 1.3125  
17 70.62191205002438 2.3125 2.0 2.0625 3.0 2.53125 1.5 2.625 1.8125 1.46875 2.3125 2.21875 1.9375 2.90625 2.28125 2.1875 1.78125 2.1875 1.375 2.0625 1.96875  
43 31.761908346230772 2.3125 2.0 2.0625 3.0 2.53125 1.5 2.625 1.8125 1.46875 2.3125 2.21875 1.9375 2.90625 2.28125 2.1875 1.78125 2.1875 1.375 2.0625 1.96875  
15 153.6022050918407 1.5416666666666667 1.3333333333333333 1.375 2.0 1.6875 1.0 1.75 1.2083333333333333 0.9791666666666666 1.5416666666666667 1.4791666666666667 1.2916666666666667 1.9375 1.5208333333333333 1.4583333333333333 1.1875 1.4583333333333333 0.9166666666666666 1.375 1.3125  
37 36.21945752935659 2.3125 2.0 2.0625 3.0 2.53125 1.5 2.625 1.8125 1.46875 2.3125 2.21875 1.9375 2.90625 2.28125 2.1875 1.78125 2.1875 1.375 2.0625 1.96875  
44 27.698726614821254 2.3125 2.0 2.0625 3.0 2.53125 1.5 2.625 1.8125 1.46875 2.3125 2.21875 1.9375 2.90625 2.28125 2.1875 1.78125 2.1875 1.375 2.0625 1.96875  
21 204.0 2.3125 2.0 2.0625 3.0 2.53125 1.5 2.625 1.8125 1.46875 2.3125 2.21875 1.9375 2.90625 2.28125 2.1875 1.78125 2.1875 1.375 2.0625 1.96875  
46 39.044457748551665 2.3125 2.0 2.0625 3.0 2.53125 1.5 2.625 1.8125 1.46875 2.3125 2.21875 1.9375 2.90625 2.28125 2.1875 1.78125 2.1875 1.375 2.0625 1.96875  
20 88.11086744510132 2.3125 2.0 2.0625 3.0 2.53125 1.5 2.625 1.8125 1.46875 2.3125 2.21875 1.9375 2.90625 2.28125 2.1875 1.78125 2.1875 1.375 2.0625 1.96875  
39 123.3650548283116 1.5416666666666667 1.3333333333333333 1.375 2.0 1.6875 1.0 1.75 1.2083333333333333 0.9791666666666666 1.5416666666666667 1.4791666666666667 1.2916666666666667 1.9375 1.5208333333333333 1.4583333333333333 1.1875 1.4583333333333333 0.9166666666666666 1.375 1.3125  
11 18.46046814603212 2.3125 2.0 2.0625 3.0 2.53125 1.5 2.625 1.8125 1.46875 2.3125 2.21875 1.9375 2.90625 2.28125 2.1875 1.78125 2.1875 1.375 2.0625 1.96875  
23 149.39541575397897 1.5416666666666667 1.3333333333333333 1.375 2.0 1.6875 1.0 1.75 1.2083333333333333 0.9791666666666666 1.5416666666666667 1.4791666666666667 1.2916666666666667 1.9375 1.5208333333333333 1.4583333333333333 1.1875 1.4583333333333333 0.9166666666666666 1.375 1.3125  
47 43.880585067617005 1.5416666666666667 1.3333333333333333 1.375 2.0 1.6875 1.0 1.75 1.2083333333333333 0.9791666666666666 1.5416666666666667 1.4791666666666667 1.2916666666666667 1.9375 1.5208333333333333 1.4583333333333333 1.1875 1.4583333333333333 0.9166666666666666 1.375 1.3125  
33 18.95032208021 2.3125 2.0 2.0625 3.0 2.53125 1.5 2.625 1.8125 1.46875 2.3125 2.21875 1.9375 2.90625 2.28125 2.1875 1.78125 2.1875 1.375 2.0625 1.96875  
3 44.18662692226013 1.5416666666666667 1.3333333333333333 1.375 2.0 1.6875 1.0 1.75 1.2083333333333333 0.9791666666666666 1.5416666666666667 1.4791666666666667 1.2916666666666667 1.9375 1.5208333333333333 1.4583333333333333 1.1875 1.4583333333333333 0.9166666666666666 1.375 1.3125  
16 697.0 2.3125 2.0 2.0625 3.0 2.53125 1.5 2.625 1.8125 1.46875 2.3125 2.21875 1.9375 2.90625 2.28125 2.1875 1.78125 2.1875 1.375 2.0625 1.96875  
24 91.07458404935811 2.3125 2.0 2.0625 3.0 2.53125 1.5 2.625 1.8125 1.46875 2.3125 2.21875 1.9375 2.90625 2.28125 2.1875 1.78125 2.1875 1.375 2.0625 1.96875  
32 50.00040460010534 2.3125 2.0 2.0625 3.0 2.53125 1.5 2.625 1.8125 1.46875 2.3125 2.21875 1.9375 2.90625 2.28125 2.1875 1.78125 2.1875 1.375 2.0625 1.96875  
45 643.0 2.3125 2.0 2.0625 3.0 2.53125 1.5 2.625 1.8125 1.46875 2.3125 2.21875 1.9375 2.90625 2.28125 2.1875 1.78125 2.1875 1.375 2.0625 1.96875  
4 61.09721350410129 1.5416666666666667 1.3333333333333333 1.375 2.0 1.6875 1.0 1.75 1.2083333333333333 0.9791666666666666 1.5416666666666667 1.4791666666666667 1.2916666666666667 1.9375 1.5208333333333333 1.4583333333333333 1.1875 1.4583333333333333 0.9166666666666666 1.375 1.3125  
6 103.5317650314924 1.5416666666666667 1.3333333333333333 1.375 2.0 1.6875 1.0 1.75 1.2083333333333333 0.9791666666666666 1.5416666666666667 1.4791666666666667 1.2916666666666667 1.9375 1.5208333333333333 1.4583333333333333 1.1875 1.4583333333333333 0.9166666666666666 1.375 1.3125  
30 77.66579918014675 2.3125 2.0 2.0625 3.0 2.53125 1.5 2.625 1.8125 1.46875 2.3125 2.21875 1.9375 2.90625 2.28125 2.1875 1.78125 2.1875 1.375 2.0625 1.96875  
35 16.360790681070313 1.5416666666666667 1.3333333333333333 1.375 2.0 1.6875 1.0 1.75 1.2083333333333333 0.9791666666666666 1.5416666666666667 1.4791666666666667 1.2916666666666667 1.9375 1.5208333333333333 1.4583333333333333 1.1875 1.4583333333333333 0.9166666666666666 1.375 1.3125  
13 112.81506008160606 1.5416666666666667 1.3333333333333333 1.375 2.0 1.6875 1.0 1.75 1.2083333333333333 0.9791666666666666 1.5416666666666667 1.4791666666666667 1.2916666666666667 1.9375 1.5208333333333333 1.4583333333333333 1.1875 1.4583333333333333 0.9166666666666666 1.375 1.3125  
40 221.0 1.5416666666666667 1.3333333333333333 1.375 2.0 1.6875 1.0 1.75 1.2083333333333333 0.9791666666666666 1.5416666666666667 1.4791666666666667 1.2916666666666667 1.9375 1.5208333333333333 1.4583333333333333 1.1875 1.4583333333333333 0.9166666666666666 1.375 1.3125  
5 106.66305884773004 1.5416666666666667 1.3333333333333333 1.375 2.0 1.6875 1.0 1.75 1.2083333333333333 0.9791666666666666 1.5416666666666667 1.4791666666666667 1.2916666666666667 1.9375 1.5208333333333333 1.4583333333333333 1.1875 1.4583333333333333 0.9166666666666666 1.375 1.3125  
19 108.1227455222398 1.5416666666666667 1.3333333333333333 1.375 2.0 1.6875 1.0 1.75 1.2083333333333333 0.9791666666666666 1.5416666666666667 1.4791666666666667 1.2916666666666667 1.9375 1.5208333333333333 1.4583333333333333 1.1875 1.4583333333333333 0.9166666666666666 1.375 1.3125  
36 49.98379817616597 1.5416666666666667 1.3333333333333333 1.375 2.0 1.6875 1.0 1.75 1.2083333333333333 0.9791666666666666 1.5416666666666667 1.4791666666666667 1.2916666666666667 1.9375 1.5208333333333333 1.4583333333333333 1.1875 1.4583333333333333 0.9166666666666666 1.375 1.3125  
14 48.403855953787065 2.3125 2.0 2.0625 3.0 2.53125 1.5 2.625 1.8125 1.46875 2.3125 2.21875 1.9375 2.90625 2.28125 2.1875 1.78125 2.1875 1.375 2.0625 1.96875  
1 11.885174419041746 1.5416666666666667 1.3333333333333333 1.375 2.0 1.6875 1.0 1.75 1.2083333333333333 0.9791666666666666 1.5416666666666667 1.4791666666666667 1.2916666666666667 1.9375 1.5208333333333333 1.4583333333333333 1.1875 1.4583333333333333 0.9166666666666666 1.375 1.3125  
28 43.22379209097374 1.5416666666666667 1.3333333333333333 1.375 2.0 1.6875 1.0 1.75 1.2083333333333333 0.9791666666666666 1.5416666666666667 1.4791666666666667 1.2916666666666667 1.9375 1.5208333333333333 1.4583333333333333 1.1875 1.4583333333333333 0.9166666666666666 1.375 1.3125  
2 40.72277960107123 1.5416666666666667 1.3333333333333333 1.375 2.0 1.6875 1.0 1.75 1.2083333333333333 0.9791666666666666 1.5416666666666667 1.4791666666666667 1.2916666666666667 1.9375 1.5208333333333333 1.4583333333333333 1.1875 1.4583333333333333 0.9166666666666666 1.375 1.3125  
25 149.1813187914149 2.3125 2.0 2.0625 3.0 2.53125 1.5 2.625 1.8125 1.46875 2.3125 2.21875 1.9375 2.90625 2.28125 2.1875 1.78125 2.1875 1.375 2.0625 1.96875  
27 36.58175066799646 1.5416666666666667 1.3333333333333333 1.375 2.0 1.6875 1.0 1.75 1.2083333333333333 0.9791666666666666 1.5416666666666667 1.4791666666666667 1.2916666666666667 1.9375 1.5208333333333333 1.4583333333333333 1.1875 1.4583333333333333 0.9166666666666666 1.375 1.3125  
10 38.36973021897549 1.5416666666666667 1.3333333333333333 1.375 2.0 1.6875 1.0 1.75 1.2083333333333333 0.9791666666666666 1.5416666666666667 1.4791666666666667 1.2916666666666667 1.9375 1.5208333333333333 1.4583333333333333 1.1875 1.4583333333333333 0.9166666666666666 1.375 1.3125  
