70 20
TREE NETWORK (nID nID Weight):
1 0 35.0 
2 1 32.0 
9 1 46.0 
24 0 45.0 
18 1 59.0 
25 24 39.0 
65 0 49.0 
26 25 57.0 
27 26 53.0 
28 27 33.0 
52 26 53.0 
3 2 41.0 
64 25 40.0 
29 28 39.0 
53 52 39.0 
66 0 47.0 
10 9 57.0 
30 29 52.0 
11 10 38.0 
42 27 48.0 
5 2 56.0 
31 30 54.0 
40 28 39.0 
57 26 32.0 
6 5 48.0 
12 10 52.0 
54 52 46.0 
35 30 51.0 
58 57 35.0 
16 10 48.0 
4 3 36.0 
60 57 40.0 
8 5 57.0 
36 29 43.0 
59 58 47.0 
37 29 59.0 
67 0 44.0 
44 27 43.0 
38 37 39.0 
45 27 40.0 
68 67 51.0 
46 45 47.0 
39 38 55.0 
17 10 56.0 
32 31 32.0 
7 6 55.0 
19 18 41.0 
41 28 51.0 
69 67 46.0 
55 52 35.0 
13 12 49.0 
43 42 47.0 
49 27 54.0 
63 26 37.0 
15 12 43.0 
47 46 30.0 
20 1 59.0 
50 49 59.0 
22 1 41.0 
23 22 44.0 
14 13 30.0 
56 52 58.0 
51 50 52.0 
33 32 47.0 
21 20 38.0 
34 31 57.0 
61 60 53.0 
48 45 44.0 
62 61 31.0 
PROGRAMS ASSIGNED TO NODES (nID pID1 pID2 ...):
0 1 2 3 4 5 6 7 8 9 10 11 12 13 14 15 16 17 18 19 20  
65 15  
4 2 4 6 8 9 11 12 13 15 16 18 19 20  
27 1 2 5 6 8 10 11 12 13 17 18 20  
55 18  
40 6 8 9 17 20  
53 5 6 7 8 9 10 11 12 13 14 15 16 17 18  
58 14  
12 4 8 11 13 20  
36 1 2 3 5 7 8 11 12 14 16 17 20  
7 1 3 4 5 6 7 8 9 10 11 12 13 14 15 16 17 18 19 20  
11 1  
46 3 5 6 7 9 10 11 15 17  
62 1 8 16 20  
41 2 3 4 5 6 7 10 11 12 14 16 17 18  
19 1 4 7 10 15  
14 1 2 3 6 8 10 12 14 15 16 17 18 19 20  
32 7 11 13 15 19 20  
21  
30 3 5 8 9 10 11 12 16 18  
5 4 7 16 18  
66 2 4 5 6 7 8 9 10 12 14 15 19 20  
69 5 7 14 16  
44 2 5 8 11 12 20  
20 5 7 8 9 12 13  
16 1 2 3 5 6 8 9 11 12 13 14 15 17 18 19 20  
22 3 5 10 11 14 15 16 17 20  
26 1 2 5 9 16 17 18 19  
38 4 12 15 18 19  
25 2 3 4 5 6 7 8 9 10 11 13 15 17 19 20  
57 1 3 6 15 16 20  
60 8 16 18  
1 12 20  
6 2  
63 1 4 5 7 11 12 14 15 20  
49 2 4 5 6 10 13 15  
56 1 2 3 4 5 6 8 9 10 12 13 14 15 16 17 18 20  
31 1 4 5 6 8 9 10 11 12 13 15 16 17 18  
8 2 4 5 6 8 9 10 11 12 13 14 15 17 19 20  
48 2 4 5 6 7 12 13 14 15 16 18  
33 1 2 4 6 7 8 9 10 14 15 16 17 19 20  
17 1 2 3 5 10 13 14 16 19  
18 6  
35 1 2 3 5 6 7 8 9 10 11 12 13 14 15 16 17 19 20  
45 3 7 8 9 10 12 15 17 20  
28 1 2 3 4 5 6 8 9 10 11 12 13 14 15 16 17 18 19 20  
24 4 6 7 12 13 15 16 17  
59 2 4 8 9 10 11 12 13 14 15 16  
67 2 3 4 5 6 7 9 13 14 17 19  
54 1 2 7 8 9 11 12 14 15 16 17 18 19 20  
37 3 12 17 20  
15 6 7 10 15  
47 2 3 4 5 6 8 9 10 11 12 14 15 16 18 19 20  
23 1 4 5 6 10 12 13 14 15 17 18 19 20  
29 1 2 4 5 6 9 11 12 13 15 16 17 18 19 20  
68 1 2 3 5 6 7 8 10 11 13 14 19  
13 6  
50 7 9 10 11 14 15 17 18 19 20  
64 1 5 9 10 13 15 17 18 19 20  
61 1 2 3 4 6 7 9 10 11 12 14 16 17 19 20  
42 1 3 5 6 8 10 11 12 13 14 15 16 17 18 19  
3 1 7 9 10 19  
39 1 2 3 4 5 6 8 9 10 11 13 14 16 17 18 19 20  
2  
51 1 2 3 4 5 7 8 9 10 12 13 15 17 19 20  
43  
10 1 2 3 5 7 8 11 12 13 14 15 17 19  
34 1 3 5 6 7 8 10 11 12 13 14 18 19  
52 1 3 8 9 13 14 15 16 17 18 19 20  
9 1 2 4 5 7 8 9 11 12 14 15 17 19  
SIZE OF PROGRAMS (pID SIZE):
1 64.0 
2 50.0 
3 52.0 
4 90.0 
5 74.0 
6 96.0 
7 89.0 
8 92.0 
9 94.0 
10 58.0 
11 80.0 
12 72.0 
13 75.0 
14 77.0 
15 43.0 
16 72.0 
17 78.0 
18 85.0 
19 56.0 
20 93.0 
COST_INSTALL_SERVER_AND_PROGRAMS :
0 4104.166666666667 1.3333333333333333 1.0416666666666667 1.0833333333333333 1.875 1.5416666666666667 2.0 1.8541666666666667 1.9166666666666667 1.9583333333333333 1.2083333333333333 1.6666666666666667 1.5 1.5625 1.6041666666666667 0.8958333333333334 1.5 1.625 1.7708333333333333 1.1666666666666667 1.9375  
65 1.0101732753490342 1.3333333333333333 1.0416666666666667 1.0833333333333333 1.875 1.5416666666666667 2.0 1.8541666666666667 1.9166666666666667 1.9583333333333333 1.2083333333333333 1.6666666666666667 1.5 1.5625 1.6041666666666667 0.8958333333333334 1.5 1.625 1.7708333333333333 1.1666666666666667 1.9375  
4 92.60361822338247 1.3333333333333333 1.0416666666666667 1.0833333333333333 1.875 1.5416666666666667 2.0 1.8541666666666667 1.9166666666666667 1.9583333333333333 1.2083333333333333 1.6666666666666667 1.5 1.5625 1.6041666666666667 0.8958333333333334 1.5 1.625 1.7708333333333333 1.1666666666666667 1.9375  
27 175.29074254977962 1.3333333333333333 1.0416666666666667 1.0833333333333333 1.875 1.5416666666666667 2.0 1.8541666666666667 1.9166666666666667 1.9583333333333333 1.2083333333333333 1.6666666666666667 1.5 1.5625 1.6041666666666667 0.8958333333333334 1.5 1.625 1.7708333333333333 1.1666666666666667 1.9375  
55 14.517849750167912 2.0 1.5625 1.625 2.8125 2.3125 3.0 2.78125 2.875 2.9375 1.8125 2.5 2.25 2.34375 2.40625 1.34375 2.25 2.4375 2.65625 1.75 2.90625  
40 61.92701328432311 2.0 1.5625 1.625 2.8125 2.3125 3.0 2.78125 2.875 2.9375 1.8125 2.5 2.25 2.34375 2.40625 1.34375 2.25 2.4375 2.65625 1.75 2.90625  
53 128.5062007833738 1.3333333333333333 1.0416666666666667 1.0833333333333333 1.875 1.5416666666666667 2.0 1.8541666666666667 1.9166666666666667 1.9583333333333333 1.2083333333333333 1.6666666666666667 1.5 1.5625 1.6041666666666667 0.8958333333333334 1.5 1.625 1.7708333333333333 1.1666666666666667 1.9375  
58 68.56389463361907 1.3333333333333333 1.0416666666666667 1.0833333333333333 1.875 1.5416666666666667 2.0 1.8541666666666667 1.9166666666666667 1.9583333333333333 1.2083333333333333 1.6666666666666667 1.5 1.5625 1.6041666666666667 0.8958333333333334 1.5 1.625 1.7708333333333333 1.1666666666666667 1.9375  
12 69.04306216406553 2.0 1.5625 1.625 2.8125 2.3125 3.0 2.78125 2.875 2.9375 1.8125 2.5 2.25 2.34375 2.40625 1.34375 2.25 2.4375 2.65625 1.75 2.90625  
36 161.475373034783 1.3333333333333333 1.0416666666666667 1.0833333333333333 1.875 1.5416666666666667 2.0 1.8541666666666667 1.9166666666666667 1.9583333333333333 1.2083333333333333 1.6666666666666667 1.5 1.5625 1.6041666666666667 0.8958333333333334 1.5 1.625 1.7708333333333333 1.1666666666666667 1.9375  
7 138.6549858494884 2.0 1.5625 1.625 2.8125 2.3125 3.0 2.78125 2.875 2.9375 1.8125 2.5 2.25 2.34375 2.40625 1.34375 2.25 2.4375 2.65625 1.75 2.90625  
11 7.514004246022278 2.0 1.5625 1.625 2.8125 2.3125 3.0 2.78125 2.875 2.9375 1.8125 2.5 2.25 2.34375 2.40625 1.34375 2.25 2.4375 2.65625 1.75 2.90625  
46 203.30648221394057 2.0 1.5625 1.625 2.8125 2.3125 3.0 2.78125 2.875 2.9375 1.8125 2.5 2.25 2.34375 2.40625 1.34375 2.25 2.4375 2.65625 1.75 2.90625  
62 49.843943654121844 1.3333333333333333 1.0416666666666667 1.0833333333333333 1.875 1.5416666666666667 2.0 1.8541666666666667 1.9166666666666667 1.9583333333333333 1.2083333333333333 1.6666666666666667 1.5 1.5625 1.6041666666666667 0.8958333333333334 1.5 1.625 1.7708333333333333 1.1666666666666667 1.9375  
41 104.45984849134538 1.3333333333333333 1.0416666666666667 1.0833333333333333 1.875 1.5416666666666667 2.0 1.8541666666666667 1.9166666666666667 1.9583333333333333 1.2083333333333333 1.6666666666666667 1.5 1.5625 1.6041666666666667 0.8958333333333334 1.5 1.625 1.7708333333333333 1.1666666666666667 1.9375  
19 17.855026097402632 1.3333333333333333 1.0416666666666667 1.0833333333333333 1.875 1.5416666666666667 2.0 1.8541666666666667 1.9166666666666667 1.9583333333333333 1.2083333333333333 1.6666666666666667 1.5 1.5625 1.6041666666666667 0.8958333333333334 1.5 1.625 1.7708333333333333 1.1666666666666667 1.9375  
14 151.09315762052915 1.3333333333333333 1.0416666666666667 1.0833333333333333 1.875 1.5416666666666667 2.0 1.8541666666666667 1.9166666666666667 1.9583333333333333 1.2083333333333333 1.6666666666666667 1.5 1.5625 1.6041666666666667 0.8958333333333334 1.5 1.625 1.7708333333333333 1.1666666666666667 1.9375  
32 238.01952432498024 2.0 1.5625 1.625 2.8125 2.3125 3.0 2.78125 2.875 2.9375 1.8125 2.5 2.25 2.34375 2.40625 1.34375 2.25 2.4375 2.65625 1.75 2.90625  
21 498.0 1.3333333333333333 1.0416666666666667 1.0833333333333333 1.875 1.5416666666666667 2.0 1.8541666666666667 1.9166666666666667 1.9583333333333333 1.2083333333333333 1.6666666666666667 1.5 1.5625 1.6041666666666667 0.8958333333333334 1.5 1.625 1.7708333333333333 1.1666666666666667 1.9375  
30 323.2332002892093 2.0 1.5625 1.625 2.8125 2.3125 3.0 2.78125 2.875 2.9375 1.8125 2.5 2.25 2.34375 2.40625 1.34375 2.25 2.4375 2.65625 1.75 2.90625  
5 182.99170763627387 2.0 1.5625 1.625 2.8125 2.3125 3.0 2.78125 2.875 2.9375 1.8125 2.5 2.25 2.34375 2.40625 1.34375 2.25 2.4375 2.65625 1.75 2.90625  
66 16.703544334777074 2.0 1.5625 1.625 2.8125 2.3125 3.0 2.78125 2.875 2.9375 1.8125 2.5 2.25 2.34375 2.40625 1.34375 2.25 2.4375 2.65625 1.75 2.90625  
69 15.564023584937685 2.0 1.5625 1.625 2.8125 2.3125 3.0 2.78125 2.875 2.9375 1.8125 2.5 2.25 2.34375 2.40625 1.34375 2.25 2.4375 2.65625 1.75 2.90625  
44 65.53871506915173 1.3333333333333333 1.0416666666666667 1.0833333333333333 1.875 1.5416666666666667 2.0 1.8541666666666667 1.9166666666666667 1.9583333333333333 1.2083333333333333 1.6666666666666667 1.5 1.5625 1.6041666666666667 0.8958333333333334 1.5 1.625 1.7708333333333333 1.1666666666666667 1.9375  
20 28.57121438908041 1.3333333333333333 1.0416666666666667 1.0833333333333333 1.875 1.5416666666666667 2.0 1.8541666666666667 1.9166666666666667 1.9583333333333333 1.2083333333333333 1.6666666666666667 1.5 1.5625 1.6041666666666667 0.8958333333333334 1.5 1.625 1.7708333333333333 1.1666666666666667 1.9375  
16 153.1257520104554 2.0 1.5625 1.625 2.8125 2.3125 3.0 2.78125 2.875 2.9375 1.8125 2.5 2.25 2.34375 2.40625 1.34375 2.25 2.4375 2.65625 1.75 2.90625  
22 64.43305402220713 2.0 1.5625 1.625 2.8125 2.3125 3.0 2.78125 2.875 2.9375 1.8125 2.5 2.25 2.34375 2.40625 1.34375 2.25 2.4375 2.65625 1.75 2.90625  
26 73.77466290369637 2.0 1.5625 1.625 2.8125 2.3125 3.0 2.78125 2.875 2.9375 1.8125 2.5 2.25 2.34375 2.40625 1.34375 2.25 2.4375 2.65625 1.75 2.90625  
38 167.28822695337846 2.0 1.5625 1.625 2.8125 2.3125 3.0 2.78125 2.875 2.9375 1.8125 2.5 2.25 2.34375 2.40625 1.34375 2.25 2.4375 2.65625 1.75 2.90625  
25 72.75646490904072 1.3333333333333333 1.0416666666666667 1.0833333333333333 1.875 1.5416666666666667 2.0 1.8541666666666667 1.9166666666666667 1.9583333333333333 1.2083333333333333 1.6666666666666667 1.5 1.5625 1.6041666666666667 0.8958333333333334 1.5 1.625 1.7708333333333333 1.1666666666666667 1.9375  
57 211.74620425720914 1.3333333333333333 1.0416666666666667 1.0833333333333333 1.875 1.5416666666666667 2.0 1.8541666666666667 1.9166666666666667 1.9583333333333333 1.2083333333333333 1.6666666666666667 1.5 1.5625 1.6041666666666667 0.8958333333333334 1.5 1.625 1.7708333333333333 1.1666666666666667 1.9375  
60 139.9948953712343 2.0 1.5625 1.625 2.8125 2.3125 3.0 2.78125 2.875 2.9375 1.8125 2.5 2.25 2.34375 2.40625 1.34375 2.25 2.4375 2.65625 1.75 2.90625  
1 54.67487339266151 1.3333333333333333 1.0416666666666667 1.0833333333333333 1.875 1.5416666666666667 2.0 1.8541666666666667 1.9166666666666667 1.9583333333333333 1.2083333333333333 1.6666666666666667 1.5 1.5625 1.6041666666666667 0.8958333333333334 1.5 1.625 1.7708333333333333 1.1666666666666667 1.9375  
6 179.52748012251982 2.0 1.5625 1.625 2.8125 2.3125 3.0 2.78125 2.875 2.9375 1.8125 2.5 2.25 2.34375 2.40625 1.34375 2.25 2.4375 2.65625 1.75 2.90625  
63 45.07674380709372 2.0 1.5625 1.625 2.8125 2.3125 3.0 2.78125 2.875 2.9375 1.8125 2.5 2.25 2.34375 2.40625 1.34375 2.25 2.4375 2.65625 1.75 2.90625  
49 168.85361145561103 2.0 1.5625 1.625 2.8125 2.3125 3.0 2.78125 2.875 2.9375 1.8125 2.5 2.25 2.34375 2.40625 1.34375 2.25 2.4375 2.65625 1.75 2.90625  
56 131.602992461093 2.0 1.5625 1.625 2.8125 2.3125 3.0 2.78125 2.875 2.9375 1.8125 2.5 2.25 2.34375 2.40625 1.34375 2.25 2.4375 2.65625 1.75 2.90625  
31 173.98856518660293 2.0 1.5625 1.625 2.8125 2.3125 3.0 2.78125 2.875 2.9375 1.8125 2.5 2.25 2.34375 2.40625 1.34375 2.25 2.4375 2.65625 1.75 2.90625  
8 113.96079822233138 2.0 1.5625 1.625 2.8125 2.3125 3.0 2.78125 2.875 2.9375 1.8125 2.5 2.25 2.34375 2.40625 1.34375 2.25 2.4375 2.65625 1.75 2.90625  
48 126.31343187661157 1.3333333333333333 1.0416666666666667 1.0833333333333333 1.875 1.5416666666666667 2.0 1.8541666666666667 1.9166666666666667 1.9583333333333333 1.2083333333333333 1.6666666666666667 1.5 1.5625 1.6041666666666667 0.8958333333333334 1.5 1.625 1.7708333333333333 1.1666666666666667 1.9375  
33 355.30965338453086 2.0 1.5625 1.625 2.8125 2.3125 3.0 2.78125 2.875 2.9375 1.8125 2.5 2.25 2.34375 2.40625 1.34375 2.25 2.4375 2.65625 1.75 2.90625  
17 60.52486185762366 2.0 1.5625 1.625 2.8125 2.3125 3.0 2.78125 2.875 2.9375 1.8125 2.5 2.25 2.34375 2.40625 1.34375 2.25 2.4375 2.65625 1.75 2.90625  
18 7.205722661717506 1.3333333333333333 1.0416666666666667 1.0833333333333333 1.875 1.5416666666666667 2.0 1.8541666666666667 1.9166666666666667 1.9583333333333333 1.2083333333333333 1.6666666666666667 1.5 1.5625 1.6041666666666667 0.8958333333333334 1.5 1.625 1.7708333333333333 1.1666666666666667 1.9375  
35 187.4022383835544 2.0 1.5625 1.625 2.8125 2.3125 3.0 2.78125 2.875 2.9375 1.8125 2.5 2.25 2.34375 2.40625 1.34375 2.25 2.4375 2.65625 1.75 2.90625  
45 237.79388588789323 1.3333333333333333 1.0416666666666667 1.0833333333333333 1.875 1.5416666666666667 2.0 1.8541666666666667 1.9166666666666667 1.9583333333333333 1.2083333333333333 1.6666666666666667 1.5 1.5625 1.6041666666666667 0.8958333333333334 1.5 1.625 1.7708333333333333 1.1666666666666667 1.9375  
28 199.06919692812355 2.0 1.5625 1.625 2.8125 2.3125 3.0 2.78125 2.875 2.9375 1.8125 2.5 2.25 2.34375 2.40625 1.34375 2.25 2.4375 2.65625 1.75 2.90625  
24 723.0 2.0 1.5625 1.625 2.8125 2.3125 3.0 2.78125 2.875 2.9375 1.8125 2.5 2.25 2.34375 2.40625 1.34375 2.25 2.4375 2.65625 1.75 2.90625  
59 105.74230485633986 1.3333333333333333 1.0416666666666667 1.0833333333333333 1.875 1.5416666666666667 2.0 1.8541666666666667 1.9166666666666667 1.9583333333333333 1.2083333333333333 1.6666666666666667 1.5 1.5625 1.6041666666666667 0.8958333333333334 1.5 1.625 1.7708333333333333 1.1666666666666667 1.9375  
67 13.948089243593373 1.3333333333333333 1.0416666666666667 1.0833333333333333 1.875 1.5416666666666667 2.0 1.8541666666666667 1.9166666666666667 1.9583333333333333 1.2083333333333333 1.6666666666666667 1.5 1.5625 1.6041666666666667 0.8958333333333334 1.5 1.625 1.7708333333333333 1.1666666666666667 1.9375  
54 165.4849690098232 2.0 1.5625 1.625 2.8125 2.3125 3.0 2.78125 2.875 2.9375 1.8125 2.5 2.25 2.34375 2.40625 1.34375 2.25 2.4375 2.65625 1.75 2.90625  
37 177.1865203850137 2.0 1.5625 1.625 2.8125 2.3125 3.0 2.78125 2.875 2.9375 1.8125 2.5 2.25 2.34375 2.40625 1.34375 2.25 2.4375 2.65625 1.75 2.90625  
15 43.27107544724958 1.3333333333333333 1.0416666666666667 1.0833333333333333 1.875 1.5416666666666667 2.0 1.8541666666666667 1.9166666666666667 1.9583333333333333 1.2083333333333333 1.6666666666666667 1.5 1.5625 1.6041666666666667 0.8958333333333334 1.5 1.625 1.7708333333333333 1.1666666666666667 1.9375  
47 302.9286027188353 2.0 1.5625 1.625 2.8125 2.3125 3.0 2.78125 2.875 2.9375 1.8125 2.5 2.25 2.34375 2.40625 1.34375 2.25 2.4375 2.65625 1.75 2.90625  
23 87.33435607560318 2.0 1.5625 1.625 2.8125 2.3125 3.0 2.78125 2.875 2.9375 1.8125 2.5 2.25 2.34375 2.40625 1.34375 2.25 2.4375 2.65625 1.75 2.90625  
29 189.3982862638648 1.3333333333333333 1.0416666666666667 1.0833333333333333 1.875 1.5416666666666667 2.0 1.8541666666666667 1.9166666666666667 1.9583333333333333 1.2083333333333333 1.6666666666666667 1.5 1.5625 1.6041666666666667 0.8958333333333334 1.5 1.625 1.7708333333333333 1.1666666666666667 1.9375  
68 31.072350284061798 1.3333333333333333 1.0416666666666667 1.0833333333333333 1.875 1.5416666666666667 2.0 1.8541666666666667 1.9166666666666667 1.9583333333333333 1.2083333333333333 1.6666666666666667 1.5 1.5625 1.6041666666666667 0.8958333333333334 1.5 1.625 1.7708333333333333 1.1666666666666667 1.9375  
13 140.49458172665808 1.3333333333333333 1.0416666666666667 1.0833333333333333 1.875 1.5416666666666667 2.0 1.8541666666666667 1.9166666666666667 1.9583333333333333 1.2083333333333333 1.6666666666666667 1.5 1.5625 1.6041666666666667 0.8958333333333334 1.5 1.625 1.7708333333333333 1.1666666666666667 1.9375  
50 138.56111281263983 1.3333333333333333 1.0416666666666667 1.0833333333333333 1.875 1.5416666666666667 2.0 1.8541666666666667 1.9166666666666667 1.9583333333333333 1.2083333333333333 1.6666666666666667 1.5 1.5625 1.6041666666666667 0.8958333333333334 1.5 1.625 1.7708333333333333 1.1666666666666667 1.9375  
64 34.36961318437545 1.3333333333333333 1.0416666666666667 1.0833333333333333 1.875 1.5416666666666667 2.0 1.8541666666666667 1.9166666666666667 1.9583333333333333 1.2083333333333333 1.6666666666666667 1.5 1.5625 1.6041666666666667 0.8958333333333334 1.5 1.625 1.7708333333333333 1.1666666666666667 1.9375  
61 160.13314414960453 2.0 1.5625 1.625 2.8125 2.3125 3.0 2.78125 2.875 2.9375 1.8125 2.5 2.25 2.34375 2.40625 1.34375 2.25 2.4375 2.65625 1.75 2.90625  
42 106.13698736261026 1.3333333333333333 1.0416666666666667 1.0833333333333333 1.875 1.5416666666666667 2.0 1.8541666666666667 1.9166666666666667 1.9583333333333333 1.2083333333333333 1.6666666666666667 1.5 1.5625 1.6041666666666667 0.8958333333333334 1.5 1.625 1.7708333333333333 1.1666666666666667 1.9375  
3 60.1109613798174 1.3333333333333333 1.0416666666666667 1.0833333333333333 1.875 1.5416666666666667 2.0 1.8541666666666667 1.9166666666666667 1.9583333333333333 1.2083333333333333 1.6666666666666667 1.5 1.5625 1.6041666666666667 0.8958333333333334 1.5 1.625 1.7708333333333333 1.1666666666666667 1.9375  
39 252.4188039419165 1.3333333333333333 1.0416666666666667 1.0833333333333333 1.875 1.5416666666666667 2.0 1.8541666666666667 1.9166666666666667 1.9583333333333333 1.2083333333333333 1.6666666666666667 1.5 1.5625 1.6041666666666667 0.8958333333333334 1.5 1.625 1.7708333333333333 1.1666666666666667 1.9375  
2 111.37406929273602 2.0 1.5625 1.625 2.8125 2.3125 3.0 2.78125 2.875 2.9375 1.8125 2.5 2.25 2.34375 2.40625 1.34375 2.25 2.4375 2.65625 1.75 2.90625  
51 113.4987907683797 1.3333333333333333 1.0416666666666667 1.0833333333333333 1.875 1.5416666666666667 2.0 1.8541666666666667 1.9166666666666667 1.9583333333333333 1.2083333333333333 1.6666666666666667 1.5 1.5625 1.6041666666666667 0.8958333333333334 1.5 1.625 1.7708333333333333 1.1666666666666667 1.9375  
43 801.0 2.0 1.5625 1.625 2.8125 2.3125 3.0 2.78125 2.875 2.9375 1.8125 2.5 2.25 2.34375 2.40625 1.34375 2.25 2.4375 2.65625 1.75 2.90625  
10 146.34739061752214 2.0 1.5625 1.625 2.8125 2.3125 3.0 2.78125 2.875 2.9375 1.8125 2.5 2.25 2.34375 2.40625 1.34375 2.25 2.4375 2.65625 1.75 2.90625  
34 287.29618473120064 1.3333333333333333 1.0416666666666667 1.0833333333333333 1.875 1.5416666666666667 2.0 1.8541666666666667 1.9166666666666667 1.9583333333333333 1.2083333333333333 1.6666666666666667 1.5 1.5625 1.6041666666666667 0.8958333333333334 1.5 1.625 1.7708333333333333 1.1666666666666667 1.9375  
52 58.25812386578052 2.0 1.5625 1.625 2.8125 2.3125 3.0 2.78125 2.875 2.9375 1.8125 2.5 2.25 2.34375 2.40625 1.34375 2.25 2.4375 2.65625 1.75 2.90625  
9 53.22995582089174 2.0 1.5625 1.625 2.8125 2.3125 3.0 2.78125 2.875 2.9375 1.8125 2.5 2.25 2.34375 2.40625 1.34375 2.25 2.4375 2.65625 1.75 2.90625  
