60 40
TREE NETWORK (nID nID Weight):
1 0 58.0 
2 1 42.0 
40 0 51.0 
6 1 44.0 
42 0 38.0 
22 1 36.0 
33 1 59.0 
23 22 37.0 
44 0 44.0 
45 44 51.0 
7 6 44.0 
46 45 50.0 
3 2 42.0 
24 23 40.0 
56 0 52.0 
12 6 35.0 
13 12 54.0 
47 45 35.0 
59 0 36.0 
19 6 54.0 
26 23 46.0 
48 45 51.0 
15 12 50.0 
49 44 43.0 
50 49 31.0 
37 1 54.0 
27 23 36.0 
8 7 48.0 
16 12 39.0 
52 49 30.0 
53 44 34.0 
38 37 58.0 
43 42 34.0 
28 27 49.0 
20 19 36.0 
41 40 46.0 
5 2 45.0 
17 16 44.0 
54 44 36.0 
9 8 44.0 
29 23 59.0 
34 33 49.0 
51 50 44.0 
30 29 55.0 
57 56 50.0 
39 1 59.0 
10 7 39.0 
36 33 57.0 
21 19 39.0 
11 7 49.0 
18 12 57.0 
31 29 58.0 
25 24 31.0 
4 3 54.0 
14 13 38.0 
32 23 45.0 
35 34 49.0 
55 44 44.0 
58 57 44.0 
PROGRAMS ASSIGNED TO NODES (nID pID1 pID2 ...):
0 1 2 3 4 5 6 7 8 9 10 11 12 13 14 15 16 17 18 19 20 21 22 23 24 25 26 27 28 29 30 31 32 33 34 35 36 37 38 39 40  
53 1 2 3 4 8 15 21 24 25 30 34 36 37 40  
27 1 2 5 6 8 9 10 12 15 18 19 20 21 23 24 25 30 31 32 33 35 36 37 40  
22  
55 5 6 9 10 14 16 17 19 24 26 28 30 31 32 34 37 39  
32 1 2 3 4 6 7 9 10 12 13 14 15 16 18 19 20 21 22 23 24 25 26 27 28 29 30 32 33 34 35 36 37 38 39 40  
9 12  
51 1 2 3 6 7 8 9 10 11 14 16 17 18 20 21 22 26 27 28 30 33 34 35 37 38 40  
21 2 6 7 9 14 17 19 21 22 24 27 28 29 34 37 38 40  
34 1 2 3 4 5 6 7 8 9 10 11 13 14 15 16 17 18 19 20 21 22 23 24 25 26 27 28 29 30 31 32 33 34 35 36 37 38 39 40  
3 22 28  
45 2 3 5 6 8 9 10 14 16 18 20 21 22 23 24 26 28 29 31 32 33 36 37 38 39  
44 1 2 5 6 7 8 12 14 16 17 18 19 21 22 23 25 26 27 28 32 33 34 38  
15 1 2 3 4 5 6 7 8 9 10 11 12 13 14 15 16 17 18 19 20 21 22 23 24 25 26 27 28 29 30 31 32 33 34 35 37 38 39 40  
24 1 2 3 4 5 6 7 8 9 10 11 12 13 14 15 16 17 18 19 20 21 22 23 24 25 26 27 28 29 30 31 32 33 34 36 37 38 39 40  
19 1 3 4 5 7 10 14 15 16 18 20 22 24 28 29 30 33 34 35 40  
10 1 2 3 6 10 11 12 13 23 26 28 29 30 31 32 33 34 35 38  
56 2 36  
12 3 4 16 21 22 25 27 28 31 32 34 35 37 40  
16 2 3 4 6 7 9 10 11 12 13 14 16 17 18 19 20 21 22 23 24 25 26 28 30 31 32 33 34 35 36 37 38 39 40  
48 4 8 14 16 19 20 24 25 28 30 37  
38 8 9 11 16 20 24 25 34 40  
14 7 10 15 19 21 34  
37 1 2 3 4 5 6 7 8 9 11 12 13 14 15 16 17 18 19 20 21 22 23 24 25 26 27 28 29 30 31 32 33 34 35 36 37 38 39  
35 1 2 3 4 5 6 7 8 9 10 11 13 15 16 17 18 19 20 21 22 23 24 26 27 31 32 33 37 38 39  
40 1 2 3 4 5 6 7 8 9 10 11 12 13 14 16 17 18 19 20 21 22 23 24 25 26 27 28 30 31 32 34 35 37 38 39 40  
17 1 6 8 11 12 15 16 17 19 21 22 23 25 28 30 36 39  
5 2 3 4 5 6 7 8 9 11 15 17 18 19 21 23 24 25 26 28 29 31 32 33 35 36 38 39 40  
26 1 2 4 6 7 8 9 10 11 12 13 14 15 16 17 18 19 20 22 23 24 25 26 27 28 29 30 32 34 35 36 37 38 39 40  
42 2 3 5 6 8 11 12 13 14 15 16 17 18 19 20 23 24 25 26 27 28 29 30 31 32 35 38  
41 27 38  
4 3 4 5 6 7 8 9 11 12 13 14 16 19 20 21 22 23 24 25 27 29 30 31 33 37 38 40  
7 1 2 4 5 6 7 13 15 16 18 19 21 22 26 28 29 32 35 36 37 38  
25 3 4 8 13 15 18 23 24 25 26 27 28 30 32 34 35 37 38  
18 2 5 8 9 12 15 16 18 19 22 23 29 30 31 34 35 36 38 39 40  
29 1 2 3 4 5 6 7 8 9 10 12 13 14 15 16 17 19 20 21 24 25 28 29 30 31 33 34 37 38 40  
59 28 30 39  
46 11 18 19 20 25 30 32 34 35 39 40  
6 35  
39 1 2 3 4 5 6 8 9 10 11 12 13 14 15 16 17 19 20 21 23 27 28 29 30 33 34 35 36 37 38 39 40  
43 2 3 4 5 6 7 8 9 11 12 13 16 17 19 23 24 26 28 30 31 32 33 34 35 36 38 39  
8 1 2 3 4 5 6 7 8 9 10 11 12 13 14 15 16 17 18 20 21 22 23 26 27 29 30 32 33 34 35 36 37 40  
20 3 5 7 9 12 19 20 24 28 29 32 38 39 40  
2 4 5 6 9 11 12 14 15 16 18 20 21 22 24 25 27 31 35 36 37 38 40  
30 1 2 3 4 5 6 8 9 10 12 13 15 17 18 19 20 22 24 25 30 32 38  
54 1 4 5 7 8 9 12 15 17 19 20 22 24 26 27 30 31 32 33 36 37 40  
47 1 2 3 4 5 6 7 8 9 10 11 12 13 14 15 16 17 18 19 20 21 22 23 24 25 26 27 28 29 30 31 32 33 34 35 36 37 38 40  
58 1 3 5 6 7 8 10 11 13 15 17 18 19 20 21 22 23 27 28 29 30 31 33 37 39 40  
1 4 5 7 13 17 25 37 38  
57 1 2 3 4 5 6 7 8 9 10 11 12 13 14 15 16 17 18 19 20 21 22 23 25 26 27 28 29 30 31 32 33 34 35 36 37 38 39 40  
49 3 27 29  
36 2 7 8 11 15 28 32 33 34 40  
33 4 11 14 16 17 22 31  
23 4 5 6 7 9 20 21 22 26 29 35 36 39  
52 1 10 17 19 21 23 24 25 26 34 38  
31 1 2 5 9 10 12 14 15 17 18 19 21 22 23 27 28 29 30 31 32 34 36 39  
50 3 4 7 9 10 13 15 22 24 30 32 39  
13 1 2 6 10 11 12 15 16 17 18 19 20 21 23 25 27 28 29 32 34 36 39  
28 2 3 5 6 7 8 9 10 11 13 14 15 16 17 18 20 21 22 23 25 26 30 32 33 34 35 37 38 40  
11 1 4 5 8 11 13 15 18 22 25 26 30 32 33 37 38 39 40  
SIZE OF PROGRAMS (pID SIZE):
1 71.0 
2 42.0 
3 41.0 
4 88.0 
5 65.0 
6 87.0 
7 75.0 
8 74.0 
9 98.0 
10 47.0 
11 91.0 
12 57.0 
13 92.0 
14 93.0 
15 44.0 
16 92.0 
17 73.0 
18 81.0 
19 67.0 
20 79.0 
21 70.0 
22 91.0 
23 46.0 
24 62.0 
25 48.0 
26 99.0 
27 70.0 
28 60.0 
29 50.0 
30 76.0 
31 60.0 
32 89.0 
33 96.0 
34 47.0 
35 76.0 
36 92.0 
37 47.0 
38 85.0 
39 73.0 
40 84.0 
COST_INSTALL_SERVER_AND_PROGRAMS :
0 9721.21212121212 2.1515151515151514 1.2727272727272727 1.2424242424242424 2.6666666666666665 1.9696969696969697 2.6363636363636362 2.272727272727273 2.242424242424242 2.9696969696969697 1.4242424242424243 2.757575757575758 1.7272727272727273 2.787878787878788 2.8181818181818183 1.3333333333333333 2.787878787878788 2.212121212121212 2.4545454545454546 2.0303030303030303 2.393939393939394 2.121212121212121 2.757575757575758 1.393939393939394 1.878787878787879 1.4545454545454546 3.0 2.121212121212121 1.8181818181818181 1.5151515151515151 2.303030303030303 1.8181818181818181 2.696969696969697 2.909090909090909 1.4242424242424243 2.303030303030303 2.787878787878788 1.4242424242424243 2.5757575757575757 2.212121212121212 2.5454545454545454  
53 50.19218168957398 1.4343434343434343 0.8484848484848485 0.8282828282828283 1.7777777777777777 1.3131313131313131 1.7575757575757576 1.5151515151515151 1.494949494949495 1.97979797979798 0.9494949494949495 1.8383838383838385 1.1515151515151516 1.8585858585858586 1.878787878787879 0.8888888888888888 1.8585858585858586 1.4747474747474747 1.6363636363636365 1.3535353535353536 1.595959595959596 1.4141414141414141 1.8383838383838385 0.9292929292929293 1.2525252525252526 0.9696969696969697 2.0 1.4141414141414141 1.2121212121212122 1.0101010101010102 1.5353535353535352 1.2121212121212122 1.797979797979798 1.9393939393939394 0.9494949494949495 1.5353535353535352 1.8585858585858586 0.9494949494949495 1.7171717171717171 1.4747474747474747 1.696969696969697  
27 395.13927595304983 1.4343434343434343 0.8484848484848485 0.8282828282828283 1.7777777777777777 1.3131313131313131 1.7575757575757576 1.5151515151515151 1.494949494949495 1.97979797979798 0.9494949494949495 1.8383838383838385 1.1515151515151516 1.8585858585858586 1.878787878787879 0.8888888888888888 1.8585858585858586 1.4747474747474747 1.6363636363636365 1.3535353535353536 1.595959595959596 1.4141414141414141 1.8383838383838385 0.9292929292929293 1.2525252525252526 0.9696969696969697 2.0 1.4141414141414141 1.2121212121212122 1.0101010101010102 1.5353535353535352 1.2121212121212122 1.797979797979798 1.9393939393939394 0.9494949494949495 1.5353535353535352 1.8585858585858586 0.9494949494949495 1.7171717171717171 1.4747474747474747 1.696969696969697  
22 143.91020874001688 1.4343434343434343 0.8484848484848485 0.8282828282828283 1.7777777777777777 1.3131313131313131 1.7575757575757576 1.5151515151515151 1.494949494949495 1.97979797979798 0.9494949494949495 1.8383838383838385 1.1515151515151516 1.8585858585858586 1.878787878787879 0.8888888888888888 1.8585858585858586 1.4747474747474747 1.6363636363636365 1.3535353535353536 1.595959595959596 1.4141414141414141 1.8383838383838385 0.9292929292929293 1.2525252525252526 0.9696969696969697 2.0 1.4141414141414141 1.2121212121212122 1.0101010101010102 1.5353535353535352 1.2121212121212122 1.797979797979798 1.9393939393939394 0.9494949494949495 1.5353535353535352 1.8585858585858586 0.9494949494949495 1.7171717171717171 1.4747474747474747 1.696969696969697  
55 48.259714919681414 1.4343434343434343 0.8484848484848485 0.8282828282828283 1.7777777777777777 1.3131313131313131 1.7575757575757576 1.5151515151515151 1.494949494949495 1.97979797979798 0.9494949494949495 1.8383838383838385 1.1515151515151516 1.8585858585858586 1.878787878787879 0.8888888888888888 1.8585858585858586 1.4747474747474747 1.6363636363636365 1.3535353535353536 1.595959595959596 1.4141414141414141 1.8383838383838385 0.9292929292929293 1.2525252525252526 0.9696969696969697 2.0 1.4141414141414141 1.2121212121212122 1.0101010101010102 1.5353535353535352 1.2121212121212122 1.797979797979798 1.9393939393939394 0.9494949494949495 1.5353535353535352 1.8585858585858586 0.9494949494949495 1.7171717171717171 1.4747474747474747 1.696969696969697  
32 189.1847815401726 2.1515151515151514 1.2727272727272727 1.2424242424242424 2.6666666666666665 1.9696969696969697 2.6363636363636362 2.272727272727273 2.242424242424242 2.9696969696969697 1.4242424242424243 2.757575757575758 1.7272727272727273 2.787878787878788 2.8181818181818183 1.3333333333333333 2.787878787878788 2.212121212121212 2.4545454545454546 2.0303030303030303 2.393939393939394 2.121212121212121 2.757575757575758 1.393939393939394 1.878787878787879 1.4545454545454546 3.0 2.121212121212121 1.8181818181818181 1.5151515151515151 2.303030303030303 1.8181818181818181 2.696969696969697 2.909090909090909 1.4242424242424243 2.303030303030303 2.787878787878788 1.4242424242424243 2.5757575757575757 2.212121212121212 2.5454545454545454  
9 6.759101821509123 2.1515151515151514 1.2727272727272727 1.2424242424242424 2.6666666666666665 1.9696969696969697 2.6363636363636362 2.272727272727273 2.242424242424242 2.9696969696969697 1.4242424242424243 2.757575757575758 1.7272727272727273 2.787878787878788 2.8181818181818183 1.3333333333333333 2.787878787878788 2.212121212121212 2.4545454545454546 2.0303030303030303 2.393939393939394 2.121212121212121 2.757575757575758 1.393939393939394 1.878787878787879 1.4545454545454546 3.0 2.121212121212121 1.8181818181818181 1.5151515151515151 2.303030303030303 1.8181818181818181 2.696969696969697 2.909090909090909 1.4242424242424243 2.303030303030303 2.787878787878788 1.4242424242424243 2.5757575757575757 2.212121212121212 2.5454545454545454  
51 133.21585913921703 1.4343434343434343 0.8484848484848485 0.8282828282828283 1.7777777777777777 1.3131313131313131 1.7575757575757576 1.5151515151515151 1.494949494949495 1.97979797979798 0.9494949494949495 1.8383838383838385 1.1515151515151516 1.8585858585858586 1.878787878787879 0.8888888888888888 1.8585858585858586 1.4747474747474747 1.6363636363636365 1.3535353535353536 1.595959595959596 1.4141414141414141 1.8383838383838385 0.9292929292929293 1.2525252525252526 0.9696969696969697 2.0 1.4141414141414141 1.2121212121212122 1.0101010101010102 1.5353535353535352 1.2121212121212122 1.797979797979798 1.9393939393939394 0.9494949494949495 1.5353535353535352 1.8585858585858586 0.9494949494949495 1.7171717171717171 1.4747474747474747 1.696969696969697  
21 61.96420907985202 2.1515151515151514 1.2727272727272727 1.2424242424242424 2.6666666666666665 1.9696969696969697 2.6363636363636362 2.272727272727273 2.242424242424242 2.9696969696969697 1.4242424242424243 2.757575757575758 1.7272727272727273 2.787878787878788 2.8181818181818183 1.3333333333333333 2.787878787878788 2.212121212121212 2.4545454545454546 2.0303030303030303 2.393939393939394 2.121212121212121 2.757575757575758 1.393939393939394 1.878787878787879 1.4545454545454546 3.0 2.121212121212121 1.8181818181818181 1.5151515151515151 2.303030303030303 1.8181818181818181 2.696969696969697 2.909090909090909 1.4242424242424243 2.303030303030303 2.787878787878788 1.4242424242424243 2.5757575757575757 2.212121212121212 2.5454545454545454  
34 71.61583558322062 2.1515151515151514 1.2727272727272727 1.2424242424242424 2.6666666666666665 1.9696969696969697 2.6363636363636362 2.272727272727273 2.242424242424242 2.9696969696969697 1.4242424242424243 2.757575757575758 1.7272727272727273 2.787878787878788 2.8181818181818183 1.3333333333333333 2.787878787878788 2.212121212121212 2.4545454545454546 2.0303030303030303 2.393939393939394 2.121212121212121 2.757575757575758 1.393939393939394 1.878787878787879 1.4545454545454546 3.0 2.121212121212121 1.8181818181818181 1.5151515151515151 2.303030303030303 1.8181818181818181 2.696969696969697 2.909090909090909 1.4242424242424243 2.303030303030303 2.787878787878788 1.4242424242424243 2.5757575757575757 2.212121212121212 2.5454545454545454  
3 59.65482801774155 2.1515151515151514 1.2727272727272727 1.2424242424242424 2.6666666666666665 1.9696969696969697 2.6363636363636362 2.272727272727273 2.242424242424242 2.9696969696969697 1.4242424242424243 2.757575757575758 1.7272727272727273 2.787878787878788 2.8181818181818183 1.3333333333333333 2.787878787878788 2.212121212121212 2.4545454545454546 2.0303030303030303 2.393939393939394 2.121212121212121 2.757575757575758 1.393939393939394 1.878787878787879 1.4545454545454546 3.0 2.121212121212121 1.8181818181818181 1.5151515151515151 2.303030303030303 1.8181818181818181 2.696969696969697 2.909090909090909 1.4242424242424243 2.303030303030303 2.787878787878788 1.4242424242424243 2.5757575757575757 2.212121212121212 2.5454545454545454  
45 125.87766694532107 1.4343434343434343 0.8484848484848485 0.8282828282828283 1.7777777777777777 1.3131313131313131 1.7575757575757576 1.5151515151515151 1.494949494949495 1.97979797979798 0.9494949494949495 1.8383838383838385 1.1515151515151516 1.8585858585858586 1.878787878787879 0.8888888888888888 1.8585858585858586 1.4747474747474747 1.6363636363636365 1.3535353535353536 1.595959595959596 1.4141414141414141 1.8383838383838385 0.9292929292929293 1.2525252525252526 0.9696969696969697 2.0 1.4141414141414141 1.2121212121212122 1.0101010101010102 1.5353535353535352 1.2121212121212122 1.797979797979798 1.9393939393939394 0.9494949494949495 1.5353535353535352 1.8585858585858586 0.9494949494949495 1.7171717171717171 1.4747474747474747 1.696969696969697  
44 78.43660882722308 1.4343434343434343 0.8484848484848485 0.8282828282828283 1.7777777777777777 1.3131313131313131 1.7575757575757576 1.5151515151515151 1.494949494949495 1.97979797979798 0.9494949494949495 1.8383838383838385 1.1515151515151516 1.8585858585858586 1.878787878787879 0.8888888888888888 1.8585858585858586 1.4747474747474747 1.6363636363636365 1.3535353535353536 1.595959595959596 1.4141414141414141 1.8383838383838385 0.9292929292929293 1.2525252525252526 0.9696969696969697 2.0 1.4141414141414141 1.2121212121212122 1.0101010101010102 1.5353535353535352 1.2121212121212122 1.797979797979798 1.9393939393939394 0.9494949494949495 1.5353535353535352 1.8585858585858586 0.9494949494949495 1.7171717171717171 1.4747474747474747 1.696969696969697  
15 334.68829622387136 1.4343434343434343 0.8484848484848485 0.8282828282828283 1.7777777777777777 1.3131313131313131 1.7575757575757576 1.5151515151515151 1.494949494949495 1.97979797979798 0.9494949494949495 1.8383838383838385 1.1515151515151516 1.8585858585858586 1.878787878787879 0.8888888888888888 1.8585858585858586 1.4747474747474747 1.6363636363636365 1.3535353535353536 1.595959595959596 1.4141414141414141 1.8383838383838385 0.9292929292929293 1.2525252525252526 0.9696969696969697 2.0 1.4141414141414141 1.2121212121212122 1.0101010101010102 1.5353535353535352 1.2121212121212122 1.797979797979798 1.9393939393939394 0.9494949494949495 1.5353535353535352 1.8585858585858586 0.9494949494949495 1.7171717171717171 1.4747474747474747 1.696969696969697  
24 282.50382679819353 1.4343434343434343 0.8484848484848485 0.8282828282828283 1.7777777777777777 1.3131313131313131 1.7575757575757576 1.5151515151515151 1.494949494949495 1.97979797979798 0.9494949494949495 1.8383838383838385 1.1515151515151516 1.8585858585858586 1.878787878787879 0.8888888888888888 1.8585858585858586 1.4747474747474747 1.6363636363636365 1.3535353535353536 1.595959595959596 1.4141414141414141 1.8383838383838385 0.9292929292929293 1.2525252525252526 0.9696969696969697 2.0 1.4141414141414141 1.2121212121212122 1.0101010101010102 1.5353535353535352 1.2121212121212122 1.797979797979798 1.9393939393939394 0.9494949494949495 1.5353535353535352 1.8585858585858586 0.9494949494949495 1.7171717171717171 1.4747474747474747 1.696969696969697  
19 169.66001799095017 1.4343434343434343 0.8484848484848485 0.8282828282828283 1.7777777777777777 1.3131313131313131 1.7575757575757576 1.5151515151515151 1.494949494949495 1.97979797979798 0.9494949494949495 1.8383838383838385 1.1515151515151516 1.8585858585858586 1.878787878787879 0.8888888888888888 1.8585858585858586 1.4747474747474747 1.6363636363636365 1.3535353535353536 1.595959595959596 1.4141414141414141 1.8383838383838385 0.9292929292929293 1.2525252525252526 0.9696969696969697 2.0 1.4141414141414141 1.2121212121212122 1.0101010101010102 1.5353535353535352 1.2121212121212122 1.797979797979798 1.9393939393939394 0.9494949494949495 1.5353535353535352 1.8585858585858586 0.9494949494949495 1.7171717171717171 1.4747474747474747 1.696969696969697  
10 143.50521792082094 2.1515151515151514 1.2727272727272727 1.2424242424242424 2.6666666666666665 1.9696969696969697 2.6363636363636362 2.272727272727273 2.242424242424242 2.9696969696969697 1.4242424242424243 2.757575757575758 1.7272727272727273 2.787878787878788 2.8181818181818183 1.3333333333333333 2.787878787878788 2.212121212121212 2.4545454545454546 2.0303030303030303 2.393939393939394 2.121212121212121 2.757575757575758 1.393939393939394 1.878787878787879 1.4545454545454546 3.0 2.121212121212121 1.8181818181818181 1.5151515151515151 2.303030303030303 1.8181818181818181 2.696969696969697 2.909090909090909 1.4242424242424243 2.303030303030303 2.787878787878788 1.4242424242424243 2.5757575757575757 2.212121212121212 2.5454545454545454  
56 143.0 1.4343434343434343 0.8484848484848485 0.8282828282828283 1.7777777777777777 1.3131313131313131 1.7575757575757576 1.5151515151515151 1.494949494949495 1.97979797979798 0.9494949494949495 1.8383838383838385 1.1515151515151516 1.8585858585858586 1.878787878787879 0.8888888888888888 1.8585858585858586 1.4747474747474747 1.6363636363636365 1.3535353535353536 1.595959595959596 1.4141414141414141 1.8383838383838385 0.9292929292929293 1.2525252525252526 0.9696969696969697 2.0 1.4141414141414141 1.2121212121212122 1.0101010101010102 1.5353535353535352 1.2121212121212122 1.797979797979798 1.9393939393939394 0.9494949494949495 1.5353535353535352 1.8585858585858586 0.9494949494949495 1.7171717171717171 1.4747474747474747 1.696969696969697  
12 311.1624612000866 2.1515151515151514 1.2727272727272727 1.2424242424242424 2.6666666666666665 1.9696969696969697 2.6363636363636362 2.272727272727273 2.242424242424242 2.9696969696969697 1.4242424242424243 2.757575757575758 1.7272727272727273 2.787878787878788 2.8181818181818183 1.3333333333333333 2.787878787878788 2.212121212121212 2.4545454545454546 2.0303030303030303 2.393939393939394 2.121212121212121 2.757575757575758 1.393939393939394 1.878787878787879 1.4545454545454546 3.0 2.121212121212121 1.8181818181818181 1.5151515151515151 2.303030303030303 1.8181818181818181 2.696969696969697 2.909090909090909 1.4242424242424243 2.303030303030303 2.787878787878788 1.4242424242424243 2.5757575757575757 2.212121212121212 2.5454545454545454  
16 312.33340478113075 2.1515151515151514 1.2727272727272727 1.2424242424242424 2.6666666666666665 1.9696969696969697 2.6363636363636362 2.272727272727273 2.242424242424242 2.9696969696969697 1.4242424242424243 2.757575757575758 1.7272727272727273 2.787878787878788 2.8181818181818183 1.3333333333333333 2.787878787878788 2.212121212121212 2.4545454545454546 2.0303030303030303 2.393939393939394 2.121212121212121 2.757575757575758 1.393939393939394 1.878787878787879 1.4545454545454546 3.0 2.121212121212121 1.8181818181818181 1.5151515151515151 2.303030303030303 1.8181818181818181 2.696969696969697 2.909090909090909 1.4242424242424243 2.303030303030303 2.787878787878788 1.4242424242424243 2.5757575757575757 2.212121212121212 2.5454545454545454  
48 46.80449082771827 1.4343434343434343 0.8484848484848485 0.8282828282828283 1.7777777777777777 1.3131313131313131 1.7575757575757576 1.5151515151515151 1.494949494949495 1.97979797979798 0.9494949494949495 1.8383838383838385 1.1515151515151516 1.8585858585858586 1.878787878787879 0.8888888888888888 1.8585858585858586 1.4747474747474747 1.6363636363636365 1.3535353535353536 1.595959595959596 1.4141414141414141 1.8383838383838385 0.9292929292929293 1.2525252525252526 0.9696969696969697 2.0 1.4141414141414141 1.2121212121212122 1.0101010101010102 1.5353535353535352 1.2121212121212122 1.797979797979798 1.9393939393939394 0.9494949494949495 1.5353535353535352 1.8585858585858586 0.9494949494949495 1.7171717171717171 1.4747474747474747 1.696969696969697  
38 13.169669682674868 2.1515151515151514 1.2727272727272727 1.2424242424242424 2.6666666666666665 1.9696969696969697 2.6363636363636362 2.272727272727273 2.242424242424242 2.9696969696969697 1.4242424242424243 2.757575757575758 1.7272727272727273 2.787878787878788 2.8181818181818183 1.3333333333333333 2.787878787878788 2.212121212121212 2.4545454545454546 2.0303030303030303 2.393939393939394 2.121212121212121 2.757575757575758 1.393939393939394 1.878787878787879 1.4545454545454546 3.0 2.121212121212121 1.8181818181818181 1.5151515151515151 2.303030303030303 1.8181818181818181 2.696969696969697 2.909090909090909 1.4242424242424243 2.303030303030303 2.787878787878788 1.4242424242424243 2.5757575757575757 2.212121212121212 2.5454545454545454  
14 28.74587636534727 1.4343434343434343 0.8484848484848485 0.8282828282828283 1.7777777777777777 1.3131313131313131 1.7575757575757576 1.5151515151515151 1.494949494949495 1.97979797979798 0.9494949494949495 1.8383838383838385 1.1515151515151516 1.8585858585858586 1.878787878787879 0.8888888888888888 1.8585858585858586 1.4747474747474747 1.6363636363636365 1.3535353535353536 1.595959595959596 1.4141414141414141 1.8383838383838385 0.9292929292929293 1.2525252525252526 0.9696969696969697 2.0 1.4141414141414141 1.2121212121212122 1.0101010101010102 1.5353535353535352 1.2121212121212122 1.797979797979798 1.9393939393939394 0.9494949494949495 1.5353535353535352 1.8585858585858586 0.9494949494949495 1.7171717171717171 1.4747474747474747 1.696969696969697  
37 93.94448572333758 1.4343434343434343 0.8484848484848485 0.8282828282828283 1.7777777777777777 1.3131313131313131 1.7575757575757576 1.5151515151515151 1.494949494949495 1.97979797979798 0.9494949494949495 1.8383838383838385 1.1515151515151516 1.8585858585858586 1.878787878787879 0.8888888888888888 1.8585858585858586 1.4747474747474747 1.6363636363636365 1.3535353535353536 1.595959595959596 1.4141414141414141 1.8383838383838385 0.9292929292929293 1.2525252525252526 0.9696969696969697 2.0 1.4141414141414141 1.2121212121212122 1.0101010101010102 1.5353535353535352 1.2121212121212122 1.797979797979798 1.9393939393939394 0.9494949494949495 1.5353535353535352 1.8585858585858586 0.9494949494949495 1.7171717171717171 1.4747474747474747 1.696969696969697  
35 240.1176083259482 1.4343434343434343 0.8484848484848485 0.8282828282828283 1.7777777777777777 1.3131313131313131 1.7575757575757576 1.5151515151515151 1.494949494949495 1.97979797979798 0.9494949494949495 1.8383838383838385 1.1515151515151516 1.8585858585858586 1.878787878787879 0.8888888888888888 1.8585858585858586 1.4747474747474747 1.6363636363636365 1.3535353535353536 1.595959595959596 1.4141414141414141 1.8383838383838385 0.9292929292929293 1.2525252525252526 0.9696969696969697 2.0 1.4141414141414141 1.2121212121212122 1.0101010101010102 1.5353535353535352 1.2121212121212122 1.797979797979798 1.9393939393939394 0.9494949494949495 1.5353535353535352 1.8585858585858586 0.9494949494949495 1.7171717171717171 1.4747474747474747 1.696969696969697  
40 14.726229943610527 1.4343434343434343 0.8484848484848485 0.8282828282828283 1.7777777777777777 1.3131313131313131 1.7575757575757576 1.5151515151515151 1.494949494949495 1.97979797979798 0.9494949494949495 1.8383838383838385 1.1515151515151516 1.8585858585858586 1.878787878787879 0.8888888888888888 1.8585858585858586 1.4747474747474747 1.6363636363636365 1.3535353535353536 1.595959595959596 1.4141414141414141 1.8383838383838385 0.9292929292929293 1.2525252525252526 0.9696969696969697 2.0 1.4141414141414141 1.2121212121212122 1.0101010101010102 1.5353535353535352 1.2121212121212122 1.797979797979798 1.9393939393939394 0.9494949494949495 1.5353535353535352 1.8585858585858586 0.9494949494949495 1.7171717171717171 1.4747474747474747 1.696969696969697  
17 141.78660182983714 2.1515151515151514 1.2727272727272727 1.2424242424242424 2.6666666666666665 1.9696969696969697 2.6363636363636362 2.272727272727273 2.242424242424242 2.9696969696969697 1.4242424242424243 2.757575757575758 1.7272727272727273 2.787878787878788 2.8181818181818183 1.3333333333333333 2.787878787878788 2.212121212121212 2.4545454545454546 2.0303030303030303 2.393939393939394 2.121212121212121 2.757575757575758 1.393939393939394 1.878787878787879 1.4545454545454546 3.0 2.121212121212121 1.8181818181818181 1.5151515151515151 2.303030303030303 1.8181818181818181 2.696969696969697 2.909090909090909 1.4242424242424243 2.303030303030303 2.787878787878788 1.4242424242424243 2.5757575757575757 2.212121212121212 2.5454545454545454  
5 153.6097491349073 2.1515151515151514 1.2727272727272727 1.2424242424242424 2.6666666666666665 1.9696969696969697 2.6363636363636362 2.272727272727273 2.242424242424242 2.9696969696969697 1.4242424242424243 2.757575757575758 1.7272727272727273 2.787878787878788 2.8181818181818183 1.3333333333333333 2.787878787878788 2.212121212121212 2.4545454545454546 2.0303030303030303 2.393939393939394 2.121212121212121 2.757575757575758 1.393939393939394 1.878787878787879 1.4545454545454546 3.0 2.121212121212121 1.8181818181818181 1.5151515151515151 2.303030303030303 1.8181818181818181 2.696969696969697 2.909090909090909 1.4242424242424243 2.303030303030303 2.787878787878788 1.4242424242424243 2.5757575757575757 2.212121212121212 2.5454545454545454  
26 290.10806161797154 1.4343434343434343 0.8484848484848485 0.8282828282828283 1.7777777777777777 1.3131313131313131 1.7575757575757576 1.5151515151515151 1.494949494949495 1.97979797979798 0.9494949494949495 1.8383838383838385 1.1515151515151516 1.8585858585858586 1.878787878787879 0.8888888888888888 1.8585858585858586 1.4747474747474747 1.6363636363636365 1.3535353535353536 1.595959595959596 1.4141414141414141 1.8383838383838385 0.9292929292929293 1.2525252525252526 0.9696969696969697 2.0 1.4141414141414141 1.2121212121212122 1.0101010101010102 1.5353535353535352 1.2121212121212122 1.797979797979798 1.9393939393939394 0.9494949494949495 1.5353535353535352 1.8585858585858586 0.9494949494949495 1.7171717171717171 1.4747474747474747 1.696969696969697  
42 735.0 2.1515151515151514 1.2727272727272727 1.2424242424242424 2.6666666666666665 1.9696969696969697 2.6363636363636362 2.272727272727273 2.242424242424242 2.9696969696969697 1.4242424242424243 2.757575757575758 1.7272727272727273 2.787878787878788 2.8181818181818183 1.3333333333333333 2.787878787878788 2.212121212121212 2.4545454545454546 2.0303030303030303 2.393939393939394 2.121212121212121 2.757575757575758 1.393939393939394 1.878787878787879 1.4545454545454546 3.0 2.121212121212121 1.8181818181818181 1.5151515151515151 2.303030303030303 1.8181818181818181 2.696969696969697 2.909090909090909 1.4242424242424243 2.303030303030303 2.787878787878788 1.4242424242424243 2.5757575757575757 2.212121212121212 2.5454545454545454  
41 6.819703191847443 1.4343434343434343 0.8484848484848485 0.8282828282828283 1.7777777777777777 1.3131313131313131 1.7575757575757576 1.5151515151515151 1.494949494949495 1.97979797979798 0.9494949494949495 1.8383838383838385 1.1515151515151516 1.8585858585858586 1.878787878787879 0.8888888888888888 1.8585858585858586 1.4747474747474747 1.6363636363636365 1.3535353535353536 1.595959595959596 1.4141414141414141 1.8383838383838385 0.9292929292929293 1.2525252525252526 0.9696969696969697 2.0 1.4141414141414141 1.2121212121212122 1.0101010101010102 1.5353535353535352 1.2121212121212122 1.797979797979798 1.9393939393939394 0.9494949494949495 1.5353535353535352 1.8585858585858586 0.9494949494949495 1.7171717171717171 1.4747474747474747 1.696969696969697  
4 161.4248643268716 1.4343434343434343 0.8484848484848485 0.8282828282828283 1.7777777777777777 1.3131313131313131 1.7575757575757576 1.5151515151515151 1.494949494949495 1.97979797979798 0.9494949494949495 1.8383838383838385 1.1515151515151516 1.8585858585858586 1.878787878787879 0.8888888888888888 1.8585858585858586 1.4747474747474747 1.6363636363636365 1.3535353535353536 1.595959595959596 1.4141414141414141 1.8383838383838385 0.9292929292929293 1.2525252525252526 0.9696969696969697 2.0 1.4141414141414141 1.2121212121212122 1.0101010101010102 1.5353535353535352 1.2121212121212122 1.797979797979798 1.9393939393939394 0.9494949494949495 1.5353535353535352 1.8585858585858586 0.9494949494949495 1.7171717171717171 1.4747474747474747 1.696969696969697  
7 164.53658716919236 1.4343434343434343 0.8484848484848485 0.8282828282828283 1.7777777777777777 1.3131313131313131 1.7575757575757576 1.5151515151515151 1.494949494949495 1.97979797979798 0.9494949494949495 1.8383838383838385 1.1515151515151516 1.8585858585858586 1.878787878787879 0.8888888888888888 1.8585858585858586 1.4747474747474747 1.6363636363636365 1.3535353535353536 1.595959595959596 1.4141414141414141 1.8383838383838385 0.9292929292929293 1.2525252525252526 0.9696969696969697 2.0 1.4141414141414141 1.2121212121212122 1.0101010101010102 1.5353535353535352 1.2121212121212122 1.797979797979798 1.9393939393939394 0.9494949494949495 1.5353535353535352 1.8585858585858586 0.9494949494949495 1.7171717171717171 1.4747474747474747 1.696969696969697  
25 170.07324784638408 1.4343434343434343 0.8484848484848485 0.8282828282828283 1.7777777777777777 1.3131313131313131 1.7575757575757576 1.5151515151515151 1.494949494949495 1.97979797979798 0.9494949494949495 1.8383838383838385 1.1515151515151516 1.8585858585858586 1.878787878787879 0.8888888888888888 1.8585858585858586 1.4747474747474747 1.6363636363636365 1.3535353535353536 1.595959595959596 1.4141414141414141 1.8383838383838385 0.9292929292929293 1.2525252525252526 0.9696969696969697 2.0 1.4141414141414141 1.2121212121212122 1.0101010101010102 1.5353535353535352 1.2121212121212122 1.797979797979798 1.9393939393939394 0.9494949494949495 1.5353535353535352 1.8585858585858586 0.9494949494949495 1.7171717171717171 1.4747474747474747 1.696969696969697  
18 148.78833297266016 2.1515151515151514 1.2727272727272727 1.2424242424242424 2.6666666666666665 1.9696969696969697 2.6363636363636362 2.272727272727273 2.242424242424242 2.9696969696969697 1.4242424242424243 2.757575757575758 1.7272727272727273 2.787878787878788 2.8181818181818183 1.3333333333333333 2.787878787878788 2.212121212121212 2.4545454545454546 2.0303030303030303 2.393939393939394 2.121212121212121 2.757575757575758 1.393939393939394 1.878787878787879 1.4545454545454546 3.0 2.121212121212121 1.8181818181818181 1.5151515151515151 2.303030303030303 1.8181818181818181 2.696969696969697 2.909090909090909 1.4242424242424243 2.303030303030303 2.787878787878788 1.4242424242424243 2.5757575757575757 2.212121212121212 2.5454545454545454  
29 185.24878046331213 2.1515151515151514 1.2727272727272727 1.2424242424242424 2.6666666666666665 1.9696969696969697 2.6363636363636362 2.272727272727273 2.242424242424242 2.9696969696969697 1.4242424242424243 2.757575757575758 1.7272727272727273 2.787878787878788 2.8181818181818183 1.3333333333333333 2.787878787878788 2.212121212121212 2.4545454545454546 2.0303030303030303 2.393939393939394 2.121212121212121 2.757575757575758 1.393939393939394 1.878787878787879 1.4545454545454546 3.0 2.121212121212121 1.8181818181818181 1.5151515151515151 2.303030303030303 1.8181818181818181 2.696969696969697 2.909090909090909 1.4242424242424243 2.303030303030303 2.787878787878788 1.4242424242424243 2.5757575757575757 2.212121212121212 2.5454545454545454  
59 1.55345663355891 2.1515151515151514 1.2727272727272727 1.2424242424242424 2.6666666666666665 1.9696969696969697 2.6363636363636362 2.272727272727273 2.242424242424242 2.9696969696969697 1.4242424242424243 2.757575757575758 1.7272727272727273 2.787878787878788 2.8181818181818183 1.3333333333333333 2.787878787878788 2.212121212121212 2.4545454545454546 2.0303030303030303 2.393939393939394 2.121212121212121 2.757575757575758 1.393939393939394 1.878787878787879 1.4545454545454546 3.0 2.121212121212121 1.8181818181818181 1.5151515151515151 2.303030303030303 1.8181818181818181 2.696969696969697 2.909090909090909 1.4242424242424243 2.303030303030303 2.787878787878788 1.4242424242424243 2.5757575757575757 2.212121212121212 2.5454545454545454  
46 67.87090862975617 1.4343434343434343 0.8484848484848485 0.8282828282828283 1.7777777777777777 1.3131313131313131 1.7575757575757576 1.5151515151515151 1.494949494949495 1.97979797979798 0.9494949494949495 1.8383838383838385 1.1515151515151516 1.8585858585858586 1.878787878787879 0.8888888888888888 1.8585858585858586 1.4747474747474747 1.6363636363636365 1.3535353535353536 1.595959595959596 1.4141414141414141 1.8383838383838385 0.9292929292929293 1.2525252525252526 0.9696969696969697 2.0 1.4141414141414141 1.2121212121212122 1.0101010101010102 1.5353535353535352 1.2121212121212122 1.797979797979798 1.9393939393939394 0.9494949494949495 1.5353535353535352 1.8585858585858586 0.9494949494949495 1.7171717171717171 1.4747474747474747 1.696969696969697  
6 26.7496372937229 2.1515151515151514 1.2727272727272727 1.2424242424242424 2.6666666666666665 1.9696969696969697 2.6363636363636362 2.272727272727273 2.242424242424242 2.9696969696969697 1.4242424242424243 2.757575757575758 1.7272727272727273 2.787878787878788 2.8181818181818183 1.3333333333333333 2.787878787878788 2.212121212121212 2.4545454545454546 2.0303030303030303 2.393939393939394 2.121212121212121 2.757575757575758 1.393939393939394 1.878787878787879 1.4545454545454546 3.0 2.121212121212121 1.8181818181818181 1.5151515151515151 2.303030303030303 1.8181818181818181 2.696969696969697 2.909090909090909 1.4242424242424243 2.303030303030303 2.787878787878788 1.4242424242424243 2.5757575757575757 2.212121212121212 2.5454545454545454  
39 91.97114449549963 1.4343434343434343 0.8484848484848485 0.8282828282828283 1.7777777777777777 1.3131313131313131 1.7575757575757576 1.5151515151515151 1.494949494949495 1.97979797979798 0.9494949494949495 1.8383838383838385 1.1515151515151516 1.8585858585858586 1.878787878787879 0.8888888888888888 1.8585858585858586 1.4747474747474747 1.6363636363636365 1.3535353535353536 1.595959595959596 1.4141414141414141 1.8383838383838385 0.9292929292929293 1.2525252525252526 0.9696969696969697 2.0 1.4141414141414141 1.2121212121212122 1.0101010101010102 1.5353535353535352 1.2121212121212122 1.797979797979798 1.9393939393939394 0.9494949494949495 1.5353535353535352 1.8585858585858586 0.9494949494949495 1.7171717171717171 1.4747474747474747 1.696969696969697  
43 138.1638363527485 1.4343434343434343 0.8484848484848485 0.8282828282828283 1.7777777777777777 1.3131313131313131 1.7575757575757576 1.5151515151515151 1.494949494949495 1.97979797979798 0.9494949494949495 1.8383838383838385 1.1515151515151516 1.8585858585858586 1.878787878787879 0.8888888888888888 1.8585858585858586 1.4747474747474747 1.6363636363636365 1.3535353535353536 1.595959595959596 1.4141414141414141 1.8383838383838385 0.9292929292929293 1.2525252525252526 0.9696969696969697 2.0 1.4141414141414141 1.2121212121212122 1.0101010101010102 1.5353535353535352 1.2121212121212122 1.797979797979798 1.9393939393939394 0.9494949494949495 1.5353535353535352 1.8585858585858586 0.9494949494949495 1.7171717171717171 1.4747474747474747 1.696969696969697  
8 176.0647735559267 1.4343434343434343 0.8484848484848485 0.8282828282828283 1.7777777777777777 1.3131313131313131 1.7575757575757576 1.5151515151515151 1.494949494949495 1.97979797979798 0.9494949494949495 1.8383838383838385 1.1515151515151516 1.8585858585858586 1.878787878787879 0.8888888888888888 1.8585858585858586 1.4747474747474747 1.6363636363636365 1.3535353535353536 1.595959595959596 1.4141414141414141 1.8383838383838385 0.9292929292929293 1.2525252525252526 0.9696969696969697 2.0 1.4141414141414141 1.2121212121212122 1.0101010101010102 1.5353535353535352 1.2121212121212122 1.797979797979798 1.9393939393939394 0.9494949494949495 1.5353535353535352 1.8585858585858586 0.9494949494949495 1.7171717171717171 1.4747474747474747 1.696969696969697  
20 109.6929443884877 1.4343434343434343 0.8484848484848485 0.8282828282828283 1.7777777777777777 1.3131313131313131 1.7575757575757576 1.5151515151515151 1.494949494949495 1.97979797979798 0.9494949494949495 1.8383838383838385 1.1515151515151516 1.8585858585858586 1.878787878787879 0.8888888888888888 1.8585858585858586 1.4747474747474747 1.6363636363636365 1.3535353535353536 1.595959595959596 1.4141414141414141 1.8383838383838385 0.9292929292929293 1.2525252525252526 0.9696969696969697 2.0 1.4141414141414141 1.2121212121212122 1.0101010101010102 1.5353535353535352 1.2121212121212122 1.797979797979798 1.9393939393939394 0.9494949494949495 1.5353535353535352 1.8585858585858586 0.9494949494949495 1.7171717171717171 1.4747474747474747 1.696969696969697  
2 168.6595973748567 1.4343434343434343 0.8484848484848485 0.8282828282828283 1.7777777777777777 1.3131313131313131 1.7575757575757576 1.5151515151515151 1.494949494949495 1.97979797979798 0.9494949494949495 1.8383838383838385 1.1515151515151516 1.8585858585858586 1.878787878787879 0.8888888888888888 1.8585858585858586 1.4747474747474747 1.6363636363636365 1.3535353535353536 1.595959595959596 1.4141414141414141 1.8383838383838385 0.9292929292929293 1.2525252525252526 0.9696969696969697 2.0 1.4141414141414141 1.2121212121212122 1.0101010101010102 1.5353535353535352 1.2121212121212122 1.797979797979798 1.9393939393939394 0.9494949494949495 1.5353535353535352 1.8585858585858586 0.9494949494949495 1.7171717171717171 1.4747474747474747 1.696969696969697  
30 106.8677257634688 1.4343434343434343 0.8484848484848485 0.8282828282828283 1.7777777777777777 1.3131313131313131 1.7575757575757576 1.5151515151515151 1.494949494949495 1.97979797979798 0.9494949494949495 1.8383838383838385 1.1515151515151516 1.8585858585858586 1.878787878787879 0.8888888888888888 1.8585858585858586 1.4747474747474747 1.6363636363636365 1.3535353535353536 1.595959595959596 1.4141414141414141 1.8383838383838385 0.9292929292929293 1.2525252525252526 0.9696969696969697 2.0 1.4141414141414141 1.2121212121212122 1.0101010101010102 1.5353535353535352 1.2121212121212122 1.797979797979798 1.9393939393939394 0.9494949494949495 1.5353535353535352 1.8585858585858586 0.9494949494949495 1.7171717171717171 1.4747474747474747 1.696969696969697  
54 50.83284734789994 2.1515151515151514 1.2727272727272727 1.2424242424242424 2.6666666666666665 1.9696969696969697 2.6363636363636362 2.272727272727273 2.242424242424242 2.9696969696969697 1.4242424242424243 2.757575757575758 1.7272727272727273 2.787878787878788 2.8181818181818183 1.3333333333333333 2.787878787878788 2.212121212121212 2.4545454545454546 2.0303030303030303 2.393939393939394 2.121212121212121 2.757575757575758 1.393939393939394 1.878787878787879 1.4545454545454546 3.0 2.121212121212121 1.8181818181818181 1.5151515151515151 2.303030303030303 1.8181818181818181 2.696969696969697 2.909090909090909 1.4242424242424243 2.303030303030303 2.787878787878788 1.4242424242424243 2.5757575757575757 2.212121212121212 2.5454545454545454  
47 181.83015159521247 1.4343434343434343 0.8484848484848485 0.8282828282828283 1.7777777777777777 1.3131313131313131 1.7575757575757576 1.5151515151515151 1.494949494949495 1.97979797979798 0.9494949494949495 1.8383838383838385 1.1515151515151516 1.8585858585858586 1.878787878787879 0.8888888888888888 1.8585858585858586 1.4747474747474747 1.6363636363636365 1.3535353535353536 1.595959595959596 1.4141414141414141 1.8383838383838385 0.9292929292929293 1.2525252525252526 0.9696969696969697 2.0 1.4141414141414141 1.2121212121212122 1.0101010101010102 1.5353535353535352 1.2121212121212122 1.797979797979798 1.9393939393939394 0.9494949494949495 1.5353535353535352 1.8585858585858586 0.9494949494949495 1.7171717171717171 1.4747474747474747 1.696969696969697  
58 115.9736591042737 1.4343434343434343 0.8484848484848485 0.8282828282828283 1.7777777777777777 1.3131313131313131 1.7575757575757576 1.5151515151515151 1.494949494949495 1.97979797979798 0.9494949494949495 1.8383838383838385 1.1515151515151516 1.8585858585858586 1.878787878787879 0.8888888888888888 1.8585858585858586 1.4747474747474747 1.6363636363636365 1.3535353535353536 1.595959595959596 1.4141414141414141 1.8383838383838385 0.9292929292929293 1.2525252525252526 0.9696969696969697 2.0 1.4141414141414141 1.2121212121212122 1.0101010101010102 1.5353535353535352 1.2121212121212122 1.797979797979798 1.9393939393939394 0.9494949494949495 1.5353535353535352 1.8585858585858586 0.9494949494949495 1.7171717171717171 1.4747474747474747 1.696969696969697  
1 76.69588307204081 1.4343434343434343 0.8484848484848485 0.8282828282828283 1.7777777777777777 1.3131313131313131 1.7575757575757576 1.5151515151515151 1.494949494949495 1.97979797979798 0.9494949494949495 1.8383838383838385 1.1515151515151516 1.8585858585858586 1.878787878787879 0.8888888888888888 1.8585858585858586 1.4747474747474747 1.6363636363636365 1.3535353535353536 1.595959595959596 1.4141414141414141 1.8383838383838385 0.9292929292929293 1.2525252525252526 0.9696969696969697 2.0 1.4141414141414141 1.2121212121212122 1.0101010101010102 1.5353535353535352 1.2121212121212122 1.797979797979798 1.9393939393939394 0.9494949494949495 1.5353535353535352 1.8585858585858586 0.9494949494949495 1.7171717171717171 1.4747474747474747 1.696969696969697  
57 129.52934321204586 2.1515151515151514 1.2727272727272727 1.2424242424242424 2.6666666666666665 1.9696969696969697 2.6363636363636362 2.272727272727273 2.242424242424242 2.9696969696969697 1.4242424242424243 2.757575757575758 1.7272727272727273 2.787878787878788 2.8181818181818183 1.3333333333333333 2.787878787878788 2.212121212121212 2.4545454545454546 2.0303030303030303 2.393939393939394 2.121212121212121 2.757575757575758 1.393939393939394 1.878787878787879 1.4545454545454546 3.0 2.121212121212121 1.8181818181818181 1.5151515151515151 2.303030303030303 1.8181818181818181 2.696969696969697 2.909090909090909 1.4242424242424243 2.303030303030303 2.787878787878788 1.4242424242424243 2.5757575757575757 2.212121212121212 2.5454545454545454  
49 69.42248481531092 1.4343434343434343 0.8484848484848485 0.8282828282828283 1.7777777777777777 1.3131313131313131 1.7575757575757576 1.5151515151515151 1.494949494949495 1.97979797979798 0.9494949494949495 1.8383838383838385 1.1515151515151516 1.8585858585858586 1.878787878787879 0.8888888888888888 1.8585858585858586 1.4747474747474747 1.6363636363636365 1.3535353535353536 1.595959595959596 1.4141414141414141 1.8383838383838385 0.9292929292929293 1.2525252525252526 0.9696969696969697 2.0 1.4141414141414141 1.2121212121212122 1.0101010101010102 1.5353535353535352 1.2121212121212122 1.797979797979798 1.9393939393939394 0.9494949494949495 1.5353535353535352 1.8585858585858586 0.9494949494949495 1.7171717171717171 1.4747474747474747 1.696969696969697  
36 42.34376511442263 1.4343434343434343 0.8484848484848485 0.8282828282828283 1.7777777777777777 1.3131313131313131 1.7575757575757576 1.5151515151515151 1.494949494949495 1.97979797979798 0.9494949494949495 1.8383838383838385 1.1515151515151516 1.8585858585858586 1.878787878787879 0.8888888888888888 1.8585858585858586 1.4747474747474747 1.6363636363636365 1.3535353535353536 1.595959595959596 1.4141414141414141 1.8383838383838385 0.9292929292929293 1.2525252525252526 0.9696969696969697 2.0 1.4141414141414141 1.2121212121212122 1.0101010101010102 1.5353535353535352 1.2121212121212122 1.797979797979798 1.9393939393939394 0.9494949494949495 1.5353535353535352 1.8585858585858586 0.9494949494949495 1.7171717171717171 1.4747474747474747 1.696969696969697  
33 42.48749943079741 2.1515151515151514 1.2727272727272727 1.2424242424242424 2.6666666666666665 1.9696969696969697 2.6363636363636362 2.272727272727273 2.242424242424242 2.9696969696969697 1.4242424242424243 2.757575757575758 1.7272727272727273 2.787878787878788 2.8181818181818183 1.3333333333333333 2.787878787878788 2.212121212121212 2.4545454545454546 2.0303030303030303 2.393939393939394 2.121212121212121 2.757575757575758 1.393939393939394 1.878787878787879 1.4545454545454546 3.0 2.121212121212121 1.8181818181818181 1.5151515151515151 2.303030303030303 1.8181818181818181 2.696969696969697 2.909090909090909 1.4242424242424243 2.303030303030303 2.787878787878788 1.4242424242424243 2.5757575757575757 2.212121212121212 2.5454545454545454  
23 161.47466048266213 2.1515151515151514 1.2727272727272727 1.2424242424242424 2.6666666666666665 1.9696969696969697 2.6363636363636362 2.272727272727273 2.242424242424242 2.9696969696969697 1.4242424242424243 2.757575757575758 1.7272727272727273 2.787878787878788 2.8181818181818183 1.3333333333333333 2.787878787878788 2.212121212121212 2.4545454545454546 2.0303030303030303 2.393939393939394 2.121212121212121 2.757575757575758 1.393939393939394 1.878787878787879 1.4545454545454546 3.0 2.121212121212121 1.8181818181818181 1.5151515151515151 2.303030303030303 1.8181818181818181 2.696969696969697 2.909090909090909 1.4242424242424243 2.303030303030303 2.787878787878788 1.4242424242424243 2.5757575757575757 2.212121212121212 2.5454545454545454  
52 55.737931328313636 2.1515151515151514 1.2727272727272727 1.2424242424242424 2.6666666666666665 1.9696969696969697 2.6363636363636362 2.272727272727273 2.242424242424242 2.9696969696969697 1.4242424242424243 2.757575757575758 1.7272727272727273 2.787878787878788 2.8181818181818183 1.3333333333333333 2.787878787878788 2.212121212121212 2.4545454545454546 2.0303030303030303 2.393939393939394 2.121212121212121 2.757575757575758 1.393939393939394 1.878787878787879 1.4545454545454546 3.0 2.121212121212121 1.8181818181818181 1.5151515151515151 2.303030303030303 1.8181818181818181 2.696969696969697 2.909090909090909 1.4242424242424243 2.303030303030303 2.787878787878788 1.4242424242424243 2.5757575757575757 2.212121212121212 2.5454545454545454  
31 178.08539987369875 2.1515151515151514 1.2727272727272727 1.2424242424242424 2.6666666666666665 1.9696969696969697 2.6363636363636362 2.272727272727273 2.242424242424242 2.9696969696969697 1.4242424242424243 2.757575757575758 1.7272727272727273 2.787878787878788 2.8181818181818183 1.3333333333333333 2.787878787878788 2.212121212121212 2.4545454545454546 2.0303030303030303 2.393939393939394 2.121212121212121 2.757575757575758 1.393939393939394 1.878787878787879 1.4545454545454546 3.0 2.121212121212121 1.8181818181818181 1.5151515151515151 2.303030303030303 1.8181818181818181 2.696969696969697 2.909090909090909 1.4242424242424243 2.303030303030303 2.787878787878788 1.4242424242424243 2.5757575757575757 2.212121212121212 2.5454545454545454  
50 216.8463606778091 1.4343434343434343 0.8484848484848485 0.8282828282828283 1.7777777777777777 1.3131313131313131 1.7575757575757576 1.5151515151515151 1.494949494949495 1.97979797979798 0.9494949494949495 1.8383838383838385 1.1515151515151516 1.8585858585858586 1.878787878787879 0.8888888888888888 1.8585858585858586 1.4747474747474747 1.6363636363636365 1.3535353535353536 1.595959595959596 1.4141414141414141 1.8383838383838385 0.9292929292929293 1.2525252525252526 0.9696969696969697 2.0 1.4141414141414141 1.2121212121212122 1.0101010101010102 1.5353535353535352 1.2121212121212122 1.797979797979798 1.9393939393939394 0.9494949494949495 1.5353535353535352 1.8585858585858586 0.9494949494949495 1.7171717171717171 1.4747474747474747 1.696969696969697  
13 164.00202766485876 2.1515151515151514 1.2727272727272727 1.2424242424242424 2.6666666666666665 1.9696969696969697 2.6363636363636362 2.272727272727273 2.242424242424242 2.9696969696969697 1.4242424242424243 2.757575757575758 1.7272727272727273 2.787878787878788 2.8181818181818183 1.3333333333333333 2.787878787878788 2.212121212121212 2.4545454545454546 2.0303030303030303 2.393939393939394 2.121212121212121 2.757575757575758 1.393939393939394 1.878787878787879 1.4545454545454546 3.0 2.121212121212121 1.8181818181818181 1.5151515151515151 2.303030303030303 1.8181818181818181 2.696969696969697 2.909090909090909 1.4242424242424243 2.303030303030303 2.787878787878788 1.4242424242424243 2.5757575757575757 2.212121212121212 2.5454545454545454  
28 231.4266597997988 2.1515151515151514 1.2727272727272727 1.2424242424242424 2.6666666666666665 1.9696969696969697 2.6363636363636362 2.272727272727273 2.242424242424242 2.9696969696969697 1.4242424242424243 2.757575757575758 1.7272727272727273 2.787878787878788 2.8181818181818183 1.3333333333333333 2.787878787878788 2.212121212121212 2.4545454545454546 2.0303030303030303 2.393939393939394 2.121212121212121 2.757575757575758 1.393939393939394 1.878787878787879 1.4545454545454546 3.0 2.121212121212121 1.8181818181818181 1.5151515151515151 2.303030303030303 1.8181818181818181 2.696969696969697 2.909090909090909 1.4242424242424243 2.303030303030303 2.787878787878788 1.4242424242424243 2.5757575757575757 2.212121212121212 2.5454545454545454  
11 59.33464047380408 2.1515151515151514 1.2727272727272727 1.2424242424242424 2.6666666666666665 1.9696969696969697 2.6363636363636362 2.272727272727273 2.242424242424242 2.9696969696969697 1.4242424242424243 2.757575757575758 1.7272727272727273 2.787878787878788 2.8181818181818183 1.3333333333333333 2.787878787878788 2.212121212121212 2.4545454545454546 2.0303030303030303 2.393939393939394 2.121212121212121 2.757575757575758 1.393939393939394 1.878787878787879 1.4545454545454546 3.0 2.121212121212121 1.8181818181818181 1.5151515151515151 2.303030303030303 1.8181818181818181 2.696969696969697 2.909090909090909 1.4242424242424243 2.303030303030303 2.787878787878788 1.4242424242424243 2.5757575757575757 2.212121212121212 2.5454545454545454  
