60 20
TREE NETWORK (nID nID Weight):
1 0 47.0 
47 0 54.0 
2 1 49.0 
21 1 50.0 
3 2 40.0 
25 1 42.0 
13 2 56.0 
48 47 55.0 
26 25 38.0 
27 26 39.0 
4 3 33.0 
39 25 32.0 
49 47 50.0 
50 0 59.0 
51 50 39.0 
28 27 51.0 
41 25 34.0 
40 39 41.0 
14 2 50.0 
29 28 40.0 
42 41 47.0 
30 29 55.0 
52 51 36.0 
32 26 58.0 
53 52 51.0 
7 3 34.0 
22 21 30.0 
33 32 55.0 
36 26 55.0 
8 7 35.0 
43 41 58.0 
15 14 45.0 
16 14 59.0 
17 14 38.0 
12 3 43.0 
37 36 30.0 
45 25 35.0 
20 2 45.0 
38 36 38.0 
34 33 51.0 
46 25 35.0 
58 50 55.0 
5 4 33.0 
44 43 50.0 
9 8 30.0 
54 53 35.0 
55 53 54.0 
31 30 40.0 
35 34 36.0 
6 5 52.0 
11 7 32.0 
56 55 50.0 
10 8 47.0 
23 21 53.0 
57 53 38.0 
18 14 48.0 
59 58 48.0 
19 14 55.0 
24 23 34.0 
PROGRAMS ASSIGNED TO NODES (nID pID1 pID2 ...):
0 1 2 3 4 5 6 7 8 9 10 11 12 13 14 15 16 17 18 19 20  
54 15  
11 4 5 17  
13 1 2 3 4 9 10 13 14 15 17 18 20  
14 1 2 3 4 5 6 9 11 12 13 16 18 19 20  
35 1 3 5 8 11 12 13 14 15 16 19 20  
56 2 5 10 15 16  
20 4 6 7 8 9 10 11 12 14 18 19  
16  
28 2 3 6 7 8 9 10 14 17 19 20  
25 1 2 3 6 7 8 9 10 11 14 15 17 18 19  
42 8 15  
33  
9 1 2 3 5 7 8 9 10 11 12 13 14 15 16 17 18 19  
19 15  
4 2 3 4 7 8 11 13 14 15 16 18 19 20  
3 9 14 15  
47 1 2 3 4 5 6 7 8 9 10 11 13 14 15 16 17 18 19 20  
59 2 3 5 6 7 9 10 11 13 15 16 18 19  
6 3 4 5 7 8 10 11 13 14 15 16 17 18 19  
36 3 4 6 9 19  
41 3 4 6 7 9 10 11 17 18 19 20  
2 18  
45 1 5 7 8 9 12 13 14 15 16 18 19 20  
50 2 3 7 9 12 14 16 19  
8 2 4 5 10 12 13 14 15 17 20  
40 2 4 8 10 13  
46  
58 4 6 7 8 9 11 12 20  
57 1 3 4 5 6 7 9 10 12 13 14 15 17 18 20  
32 1 2 3 4 5 6 7 9 11 13 14 15 17 18 19 20  
48 2 5 6 8 10 12 13 15 18 19 20  
10 1 3 6 7 11 13 14 15 16 17 18 20  
7 1 2 4 5 6 7 8 9 10 12 13 15 16  
43 5 8 9 18  
37 3 4 5 6 9 11 12 14 16 18  
52 2 3 4 6 7 10 11 12 13 16 17 18 19 20  
1 1 2 3 4 5 6 7 8 9 10 11 12 14 15 16 17 18 19  
55 3 4 5 6 7 9 11 14 15 17 20  
23  
39 1 2 3 5 6 7 8 12 14 15 16 19 20  
17 3 4 6 7 9 10 12 14 15 16 19  
18 1 3 4 5 6 8 11 13 15 18 19  
21 2 7 8 10 11 20  
34 9  
12 1 2 3 4 5 8 9 12 14 16 18 19 20  
51 4 5 6 7 10 14 16 19 20  
30 1 2 4 6 9 10 11 15 17 19  
31 1 3 4 5 6 7 8 10 11 12 13 15 16 17  
49 3 4 7 8 10 11 16 20  
15 1 2 3 9 10 11 13 17 19 20  
24 2 3 4 5 7 8 14 16  
5 1 2 4 5 6 7 9 10 11 13 15 16 17 18 19 20  
22 2 3 4 5 6 7 8 10 11 12 13 15 16 20  
29 2 3 4 5 6 7 8 9 10 12 13 14 15 17 20  
44 2 3 5 10 13 15 17 18 19  
53 3 6 7 8 9 10 13 14 16 19 20  
27 1 4 6 7 9 11 13 16 17 19 20  
26 3 4 7 8 9 11 12 15 17 18  
38 2 4 5 7 8 11 12 13 14 16 17 19  
SIZE OF PROGRAMS (pID SIZE):
1 91.0 
2 53.0 
3 94.0 
4 42.0 
5 40.0 
6 98.0 
7 82.0 
8 93.0 
9 71.0 
10 63.0 
11 91.0 
12 83.0 
13 72.0 
14 62.0 
15 99.0 
16 62.0 
17 53.0 
18 69.0 
19 44.0 
20 94.0 
COST_INSTALL_SERVER_AND_PROGRAMS :
0 5412.121212121212 2.757575757575758 1.606060606060606 2.8484848484848486 1.2727272727272727 1.2121212121212122 2.9696969696969697 2.484848484848485 2.8181818181818183 2.1515151515151514 1.9090909090909092 2.757575757575758 2.515151515151515 2.1818181818181817 1.878787878787879 3.0 1.878787878787879 1.606060606060606 2.090909090909091 1.3333333333333333 2.8484848484848486  
54 17.708870684844317 1.8383838383838385 1.0707070707070707 1.898989898989899 0.8484848484848485 0.8080808080808081 1.97979797979798 1.6565656565656566 1.878787878787879 1.4343434343434343 1.2727272727272727 1.8383838383838385 1.6767676767676767 1.4545454545454546 1.2525252525252526 2.0 1.2525252525252526 1.0707070707070707 1.393939393939394 0.8888888888888888 1.898989898989899  
11 14.891731196097458 2.757575757575758 1.606060606060606 2.8484848484848486 1.2727272727272727 1.2121212121212122 2.9696969696969697 2.484848484848485 2.8181818181818183 2.1515151515151514 1.9090909090909092 2.757575757575758 2.515151515151515 2.1818181818181817 1.878787878787879 3.0 1.878787878787879 1.606060606060606 2.090909090909091 1.3333333333333333 2.8484848484848486  
13 50.31328656394852 2.757575757575758 1.606060606060606 2.8484848484848486 1.2727272727272727 1.2121212121212122 2.9696969696969697 2.484848484848485 2.8181818181818183 2.1515151515151514 1.9090909090909092 2.757575757575758 2.515151515151515 2.1818181818181817 1.878787878787879 3.0 1.878787878787879 1.606060606060606 2.090909090909091 1.3333333333333333 2.8484848484848486  
14 47.12023153831672 2.757575757575758 1.606060606060606 2.8484848484848486 1.2727272727272727 1.2121212121212122 2.9696969696969697 2.484848484848485 2.8181818181818183 2.1515151515151514 1.9090909090909092 2.757575757575758 2.515151515151515 2.1818181818181817 1.878787878787879 3.0 1.878787878787879 1.606060606060606 2.090909090909091 1.3333333333333333 2.8484848484848486  
35 132.87916928663958 1.8383838383838385 1.0707070707070707 1.898989898989899 0.8484848484848485 0.8080808080808081 1.97979797979798 1.6565656565656566 1.878787878787879 1.4343434343434343 1.2727272727272727 1.8383838383838385 1.6767676767676767 1.4545454545454546 1.2525252525252526 2.0 1.2525252525252526 1.0707070707070707 1.393939393939394 0.8888888888888888 1.898989898989899  
56 59.58628876323208 1.8383838383838385 1.0707070707070707 1.898989898989899 0.8484848484848485 0.8080808080808081 1.97979797979798 1.6565656565656566 1.878787878787879 1.4343434343434343 1.2727272727272727 1.8383838383838385 1.6767676767676767 1.4545454545454546 1.2525252525252526 2.0 1.2525252525252526 1.0707070707070707 1.393939393939394 0.8888888888888888 1.898989898989899  
20 57.745044621157 1.8383838383838385 1.0707070707070707 1.898989898989899 0.8484848484848485 0.8080808080808081 1.97979797979798 1.6565656565656566 1.878787878787879 1.4343434343434343 1.2727272727272727 1.8383838383838385 1.6767676767676767 1.4545454545454546 1.2525252525252526 2.0 1.2525252525252526 1.0707070707070707 1.393939393939394 0.8888888888888888 1.898989898989899  
16 996.0 2.757575757575758 1.606060606060606 2.8484848484848486 1.2727272727272727 1.2121212121212122 2.9696969696969697 2.484848484848485 2.8181818181818183 2.1515151515151514 1.9090909090909092 2.757575757575758 2.515151515151515 2.1818181818181817 1.878787878787879 3.0 1.878787878787879 1.606060606060606 2.090909090909091 1.3333333333333333 2.8484848484848486  
28 120.33268486345531 2.757575757575758 1.606060606060606 2.8484848484848486 1.2727272727272727 1.2121212121212122 2.9696969696969697 2.484848484848485 2.8181818181818183 2.1515151515151514 1.9090909090909092 2.757575757575758 2.515151515151515 2.1818181818181817 1.878787878787879 3.0 1.878787878787879 1.606060606060606 2.090909090909091 1.3333333333333333 2.8484848484848486  
25 61.146572771515494 2.757575757575758 1.606060606060606 2.8484848484848486 1.2727272727272727 1.2121212121212122 2.9696969696969697 2.484848484848485 2.8181818181818183 2.1515151515151514 1.9090909090909092 2.757575757575758 2.515151515151515 2.1818181818181817 1.878787878787879 3.0 1.878787878787879 1.606060606060606 2.090909090909091 1.3333333333333333 2.8484848484848486  
42 13.610419446365192 2.757575757575758 1.606060606060606 2.8484848484848486 1.2727272727272727 1.2121212121212122 2.9696969696969697 2.484848484848485 2.8181818181818183 2.1515151515151514 1.9090909090909092 2.757575757575758 2.515151515151515 2.1818181818181817 1.878787878787879 3.0 1.878787878787879 1.606060606060606 2.090909090909091 1.3333333333333333 2.8484848484848486  
33 95.7627714569968 2.757575757575758 1.606060606060606 2.8484848484848486 1.2727272727272727 1.2121212121212122 2.9696969696969697 2.484848484848485 2.8181818181818183 2.1515151515151514 1.9090909090909092 2.757575757575758 2.515151515151515 2.1818181818181817 1.878787878787879 3.0 1.878787878787879 1.606060606060606 2.090909090909091 1.3333333333333333 2.8484848484848486  
9 172.63687381585387 1.8383838383838385 1.0707070707070707 1.898989898989899 0.8484848484848485 0.8080808080808081 1.97979797979798 1.6565656565656566 1.878787878787879 1.4343434343434343 1.2727272727272727 1.8383838383838385 1.6767676767676767 1.4545454545454546 1.2525252525252526 2.0 1.2525252525252526 1.0707070707070707 1.393939393939394 0.8888888888888888 1.898989898989899  
19 7.422229814105851 2.757575757575758 1.606060606060606 2.8484848484848486 1.2727272727272727 1.2121212121212122 2.9696969696969697 2.484848484848485 2.8181818181818183 2.1515151515151514 1.9090909090909092 2.757575757575758 2.515151515151515 2.1818181818181817 1.878787878787879 3.0 1.878787878787879 1.606060606060606 2.090909090909091 1.3333333333333333 2.8484848484848486  
4 199.4663859675708 1.8383838383838385 1.0707070707070707 1.898989898989899 0.8484848484848485 0.8080808080808081 1.97979797979798 1.6565656565656566 1.878787878787879 1.4343434343434343 1.2727272727272727 1.8383838383838385 1.6767676767676767 1.4545454545454546 1.2525252525252526 2.0 1.2525252525252526 1.0707070707070707 1.393939393939394 0.8888888888888888 1.898989898989899  
3 106.48406665581999 2.757575757575758 1.606060606060606 2.8484848484848486 1.2727272727272727 1.2121212121212122 2.9696969696969697 2.484848484848485 2.8181818181818183 2.1515151515151514 1.9090909090909092 2.757575757575758 2.515151515151515 2.1818181818181817 1.878787878787879 3.0 1.878787878787879 1.606060606060606 2.090909090909091 1.3333333333333333 2.8484848484848486  
47 20.369234605815453 1.8383838383838385 1.0707070707070707 1.898989898989899 0.8484848484848485 0.8080808080808081 1.97979797979798 1.6565656565656566 1.878787878787879 1.4343434343434343 1.2727272727272727 1.8383838383838385 1.6767676767676767 1.4545454545454546 1.2525252525252526 2.0 1.2525252525252526 1.0707070707070707 1.393939393939394 0.8888888888888888 1.898989898989899  
59 66.22313946828608 1.8383838383838385 1.0707070707070707 1.898989898989899 0.8484848484848485 0.8080808080808081 1.97979797979798 1.6565656565656566 1.878787878787879 1.4343434343434343 1.2727272727272727 1.8383838383838385 1.6767676767676767 1.4545454545454546 1.2525252525252526 2.0 1.2525252525252526 1.0707070707070707 1.393939393939394 0.8888888888888888 1.898989898989899  
6 144.13559540688598 2.757575757575758 1.606060606060606 2.8484848484848486 1.2727272727272727 1.2121212121212122 2.9696969696969697 2.484848484848485 2.8181818181818183 2.1515151515151514 1.9090909090909092 2.757575757575758 2.515151515151515 2.1818181818181817 1.878787878787879 3.0 1.878787878787879 1.606060606060606 2.090909090909091 1.3333333333333333 2.8484848484848486  
36 69.64549364699886 1.8383838383838385 1.0707070707070707 1.898989898989899 0.8484848484848485 0.8080808080808081 1.97979797979798 1.6565656565656566 1.878787878787879 1.4343434343434343 1.2727272727272727 1.8383838383838385 1.6767676767676767 1.4545454545454546 1.2525252525252526 2.0 1.2525252525252526 1.0707070707070707 1.393939393939394 0.8888888888888888 1.898989898989899  
41 111.78400655521803 1.8383838383838385 1.0707070707070707 1.898989898989899 0.8484848484848485 0.8080808080808081 1.97979797979798 1.6565656565656566 1.878787878787879 1.4343434343434343 1.2727272727272727 1.8383838383838385 1.6767676767676767 1.4545454545454546 1.2525252525252526 2.0 1.2525252525252526 1.0707070707070707 1.393939393939394 0.8888888888888888 1.898989898989899  
2 27.367951347499496 2.757575757575758 1.606060606060606 2.8484848484848486 1.2727272727272727 1.2121212121212122 2.9696969696969697 2.484848484848485 2.8181818181818183 2.1515151515151514 1.9090909090909092 2.757575757575758 2.515151515151515 2.1818181818181817 1.878787878787879 3.0 1.878787878787879 1.606060606060606 2.090909090909091 1.3333333333333333 2.8484848484848486  
45 92.46829764593588 1.8383838383838385 1.0707070707070707 1.898989898989899 0.8484848484848485 0.8080808080808081 1.97979797979798 1.6565656565656566 1.878787878787879 1.4343434343434343 1.2727272727272727 1.8383838383838385 1.6767676767676767 1.4545454545454546 1.2525252525252526 2.0 1.2525252525252526 1.0707070707070707 1.393939393939394 0.8888888888888888 1.898989898989899  
50 11.898995940055107 1.8383838383838385 1.0707070707070707 1.898989898989899 0.8484848484848485 0.8080808080808081 1.97979797979798 1.6565656565656566 1.878787878787879 1.4343434343434343 1.2727272727272727 1.8383838383838385 1.6767676767676767 1.4545454545454546 1.2525252525252526 2.0 1.2525252525252526 1.0707070707070707 1.393939393939394 0.8888888888888888 1.898989898989899  
8 271.3274955600733 2.757575757575758 1.606060606060606 2.8484848484848486 1.2727272727272727 1.2121212121212122 2.9696969696969697 2.484848484848485 2.8181818181818183 2.1515151515151514 1.9090909090909092 2.757575757575758 2.515151515151515 2.1818181818181817 1.878787878787879 3.0 1.878787878787879 1.606060606060606 2.090909090909091 1.3333333333333333 2.8484848484848486  
40 33.26542649235047 2.757575757575758 1.606060606060606 2.8484848484848486 1.2727272727272727 1.2121212121212122 2.9696969696969697 2.484848484848485 2.8181818181818183 2.1515151515151514 1.9090909090909092 2.757575757575758 2.515151515151515 2.1818181818181817 1.878787878787879 3.0 1.878787878787879 1.606060606060606 2.090909090909091 1.3333333333333333 2.8484848484848486  
46 783.0 2.757575757575758 1.606060606060606 2.8484848484848486 1.2727272727272727 1.2121212121212122 2.9696969696969697 2.484848484848485 2.8181818181818183 2.1515151515151514 1.9090909090909092 2.757575757575758 2.515151515151515 2.1818181818181817 1.878787878787879 3.0 1.878787878787879 1.606060606060606 2.090909090909091 1.3333333333333333 2.8484848484848486  
58 66.86993892849675 1.8383838383838385 1.0707070707070707 1.898989898989899 0.8484848484848485 0.8080808080808081 1.97979797979798 1.6565656565656566 1.878787878787879 1.4343434343434343 1.2727272727272727 1.8383838383838385 1.6767676767676767 1.4545454545454546 1.2525252525252526 2.0 1.2525252525252526 1.0707070707070707 1.393939393939394 0.8888888888888888 1.898989898989899  
57 163.69037670686964 1.8383838383838385 1.0707070707070707 1.898989898989899 0.8484848484848485 0.8080808080808081 1.97979797979798 1.6565656565656566 1.878787878787879 1.4343434343434343 1.2727272727272727 1.8383838383838385 1.6767676767676767 1.4545454545454546 1.2525252525252526 2.0 1.2525252525252526 1.0707070707070707 1.393939393939394 0.8888888888888888 1.898989898989899  
32 105.20506414498819 2.757575757575758 1.606060606060606 2.8484848484848486 1.2727272727272727 1.2121212121212122 2.9696969696969697 2.484848484848485 2.8181818181818183 2.1515151515151514 1.9090909090909092 2.757575757575758 2.515151515151515 2.1818181818181817 1.878787878787879 3.0 1.878787878787879 1.606060606060606 2.090909090909091 1.3333333333333333 2.8484848484848486  
48 39.68120398687345 1.8383838383838385 1.0707070707070707 1.898989898989899 0.8484848484848485 0.8080808080808081 1.97979797979798 1.6565656565656566 1.878787878787879 1.4343434343434343 1.2727272727272727 1.8383838383838385 1.6767676767676767 1.4545454545454546 1.2525252525252526 2.0 1.2525252525252526 1.0707070707070707 1.393939393939394 0.8888888888888888 1.898989898989899  
10 116.58670931243492 1.8383838383838385 1.0707070707070707 1.898989898989899 0.8484848484848485 0.8080808080808081 1.97979797979798 1.6565656565656566 1.878787878787879 1.4343434343434343 1.2727272727272727 1.8383838383838385 1.6767676767676767 1.4545454545454546 1.2525252525252526 2.0 1.2525252525252526 1.0707070707070707 1.393939393939394 0.8888888888888888 1.898989898989899  
7 112.38376222886966 1.8383838383838385 1.0707070707070707 1.898989898989899 0.8484848484848485 0.8080808080808081 1.97979797979798 1.6565656565656566 1.878787878787879 1.4343434343434343 1.2727272727272727 1.8383838383838385 1.6767676767676767 1.4545454545454546 1.2525252525252526 2.0 1.2525252525252526 1.0707070707070707 1.393939393939394 0.8888888888888888 1.898989898989899  
43 51.701665789910294 1.8383838383838385 1.0707070707070707 1.898989898989899 0.8484848484848485 0.8080808080808081 1.97979797979798 1.6565656565656566 1.878787878787879 1.4343434343434343 1.2727272727272727 1.8383838383838385 1.6767676767676767 1.4545454545454546 1.2525252525252526 2.0 1.2525252525252526 1.0707070707070707 1.393939393939394 0.8888888888888888 1.898989898989899  
37 96.45639280260573 2.757575757575758 1.606060606060606 2.8484848484848486 1.2727272727272727 1.2121212121212122 2.9696969696969697 2.484848484848485 2.8181818181818183 2.1515151515151514 1.9090909090909092 2.757575757575758 2.515151515151515 2.1818181818181817 1.878787878787879 3.0 1.878787878787879 1.606060606060606 2.090909090909091 1.3333333333333333 2.8484848484848486  
52 46.70400853334884 1.8383838383838385 1.0707070707070707 1.898989898989899 0.8484848484848485 0.8080808080808081 1.97979797979798 1.6565656565656566 1.878787878787879 1.4343434343434343 1.2727272727272727 1.8383838383838385 1.6767676767676767 1.4545454545454546 1.2525252525252526 2.0 1.2525252525252526 1.0707070707070707 1.393939393939394 0.8888888888888888 1.898989898989899  
1 22.901993052427247 1.8383838383838385 1.0707070707070707 1.898989898989899 0.8484848484848485 0.8080808080808081 1.97979797979798 1.6565656565656566 1.878787878787879 1.4343434343434343 1.2727272727272727 1.8383838383838385 1.6767676767676767 1.4545454545454546 1.2525252525252526 2.0 1.2525252525252526 1.0707070707070707 1.393939393939394 0.8888888888888888 1.898989898989899  
55 84.07019162746434 1.8383838383838385 1.0707070707070707 1.898989898989899 0.8484848484848485 0.8080808080808081 1.97979797979798 1.6565656565656566 1.878787878787879 1.4343434343434343 1.2727272727272727 1.8383838383838385 1.6767676767676767 1.4545454545454546 1.2525252525252526 2.0 1.2525252525252526 1.0707070707070707 1.393939393939394 0.8888888888888888 1.898989898989899  
23 45.46921006900699 2.757575757575758 1.606060606060606 2.8484848484848486 1.2727272727272727 1.2121212121212122 2.9696969696969697 2.484848484848485 2.8181818181818183 2.1515151515151514 1.9090909090909092 2.757575757575758 2.515151515151515 2.1818181818181817 1.878787878787879 3.0 1.878787878787879 1.606060606060606 2.090909090909091 1.3333333333333333 2.8484848484848486  
39 110.62810527189176 2.757575757575758 1.606060606060606 2.8484848484848486 1.2727272727272727 1.2121212121212122 2.9696969696969697 2.484848484848485 2.8181818181818183 2.1515151515151514 1.9090909090909092 2.757575757575758 2.515151515151515 2.1818181818181817 1.878787878787879 3.0 1.878787878787879 1.606060606060606 2.090909090909091 1.3333333333333333 2.8484848484848486  
17 35.65480151945314 1.8383838383838385 1.0707070707070707 1.898989898989899 0.8484848484848485 0.8080808080808081 1.97979797979798 1.6565656565656566 1.878787878787879 1.4343434343434343 1.2727272727272727 1.8383838383838385 1.6767676767676767 1.4545454545454546 1.2525252525252526 2.0 1.2525252525252526 1.0707070707070707 1.393939393939394 0.8888888888888888 1.898989898989899  
18 31.9628209808127 2.757575757575758 1.606060606060606 2.8484848484848486 1.2727272727272727 1.2121212121212122 2.9696969696969697 2.484848484848485 2.8181818181818183 2.1515151515151514 1.9090909090909092 2.757575757575758 2.515151515151515 2.1818181818181817 1.878787878787879 3.0 1.878787878787879 1.606060606060606 2.090909090909091 1.3333333333333333 2.8484848484848486  
21 31.515786189750372 1.8383838383838385 1.0707070707070707 1.898989898989899 0.8484848484848485 0.8080808080808081 1.97979797979798 1.6565656565656566 1.878787878787879 1.4343434343434343 1.2727272727272727 1.8383838383838385 1.6767676767676767 1.4545454545454546 1.2525252525252526 2.0 1.2525252525252526 1.0707070707070707 1.393939393939394 0.8888888888888888 1.898989898989899  
34 90.37438660555577 2.757575757575758 1.606060606060606 2.8484848484848486 1.2727272727272727 1.2121212121212122 2.9696969696969697 2.484848484848485 2.8181818181818183 2.1515151515151514 1.9090909090909092 2.757575757575758 2.515151515151515 2.1818181818181817 1.878787878787879 3.0 1.878787878787879 1.606060606060606 2.090909090909091 1.3333333333333333 2.8484848484848486  
12 97.48764702907928 1.8383838383838385 1.0707070707070707 1.898989898989899 0.8484848484848485 0.8080808080808081 1.97979797979798 1.6565656565656566 1.878787878787879 1.4343434343434343 1.2727272727272727 1.8383838383838385 1.6767676767676767 1.4545454545454546 1.2525252525252526 2.0 1.2525252525252526 1.0707070707070707 1.393939393939394 0.8888888888888888 1.898989898989899  
51 57.18182800292814 2.757575757575758 1.606060606060606 2.8484848484848486 1.2727272727272727 1.2121212121212122 2.9696969696969697 2.484848484848485 2.8181818181818183 2.1515151515151514 1.9090909090909092 2.757575757575758 2.515151515151515 2.1818181818181817 1.878787878787879 3.0 1.878787878787879 1.606060606060606 2.090909090909091 1.3333333333333333 2.8484848484848486  
30 229.4391429921586 1.8383838383838385 1.0707070707070707 1.898989898989899 0.8484848484848485 0.8080808080808081 1.97979797979798 1.6565656565656566 1.878787878787879 1.4343434343434343 1.2727272727272727 1.8383838383838385 1.6767676767676767 1.4545454545454546 1.2525252525252526 2.0 1.2525252525252526 1.0707070707070707 1.393939393939394 0.8888888888888888 1.898989898989899  
31 324.31958012677177 2.757575757575758 1.606060606060606 2.8484848484848486 1.2727272727272727 1.2121212121212122 2.9696969696969697 2.484848484848485 2.8181818181818183 2.1515151515151514 1.9090909090909092 2.757575757575758 2.515151515151515 2.1818181818181817 1.878787878787879 3.0 1.878787878787879 1.606060606060606 2.090909090909091 1.3333333333333333 2.8484848484848486  
49 20.52421707453067 2.757575757575758 1.606060606060606 2.8484848484848486 1.2727272727272727 1.2121212121212122 2.9696969696969697 2.484848484848485 2.8181818181818183 2.1515151515151514 1.9090909090909092 2.757575757575758 2.515151515151515 2.1818181818181817 1.878787878787879 3.0 1.878787878787879 1.606060606060606 2.090909090909091 1.3333333333333333 2.8484848484848486  
15 50.13867833277441 1.8383838383838385 1.0707070707070707 1.898989898989899 0.8484848484848485 0.8080808080808081 1.97979797979798 1.6565656565656566 1.878787878787879 1.4343434343434343 1.2727272727272727 1.8383838383838385 1.6767676767676767 1.4545454545454546 1.2525252525252526 2.0 1.2525252525252526 1.0707070707070707 1.393939393939394 0.8888888888888888 1.898989898989899  
24 65.8656427083205 1.8383838383838385 1.0707070707070707 1.898989898989899 0.8484848484848485 0.8080808080808081 1.97979797979798 1.6565656565656566 1.878787878787879 1.4343434343434343 1.2727272727272727 1.8383838383838385 1.6767676767676767 1.4545454545454546 1.2525252525252526 2.0 1.2525252525252526 1.0707070707070707 1.393939393939394 0.8888888888888888 1.898989898989899  
5 180.1945262601198 1.8383838383838385 1.0707070707070707 1.898989898989899 0.8484848484848485 0.8080808080808081 1.97979797979798 1.6565656565656566 1.878787878787879 1.4343434343434343 1.2727272727272727 1.8383838383838385 1.6767676767676767 1.4545454545454546 1.2525252525252526 2.0 1.2525252525252526 1.0707070707070707 1.393939393939394 0.8888888888888888 1.898989898989899  
22 103.97470123674796 1.8383838383838385 1.0707070707070707 1.898989898989899 0.8484848484848485 0.8080808080808081 1.97979797979798 1.6565656565656566 1.878787878787879 1.4343434343434343 1.2727272727272727 1.8383838383838385 1.6767676767676767 1.4545454545454546 1.2525252525252526 2.0 1.2525252525252526 1.0707070707070707 1.393939393939394 0.8888888888888888 1.898989898989899  
29 270.66311028869393 1.8383838383838385 1.0707070707070707 1.898989898989899 0.8484848484848485 0.8080808080808081 1.97979797979798 1.6565656565656566 1.878787878787879 1.4343434343434343 1.2727272727272727 1.8383838383838385 1.6767676767676767 1.4545454545454546 1.2525252525252526 2.0 1.2525252525252526 1.0707070707070707 1.393939393939394 0.8888888888888888 1.898989898989899  
44 93.05212992169189 1.8383838383838385 1.0707070707070707 1.898989898989899 0.8484848484848485 0.8080808080808081 1.97979797979798 1.6565656565656566 1.878787878787879 1.4343434343434343 1.2727272727272727 1.8383838383838385 1.6767676767676767 1.4545454545454546 1.2525252525252526 2.0 1.2525252525252526 1.0707070707070707 1.393939393939394 0.8888888888888888 1.898989898989899  
53 101.91420233663024 1.8383838383838385 1.0707070707070707 1.898989898989899 0.8484848484848485 0.8080808080808081 1.97979797979798 1.6565656565656566 1.878787878787879 1.4343434343434343 1.2727272727272727 1.8383838383838385 1.6767676767676767 1.4545454545454546 1.2525252525252526 2.0 1.2525252525252526 1.0707070707070707 1.393939393939394 0.8888888888888888 1.898989898989899  
27 148.84432435631857 2.757575757575758 1.606060606060606 2.8484848484848486 1.2727272727272727 1.2121212121212122 2.9696969696969697 2.484848484848485 2.8181818181818183 2.1515151515151514 1.9090909090909092 2.757575757575758 2.515151515151515 2.1818181818181817 1.878787878787879 3.0 1.878787878787879 1.606060606060606 2.090909090909091 1.3333333333333333 2.8484848484848486  
26 144.74236443214454 1.8383838383838385 1.0707070707070707 1.898989898989899 0.8484848484848485 0.8080808080808081 1.97979797979798 1.6565656565656566 1.878787878787879 1.4343434343434343 1.2727272727272727 1.8383838383838385 1.6767676767676767 1.4545454545454546 1.2525252525252526 2.0 1.2525252525252526 1.0707070707070707 1.393939393939394 0.8888888888888888 1.898989898989899  
38 135.8765795960768 2.757575757575758 1.606060606060606 2.8484848484848486 1.2727272727272727 1.2121212121212122 2.9696969696969697 2.484848484848485 2.8181818181818183 2.1515151515151514 1.9090909090909092 2.757575757575758 2.515151515151515 2.1818181818181817 1.878787878787879 3.0 1.878787878787879 1.606060606060606 2.090909090909091 1.3333333333333333 2.8484848484848486  
