100 50
TREE NETWORK (nID nID Weight):
1 0 59.0 
2 1 40.0 
39 1 31.0 
3 2 36.0 
41 1 39.0 
42 41 30.0 
48 41 59.0 
43 42 58.0 
49 48 50.0 
50 49 34.0 
4 3 59.0 
58 1 39.0 
56 41 52.0 
27 2 45.0 
51 49 45.0 
14 3 37.0 
81 0 35.0 
15 14 59.0 
16 15 46.0 
59 58 42.0 
83 0 37.0 
73 1 41.0 
54 49 53.0 
65 58 41.0 
88 0 55.0 
44 43 39.0 
28 27 51.0 
82 81 57.0 
60 59 57.0 
18 3 41.0 
66 65 33.0 
95 0 59.0 
89 88 54.0 
74 1 35.0 
32 27 59.0 
67 66 45.0 
84 83 48.0 
68 67 56.0 
61 60 33.0 
85 84 30.0 
29 28 32.0 
57 56 50.0 
78 1 54.0 
62 61 49.0 
34 2 35.0 
30 29 34.0 
69 65 30.0 
90 89 40.0 
70 69 46.0 
93 88 31.0 
45 43 33.0 
91 90 53.0 
52 51 30.0 
94 88 32.0 
72 65 40.0 
35 34 39.0 
96 0 39.0 
79 78 38.0 
36 35 40.0 
47 42 38.0 
86 85 58.0 
19 18 49.0 
46 43 39.0 
5 4 53.0 
98 0 51.0 
9 4 47.0 
20 18 54.0 
17 14 55.0 
53 51 51.0 
10 9 38.0 
6 5 52.0 
7 6 55.0 
64 60 53.0 
8 6 57.0 
23 18 31.0 
24 18 53.0 
55 49 50.0 
25 18 52.0 
92 89 32.0 
63 61 41.0 
37 36 32.0 
80 78 34.0 
38 35 50.0 
40 39 34.0 
75 74 32.0 
11 10 32.0 
26 3 38.0 
21 20 30.0 
12 11 40.0 
77 74 48.0 
13 4 53.0 
99 98 52.0 
97 96 32.0 
76 75 42.0 
31 28 53.0 
71 69 39.0 
33 32 34.0 
22 21 56.0 
87 84 48.0 
PROGRAMS ASSIGNED TO NODES (nID pID1 pID2 ...):
0 1 2 3 4 5 6 7 8 9 10 11 12 13 14 15 16 17 18 19 20 21 22 23 24 25 26 27 28 29 30 31 32 33 34 35 36 37 38 39 40 41 42 43 44 45 46 47 48 49 50  
2 1 2 9 14 22 29 30 31 34 35 42 44 45 50  
5 6 10 11 12 26 28 44 48 50  
63 2 3 6 7 9 10 12 14 16 17 21 22 23 27 28 29 30 31 32 37 38 43 46 47 49  
72 1 2 3 5 6 7 8 9 10 11 12 14 15 17 18 19 20 21 22 23 24 26 27 28 29 30 32 34 35 37 38 39 40 41 42 43 44 45 46 48 49  
82 3 4 5 6 7 9 10 12 14 18 19 20 22 23 24 25 26 27 28 29 31 32 33 34 35 38 39 40 41 49 50  
92 1 2 3 4 5 6 8 9 10 11 12 13 14 15 16 17 18 19 20 21 22 23 24 25 26 27 28 29 30 31 32 33 34 35 36 37 38 39 40 41 43 44 45 46 47 48 49 50  
23 4 8 9 10 12 13 15 17 18 22 28 34 38 46 49 50  
1 1 2 3 5 7 8 9 10 11 12 13 14 15 16 17 18 19 20 21 23 24 25 26 27 28 29 30 31 32 33 34 35 36 37 38 39 40 41 42 43 44 45 46 48 49 50  
43 2 5 10 11 12 13 14 16 17 21 22 23 25 27 28 30 31 32 33 35 36 37 40 41 43 44 46  
48 1 2 3 4 5 6 7 8 9 10 11 12 13 14 15 16 17 18 19 20 21 22 23 24 25 26 27 28 29 30 32 33 34 35 36 37 38 39 40 41 42 43 44 45 46 47 48 49 50  
98 3 4 8 9 12 14 15 16 17 19 20 23 25 28 31 32 34 35 36 37 38 39 41 42 43 47 49 50  
16 4 5 7 8 11 13 14 18 20 21 24 25 26 33 38 42 45 46 50  
18 2 3 4 5 8 9 11 12 25 29 30 31 35 39 41 43 48 49 50  
3 1 2 3 4 5 6 7 8 9 10 12 13 16 17 18 19 20 21 22 23 24 26 27 28 29 30 31 32 33 34 35 36 39 40 41 42 43 44 47 49 50  
89 1 2 3 4 6 7 8 9 10 11 13 14 15 17 18 19 20 21 22 23 24 25 26 27 28 29 30 32 34 35 37 38 39 40 41 42 43 45 46 48 49 50  
10 2 4 6 7 8 9 14 18 19 21 25 26 28 30 36 41 42 43 47 50  
35 5 17 18 23 25 30 31 32 39  
94 1 2 5 6 7 8 10 12 16 17 18 19 20 21 22 23 24 25 26 27 28 29 32 41 42 43 44 46 48 49  
99 3 6 9 16 23 30 34 37 48  
51 2 3 4 6 7 8 9 11 12 13 14 15 16 17 18 19 20 21 22 23 24 25 26 27 28 29 30 31 32 34 35 36 37 38 39 41 42 43 44 45 47 48 49 50  
12 2 6 8 10 20 21 25 28 31 34 38 39 40 43 47 49  
33 1 3 4 6 7 8 9 10 12 14 15 16 18 19 20 21 22 24 26 27 28 29 30 32 34 36 42 43 44 46 48 49 50  
8 1 3 14 16 18 20 21 26 27 28 29 31 33 37 38 39 43 44 46 47 48  
95 1 2 4 10 11 13 19 20 22 23 24 26 28 34 35 36 38 40 41 42 43 45 46 47  
38 1 2 3 5 6 10 11 13 15 17 18 19 20 21 22 23 24 26 27 29 30 31 34 36 37 38 40 41 47 49 50  
40 1 2 3 4 5 6 8 9 10 11 12 13 14 15 16 17 18 19 20 21 22 23 24 25 26 27 28 29 30 31 32 33 34 35 36 37 38 39 40 41 42 44 45 46 47 48 49 50  
87 2 6 8 9 10 12 15 20 21 22 23 25 28 29 30 32 33 37 40 41 45 48  
45 1 5 7 10 11 18 21 23 25 27 33 37 39 40 41 43 48 49  
29 1 2 4 6 7 8 11 12 13 14 16 17 19 21 22 23 24 26 27 28 29 30 31 32 41 43 45 46 49 50  
27 1 2 3 5 9 12 13 17 19 24 27 31 32 40 43 46 47 48 50  
65 2 4 5 6 8 10 11 12 13 14 15 16 18 25 26 28 29 31 37 40 42 43 44 45 46 48 49  
73 14 16 23 26 37 38 40 41 43  
42 1 2 4 6 9 10 11 15 17 18 19 21 22 23 25 26 27 28 29 30 31 32 33 34 35 36 37 38 40 41 43 44 45 46 47 48 49 50  
76 1 2 3 4 5 7 9 10 12 15 16 19 20 21 24 25 26 27 28 29 30 32 33 34 37 38 40 41 42 44 47 49  
69 2 5 6 9 11 12 13 14 17 20 21 22 23 24 25 32 33 35 36 37 39 40 41 42 43 45 46 47 48 49  
59 14 24 25 33  
25 1 2 3 4 6 7 8 9 10 12 13 14 16 17 18 19 21 22 25 26 30 31 32 35 36 41 42 43 47 48 49 50  
34 15 18 19 20 23 25 26 27 28 38 39 40 41 42 43 44 45 48 50  
9 1 2 3 5 7 8 12 13 16 22 24 31 33 38 42 45 46 48 50  
84 5 7 13 14 16 23 24 29 30 31 40 42  
37 2 3 4 5 6 7 8 10 11 16 18 19 22 24 26 27 28 29 31 32 33 34 36 37 39 40 41 42 44 45 46 47 49  
79 2 12 15 16 17 18 23 24 27 29 30 35 38 39 43 49  
93 2 4 5 6 7 8 9 10 11 12 13 14 15 16 17 18 19 20 21 22 23 24 25 26 27 28 29 30 31 32 33 34 35 36 37 38 40 41 42 43 44 45 46 47 48 49 50  
58 1 3 4 5 6 7 9 10 11 13 14 15 16 17 18 19 20 21 22 24 25 26 27 28 30 31 32 33 34 35 36 38 39 40 41 42 43 44 45 46 47 48 49 50  
60 3 7 8 9 11 12 18 19 21 24 25 26 28 29 30 32 33 36 37 38 40 43 44 48 50  
15 3 4 5 7 9 12 17 19 24 26 27 35  
4 3 6 7 8 9 11 12 14 16 17 19 20 25 26 27 30 32 35 37 40 41 45 48 49  
71 2 3 4 8 10 11 12 13 14 15 17 18 19 20 23 24 25 27 28 29 32 33 34 35 38 39 40 41 43 46 47 48 49 50  
78 7 10 16 24 25 36 40 50  
53 1 2 3 5 6 7 8 12 13 14 15 16 17 18 19 20 21 22 23 24 25 26 28 29 31 32 33 34 36 37 39 40 41 42 43 44 48 49 50  
14 1 3 6 10 15 22 24 25 27 31 35 39 42 44 46  
54 2 7 8 10 12 13 14 15 16 19 21 23 24 25 27 28 29 31 32 33 37 38 40 41 44 46 48 49 50  
44 1 2 3 5 8 11 13 14 15 16 17 20 22 23 25 26 28 31 32 37 38 40 43 44 45 47 49 50  
50 4 5 6 7 14 16 17 18 19 21 23 24 25 26 28 30 31 32 35 38 40 42 46 47 49 50  
86 1 2 3 4 5 6 8 9 10 11 12 13 14 16 18 19 23 24 26 27 28 29 30 31 33 35 36 37 39 40 43 45 46 47 48 49  
19 1 3 5 7 8 10 11 12 13 14 15 16 21 22 23 24 25 27 28 30 32 33 35 36 37 38 39 41 42 45 46 48 49 50  
11 1 2 3 4 5 6 7 8 10 12 13 17 18 19 20 22 23 24 25 26 27 28 29 30 32 33 34 35 36 37 38 40 41 42 43 44 45  
30 8 19 20 35  
13 1 2 3 4 5 6 7 10 11 12 13 14 15 16 17 18 19 20 21 22 23 24 25 26 27 28 29 30 31 32 33 34 35 36 37 38 39 40 41 42 43 44 45 46 47 48 49 50  
20 17 32 45  
62 1 2 3 4 5 6 7 8 9 11 12 13 14 15 16 17 18 20 21 22 24 26 27 28 29 30 32 33 35 36 37 38 40 41 42 43 44 45 46 47 48 50  
39 2 5 6 12 13 15 21 23 28 29 31 34 36 38 39 44 45 46 50  
64 1 2 3 4 5 6 7 8 9 10 11 12 13 14 15 16 17 18 19 20 22 23 24 25 26 27 28 29 30 31 32 33 34 35 36 37 38 39 40 41 42 43 44 45 46 47 48 49 50  
55 1 3 7 10 12 16 19 36 37 41 43 44 45 46  
49 7 10 17 19 24 27 38 44 47  
81 1 3 4 5 6 8 10 13 15 20 21 23 24 28 31 32 40 43 49 50  
22 2 3 4 5 6 7 9 11 12 13 14 15 16 17 18 20 21 22 23 25 26 27 28 30 31 32 33 34 36 38 39 41 42 43 45 46 48 49  
68 4 9 11 12 13 19 20 22 23 24 25 27 32 35 36 40 44 48 49  
90 1 2 3 4 5 6 7 8 9 10 11 12 13 14 15 18 19 20 21 22 23 24 27 28 29 30 31 32 33 34 35 36 37 38 39 40 41 42 43 44 45 46 47 48 49 50  
31 5 6 8 9 12 19 20 24 27 28 30 37 40 41 45 49  
75 3 4 6 9 11 12 13 14 17 18 23 25 28 29 31 32 34 35 36 38 39 40 43 45 46 47 48 49  
80 1 2 4 7 12 13 15 19 21 22 23 25 26 29 30 33 41 43 44 46 48  
6 1 2 3 5 6 7 8 9 10 11 12 13 14 15 16 17 18 19 20 22 23 24 25 26 27 28 29 32 34 35 37 38 39 40 41 42 44 45 46 47 48 50  
36 4 9 11 18 20 22 23 24 30 33 34 36 39 41 46 50  
96 1 5 6 14 17 20 21 22 23 24 25 27 28 29 30 31 33 35 36 37 40 42 45 46 47  
57 1 2 3 4 5 6 7 8 9 11 12 13 14 15 16 17 18 19 20 21 22 24 25 26 27 28 29 30 31 32 33 34 35 36 37 38 39 40 41 42 43 44 45 46 47 48 49 50  
26 5 11 13 20 32 38 45  
17 1 2 3 4 5 6 7 8 9 10 11 12 13 15 17 18 19 20 21 22 23 24 25 28 29 31 32 33 34 36 37 39 40 41 42 43 44 45 47 48 49 50  
85 7 22 36 37 41 42 45  
41 1 3 6 7 11 12 14 15 20 21 22 23 24 26 28 29 30 32 34 35 36 37 38 39 40 44 45 47 48 49 50  
52 4 6 7 8 10 12 13 14 18 20 21 24 26 28 29 33 35 37 40 41 43 44 50  
47 1 2 3 5 6 8 9 10 11 12 13 14 15 16 17 18 19 21 22 23 24 25 26 27 28 29 30 31 32 33 36 38 39 40 41 42 43 44 45 46 47 48 49 50  
83 2 8 22 28 48 50  
70 1 2 3 10 11 13 14 19 21 25 28 31 33 35 36 40 44 48 49  
28 4 7 9 13 15 22 24 29 34 37 38 42 47 48  
7 1 2 3 4 5 6 8 9 11 12 13 14 16 17 19 20 22 24 25 26 27 29 30 31 33 34 35 36 37 38 40 41 42 43 44 45 46 48 49 50  
91 3 4 5 7 8 9 10 11 12 13 15 16 18 19 21 22 23 26 27 28 30 31 34 35 36 37 39 40 41 42 43 46 47  
46 1 2 4 6 8 9 11 12 16 17 20 26 28 29 33 41 45 47 49 50  
61 7 10 11 13 16 21 28 29 30 32 33 34 37 39 42 44 45 46 48 49  
21 1 2 3 4 6 7 8 10 13 14 15 16 17 18 19 20 21 23 25 26 27 28 29 31 32 33 34 35 36 37 38 39 40 43 44 46 47 48 49 50  
56 1 2 5 8 24 27 30 32 41 42  
74 1 6 7 9 10 11 12 13 14 17 19 22 23 24 28 32 34 36 37 41 43 45 47 48 49  
97 20 24 33 38 40 42 43 45 50  
66 2 3 4 6 8 10 11 16 17 18 21 22 24 27 29 30 31 33 37 38 39 41 43 44 50  
88 1 2 3 4 6 7 9 11 13 14 15 17 19 20 21 22 23 24 27 28 30 32 33 34 36 37 38 39 40 45 46 47 48 49  
32 1 2 5 6 8 10 13 14 15 17 18 20 21 24 27 31 32 33 35 37 40 41 42 44 45 46 47  
77 1 2 4 5 6 7 8 9 10 11 12 13 14 15 17 19 20 21 22 23 24 25 27 28 30 31 32 33 34 35 36 37 38 39 40 41 42 43 44 45 47 48 49 50  
67 1 2 3 4 5 6 7 8 9 11 12 13 14 15 16 17 18 19 20 21 22 23 24 25 26 29 30 31 32 33 34 35 36 37 38 39 40 41 42 43 44 45 46 47 48 49 50  
24 2 3 6 10 11 14 15 16 17 18 20 21 22 23 27 30 31 32 33 36 37 38 39 40 41 43 44 45 49 50  
SIZE OF PROGRAMS (pID SIZE):
1 59.0 
2 98.0 
3 51.0 
4 40.0 
5 61.0 
6 51.0 
7 94.0 
8 70.0 
9 47.0 
10 77.0 
11 78.0 
12 46.0 
13 89.0 
14 84.0 
15 74.0 
16 63.0 
17 71.0 
18 67.0 
19 84.0 
20 91.0 
21 56.0 
22 65.0 
23 76.0 
24 86.0 
25 88.0 
26 50.0 
27 88.0 
28 59.0 
29 59.0 
30 80.0 
31 68.0 
32 86.0 
33 49.0 
34 60.0 
35 89.0 
36 96.0 
37 79.0 
38 53.0 
39 41.0 
40 62.0 
41 44.0 
42 86.0 
43 41.0 
44 49.0 
45 70.0 
46 49.0 
47 47.0 
48 59.0 
49 79.0 
50 40.0 
COST_INSTALL_SERVER_AND_PROGRAMS :
0 11252.040816326531 1.8061224489795917 3.0 1.5612244897959184 1.2244897959183674 1.8673469387755102 1.5612244897959184 2.877551020408163 2.142857142857143 1.4387755102040816 2.357142857142857 2.3877551020408165 1.4081632653061225 2.7244897959183674 2.5714285714285716 2.2653061224489797 1.9285714285714286 2.173469387755102 2.0510204081632653 2.5714285714285716 2.7857142857142856 1.7142857142857142 1.989795918367347 2.326530612244898 2.63265306122449 2.693877551020408 1.530612244897959 2.693877551020408 1.8061224489795917 1.8061224489795917 2.4489795918367347 2.0816326530612246 2.63265306122449 1.5 1.836734693877551 2.7244897959183674 2.938775510204082 2.4183673469387754 1.6224489795918366 1.2551020408163265 1.8979591836734695 1.346938775510204 2.63265306122449 1.2551020408163265 1.5 2.142857142857143 1.5 1.4387755102040816 1.8061224489795917 2.4183673469387754 1.2244897959183674  
2 158.66266862115518 1.2040816326530612 2.0 1.0408163265306123 0.8163265306122449 1.2448979591836735 1.0408163265306123 1.9183673469387754 1.4285714285714286 0.9591836734693877 1.5714285714285714 1.5918367346938775 0.9387755102040817 1.816326530612245 1.7142857142857142 1.510204081632653 1.2857142857142858 1.4489795918367347 1.3673469387755102 1.7142857142857142 1.8571428571428572 1.1428571428571428 1.3265306122448979 1.5510204081632653 1.7551020408163265 1.7959183673469388 1.0204081632653061 1.7959183673469388 1.2040816326530612 1.2040816326530612 1.6326530612244898 1.3877551020408163 1.7551020408163265 1.0 1.2244897959183674 1.816326530612245 1.9591836734693877 1.6122448979591837 1.0816326530612246 0.8367346938775511 1.2653061224489797 0.8979591836734694 1.7551020408163265 0.8367346938775511 1.0 1.4285714285714286 1.0 0.9591836734693877 1.2040816326530612 1.6122448979591837 0.8163265306122449  
5 553.0935920345162 1.2040816326530612 2.0 1.0408163265306123 0.8163265306122449 1.2448979591836735 1.0408163265306123 1.9183673469387754 1.4285714285714286 0.9591836734693877 1.5714285714285714 1.5918367346938775 0.9387755102040817 1.816326530612245 1.7142857142857142 1.510204081632653 1.2857142857142858 1.4489795918367347 1.3673469387755102 1.7142857142857142 1.8571428571428572 1.1428571428571428 1.3265306122448979 1.5510204081632653 1.7551020408163265 1.7959183673469388 1.0204081632653061 1.7959183673469388 1.2040816326530612 1.2040816326530612 1.6326530612244898 1.3877551020408163 1.7551020408163265 1.0 1.2244897959183674 1.816326530612245 1.9591836734693877 1.6122448979591837 1.0816326530612246 0.8367346938775511 1.2653061224489797 0.8979591836734694 1.7551020408163265 0.8367346938775511 1.0 1.4285714285714286 1.0 0.9591836734693877 1.2040816326530612 1.6122448979591837 0.8163265306122449  
63 208.86454789628908 1.2040816326530612 2.0 1.0408163265306123 0.8163265306122449 1.2448979591836735 1.0408163265306123 1.9183673469387754 1.4285714285714286 0.9591836734693877 1.5714285714285714 1.5918367346938775 0.9387755102040817 1.816326530612245 1.7142857142857142 1.510204081632653 1.2857142857142858 1.4489795918367347 1.3673469387755102 1.7142857142857142 1.8571428571428572 1.1428571428571428 1.3265306122448979 1.5510204081632653 1.7551020408163265 1.7959183673469388 1.0204081632653061 1.7959183673469388 1.2040816326530612 1.2040816326530612 1.6326530612244898 1.3877551020408163 1.7551020408163265 1.0 1.2244897959183674 1.816326530612245 1.9591836734693877 1.6122448979591837 1.0816326530612246 0.8367346938775511 1.2653061224489797 0.8979591836734694 1.7551020408163265 0.8367346938775511 1.0 1.4285714285714286 1.0 0.9591836734693877 1.2040816326530612 1.6122448979591837 0.8163265306122449  
72 333.66048844432305 1.2040816326530612 2.0 1.0408163265306123 0.8163265306122449 1.2448979591836735 1.0408163265306123 1.9183673469387754 1.4285714285714286 0.9591836734693877 1.5714285714285714 1.5918367346938775 0.9387755102040817 1.816326530612245 1.7142857142857142 1.510204081632653 1.2857142857142858 1.4489795918367347 1.3673469387755102 1.7142857142857142 1.8571428571428572 1.1428571428571428 1.3265306122448979 1.5510204081632653 1.7551020408163265 1.7959183673469388 1.0204081632653061 1.7959183673469388 1.2040816326530612 1.2040816326530612 1.6326530612244898 1.3877551020408163 1.7551020408163265 1.0 1.2244897959183674 1.816326530612245 1.9591836734693877 1.6122448979591837 1.0816326530612246 0.8367346938775511 1.2653061224489797 0.8979591836734694 1.7551020408163265 0.8367346938775511 1.0 1.4285714285714286 1.0 0.9591836734693877 1.2040816326530612 1.6122448979591837 0.8163265306122449  
82 121.14736000615318 1.2040816326530612 2.0 1.0408163265306123 0.8163265306122449 1.2448979591836735 1.0408163265306123 1.9183673469387754 1.4285714285714286 0.9591836734693877 1.5714285714285714 1.5918367346938775 0.9387755102040817 1.816326530612245 1.7142857142857142 1.510204081632653 1.2857142857142858 1.4489795918367347 1.3673469387755102 1.7142857142857142 1.8571428571428572 1.1428571428571428 1.3265306122448979 1.5510204081632653 1.7551020408163265 1.7959183673469388 1.0204081632653061 1.7959183673469388 1.2040816326530612 1.2040816326530612 1.6326530612244898 1.3877551020408163 1.7551020408163265 1.0 1.2244897959183674 1.816326530612245 1.9591836734693877 1.6122448979591837 1.0816326530612246 0.8367346938775511 1.2653061224489797 0.8979591836734694 1.7551020408163265 0.8367346938775511 1.0 1.4285714285714286 1.0 0.9591836734693877 1.2040816326530612 1.6122448979591837 0.8163265306122449  
92 316.36653433495815 1.8061224489795917 3.0 1.5612244897959184 1.2244897959183674 1.8673469387755102 1.5612244897959184 2.877551020408163 2.142857142857143 1.4387755102040816 2.357142857142857 2.3877551020408165 1.4081632653061225 2.7244897959183674 2.5714285714285716 2.2653061224489797 1.9285714285714286 2.173469387755102 2.0510204081632653 2.5714285714285716 2.7857142857142856 1.7142857142857142 1.989795918367347 2.326530612244898 2.63265306122449 2.693877551020408 1.530612244897959 2.693877551020408 1.8061224489795917 1.8061224489795917 2.4489795918367347 2.0816326530612246 2.63265306122449 1.5 1.836734693877551 2.7244897959183674 2.938775510204082 2.4183673469387754 1.6224489795918366 1.2551020408163265 1.8979591836734695 1.346938775510204 2.63265306122449 1.2551020408163265 1.5 2.142857142857143 1.5 1.4387755102040816 1.8061224489795917 2.4183673469387754 1.2244897959183674  
23 136.66817374658285 1.8061224489795917 3.0 1.5612244897959184 1.2244897959183674 1.8673469387755102 1.5612244897959184 2.877551020408163 2.142857142857143 1.4387755102040816 2.357142857142857 2.3877551020408165 1.4081632653061225 2.7244897959183674 2.5714285714285716 2.2653061224489797 1.9285714285714286 2.173469387755102 2.0510204081632653 2.5714285714285716 2.7857142857142856 1.7142857142857142 1.989795918367347 2.326530612244898 2.63265306122449 2.693877551020408 1.530612244897959 2.693877551020408 1.8061224489795917 1.8061224489795917 2.4489795918367347 2.0816326530612246 2.63265306122449 1.5 1.836734693877551 2.7244897959183674 2.938775510204082 2.4183673469387754 1.6224489795918366 1.2551020408163265 1.8979591836734695 1.346938775510204 2.63265306122449 1.2551020408163265 1.5 2.142857142857143 1.5 1.4387755102040816 1.8061224489795917 2.4183673469387754 1.2244897959183674  
1 1073.0 1.8061224489795917 3.0 1.5612244897959184 1.2244897959183674 1.8673469387755102 1.5612244897959184 2.877551020408163 2.142857142857143 1.4387755102040816 2.357142857142857 2.3877551020408165 1.4081632653061225 2.7244897959183674 2.5714285714285716 2.2653061224489797 1.9285714285714286 2.173469387755102 2.0510204081632653 2.5714285714285716 2.7857142857142856 1.7142857142857142 1.989795918367347 2.326530612244898 2.63265306122449 2.693877551020408 1.530612244897959 2.693877551020408 1.8061224489795917 1.8061224489795917 2.4489795918367347 2.0816326530612246 2.63265306122449 1.5 1.836734693877551 2.7244897959183674 2.938775510204082 2.4183673469387754 1.6224489795918366 1.2551020408163265 1.8979591836734695 1.346938775510204 2.63265306122449 1.2551020408163265 1.5 2.142857142857143 1.5 1.4387755102040816 1.8061224489795917 2.4183673469387754 1.2244897959183674  
43 358.5619181425525 1.2040816326530612 2.0 1.0408163265306123 0.8163265306122449 1.2448979591836735 1.0408163265306123 1.9183673469387754 1.4285714285714286 0.9591836734693877 1.5714285714285714 1.5918367346938775 0.9387755102040817 1.816326530612245 1.7142857142857142 1.510204081632653 1.2857142857142858 1.4489795918367347 1.3673469387755102 1.7142857142857142 1.8571428571428572 1.1428571428571428 1.3265306122448979 1.5510204081632653 1.7551020408163265 1.7959183673469388 1.0204081632653061 1.7959183673469388 1.2040816326530612 1.2040816326530612 1.6326530612244898 1.3877551020408163 1.7551020408163265 1.0 1.2244897959183674 1.816326530612245 1.9591836734693877 1.6122448979591837 1.0816326530612246 0.8367346938775511 1.2653061224489797 0.8979591836734694 1.7551020408163265 0.8367346938775511 1.0 1.4285714285714286 1.0 0.9591836734693877 1.2040816326530612 1.6122448979591837 0.8163265306122449  
48 256.6329805686432 1.8061224489795917 3.0 1.5612244897959184 1.2244897959183674 1.8673469387755102 1.5612244897959184 2.877551020408163 2.142857142857143 1.4387755102040816 2.357142857142857 2.3877551020408165 1.4081632653061225 2.7244897959183674 2.5714285714285716 2.2653061224489797 1.9285714285714286 2.173469387755102 2.0510204081632653 2.5714285714285716 2.7857142857142856 1.7142857142857142 1.989795918367347 2.326530612244898 2.63265306122449 2.693877551020408 1.530612244897959 2.693877551020408 1.8061224489795917 1.8061224489795917 2.4489795918367347 2.0816326530612246 2.63265306122449 1.5 1.836734693877551 2.7244897959183674 2.938775510204082 2.4183673469387754 1.6224489795918366 1.2551020408163265 1.8979591836734695 1.346938775510204 2.63265306122449 1.2551020408163265 1.5 2.142857142857143 1.5 1.4387755102040816 1.8061224489795917 2.4183673469387754 1.2244897959183674  
98 46.38987829562695 1.2040816326530612 2.0 1.0408163265306123 0.8163265306122449 1.2448979591836735 1.0408163265306123 1.9183673469387754 1.4285714285714286 0.9591836734693877 1.5714285714285714 1.5918367346938775 0.9387755102040817 1.816326530612245 1.7142857142857142 1.510204081632653 1.2857142857142858 1.4489795918367347 1.3673469387755102 1.7142857142857142 1.8571428571428572 1.1428571428571428 1.3265306122448979 1.5510204081632653 1.7551020408163265 1.7959183673469388 1.0204081632653061 1.7959183673469388 1.2040816326530612 1.2040816326530612 1.6326530612244898 1.3877551020408163 1.7551020408163265 1.0 1.2244897959183674 1.816326530612245 1.9591836734693877 1.6122448979591837 1.0816326530612246 0.8367346938775511 1.2653061224489797 0.8979591836734694 1.7551020408163265 0.8367346938775511 1.0 1.4285714285714286 1.0 0.9591836734693877 1.2040816326530612 1.6122448979591837 0.8163265306122449  
16 131.16234185987955 1.2040816326530612 2.0 1.0408163265306123 0.8163265306122449 1.2448979591836735 1.0408163265306123 1.9183673469387754 1.4285714285714286 0.9591836734693877 1.5714285714285714 1.5918367346938775 0.9387755102040817 1.816326530612245 1.7142857142857142 1.510204081632653 1.2857142857142858 1.4489795918367347 1.3673469387755102 1.7142857142857142 1.8571428571428572 1.1428571428571428 1.3265306122448979 1.5510204081632653 1.7551020408163265 1.7959183673469388 1.0204081632653061 1.7959183673469388 1.2040816326530612 1.2040816326530612 1.6326530612244898 1.3877551020408163 1.7551020408163265 1.0 1.2244897959183674 1.816326530612245 1.9591836734693877 1.6122448979591837 1.0816326530612246 0.8367346938775511 1.2653061224489797 0.8979591836734694 1.7551020408163265 0.8367346938775511 1.0 1.4285714285714286 1.0 0.9591836734693877 1.2040816326530612 1.6122448979591837 0.8163265306122449  
18 444.4831936104736 1.8061224489795917 3.0 1.5612244897959184 1.2244897959183674 1.8673469387755102 1.5612244897959184 2.877551020408163 2.142857142857143 1.4387755102040816 2.357142857142857 2.3877551020408165 1.4081632653061225 2.7244897959183674 2.5714285714285716 2.2653061224489797 1.9285714285714286 2.173469387755102 2.0510204081632653 2.5714285714285716 2.7857142857142856 1.7142857142857142 1.989795918367347 2.326530612244898 2.63265306122449 2.693877551020408 1.530612244897959 2.693877551020408 1.8061224489795917 1.8061224489795917 2.4489795918367347 2.0816326530612246 2.63265306122449 1.5 1.836734693877551 2.7244897959183674 2.938775510204082 2.4183673469387754 1.6224489795918366 1.2551020408163265 1.8979591836734695 1.346938775510204 2.63265306122449 1.2551020408163265 1.5 2.142857142857143 1.5 1.4387755102040816 1.8061224489795917 2.4183673469387754 1.2244897959183674  
3 172.07812462237325 1.8061224489795917 3.0 1.5612244897959184 1.2244897959183674 1.8673469387755102 1.5612244897959184 2.877551020408163 2.142857142857143 1.4387755102040816 2.357142857142857 2.3877551020408165 1.4081632653061225 2.7244897959183674 2.5714285714285716 2.2653061224489797 1.9285714285714286 2.173469387755102 2.0510204081632653 2.5714285714285716 2.7857142857142856 1.7142857142857142 1.989795918367347 2.326530612244898 2.63265306122449 2.693877551020408 1.530612244897959 2.693877551020408 1.8061224489795917 1.8061224489795917 2.4489795918367347 2.0816326530612246 2.63265306122449 1.5 1.836734693877551 2.7244897959183674 2.938775510204082 2.4183673469387754 1.6224489795918366 1.2551020408163265 1.8979591836734695 1.346938775510204 2.63265306122449 1.2551020408163265 1.5 2.142857142857143 1.5 1.4387755102040816 1.8061224489795917 2.4183673469387754 1.2244897959183674  
89 186.05070354801705 1.8061224489795917 3.0 1.5612244897959184 1.2244897959183674 1.8673469387755102 1.5612244897959184 2.877551020408163 2.142857142857143 1.4387755102040816 2.357142857142857 2.3877551020408165 1.4081632653061225 2.7244897959183674 2.5714285714285716 2.2653061224489797 1.9285714285714286 2.173469387755102 2.0510204081632653 2.5714285714285716 2.7857142857142856 1.7142857142857142 1.989795918367347 2.326530612244898 2.63265306122449 2.693877551020408 1.530612244897959 2.693877551020408 1.8061224489795917 1.8061224489795917 2.4489795918367347 2.0816326530612246 2.63265306122449 1.5 1.836734693877551 2.7244897959183674 2.938775510204082 2.4183673469387754 1.6224489795918366 1.2551020408163265 1.8979591836734695 1.346938775510204 2.63265306122449 1.2551020408163265 1.5 2.142857142857143 1.5 1.4387755102040816 1.8061224489795917 2.4183673469387754 1.2244897959183674  
10 604.0415127034757 1.8061224489795917 3.0 1.5612244897959184 1.2244897959183674 1.8673469387755102 1.5612244897959184 2.877551020408163 2.142857142857143 1.4387755102040816 2.357142857142857 2.3877551020408165 1.4081632653061225 2.7244897959183674 2.5714285714285716 2.2653061224489797 1.9285714285714286 2.173469387755102 2.0510204081632653 2.5714285714285716 2.7857142857142856 1.7142857142857142 1.989795918367347 2.326530612244898 2.63265306122449 2.693877551020408 1.530612244897959 2.693877551020408 1.8061224489795917 1.8061224489795917 2.4489795918367347 2.0816326530612246 2.63265306122449 1.5 1.836734693877551 2.7244897959183674 2.938775510204082 2.4183673469387754 1.6224489795918366 1.2551020408163265 1.8979591836734695 1.346938775510204 2.63265306122449 1.2551020408163265 1.5 2.142857142857143 1.5 1.4387755102040816 1.8061224489795917 2.4183673469387754 1.2244897959183674  
35 237.56310566620044 1.8061224489795917 3.0 1.5612244897959184 1.2244897959183674 1.8673469387755102 1.5612244897959184 2.877551020408163 2.142857142857143 1.4387755102040816 2.357142857142857 2.3877551020408165 1.4081632653061225 2.7244897959183674 2.5714285714285716 2.2653061224489797 1.9285714285714286 2.173469387755102 2.0510204081632653 2.5714285714285716 2.7857142857142856 1.7142857142857142 1.989795918367347 2.326530612244898 2.63265306122449 2.693877551020408 1.530612244897959 2.693877551020408 1.8061224489795917 1.8061224489795917 2.4489795918367347 2.0816326530612246 2.63265306122449 1.5 1.836734693877551 2.7244897959183674 2.938775510204082 2.4183673469387754 1.6224489795918366 1.2551020408163265 1.8979591836734695 1.346938775510204 2.63265306122449 1.2551020408163265 1.5 2.142857142857143 1.5 1.4387755102040816 1.8061224489795917 2.4183673469387754 1.2244897959183674  
94 58.43496983608788 1.8061224489795917 3.0 1.5612244897959184 1.2244897959183674 1.8673469387755102 1.5612244897959184 2.877551020408163 2.142857142857143 1.4387755102040816 2.357142857142857 2.3877551020408165 1.4081632653061225 2.7244897959183674 2.5714285714285716 2.2653061224489797 1.9285714285714286 2.173469387755102 2.0510204081632653 2.5714285714285716 2.7857142857142856 1.7142857142857142 1.989795918367347 2.326530612244898 2.63265306122449 2.693877551020408 1.530612244897959 2.693877551020408 1.8061224489795917 1.8061224489795917 2.4489795918367347 2.0816326530612246 2.63265306122449 1.5 1.836734693877551 2.7244897959183674 2.938775510204082 2.4183673469387754 1.6224489795918366 1.2551020408163265 1.8979591836734695 1.346938775510204 2.63265306122449 1.2551020408163265 1.5 2.142857142857143 1.5 1.4387755102040816 1.8061224489795917 2.4183673469387754 1.2244897959183674  
99 14.497644937302612 1.2040816326530612 2.0 1.0408163265306123 0.8163265306122449 1.2448979591836735 1.0408163265306123 1.9183673469387754 1.4285714285714286 0.9591836734693877 1.5714285714285714 1.5918367346938775 0.9387755102040817 1.816326530612245 1.7142857142857142 1.510204081632653 1.2857142857142858 1.4489795918367347 1.3673469387755102 1.7142857142857142 1.8571428571428572 1.1428571428571428 1.3265306122448979 1.5510204081632653 1.7551020408163265 1.7959183673469388 1.0204081632653061 1.7959183673469388 1.2040816326530612 1.2040816326530612 1.6326530612244898 1.3877551020408163 1.7551020408163265 1.0 1.2244897959183674 1.816326530612245 1.9591836734693877 1.6122448979591837 1.0816326530612246 0.8367346938775511 1.2653061224489797 0.8979591836734694 1.7551020408163265 0.8367346938775511 1.0 1.4285714285714286 1.0 0.9591836734693877 1.2040816326530612 1.6122448979591837 0.8163265306122449  
51 508.8561365796054 1.2040816326530612 2.0 1.0408163265306123 0.8163265306122449 1.2448979591836735 1.0408163265306123 1.9183673469387754 1.4285714285714286 0.9591836734693877 1.5714285714285714 1.5918367346938775 0.9387755102040817 1.816326530612245 1.7142857142857142 1.510204081632653 1.2857142857142858 1.4489795918367347 1.3673469387755102 1.7142857142857142 1.8571428571428572 1.1428571428571428 1.3265306122448979 1.5510204081632653 1.7551020408163265 1.7959183673469388 1.0204081632653061 1.7959183673469388 1.2040816326530612 1.2040816326530612 1.6326530612244898 1.3877551020408163 1.7551020408163265 1.0 1.2244897959183674 1.816326530612245 1.9591836734693877 1.6122448979591837 1.0816326530612246 0.8367346938775511 1.2653061224489797 0.8979591836734694 1.7551020408163265 0.8367346938775511 1.0 1.4285714285714286 1.0 0.9591836734693877 1.2040816326530612 1.6122448979591837 0.8163265306122449  
12 246.8548722612017 1.2040816326530612 2.0 1.0408163265306123 0.8163265306122449 1.2448979591836735 1.0408163265306123 1.9183673469387754 1.4285714285714286 0.9591836734693877 1.5714285714285714 1.5918367346938775 0.9387755102040817 1.816326530612245 1.7142857142857142 1.510204081632653 1.2857142857142858 1.4489795918367347 1.3673469387755102 1.7142857142857142 1.8571428571428572 1.1428571428571428 1.3265306122448979 1.5510204081632653 1.7551020408163265 1.7959183673469388 1.0204081632653061 1.7959183673469388 1.2040816326530612 1.2040816326530612 1.6326530612244898 1.3877551020408163 1.7551020408163265 1.0 1.2244897959183674 1.816326530612245 1.9591836734693877 1.6122448979591837 1.0816326530612246 0.8367346938775511 1.2653061224489797 0.8979591836734694 1.7551020408163265 0.8367346938775511 1.0 1.4285714285714286 1.0 0.9591836734693877 1.2040816326530612 1.6122448979591837 0.8163265306122449  
33 173.44603314462748 1.8061224489795917 3.0 1.5612244897959184 1.2244897959183674 1.8673469387755102 1.5612244897959184 2.877551020408163 2.142857142857143 1.4387755102040816 2.357142857142857 2.3877551020408165 1.4081632653061225 2.7244897959183674 2.5714285714285716 2.2653061224489797 1.9285714285714286 2.173469387755102 2.0510204081632653 2.5714285714285716 2.7857142857142856 1.7142857142857142 1.989795918367347 2.326530612244898 2.63265306122449 2.693877551020408 1.530612244897959 2.693877551020408 1.8061224489795917 1.8061224489795917 2.4489795918367347 2.0816326530612246 2.63265306122449 1.5 1.836734693877551 2.7244897959183674 2.938775510204082 2.4183673469387754 1.6224489795918366 1.2551020408163265 1.8979591836734695 1.346938775510204 2.63265306122449 1.2551020408163265 1.5 2.142857142857143 1.5 1.4387755102040816 1.8061224489795917 2.4183673469387754 1.2244897959183674  
8 127.09571158529023 1.2040816326530612 2.0 1.0408163265306123 0.8163265306122449 1.2448979591836735 1.0408163265306123 1.9183673469387754 1.4285714285714286 0.9591836734693877 1.5714285714285714 1.5918367346938775 0.9387755102040817 1.816326530612245 1.7142857142857142 1.510204081632653 1.2857142857142858 1.4489795918367347 1.3673469387755102 1.7142857142857142 1.8571428571428572 1.1428571428571428 1.3265306122448979 1.5510204081632653 1.7551020408163265 1.7959183673469388 1.0204081632653061 1.7959183673469388 1.2040816326530612 1.2040816326530612 1.6326530612244898 1.3877551020408163 1.7551020408163265 1.0 1.2244897959183674 1.816326530612245 1.9591836734693877 1.6122448979591837 1.0816326530612246 0.8367346938775511 1.2653061224489797 0.8979591836734694 1.7551020408163265 0.8367346938775511 1.0 1.4285714285714286 1.0 0.9591836734693877 1.2040816326530612 1.6122448979591837 0.8163265306122449  
95 3.8349371723186856 1.2040816326530612 2.0 1.0408163265306123 0.8163265306122449 1.2448979591836735 1.0408163265306123 1.9183673469387754 1.4285714285714286 0.9591836734693877 1.5714285714285714 1.5918367346938775 0.9387755102040817 1.816326530612245 1.7142857142857142 1.510204081632653 1.2857142857142858 1.4489795918367347 1.3673469387755102 1.7142857142857142 1.8571428571428572 1.1428571428571428 1.3265306122448979 1.5510204081632653 1.7551020408163265 1.7959183673469388 1.0204081632653061 1.7959183673469388 1.2040816326530612 1.2040816326530612 1.6326530612244898 1.3877551020408163 1.7551020408163265 1.0 1.2244897959183674 1.816326530612245 1.9591836734693877 1.6122448979591837 1.0816326530612246 0.8367346938775511 1.2653061224489797 0.8979591836734694 1.7551020408163265 0.8367346938775511 1.0 1.4285714285714286 1.0 0.9591836734693877 1.2040816326530612 1.6122448979591837 0.8163265306122449  
38 330.1330691529619 1.2040816326530612 2.0 1.0408163265306123 0.8163265306122449 1.2448979591836735 1.0408163265306123 1.9183673469387754 1.4285714285714286 0.9591836734693877 1.5714285714285714 1.5918367346938775 0.9387755102040817 1.816326530612245 1.7142857142857142 1.510204081632653 1.2857142857142858 1.4489795918367347 1.3673469387755102 1.7142857142857142 1.8571428571428572 1.1428571428571428 1.3265306122448979 1.5510204081632653 1.7551020408163265 1.7959183673469388 1.0204081632653061 1.7959183673469388 1.2040816326530612 1.2040816326530612 1.6326530612244898 1.3877551020408163 1.7551020408163265 1.0 1.2244897959183674 1.816326530612245 1.9591836734693877 1.6122448979591837 1.0816326530612246 0.8367346938775511 1.2653061224489797 0.8979591836734694 1.7551020408163265 0.8367346938775511 1.0 1.4285714285714286 1.0 0.9591836734693877 1.2040816326530612 1.6122448979591837 0.8163265306122449  
40 348.7778715592878 1.8061224489795917 3.0 1.5612244897959184 1.2244897959183674 1.8673469387755102 1.5612244897959184 2.877551020408163 2.142857142857143 1.4387755102040816 2.357142857142857 2.3877551020408165 1.4081632653061225 2.7244897959183674 2.5714285714285716 2.2653061224489797 1.9285714285714286 2.173469387755102 2.0510204081632653 2.5714285714285716 2.7857142857142856 1.7142857142857142 1.989795918367347 2.326530612244898 2.63265306122449 2.693877551020408 1.530612244897959 2.693877551020408 1.8061224489795917 1.8061224489795917 2.4489795918367347 2.0816326530612246 2.63265306122449 1.5 1.836734693877551 2.7244897959183674 2.938775510204082 2.4183673469387754 1.6224489795918366 1.2551020408163265 1.8979591836734695 1.346938775510204 2.63265306122449 1.2551020408163265 1.5 2.142857142857143 1.5 1.4387755102040816 1.8061224489795917 2.4183673469387754 1.2244897959183674  
87 81.93870508567372 1.8061224489795917 3.0 1.5612244897959184 1.2244897959183674 1.8673469387755102 1.5612244897959184 2.877551020408163 2.142857142857143 1.4387755102040816 2.357142857142857 2.3877551020408165 1.4081632653061225 2.7244897959183674 2.5714285714285716 2.2653061224489797 1.9285714285714286 2.173469387755102 2.0510204081632653 2.5714285714285716 2.7857142857142856 1.7142857142857142 1.989795918367347 2.326530612244898 2.63265306122449 2.693877551020408 1.530612244897959 2.693877551020408 1.8061224489795917 1.8061224489795917 2.4489795918367347 2.0816326530612246 2.63265306122449 1.5 1.836734693877551 2.7244897959183674 2.938775510204082 2.4183673469387754 1.6224489795918366 1.2551020408163265 1.8979591836734695 1.346938775510204 2.63265306122449 1.2551020408163265 1.5 2.142857142857143 1.5 1.4387755102040816 1.8061224489795917 2.4183673469387754 1.2244897959183674  
45 105.06891195630111 1.8061224489795917 3.0 1.5612244897959184 1.2244897959183674 1.8673469387755102 1.5612244897959184 2.877551020408163 2.142857142857143 1.4387755102040816 2.357142857142857 2.3877551020408165 1.4081632653061225 2.7244897959183674 2.5714285714285716 2.2653061224489797 1.9285714285714286 2.173469387755102 2.0510204081632653 2.5714285714285716 2.7857142857142856 1.7142857142857142 1.989795918367347 2.326530612244898 2.63265306122449 2.693877551020408 1.530612244897959 2.693877551020408 1.8061224489795917 1.8061224489795917 2.4489795918367347 2.0816326530612246 2.63265306122449 1.5 1.836734693877551 2.7244897959183674 2.938775510204082 2.4183673469387754 1.6224489795918366 1.2551020408163265 1.8979591836734695 1.346938775510204 2.63265306122449 1.2551020408163265 1.5 2.142857142857143 1.5 1.4387755102040816 1.8061224489795917 2.4183673469387754 1.2244897959183674  
29 289.8008186962647 1.2040816326530612 2.0 1.0408163265306123 0.8163265306122449 1.2448979591836735 1.0408163265306123 1.9183673469387754 1.4285714285714286 0.9591836734693877 1.5714285714285714 1.5918367346938775 0.9387755102040817 1.816326530612245 1.7142857142857142 1.510204081632653 1.2857142857142858 1.4489795918367347 1.3673469387755102 1.7142857142857142 1.8571428571428572 1.1428571428571428 1.3265306122448979 1.5510204081632653 1.7551020408163265 1.7959183673469388 1.0204081632653061 1.7959183673469388 1.2040816326530612 1.2040816326530612 1.6326530612244898 1.3877551020408163 1.7551020408163265 1.0 1.2244897959183674 1.816326530612245 1.9591836734693877 1.6122448979591837 1.0816326530612246 0.8367346938775511 1.2653061224489797 0.8979591836734694 1.7551020408163265 0.8367346938775511 1.0 1.4285714285714286 1.0 0.9591836734693877 1.2040816326530612 1.6122448979591837 0.8163265306122449  
27 221.11726613119615 1.2040816326530612 2.0 1.0408163265306123 0.8163265306122449 1.2448979591836735 1.0408163265306123 1.9183673469387754 1.4285714285714286 0.9591836734693877 1.5714285714285714 1.5918367346938775 0.9387755102040817 1.816326530612245 1.7142857142857142 1.510204081632653 1.2857142857142858 1.4489795918367347 1.3673469387755102 1.7142857142857142 1.8571428571428572 1.1428571428571428 1.3265306122448979 1.5510204081632653 1.7551020408163265 1.7959183673469388 1.0204081632653061 1.7959183673469388 1.2040816326530612 1.2040816326530612 1.6326530612244898 1.3877551020408163 1.7551020408163265 1.0 1.2244897959183674 1.816326530612245 1.9591836734693877 1.6122448979591837 1.0816326530612246 0.8367346938775511 1.2653061224489797 0.8979591836734694 1.7551020408163265 0.8367346938775511 1.0 1.4285714285714286 1.0 0.9591836734693877 1.2040816326530612 1.6122448979591837 0.8163265306122449  
65 124.35062827556291 1.2040816326530612 2.0 1.0408163265306123 0.8163265306122449 1.2448979591836735 1.0408163265306123 1.9183673469387754 1.4285714285714286 0.9591836734693877 1.5714285714285714 1.5918367346938775 0.9387755102040817 1.816326530612245 1.7142857142857142 1.510204081632653 1.2857142857142858 1.4489795918367347 1.3673469387755102 1.7142857142857142 1.8571428571428572 1.1428571428571428 1.3265306122448979 1.5510204081632653 1.7551020408163265 1.7959183673469388 1.0204081632653061 1.7959183673469388 1.2040816326530612 1.2040816326530612 1.6326530612244898 1.3877551020408163 1.7551020408163265 1.0 1.2244897959183674 1.816326530612245 1.9591836734693877 1.6122448979591837 1.0816326530612246 0.8367346938775511 1.2653061224489797 0.8979591836734694 1.7551020408163265 0.8367346938775511 1.0 1.4285714285714286 1.0 0.9591836734693877 1.2040816326530612 1.6122448979591837 0.8163265306122449  
73 33.68926530347269 1.8061224489795917 3.0 1.5612244897959184 1.2244897959183674 1.8673469387755102 1.5612244897959184 2.877551020408163 2.142857142857143 1.4387755102040816 2.357142857142857 2.3877551020408165 1.4081632653061225 2.7244897959183674 2.5714285714285716 2.2653061224489797 1.9285714285714286 2.173469387755102 2.0510204081632653 2.5714285714285716 2.7857142857142856 1.7142857142857142 1.989795918367347 2.326530612244898 2.63265306122449 2.693877551020408 1.530612244897959 2.693877551020408 1.8061224489795917 1.8061224489795917 2.4489795918367347 2.0816326530612246 2.63265306122449 1.5 1.836734693877551 2.7244897959183674 2.938775510204082 2.4183673469387754 1.6224489795918366 1.2551020408163265 1.8979591836734695 1.346938775510204 2.63265306122449 1.2551020408163265 1.5 2.142857142857143 1.5 1.4387755102040816 1.8061224489795917 2.4183673469387754 1.2244897959183674  
42 174.07224637383047 1.2040816326530612 2.0 1.0408163265306123 0.8163265306122449 1.2448979591836735 1.0408163265306123 1.9183673469387754 1.4285714285714286 0.9591836734693877 1.5714285714285714 1.5918367346938775 0.9387755102040817 1.816326530612245 1.7142857142857142 1.510204081632653 1.2857142857142858 1.4489795918367347 1.3673469387755102 1.7142857142857142 1.8571428571428572 1.1428571428571428 1.3265306122448979 1.5510204081632653 1.7551020408163265 1.7959183673469388 1.0204081632653061 1.7959183673469388 1.2040816326530612 1.2040816326530612 1.6326530612244898 1.3877551020408163 1.7551020408163265 1.0 1.2244897959183674 1.816326530612245 1.9591836734693877 1.6122448979591837 1.0816326530612246 0.8367346938775511 1.2653061224489797 0.8979591836734694 1.7551020408163265 0.8367346938775511 1.0 1.4285714285714286 1.0 0.9591836734693877 1.2040816326530612 1.6122448979591837 0.8163265306122449  
76 292.98375041409946 1.2040816326530612 2.0 1.0408163265306123 0.8163265306122449 1.2448979591836735 1.0408163265306123 1.9183673469387754 1.4285714285714286 0.9591836734693877 1.5714285714285714 1.5918367346938775 0.9387755102040817 1.816326530612245 1.7142857142857142 1.510204081632653 1.2857142857142858 1.4489795918367347 1.3673469387755102 1.7142857142857142 1.8571428571428572 1.1428571428571428 1.3265306122448979 1.5510204081632653 1.7551020408163265 1.7959183673469388 1.0204081632653061 1.7959183673469388 1.2040816326530612 1.2040816326530612 1.6326530612244898 1.3877551020408163 1.7551020408163265 1.0 1.2244897959183674 1.816326530612245 1.9591836734693877 1.6122448979591837 1.0816326530612246 0.8367346938775511 1.2653061224489797 0.8979591836734694 1.7551020408163265 0.8367346938775511 1.0 1.4285714285714286 1.0 0.9591836734693877 1.2040816326530612 1.6122448979591837 0.8163265306122449  
69 234.23555109164283 1.8061224489795917 3.0 1.5612244897959184 1.2244897959183674 1.8673469387755102 1.5612244897959184 2.877551020408163 2.142857142857143 1.4387755102040816 2.357142857142857 2.3877551020408165 1.4081632653061225 2.7244897959183674 2.5714285714285716 2.2653061224489797 1.9285714285714286 2.173469387755102 2.0510204081632653 2.5714285714285716 2.7857142857142856 1.7142857142857142 1.989795918367347 2.326530612244898 2.63265306122449 2.693877551020408 1.530612244897959 2.693877551020408 1.8061224489795917 1.8061224489795917 2.4489795918367347 2.0816326530612246 2.63265306122449 1.5 1.836734693877551 2.7244897959183674 2.938775510204082 2.4183673469387754 1.6224489795918366 1.2551020408163265 1.8979591836734695 1.346938775510204 2.63265306122449 1.2551020408163265 1.5 2.142857142857143 1.5 1.4387755102040816 1.8061224489795917 2.4183673469387754 1.2244897959183674  
59 162.38026118881535 1.8061224489795917 3.0 1.5612244897959184 1.2244897959183674 1.8673469387755102 1.5612244897959184 2.877551020408163 2.142857142857143 1.4387755102040816 2.357142857142857 2.3877551020408165 1.4081632653061225 2.7244897959183674 2.5714285714285716 2.2653061224489797 1.9285714285714286 2.173469387755102 2.0510204081632653 2.5714285714285716 2.7857142857142856 1.7142857142857142 1.989795918367347 2.326530612244898 2.63265306122449 2.693877551020408 1.530612244897959 2.693877551020408 1.8061224489795917 1.8061224489795917 2.4489795918367347 2.0816326530612246 2.63265306122449 1.5 1.836734693877551 2.7244897959183674 2.938775510204082 2.4183673469387754 1.6224489795918366 1.2551020408163265 1.8979591836734695 1.346938775510204 2.63265306122449 1.2551020408163265 1.5 2.142857142857143 1.5 1.4387755102040816 1.8061224489795917 2.4183673469387754 1.2244897959183674  
25 347.7419482695166 1.8061224489795917 3.0 1.5612244897959184 1.2244897959183674 1.8673469387755102 1.5612244897959184 2.877551020408163 2.142857142857143 1.4387755102040816 2.357142857142857 2.3877551020408165 1.4081632653061225 2.7244897959183674 2.5714285714285716 2.2653061224489797 1.9285714285714286 2.173469387755102 2.0510204081632653 2.5714285714285716 2.7857142857142856 1.7142857142857142 1.989795918367347 2.326530612244898 2.63265306122449 2.693877551020408 1.530612244897959 2.693877551020408 1.8061224489795917 1.8061224489795917 2.4489795918367347 2.0816326530612246 2.63265306122449 1.5 1.836734693877551 2.7244897959183674 2.938775510204082 2.4183673469387754 1.6224489795918366 1.2551020408163265 1.8979591836734695 1.346938775510204 2.63265306122449 1.2551020408163265 1.5 2.142857142857143 1.5 1.4387755102040816 1.8061224489795917 2.4183673469387754 1.2244897959183674  
34 254.31708174842285 1.8061224489795917 3.0 1.5612244897959184 1.2244897959183674 1.8673469387755102 1.5612244897959184 2.877551020408163 2.142857142857143 1.4387755102040816 2.357142857142857 2.3877551020408165 1.4081632653061225 2.7244897959183674 2.5714285714285716 2.2653061224489797 1.9285714285714286 2.173469387755102 2.0510204081632653 2.5714285714285716 2.7857142857142856 1.7142857142857142 1.989795918367347 2.326530612244898 2.63265306122449 2.693877551020408 1.530612244897959 2.693877551020408 1.8061224489795917 1.8061224489795917 2.4489795918367347 2.0816326530612246 2.63265306122449 1.5 1.836734693877551 2.7244897959183674 2.938775510204082 2.4183673469387754 1.6224489795918366 1.2551020408163265 1.8979591836734695 1.346938775510204 2.63265306122449 1.2551020408163265 1.5 2.142857142857143 1.5 1.4387755102040816 1.8061224489795917 2.4183673469387754 1.2244897959183674  
9 328.1471302557657 1.2040816326530612 2.0 1.0408163265306123 0.8163265306122449 1.2448979591836735 1.0408163265306123 1.9183673469387754 1.4285714285714286 0.9591836734693877 1.5714285714285714 1.5918367346938775 0.9387755102040817 1.816326530612245 1.7142857142857142 1.510204081632653 1.2857142857142858 1.4489795918367347 1.3673469387755102 1.7142857142857142 1.8571428571428572 1.1428571428571428 1.3265306122448979 1.5510204081632653 1.7551020408163265 1.7959183673469388 1.0204081632653061 1.7959183673469388 1.2040816326530612 1.2040816326530612 1.6326530612244898 1.3877551020408163 1.7551020408163265 1.0 1.2244897959183674 1.816326530612245 1.9591836734693877 1.6122448979591837 1.0816326530612246 0.8367346938775511 1.2653061224489797 0.8979591836734694 1.7551020408163265 0.8367346938775511 1.0 1.4285714285714286 1.0 0.9591836734693877 1.2040816326530612 1.6122448979591837 0.8163265306122449  
84 144.1886375558645 1.8061224489795917 3.0 1.5612244897959184 1.2244897959183674 1.8673469387755102 1.5612244897959184 2.877551020408163 2.142857142857143 1.4387755102040816 2.357142857142857 2.3877551020408165 1.4081632653061225 2.7244897959183674 2.5714285714285716 2.2653061224489797 1.9285714285714286 2.173469387755102 2.0510204081632653 2.5714285714285716 2.7857142857142856 1.7142857142857142 1.989795918367347 2.326530612244898 2.63265306122449 2.693877551020408 1.530612244897959 2.693877551020408 1.8061224489795917 1.8061224489795917 2.4489795918367347 2.0816326530612246 2.63265306122449 1.5 1.836734693877551 2.7244897959183674 2.938775510204082 2.4183673469387754 1.6224489795918366 1.2551020408163265 1.8979591836734695 1.346938775510204 2.63265306122449 1.2551020408163265 1.5 2.142857142857143 1.5 1.4387755102040816 1.8061224489795917 2.4183673469387754 1.2244897959183674  
37 299.6117815408823 1.8061224489795917 3.0 1.5612244897959184 1.2244897959183674 1.8673469387755102 1.5612244897959184 2.877551020408163 2.142857142857143 1.4387755102040816 2.357142857142857 2.3877551020408165 1.4081632653061225 2.7244897959183674 2.5714285714285716 2.2653061224489797 1.9285714285714286 2.173469387755102 2.0510204081632653 2.5714285714285716 2.7857142857142856 1.7142857142857142 1.989795918367347 2.326530612244898 2.63265306122449 2.693877551020408 1.530612244897959 2.693877551020408 1.8061224489795917 1.8061224489795917 2.4489795918367347 2.0816326530612246 2.63265306122449 1.5 1.836734693877551 2.7244897959183674 2.938775510204082 2.4183673469387754 1.6224489795918366 1.2551020408163265 1.8979591836734695 1.346938775510204 2.63265306122449 1.2551020408163265 1.5 2.142857142857143 1.5 1.4387755102040816 1.8061224489795917 2.4183673469387754 1.2244897959183674  
79 75.64878498517632 1.2040816326530612 2.0 1.0408163265306123 0.8163265306122449 1.2448979591836735 1.0408163265306123 1.9183673469387754 1.4285714285714286 0.9591836734693877 1.5714285714285714 1.5918367346938775 0.9387755102040817 1.816326530612245 1.7142857142857142 1.510204081632653 1.2857142857142858 1.4489795918367347 1.3673469387755102 1.7142857142857142 1.8571428571428572 1.1428571428571428 1.3265306122448979 1.5510204081632653 1.7551020408163265 1.7959183673469388 1.0204081632653061 1.7959183673469388 1.2040816326530612 1.2040816326530612 1.6326530612244898 1.3877551020408163 1.7551020408163265 1.0 1.2244897959183674 1.816326530612245 1.9591836734693877 1.6122448979591837 1.0816326530612246 0.8367346938775511 1.2653061224489797 0.8979591836734694 1.7551020408163265 0.8367346938775511 1.0 1.4285714285714286 1.0 0.9591836734693877 1.2040816326530612 1.6122448979591837 0.8163265306122449  
93 65.75792348517928 1.8061224489795917 3.0 1.5612244897959184 1.2244897959183674 1.8673469387755102 1.5612244897959184 2.877551020408163 2.142857142857143 1.4387755102040816 2.357142857142857 2.3877551020408165 1.4081632653061225 2.7244897959183674 2.5714285714285716 2.2653061224489797 1.9285714285714286 2.173469387755102 2.0510204081632653 2.5714285714285716 2.7857142857142856 1.7142857142857142 1.989795918367347 2.326530612244898 2.63265306122449 2.693877551020408 1.530612244897959 2.693877551020408 1.8061224489795917 1.8061224489795917 2.4489795918367347 2.0816326530612246 2.63265306122449 1.5 1.836734693877551 2.7244897959183674 2.938775510204082 2.4183673469387754 1.6224489795918366 1.2551020408163265 1.8979591836734695 1.346938775510204 2.63265306122449 1.2551020408163265 1.5 2.142857142857143 1.5 1.4387755102040816 1.8061224489795917 2.4183673469387754 1.2244897959183674  
58 42.80755604458595 1.8061224489795917 3.0 1.5612244897959184 1.2244897959183674 1.8673469387755102 1.5612244897959184 2.877551020408163 2.142857142857143 1.4387755102040816 2.357142857142857 2.3877551020408165 1.4081632653061225 2.7244897959183674 2.5714285714285716 2.2653061224489797 1.9285714285714286 2.173469387755102 2.0510204081632653 2.5714285714285716 2.7857142857142856 1.7142857142857142 1.989795918367347 2.326530612244898 2.63265306122449 2.693877551020408 1.530612244897959 2.693877551020408 1.8061224489795917 1.8061224489795917 2.4489795918367347 2.0816326530612246 2.63265306122449 1.5 1.836734693877551 2.7244897959183674 2.938775510204082 2.4183673469387754 1.6224489795918366 1.2551020408163265 1.8979591836734695 1.346938775510204 2.63265306122449 1.2551020408163265 1.5 2.142857142857143 1.5 1.4387755102040816 1.8061224489795917 2.4183673469387754 1.2244897959183674  
60 346.7774652571463 1.8061224489795917 3.0 1.5612244897959184 1.2244897959183674 1.8673469387755102 1.5612244897959184 2.877551020408163 2.142857142857143 1.4387755102040816 2.357142857142857 2.3877551020408165 1.4081632653061225 2.7244897959183674 2.5714285714285716 2.2653061224489797 1.9285714285714286 2.173469387755102 2.0510204081632653 2.5714285714285716 2.7857142857142856 1.7142857142857142 1.989795918367347 2.326530612244898 2.63265306122449 2.693877551020408 1.530612244897959 2.693877551020408 1.8061224489795917 1.8061224489795917 2.4489795918367347 2.0816326530612246 2.63265306122449 1.5 1.836734693877551 2.7244897959183674 2.938775510204082 2.4183673469387754 1.6224489795918366 1.2551020408163265 1.8979591836734695 1.346938775510204 2.63265306122449 1.2551020408163265 1.5 2.142857142857143 1.5 1.4387755102040816 1.8061224489795917 2.4183673469387754 1.2244897959183674  
15 185.3834590346895 1.2040816326530612 2.0 1.0408163265306123 0.8163265306122449 1.2448979591836735 1.0408163265306123 1.9183673469387754 1.4285714285714286 0.9591836734693877 1.5714285714285714 1.5918367346938775 0.9387755102040817 1.816326530612245 1.7142857142857142 1.510204081632653 1.2857142857142858 1.4489795918367347 1.3673469387755102 1.7142857142857142 1.8571428571428572 1.1428571428571428 1.3265306122448979 1.5510204081632653 1.7551020408163265 1.7959183673469388 1.0204081632653061 1.7959183673469388 1.2040816326530612 1.2040816326530612 1.6326530612244898 1.3877551020408163 1.7551020408163265 1.0 1.2244897959183674 1.816326530612245 1.9591836734693877 1.6122448979591837 1.0816326530612246 0.8367346938775511 1.2653061224489797 0.8979591836734694 1.7551020408163265 0.8367346938775511 1.0 1.4285714285714286 1.0 0.9591836734693877 1.2040816326530612 1.6122448979591837 0.8163265306122449  
4 287.7502145103392 1.2040816326530612 2.0 1.0408163265306123 0.8163265306122449 1.2448979591836735 1.0408163265306123 1.9183673469387754 1.4285714285714286 0.9591836734693877 1.5714285714285714 1.5918367346938775 0.9387755102040817 1.816326530612245 1.7142857142857142 1.510204081632653 1.2857142857142858 1.4489795918367347 1.3673469387755102 1.7142857142857142 1.8571428571428572 1.1428571428571428 1.3265306122448979 1.5510204081632653 1.7551020408163265 1.7959183673469388 1.0204081632653061 1.7959183673469388 1.2040816326530612 1.2040816326530612 1.6326530612244898 1.3877551020408163 1.7551020408163265 1.0 1.2244897959183674 1.816326530612245 1.9591836734693877 1.6122448979591837 1.0816326530612246 0.8367346938775511 1.2653061224489797 0.8979591836734694 1.7551020408163265 0.8367346938775511 1.0 1.4285714285714286 1.0 0.9591836734693877 1.2040816326530612 1.6122448979591837 0.8163265306122449  
71 327.7508648438813 1.8061224489795917 3.0 1.5612244897959184 1.2244897959183674 1.8673469387755102 1.5612244897959184 2.877551020408163 2.142857142857143 1.4387755102040816 2.357142857142857 2.3877551020408165 1.4081632653061225 2.7244897959183674 2.5714285714285716 2.2653061224489797 1.9285714285714286 2.173469387755102 2.0510204081632653 2.5714285714285716 2.7857142857142856 1.7142857142857142 1.989795918367347 2.326530612244898 2.63265306122449 2.693877551020408 1.530612244897959 2.693877551020408 1.8061224489795917 1.8061224489795917 2.4489795918367347 2.0816326530612246 2.63265306122449 1.5 1.836734693877551 2.7244897959183674 2.938775510204082 2.4183673469387754 1.6224489795918366 1.2551020408163265 1.8979591836734695 1.346938775510204 2.63265306122449 1.2551020408163265 1.5 2.142857142857143 1.5 1.4387755102040816 1.8061224489795917 2.4183673469387754 1.2244897959183674  
78 57.61924565549484 1.8061224489795917 3.0 1.5612244897959184 1.2244897959183674 1.8673469387755102 1.5612244897959184 2.877551020408163 2.142857142857143 1.4387755102040816 2.357142857142857 2.3877551020408165 1.4081632653061225 2.7244897959183674 2.5714285714285716 2.2653061224489797 1.9285714285714286 2.173469387755102 2.0510204081632653 2.5714285714285716 2.7857142857142856 1.7142857142857142 1.989795918367347 2.326530612244898 2.63265306122449 2.693877551020408 1.530612244897959 2.693877551020408 1.8061224489795917 1.8061224489795917 2.4489795918367347 2.0816326530612246 2.63265306122449 1.5 1.836734693877551 2.7244897959183674 2.938775510204082 2.4183673469387754 1.6224489795918366 1.2551020408163265 1.8979591836734695 1.346938775510204 2.63265306122449 1.2551020408163265 1.5 2.142857142857143 1.5 1.4387755102040816 1.8061224489795917 2.4183673469387754 1.2244897959183674  
53 451.1742897834844 1.2040816326530612 2.0 1.0408163265306123 0.8163265306122449 1.2448979591836735 1.0408163265306123 1.9183673469387754 1.4285714285714286 0.9591836734693877 1.5714285714285714 1.5918367346938775 0.9387755102040817 1.816326530612245 1.7142857142857142 1.510204081632653 1.2857142857142858 1.4489795918367347 1.3673469387755102 1.7142857142857142 1.8571428571428572 1.1428571428571428 1.3265306122448979 1.5510204081632653 1.7551020408163265 1.7959183673469388 1.0204081632653061 1.7959183673469388 1.2040816326530612 1.2040816326530612 1.6326530612244898 1.3877551020408163 1.7551020408163265 1.0 1.2244897959183674 1.816326530612245 1.9591836734693877 1.6122448979591837 1.0816326530612246 0.8367346938775511 1.2653061224489797 0.8979591836734694 1.7551020408163265 0.8367346938775511 1.0 1.4285714285714286 1.0 0.9591836734693877 1.2040816326530612 1.6122448979591837 0.8163265306122449  
14 226.1145012992201 1.8061224489795917 3.0 1.5612244897959184 1.2244897959183674 1.8673469387755102 1.5612244897959184 2.877551020408163 2.142857142857143 1.4387755102040816 2.357142857142857 2.3877551020408165 1.4081632653061225 2.7244897959183674 2.5714285714285716 2.2653061224489797 1.9285714285714286 2.173469387755102 2.0510204081632653 2.5714285714285716 2.7857142857142856 1.7142857142857142 1.989795918367347 2.326530612244898 2.63265306122449 2.693877551020408 1.530612244897959 2.693877551020408 1.8061224489795917 1.8061224489795917 2.4489795918367347 2.0816326530612246 2.63265306122449 1.5 1.836734693877551 2.7244897959183674 2.938775510204082 2.4183673469387754 1.6224489795918366 1.2551020408163265 1.8979591836734695 1.346938775510204 2.63265306122449 1.2551020408163265 1.5 2.142857142857143 1.5 1.4387755102040816 1.8061224489795917 2.4183673469387754 1.2244897959183674  
54 262.30835281105425 1.8061224489795917 3.0 1.5612244897959184 1.2244897959183674 1.8673469387755102 1.5612244897959184 2.877551020408163 2.142857142857143 1.4387755102040816 2.357142857142857 2.3877551020408165 1.4081632653061225 2.7244897959183674 2.5714285714285716 2.2653061224489797 1.9285714285714286 2.173469387755102 2.0510204081632653 2.5714285714285716 2.7857142857142856 1.7142857142857142 1.989795918367347 2.326530612244898 2.63265306122449 2.693877551020408 1.530612244897959 2.693877551020408 1.8061224489795917 1.8061224489795917 2.4489795918367347 2.0816326530612246 2.63265306122449 1.5 1.836734693877551 2.7244897959183674 2.938775510204082 2.4183673469387754 1.6224489795918366 1.2551020408163265 1.8979591836734695 1.346938775510204 2.63265306122449 1.2551020408163265 1.5 2.142857142857143 1.5 1.4387755102040816 1.8061224489795917 2.4183673469387754 1.2244897959183674  
44 165.97707005151057 1.8061224489795917 3.0 1.5612244897959184 1.2244897959183674 1.8673469387755102 1.5612244897959184 2.877551020408163 2.142857142857143 1.4387755102040816 2.357142857142857 2.3877551020408165 1.4081632653061225 2.7244897959183674 2.5714285714285716 2.2653061224489797 1.9285714285714286 2.173469387755102 2.0510204081632653 2.5714285714285716 2.7857142857142856 1.7142857142857142 1.989795918367347 2.326530612244898 2.63265306122449 2.693877551020408 1.530612244897959 2.693877551020408 1.8061224489795917 1.8061224489795917 2.4489795918367347 2.0816326530612246 2.63265306122449 1.5 1.836734693877551 2.7244897959183674 2.938775510204082 2.4183673469387754 1.6224489795918366 1.2551020408163265 1.8979591836734695 1.346938775510204 2.63265306122449 1.2551020408163265 1.5 2.142857142857143 1.5 1.4387755102040816 1.8061224489795917 2.4183673469387754 1.2244897959183674  
50 141.13263798379293 1.2040816326530612 2.0 1.0408163265306123 0.8163265306122449 1.2448979591836735 1.0408163265306123 1.9183673469387754 1.4285714285714286 0.9591836734693877 1.5714285714285714 1.5918367346938775 0.9387755102040817 1.816326530612245 1.7142857142857142 1.510204081632653 1.2857142857142858 1.4489795918367347 1.3673469387755102 1.7142857142857142 1.8571428571428572 1.1428571428571428 1.3265306122448979 1.5510204081632653 1.7551020408163265 1.7959183673469388 1.0204081632653061 1.7959183673469388 1.2040816326530612 1.2040816326530612 1.6326530612244898 1.3877551020408163 1.7551020408163265 1.0 1.2244897959183674 1.816326530612245 1.9591836734693877 1.6122448979591837 1.0816326530612246 0.8367346938775511 1.2653061224489797 0.8979591836734694 1.7551020408163265 0.8367346938775511 1.0 1.4285714285714286 1.0 0.9591836734693877 1.2040816326530612 1.6122448979591837 0.8163265306122449  
86 141.85866172892025 1.2040816326530612 2.0 1.0408163265306123 0.8163265306122449 1.2448979591836735 1.0408163265306123 1.9183673469387754 1.4285714285714286 0.9591836734693877 1.5714285714285714 1.5918367346938775 0.9387755102040817 1.816326530612245 1.7142857142857142 1.510204081632653 1.2857142857142858 1.4489795918367347 1.3673469387755102 1.7142857142857142 1.8571428571428572 1.1428571428571428 1.3265306122448979 1.5510204081632653 1.7551020408163265 1.7959183673469388 1.0204081632653061 1.7959183673469388 1.2040816326530612 1.2040816326530612 1.6326530612244898 1.3877551020408163 1.7551020408163265 1.0 1.2244897959183674 1.816326530612245 1.9591836734693877 1.6122448979591837 1.0816326530612246 0.8367346938775511 1.2653061224489797 0.8979591836734694 1.7551020408163265 0.8367346938775511 1.0 1.4285714285714286 1.0 0.9591836734693877 1.2040816326530612 1.6122448979591837 0.8163265306122449  
19 223.80593897393473 1.2040816326530612 2.0 1.0408163265306123 0.8163265306122449 1.2448979591836735 1.0408163265306123 1.9183673469387754 1.4285714285714286 0.9591836734693877 1.5714285714285714 1.5918367346938775 0.9387755102040817 1.816326530612245 1.7142857142857142 1.510204081632653 1.2857142857142858 1.4489795918367347 1.3673469387755102 1.7142857142857142 1.8571428571428572 1.1428571428571428 1.3265306122448979 1.5510204081632653 1.7551020408163265 1.7959183673469388 1.0204081632653061 1.7959183673469388 1.2040816326530612 1.2040816326530612 1.6326530612244898 1.3877551020408163 1.7551020408163265 1.0 1.2244897959183674 1.816326530612245 1.9591836734693877 1.6122448979591837 1.0816326530612246 0.8367346938775511 1.2653061224489797 0.8979591836734694 1.7551020408163265 0.8367346938775511 1.0 1.4285714285714286 1.0 0.9591836734693877 1.2040816326530612 1.6122448979591837 0.8163265306122449  
11 696.978281735292 1.8061224489795917 3.0 1.5612244897959184 1.2244897959183674 1.8673469387755102 1.5612244897959184 2.877551020408163 2.142857142857143 1.4387755102040816 2.357142857142857 2.3877551020408165 1.4081632653061225 2.7244897959183674 2.5714285714285716 2.2653061224489797 1.9285714285714286 2.173469387755102 2.0510204081632653 2.5714285714285716 2.7857142857142856 1.7142857142857142 1.989795918367347 2.326530612244898 2.63265306122449 2.693877551020408 1.530612244897959 2.693877551020408 1.8061224489795917 1.8061224489795917 2.4489795918367347 2.0816326530612246 2.63265306122449 1.5 1.836734693877551 2.7244897959183674 2.938775510204082 2.4183673469387754 1.6224489795918366 1.2551020408163265 1.8979591836734695 1.346938775510204 2.63265306122449 1.2551020408163265 1.5 2.142857142857143 1.5 1.4387755102040816 1.8061224489795917 2.4183673469387754 1.2244897959183674  
30 75.07242484707521 1.2040816326530612 2.0 1.0408163265306123 0.8163265306122449 1.2448979591836735 1.0408163265306123 1.9183673469387754 1.4285714285714286 0.9591836734693877 1.5714285714285714 1.5918367346938775 0.9387755102040817 1.816326530612245 1.7142857142857142 1.510204081632653 1.2857142857142858 1.4489795918367347 1.3673469387755102 1.7142857142857142 1.8571428571428572 1.1428571428571428 1.3265306122448979 1.5510204081632653 1.7551020408163265 1.7959183673469388 1.0204081632653061 1.7959183673469388 1.2040816326530612 1.2040816326530612 1.6326530612244898 1.3877551020408163 1.7551020408163265 1.0 1.2244897959183674 1.816326530612245 1.9591836734693877 1.6122448979591837 1.0816326530612246 0.8367346938775511 1.2653061224489797 0.8979591836734694 1.7551020408163265 0.8367346938775511 1.0 1.4285714285714286 1.0 0.9591836734693877 1.2040816326530612 1.6122448979591837 0.8163265306122449  
13 415.3134621053984 1.8061224489795917 3.0 1.5612244897959184 1.2244897959183674 1.8673469387755102 1.5612244897959184 2.877551020408163 2.142857142857143 1.4387755102040816 2.357142857142857 2.3877551020408165 1.4081632653061225 2.7244897959183674 2.5714285714285716 2.2653061224489797 1.9285714285714286 2.173469387755102 2.0510204081632653 2.5714285714285716 2.7857142857142856 1.7142857142857142 1.989795918367347 2.326530612244898 2.63265306122449 2.693877551020408 1.530612244897959 2.693877551020408 1.8061224489795917 1.8061224489795917 2.4489795918367347 2.0816326530612246 2.63265306122449 1.5 1.836734693877551 2.7244897959183674 2.938775510204082 2.4183673469387754 1.6224489795918366 1.2551020408163265 1.8979591836734695 1.346938775510204 2.63265306122449 1.2551020408163265 1.5 2.142857142857143 1.5 1.4387755102040816 1.8061224489795917 2.4183673469387754 1.2244897959183674  
20 233.77643447273545 1.8061224489795917 3.0 1.5612244897959184 1.2244897959183674 1.8673469387755102 1.5612244897959184 2.877551020408163 2.142857142857143 1.4387755102040816 2.357142857142857 2.3877551020408165 1.4081632653061225 2.7244897959183674 2.5714285714285716 2.2653061224489797 1.9285714285714286 2.173469387755102 2.0510204081632653 2.5714285714285716 2.7857142857142856 1.7142857142857142 1.989795918367347 2.326530612244898 2.63265306122449 2.693877551020408 1.530612244897959 2.693877551020408 1.8061224489795917 1.8061224489795917 2.4489795918367347 2.0816326530612246 2.63265306122449 1.5 1.836734693877551 2.7244897959183674 2.938775510204082 2.4183673469387754 1.6224489795918366 1.2551020408163265 1.8979591836734695 1.346938775510204 2.63265306122449 1.2551020408163265 1.5 2.142857142857143 1.5 1.4387755102040816 1.8061224489795917 2.4183673469387754 1.2244897959183674  
62 413.68479451454556 1.2040816326530612 2.0 1.0408163265306123 0.8163265306122449 1.2448979591836735 1.0408163265306123 1.9183673469387754 1.4285714285714286 0.9591836734693877 1.5714285714285714 1.5918367346938775 0.9387755102040817 1.816326530612245 1.7142857142857142 1.510204081632653 1.2857142857142858 1.4489795918367347 1.3673469387755102 1.7142857142857142 1.8571428571428572 1.1428571428571428 1.3265306122448979 1.5510204081632653 1.7551020408163265 1.7959183673469388 1.0204081632653061 1.7959183673469388 1.2040816326530612 1.2040816326530612 1.6326530612244898 1.3877551020408163 1.7551020408163265 1.0 1.2244897959183674 1.816326530612245 1.9591836734693877 1.6122448979591837 1.0816326530612246 0.8367346938775511 1.2653061224489797 0.8979591836734694 1.7551020408163265 0.8367346938775511 1.0 1.4285714285714286 1.0 0.9591836734693877 1.2040816326530612 1.6122448979591837 0.8163265306122449  
39 209.79332353766736 1.2040816326530612 2.0 1.0408163265306123 0.8163265306122449 1.2448979591836735 1.0408163265306123 1.9183673469387754 1.4285714285714286 0.9591836734693877 1.5714285714285714 1.5918367346938775 0.9387755102040817 1.816326530612245 1.7142857142857142 1.510204081632653 1.2857142857142858 1.4489795918367347 1.3673469387755102 1.7142857142857142 1.8571428571428572 1.1428571428571428 1.3265306122448979 1.5510204081632653 1.7551020408163265 1.7959183673469388 1.0204081632653061 1.7959183673469388 1.2040816326530612 1.2040816326530612 1.6326530612244898 1.3877551020408163 1.7551020408163265 1.0 1.2244897959183674 1.816326530612245 1.9591836734693877 1.6122448979591837 1.0816326530612246 0.8367346938775511 1.2653061224489797 0.8979591836734694 1.7551020408163265 0.8367346938775511 1.0 1.4285714285714286 1.0 0.9591836734693877 1.2040816326530612 1.6122448979591837 0.8163265306122449  
64 400.91800818042145 1.2040816326530612 2.0 1.0408163265306123 0.8163265306122449 1.2448979591836735 1.0408163265306123 1.9183673469387754 1.4285714285714286 0.9591836734693877 1.5714285714285714 1.5918367346938775 0.9387755102040817 1.816326530612245 1.7142857142857142 1.510204081632653 1.2857142857142858 1.4489795918367347 1.3673469387755102 1.7142857142857142 1.8571428571428572 1.1428571428571428 1.3265306122448979 1.5510204081632653 1.7551020408163265 1.7959183673469388 1.0204081632653061 1.7959183673469388 1.2040816326530612 1.2040816326530612 1.6326530612244898 1.3877551020408163 1.7551020408163265 1.0 1.2244897959183674 1.816326530612245 1.9591836734693877 1.6122448979591837 1.0816326530612246 0.8367346938775511 1.2653061224489797 0.8979591836734694 1.7551020408163265 0.8367346938775511 1.0 1.4285714285714286 1.0 0.9591836734693877 1.2040816326530612 1.6122448979591837 0.8163265306122449  
55 66.44786443315195 1.2040816326530612 2.0 1.0408163265306123 0.8163265306122449 1.2448979591836735 1.0408163265306123 1.9183673469387754 1.4285714285714286 0.9591836734693877 1.5714285714285714 1.5918367346938775 0.9387755102040817 1.816326530612245 1.7142857142857142 1.510204081632653 1.2857142857142858 1.4489795918367347 1.3673469387755102 1.7142857142857142 1.8571428571428572 1.1428571428571428 1.3265306122448979 1.5510204081632653 1.7551020408163265 1.7959183673469388 1.0204081632653061 1.7959183673469388 1.2040816326530612 1.2040816326530612 1.6326530612244898 1.3877551020408163 1.7551020408163265 1.0 1.2244897959183674 1.816326530612245 1.9591836734693877 1.6122448979591837 1.0816326530612246 0.8367346938775511 1.2653061224489797 0.8979591836734694 1.7551020408163265 0.8367346938775511 1.0 1.4285714285714286 1.0 0.9591836734693877 1.2040816326530612 1.6122448979591837 0.8163265306122449  
49 175.341214715459 1.2040816326530612 2.0 1.0408163265306123 0.8163265306122449 1.2448979591836735 1.0408163265306123 1.9183673469387754 1.4285714285714286 0.9591836734693877 1.5714285714285714 1.5918367346938775 0.9387755102040817 1.816326530612245 1.7142857142857142 1.510204081632653 1.2857142857142858 1.4489795918367347 1.3673469387755102 1.7142857142857142 1.8571428571428572 1.1428571428571428 1.3265306122448979 1.5510204081632653 1.7551020408163265 1.7959183673469388 1.0204081632653061 1.7959183673469388 1.2040816326530612 1.2040816326530612 1.6326530612244898 1.3877551020408163 1.7551020408163265 1.0 1.2244897959183674 1.816326530612245 1.9591836734693877 1.6122448979591837 1.0816326530612246 0.8367346938775511 1.2653061224489797 0.8979591836734694 1.7551020408163265 0.8367346938775511 1.0 1.4285714285714286 1.0 0.9591836734693877 1.2040816326530612 1.6122448979591837 0.8163265306122449  
81 26.745851630050048 1.8061224489795917 3.0 1.5612244897959184 1.2244897959183674 1.8673469387755102 1.5612244897959184 2.877551020408163 2.142857142857143 1.4387755102040816 2.357142857142857 2.3877551020408165 1.4081632653061225 2.7244897959183674 2.5714285714285716 2.2653061224489797 1.9285714285714286 2.173469387755102 2.0510204081632653 2.5714285714285716 2.7857142857142856 1.7142857142857142 1.989795918367347 2.326530612244898 2.63265306122449 2.693877551020408 1.530612244897959 2.693877551020408 1.8061224489795917 1.8061224489795917 2.4489795918367347 2.0816326530612246 2.63265306122449 1.5 1.836734693877551 2.7244897959183674 2.938775510204082 2.4183673469387754 1.6224489795918366 1.2551020408163265 1.8979591836734695 1.346938775510204 2.63265306122449 1.2551020408163265 1.5 2.142857142857143 1.5 1.4387755102040816 1.8061224489795917 2.4183673469387754 1.2244897959183674  
22 555.0712679519258 1.2040816326530612 2.0 1.0408163265306123 0.8163265306122449 1.2448979591836735 1.0408163265306123 1.9183673469387754 1.4285714285714286 0.9591836734693877 1.5714285714285714 1.5918367346938775 0.9387755102040817 1.816326530612245 1.7142857142857142 1.510204081632653 1.2857142857142858 1.4489795918367347 1.3673469387755102 1.7142857142857142 1.8571428571428572 1.1428571428571428 1.3265306122448979 1.5510204081632653 1.7551020408163265 1.7959183673469388 1.0204081632653061 1.7959183673469388 1.2040816326530612 1.2040816326530612 1.6326530612244898 1.3877551020408163 1.7551020408163265 1.0 1.2244897959183674 1.816326530612245 1.9591836734693877 1.6122448979591837 1.0816326530612246 0.8367346938775511 1.2653061224489797 0.8979591836734694 1.7551020408163265 0.8367346938775511 1.0 1.4285714285714286 1.0 0.9591836734693877 1.2040816326530612 1.6122448979591837 0.8163265306122449  
68 270.04293595206695 1.8061224489795917 3.0 1.5612244897959184 1.2244897959183674 1.8673469387755102 1.5612244897959184 2.877551020408163 2.142857142857143 1.4387755102040816 2.357142857142857 2.3877551020408165 1.4081632653061225 2.7244897959183674 2.5714285714285716 2.2653061224489797 1.9285714285714286 2.173469387755102 2.0510204081632653 2.5714285714285716 2.7857142857142856 1.7142857142857142 1.989795918367347 2.326530612244898 2.63265306122449 2.693877551020408 1.530612244897959 2.693877551020408 1.8061224489795917 1.8061224489795917 2.4489795918367347 2.0816326530612246 2.63265306122449 1.5 1.836734693877551 2.7244897959183674 2.938775510204082 2.4183673469387754 1.6224489795918366 1.2551020408163265 1.8979591836734695 1.346938775510204 2.63265306122449 1.2551020408163265 1.5 2.142857142857143 1.5 1.4387755102040816 1.8061224489795917 2.4183673469387754 1.2244897959183674  
90 216.80504021210805 1.8061224489795917 3.0 1.5612244897959184 1.2244897959183674 1.8673469387755102 1.5612244897959184 2.877551020408163 2.142857142857143 1.4387755102040816 2.357142857142857 2.3877551020408165 1.4081632653061225 2.7244897959183674 2.5714285714285716 2.2653061224489797 1.9285714285714286 2.173469387755102 2.0510204081632653 2.5714285714285716 2.7857142857142856 1.7142857142857142 1.989795918367347 2.326530612244898 2.63265306122449 2.693877551020408 1.530612244897959 2.693877551020408 1.8061224489795917 1.8061224489795917 2.4489795918367347 2.0816326530612246 2.63265306122449 1.5 1.836734693877551 2.7244897959183674 2.938775510204082 2.4183673469387754 1.6224489795918366 1.2551020408163265 1.8979591836734695 1.346938775510204 2.63265306122449 1.2551020408163265 1.5 2.142857142857143 1.5 1.4387755102040816 1.8061224489795917 2.4183673469387754 1.2244897959183674  
31 114.33171539542974 1.2040816326530612 2.0 1.0408163265306123 0.8163265306122449 1.2448979591836735 1.0408163265306123 1.9183673469387754 1.4285714285714286 0.9591836734693877 1.5714285714285714 1.5918367346938775 0.9387755102040817 1.816326530612245 1.7142857142857142 1.510204081632653 1.2857142857142858 1.4489795918367347 1.3673469387755102 1.7142857142857142 1.8571428571428572 1.1428571428571428 1.3265306122448979 1.5510204081632653 1.7551020408163265 1.7959183673469388 1.0204081632653061 1.7959183673469388 1.2040816326530612 1.2040816326530612 1.6326530612244898 1.3877551020408163 1.7551020408163265 1.0 1.2244897959183674 1.816326530612245 1.9591836734693877 1.6122448979591837 1.0816326530612246 0.8367346938775511 1.2653061224489797 0.8979591836734694 1.7551020408163265 0.8367346938775511 1.0 1.4285714285714286 1.0 0.9591836734693877 1.2040816326530612 1.6122448979591837 0.8163265306122449  
75 165.86453716525122 1.8061224489795917 3.0 1.5612244897959184 1.2244897959183674 1.8673469387755102 1.5612244897959184 2.877551020408163 2.142857142857143 1.4387755102040816 2.357142857142857 2.3877551020408165 1.4081632653061225 2.7244897959183674 2.5714285714285716 2.2653061224489797 1.9285714285714286 2.173469387755102 2.0510204081632653 2.5714285714285716 2.7857142857142856 1.7142857142857142 1.989795918367347 2.326530612244898 2.63265306122449 2.693877551020408 1.530612244897959 2.693877551020408 1.8061224489795917 1.8061224489795917 2.4489795918367347 2.0816326530612246 2.63265306122449 1.5 1.836734693877551 2.7244897959183674 2.938775510204082 2.4183673469387754 1.6224489795918366 1.2551020408163265 1.8979591836734695 1.346938775510204 2.63265306122449 1.2551020408163265 1.5 2.142857142857143 1.5 1.4387755102040816 1.8061224489795917 2.4183673469387754 1.2244897959183674  
80 108.85487535474579 1.2040816326530612 2.0 1.0408163265306123 0.8163265306122449 1.2448979591836735 1.0408163265306123 1.9183673469387754 1.4285714285714286 0.9591836734693877 1.5714285714285714 1.5918367346938775 0.9387755102040817 1.816326530612245 1.7142857142857142 1.510204081632653 1.2857142857142858 1.4489795918367347 1.3673469387755102 1.7142857142857142 1.8571428571428572 1.1428571428571428 1.3265306122448979 1.5510204081632653 1.7551020408163265 1.7959183673469388 1.0204081632653061 1.7959183673469388 1.2040816326530612 1.2040816326530612 1.6326530612244898 1.3877551020408163 1.7551020408163265 1.0 1.2244897959183674 1.816326530612245 1.9591836734693877 1.6122448979591837 1.0816326530612246 0.8367346938775511 1.2653061224489797 0.8979591836734694 1.7551020408163265 0.8367346938775511 1.0 1.4285714285714286 1.0 0.9591836734693877 1.2040816326530612 1.6122448979591837 0.8163265306122449  
6 313.4138553858298 1.8061224489795917 3.0 1.5612244897959184 1.2244897959183674 1.8673469387755102 1.5612244897959184 2.877551020408163 2.142857142857143 1.4387755102040816 2.357142857142857 2.3877551020408165 1.4081632653061225 2.7244897959183674 2.5714285714285716 2.2653061224489797 1.9285714285714286 2.173469387755102 2.0510204081632653 2.5714285714285716 2.7857142857142856 1.7142857142857142 1.989795918367347 2.326530612244898 2.63265306122449 2.693877551020408 1.530612244897959 2.693877551020408 1.8061224489795917 1.8061224489795917 2.4489795918367347 2.0816326530612246 2.63265306122449 1.5 1.836734693877551 2.7244897959183674 2.938775510204082 2.4183673469387754 1.6224489795918366 1.2551020408163265 1.8979591836734695 1.346938775510204 2.63265306122449 1.2551020408163265 1.5 2.142857142857143 1.5 1.4387755102040816 1.8061224489795917 2.4183673469387754 1.2244897959183674  
36 352.6911321932313 1.8061224489795917 3.0 1.5612244897959184 1.2244897959183674 1.8673469387755102 1.5612244897959184 2.877551020408163 2.142857142857143 1.4387755102040816 2.357142857142857 2.3877551020408165 1.4081632653061225 2.7244897959183674 2.5714285714285716 2.2653061224489797 1.9285714285714286 2.173469387755102 2.0510204081632653 2.5714285714285716 2.7857142857142856 1.7142857142857142 1.989795918367347 2.326530612244898 2.63265306122449 2.693877551020408 1.530612244897959 2.693877551020408 1.8061224489795917 1.8061224489795917 2.4489795918367347 2.0816326530612246 2.63265306122449 1.5 1.836734693877551 2.7244897959183674 2.938775510204082 2.4183673469387754 1.6224489795918366 1.2551020408163265 1.8979591836734695 1.346938775510204 2.63265306122449 1.2551020408163265 1.5 2.142857142857143 1.5 1.4387755102040816 1.8061224489795917 2.4183673469387754 1.2244897959183674  
96 46.74686582734798 1.2040816326530612 2.0 1.0408163265306123 0.8163265306122449 1.2448979591836735 1.0408163265306123 1.9183673469387754 1.4285714285714286 0.9591836734693877 1.5714285714285714 1.5918367346938775 0.9387755102040817 1.816326530612245 1.7142857142857142 1.510204081632653 1.2857142857142858 1.4489795918367347 1.3673469387755102 1.7142857142857142 1.8571428571428572 1.1428571428571428 1.3265306122448979 1.5510204081632653 1.7551020408163265 1.7959183673469388 1.0204081632653061 1.7959183673469388 1.2040816326530612 1.2040816326530612 1.6326530612244898 1.3877551020408163 1.7551020408163265 1.0 1.2244897959183674 1.816326530612245 1.9591836734693877 1.6122448979591837 1.0816326530612246 0.8367346938775511 1.2653061224489797 0.8979591836734694 1.7551020408163265 0.8367346938775511 1.0 1.4285714285714286 1.0 0.9591836734693877 1.2040816326530612 1.6122448979591837 0.8163265306122449  
57 217.27344285461407 1.2040816326530612 2.0 1.0408163265306123 0.8163265306122449 1.2448979591836735 1.0408163265306123 1.9183673469387754 1.4285714285714286 0.9591836734693877 1.5714285714285714 1.5918367346938775 0.9387755102040817 1.816326530612245 1.7142857142857142 1.510204081632653 1.2857142857142858 1.4489795918367347 1.3673469387755102 1.7142857142857142 1.8571428571428572 1.1428571428571428 1.3265306122448979 1.5510204081632653 1.7551020408163265 1.7959183673469388 1.0204081632653061 1.7959183673469388 1.2040816326530612 1.2040816326530612 1.6326530612244898 1.3877551020408163 1.7551020408163265 1.0 1.2244897959183674 1.816326530612245 1.9591836734693877 1.6122448979591837 1.0816326530612246 0.8367346938775511 1.2653061224489797 0.8979591836734694 1.7551020408163265 0.8367346938775511 1.0 1.4285714285714286 1.0 0.9591836734693877 1.2040816326530612 1.6122448979591837 0.8163265306122449  
26 63.60857404025162 1.2040816326530612 2.0 1.0408163265306123 0.8163265306122449 1.2448979591836735 1.0408163265306123 1.9183673469387754 1.4285714285714286 0.9591836734693877 1.5714285714285714 1.5918367346938775 0.9387755102040817 1.816326530612245 1.7142857142857142 1.510204081632653 1.2857142857142858 1.4489795918367347 1.3673469387755102 1.7142857142857142 1.8571428571428572 1.1428571428571428 1.3265306122448979 1.5510204081632653 1.7551020408163265 1.7959183673469388 1.0204081632653061 1.7959183673469388 1.2040816326530612 1.2040816326530612 1.6326530612244898 1.3877551020408163 1.7551020408163265 1.0 1.2244897959183674 1.816326530612245 1.9591836734693877 1.6122448979591837 1.0816326530612246 0.8367346938775511 1.2653061224489797 0.8979591836734694 1.7551020408163265 0.8367346938775511 1.0 1.4285714285714286 1.0 0.9591836734693877 1.2040816326530612 1.6122448979591837 0.8163265306122449  
17 490.43781645337816 1.8061224489795917 3.0 1.5612244897959184 1.2244897959183674 1.8673469387755102 1.5612244897959184 2.877551020408163 2.142857142857143 1.4387755102040816 2.357142857142857 2.3877551020408165 1.4081632653061225 2.7244897959183674 2.5714285714285716 2.2653061224489797 1.9285714285714286 2.173469387755102 2.0510204081632653 2.5714285714285716 2.7857142857142856 1.7142857142857142 1.989795918367347 2.326530612244898 2.63265306122449 2.693877551020408 1.530612244897959 2.693877551020408 1.8061224489795917 1.8061224489795917 2.4489795918367347 2.0816326530612246 2.63265306122449 1.5 1.836734693877551 2.7244897959183674 2.938775510204082 2.4183673469387754 1.6224489795918366 1.2551020408163265 1.8979591836734695 1.346938775510204 2.63265306122449 1.2551020408163265 1.5 2.142857142857143 1.5 1.4387755102040816 1.8061224489795917 2.4183673469387754 1.2244897959183674  
85 326.1933532204217 1.2040816326530612 2.0 1.0408163265306123 0.8163265306122449 1.2448979591836735 1.0408163265306123 1.9183673469387754 1.4285714285714286 0.9591836734693877 1.5714285714285714 1.5918367346938775 0.9387755102040817 1.816326530612245 1.7142857142857142 1.510204081632653 1.2857142857142858 1.4489795918367347 1.3673469387755102 1.7142857142857142 1.8571428571428572 1.1428571428571428 1.3265306122448979 1.5510204081632653 1.7551020408163265 1.7959183673469388 1.0204081632653061 1.7959183673469388 1.2040816326530612 1.2040816326530612 1.6326530612244898 1.3877551020408163 1.7551020408163265 1.0 1.2244897959183674 1.816326530612245 1.9591836734693877 1.6122448979591837 1.0816326530612246 0.8367346938775511 1.2653061224489797 0.8979591836734694 1.7551020408163265 0.8367346938775511 1.0 1.4285714285714286 1.0 0.9591836734693877 1.2040816326530612 1.6122448979591837 0.8163265306122449  
41 206.5659150624397 1.8061224489795917 3.0 1.5612244897959184 1.2244897959183674 1.8673469387755102 1.5612244897959184 2.877551020408163 2.142857142857143 1.4387755102040816 2.357142857142857 2.3877551020408165 1.4081632653061225 2.7244897959183674 2.5714285714285716 2.2653061224489797 1.9285714285714286 2.173469387755102 2.0510204081632653 2.5714285714285716 2.7857142857142856 1.7142857142857142 1.989795918367347 2.326530612244898 2.63265306122449 2.693877551020408 1.530612244897959 2.693877551020408 1.8061224489795917 1.8061224489795917 2.4489795918367347 2.0816326530612246 2.63265306122449 1.5 1.836734693877551 2.7244897959183674 2.938775510204082 2.4183673469387754 1.6224489795918366 1.2551020408163265 1.8979591836734695 1.346938775510204 2.63265306122449 1.2551020408163265 1.5 2.142857142857143 1.5 1.4387755102040816 1.8061224489795917 2.4183673469387754 1.2244897959183674  
52 185.80157166599474 1.2040816326530612 2.0 1.0408163265306123 0.8163265306122449 1.2448979591836735 1.0408163265306123 1.9183673469387754 1.4285714285714286 0.9591836734693877 1.5714285714285714 1.5918367346938775 0.9387755102040817 1.816326530612245 1.7142857142857142 1.510204081632653 1.2857142857142858 1.4489795918367347 1.3673469387755102 1.7142857142857142 1.8571428571428572 1.1428571428571428 1.3265306122448979 1.5510204081632653 1.7551020408163265 1.7959183673469388 1.0204081632653061 1.7959183673469388 1.2040816326530612 1.2040816326530612 1.6326530612244898 1.3877551020408163 1.7551020408163265 1.0 1.2244897959183674 1.816326530612245 1.9591836734693877 1.6122448979591837 1.0816326530612246 0.8367346938775511 1.2653061224489797 0.8979591836734694 1.7551020408163265 0.8367346938775511 1.0 1.4285714285714286 1.0 0.9591836734693877 1.2040816326530612 1.6122448979591837 0.8163265306122449  
47 425.7195890368204 1.2040816326530612 2.0 1.0408163265306123 0.8163265306122449 1.2448979591836735 1.0408163265306123 1.9183673469387754 1.4285714285714286 0.9591836734693877 1.5714285714285714 1.5918367346938775 0.9387755102040817 1.816326530612245 1.7142857142857142 1.510204081632653 1.2857142857142858 1.4489795918367347 1.3673469387755102 1.7142857142857142 1.8571428571428572 1.1428571428571428 1.3265306122448979 1.5510204081632653 1.7551020408163265 1.7959183673469388 1.0204081632653061 1.7959183673469388 1.2040816326530612 1.2040816326530612 1.6326530612244898 1.3877551020408163 1.7551020408163265 1.0 1.2244897959183674 1.816326530612245 1.9591836734693877 1.6122448979591837 1.0816326530612246 0.8367346938775511 1.2653061224489797 0.8979591836734694 1.7551020408163265 0.8367346938775511 1.0 1.4285714285714286 1.0 0.9591836734693877 1.2040816326530612 1.6122448979591837 0.8163265306122449  
83 113.62692151774687 1.8061224489795917 3.0 1.5612244897959184 1.2244897959183674 1.8673469387755102 1.5612244897959184 2.877551020408163 2.142857142857143 1.4387755102040816 2.357142857142857 2.3877551020408165 1.4081632653061225 2.7244897959183674 2.5714285714285716 2.2653061224489797 1.9285714285714286 2.173469387755102 2.0510204081632653 2.5714285714285716 2.7857142857142856 1.7142857142857142 1.989795918367347 2.326530612244898 2.63265306122449 2.693877551020408 1.530612244897959 2.693877551020408 1.8061224489795917 1.8061224489795917 2.4489795918367347 2.0816326530612246 2.63265306122449 1.5 1.836734693877551 2.7244897959183674 2.938775510204082 2.4183673469387754 1.6224489795918366 1.2551020408163265 1.8979591836734695 1.346938775510204 2.63265306122449 1.2551020408163265 1.5 2.142857142857143 1.5 1.4387755102040816 1.8061224489795917 2.4183673469387754 1.2244897959183674  
70 240.70561841166136 1.2040816326530612 2.0 1.0408163265306123 0.8163265306122449 1.2448979591836735 1.0408163265306123 1.9183673469387754 1.4285714285714286 0.9591836734693877 1.5714285714285714 1.5918367346938775 0.9387755102040817 1.816326530612245 1.7142857142857142 1.510204081632653 1.2857142857142858 1.4489795918367347 1.3673469387755102 1.7142857142857142 1.8571428571428572 1.1428571428571428 1.3265306122448979 1.5510204081632653 1.7551020408163265 1.7959183673469388 1.0204081632653061 1.7959183673469388 1.2040816326530612 1.2040816326530612 1.6326530612244898 1.3877551020408163 1.7551020408163265 1.0 1.2244897959183674 1.816326530612245 1.9591836734693877 1.6122448979591837 1.0816326530612246 0.8367346938775511 1.2653061224489797 0.8979591836734694 1.7551020408163265 0.8367346938775511 1.0 1.4285714285714286 1.0 0.9591836734693877 1.2040816326530612 1.6122448979591837 0.8163265306122449  
28 271.33028471516815 1.2040816326530612 2.0 1.0408163265306123 0.8163265306122449 1.2448979591836735 1.0408163265306123 1.9183673469387754 1.4285714285714286 0.9591836734693877 1.5714285714285714 1.5918367346938775 0.9387755102040817 1.816326530612245 1.7142857142857142 1.510204081632653 1.2857142857142858 1.4489795918367347 1.3673469387755102 1.7142857142857142 1.8571428571428572 1.1428571428571428 1.3265306122448979 1.5510204081632653 1.7551020408163265 1.7959183673469388 1.0204081632653061 1.7959183673469388 1.2040816326530612 1.2040816326530612 1.6326530612244898 1.3877551020408163 1.7551020408163265 1.0 1.2244897959183674 1.816326530612245 1.9591836734693877 1.6122448979591837 1.0816326530612246 0.8367346938775511 1.2653061224489797 0.8979591836734694 1.7551020408163265 0.8367346938775511 1.0 1.4285714285714286 1.0 0.9591836734693877 1.2040816326530612 1.6122448979591837 0.8163265306122449  
7 368.744804216424 1.8061224489795917 3.0 1.5612244897959184 1.2244897959183674 1.8673469387755102 1.5612244897959184 2.877551020408163 2.142857142857143 1.4387755102040816 2.357142857142857 2.3877551020408165 1.4081632653061225 2.7244897959183674 2.5714285714285716 2.2653061224489797 1.9285714285714286 2.173469387755102 2.0510204081632653 2.5714285714285716 2.7857142857142856 1.7142857142857142 1.989795918367347 2.326530612244898 2.63265306122449 2.693877551020408 1.530612244897959 2.693877551020408 1.8061224489795917 1.8061224489795917 2.4489795918367347 2.0816326530612246 2.63265306122449 1.5 1.836734693877551 2.7244897959183674 2.938775510204082 2.4183673469387754 1.6224489795918366 1.2551020408163265 1.8979591836734695 1.346938775510204 2.63265306122449 1.2551020408163265 1.5 2.142857142857143 1.5 1.4387755102040816 1.8061224489795917 2.4183673469387754 1.2244897959183674  
91 131.01167233060704 1.8061224489795917 3.0 1.5612244897959184 1.2244897959183674 1.8673469387755102 1.5612244897959184 2.877551020408163 2.142857142857143 1.4387755102040816 2.357142857142857 2.3877551020408165 1.4081632653061225 2.7244897959183674 2.5714285714285716 2.2653061224489797 1.9285714285714286 2.173469387755102 2.0510204081632653 2.5714285714285716 2.7857142857142856 1.7142857142857142 1.989795918367347 2.326530612244898 2.63265306122449 2.693877551020408 1.530612244897959 2.693877551020408 1.8061224489795917 1.8061224489795917 2.4489795918367347 2.0816326530612246 2.63265306122449 1.5 1.836734693877551 2.7244897959183674 2.938775510204082 2.4183673469387754 1.6224489795918366 1.2551020408163265 1.8979591836734695 1.346938775510204 2.63265306122449 1.2551020408163265 1.5 2.142857142857143 1.5 1.4387755102040816 1.8061224489795917 2.4183673469387754 1.2244897959183674  
46 192.15586531041615 1.2040816326530612 2.0 1.0408163265306123 0.8163265306122449 1.2448979591836735 1.0408163265306123 1.9183673469387754 1.4285714285714286 0.9591836734693877 1.5714285714285714 1.5918367346938775 0.9387755102040817 1.816326530612245 1.7142857142857142 1.510204081632653 1.2857142857142858 1.4489795918367347 1.3673469387755102 1.7142857142857142 1.8571428571428572 1.1428571428571428 1.3265306122448979 1.5510204081632653 1.7551020408163265 1.7959183673469388 1.0204081632653061 1.7959183673469388 1.2040816326530612 1.2040816326530612 1.6326530612244898 1.3877551020408163 1.7551020408163265 1.0 1.2244897959183674 1.816326530612245 1.9591836734693877 1.6122448979591837 1.0816326530612246 0.8367346938775511 1.2653061224489797 0.8979591836734694 1.7551020408163265 0.8367346938775511 1.0 1.4285714285714286 1.0 0.9591836734693877 1.2040816326530612 1.6122448979591837 0.8163265306122449  
61 586.5574696183769 1.2040816326530612 2.0 1.0408163265306123 0.8163265306122449 1.2448979591836735 1.0408163265306123 1.9183673469387754 1.4285714285714286 0.9591836734693877 1.5714285714285714 1.5918367346938775 0.9387755102040817 1.816326530612245 1.7142857142857142 1.510204081632653 1.2857142857142858 1.4489795918367347 1.3673469387755102 1.7142857142857142 1.8571428571428572 1.1428571428571428 1.3265306122448979 1.5510204081632653 1.7551020408163265 1.7959183673469388 1.0204081632653061 1.7959183673469388 1.2040816326530612 1.2040816326530612 1.6326530612244898 1.3877551020408163 1.7551020408163265 1.0 1.2244897959183674 1.816326530612245 1.9591836734693877 1.6122448979591837 1.0816326530612246 0.8367346938775511 1.2653061224489797 0.8979591836734694 1.7551020408163265 0.8367346938775511 1.0 1.4285714285714286 1.0 0.9591836734693877 1.2040816326530612 1.6122448979591837 0.8163265306122449  
21 684.7571715643634 1.8061224489795917 3.0 1.5612244897959184 1.2244897959183674 1.8673469387755102 1.5612244897959184 2.877551020408163 2.142857142857143 1.4387755102040816 2.357142857142857 2.3877551020408165 1.4081632653061225 2.7244897959183674 2.5714285714285716 2.2653061224489797 1.9285714285714286 2.173469387755102 2.0510204081632653 2.5714285714285716 2.7857142857142856 1.7142857142857142 1.989795918367347 2.326530612244898 2.63265306122449 2.693877551020408 1.530612244897959 2.693877551020408 1.8061224489795917 1.8061224489795917 2.4489795918367347 2.0816326530612246 2.63265306122449 1.5 1.836734693877551 2.7244897959183674 2.938775510204082 2.4183673469387754 1.6224489795918366 1.2551020408163265 1.8979591836734695 1.346938775510204 2.63265306122449 1.2551020408163265 1.5 2.142857142857143 1.5 1.4387755102040816 1.8061224489795917 2.4183673469387754 1.2244897959183674  
56 123.0267921123812 1.8061224489795917 3.0 1.5612244897959184 1.2244897959183674 1.8673469387755102 1.5612244897959184 2.877551020408163 2.142857142857143 1.4387755102040816 2.357142857142857 2.3877551020408165 1.4081632653061225 2.7244897959183674 2.5714285714285716 2.2653061224489797 1.9285714285714286 2.173469387755102 2.0510204081632653 2.5714285714285716 2.7857142857142856 1.7142857142857142 1.989795918367347 2.326530612244898 2.63265306122449 2.693877551020408 1.530612244897959 2.693877551020408 1.8061224489795917 1.8061224489795917 2.4489795918367347 2.0816326530612246 2.63265306122449 1.5 1.836734693877551 2.7244897959183674 2.938775510204082 2.4183673469387754 1.6224489795918366 1.2551020408163265 1.8979591836734695 1.346938775510204 2.63265306122449 1.2551020408163265 1.5 2.142857142857143 1.5 1.4387755102040816 1.8061224489795917 2.4183673469387754 1.2244897959183674  
74 110.34542050919075 1.8061224489795917 3.0 1.5612244897959184 1.2244897959183674 1.8673469387755102 1.5612244897959184 2.877551020408163 2.142857142857143 1.4387755102040816 2.357142857142857 2.3877551020408165 1.4081632653061225 2.7244897959183674 2.5714285714285716 2.2653061224489797 1.9285714285714286 2.173469387755102 2.0510204081632653 2.5714285714285716 2.7857142857142856 1.7142857142857142 1.989795918367347 2.326530612244898 2.63265306122449 2.693877551020408 1.530612244897959 2.693877551020408 1.8061224489795917 1.8061224489795917 2.4489795918367347 2.0816326530612246 2.63265306122449 1.5 1.836734693877551 2.7244897959183674 2.938775510204082 2.4183673469387754 1.6224489795918366 1.2551020408163265 1.8979591836734695 1.346938775510204 2.63265306122449 1.2551020408163265 1.5 2.142857142857143 1.5 1.4387755102040816 1.8061224489795917 2.4183673469387754 1.2244897959183674  
97 21.268317247749245 1.8061224489795917 3.0 1.5612244897959184 1.2244897959183674 1.8673469387755102 1.5612244897959184 2.877551020408163 2.142857142857143 1.4387755102040816 2.357142857142857 2.3877551020408165 1.4081632653061225 2.7244897959183674 2.5714285714285716 2.2653061224489797 1.9285714285714286 2.173469387755102 2.0510204081632653 2.5714285714285716 2.7857142857142856 1.7142857142857142 1.989795918367347 2.326530612244898 2.63265306122449 2.693877551020408 1.530612244897959 2.693877551020408 1.8061224489795917 1.8061224489795917 2.4489795918367347 2.0816326530612246 2.63265306122449 1.5 1.836734693877551 2.7244897959183674 2.938775510204082 2.4183673469387754 1.6224489795918366 1.2551020408163265 1.8979591836734695 1.346938775510204 2.63265306122449 1.2551020408163265 1.5 2.142857142857143 1.5 1.4387755102040816 1.8061224489795917 2.4183673469387754 1.2244897959183674  
66 244.28531424323342 1.8061224489795917 3.0 1.5612244897959184 1.2244897959183674 1.8673469387755102 1.5612244897959184 2.877551020408163 2.142857142857143 1.4387755102040816 2.357142857142857 2.3877551020408165 1.4081632653061225 2.7244897959183674 2.5714285714285716 2.2653061224489797 1.9285714285714286 2.173469387755102 2.0510204081632653 2.5714285714285716 2.7857142857142856 1.7142857142857142 1.989795918367347 2.326530612244898 2.63265306122449 2.693877551020408 1.530612244897959 2.693877551020408 1.8061224489795917 1.8061224489795917 2.4489795918367347 2.0816326530612246 2.63265306122449 1.5 1.836734693877551 2.7244897959183674 2.938775510204082 2.4183673469387754 1.6224489795918366 1.2551020408163265 1.8979591836734695 1.346938775510204 2.63265306122449 1.2551020408163265 1.5 2.142857142857143 1.5 1.4387755102040816 1.8061224489795917 2.4183673469387754 1.2244897959183674  
88 2.6286660619651627 1.8061224489795917 3.0 1.5612244897959184 1.2244897959183674 1.8673469387755102 1.5612244897959184 2.877551020408163 2.142857142857143 1.4387755102040816 2.357142857142857 2.3877551020408165 1.4081632653061225 2.7244897959183674 2.5714285714285716 2.2653061224489797 1.9285714285714286 2.173469387755102 2.0510204081632653 2.5714285714285716 2.7857142857142856 1.7142857142857142 1.989795918367347 2.326530612244898 2.63265306122449 2.693877551020408 1.530612244897959 2.693877551020408 1.8061224489795917 1.8061224489795917 2.4489795918367347 2.0816326530612246 2.63265306122449 1.5 1.836734693877551 2.7244897959183674 2.938775510204082 2.4183673469387754 1.6224489795918366 1.2551020408163265 1.8979591836734695 1.346938775510204 2.63265306122449 1.2551020408163265 1.5 2.142857142857143 1.5 1.4387755102040816 1.8061224489795917 2.4183673469387754 1.2244897959183674  
32 305.6377037662023 1.8061224489795917 3.0 1.5612244897959184 1.2244897959183674 1.8673469387755102 1.5612244897959184 2.877551020408163 2.142857142857143 1.4387755102040816 2.357142857142857 2.3877551020408165 1.4081632653061225 2.7244897959183674 2.5714285714285716 2.2653061224489797 1.9285714285714286 2.173469387755102 2.0510204081632653 2.5714285714285716 2.7857142857142856 1.7142857142857142 1.989795918367347 2.326530612244898 2.63265306122449 2.693877551020408 1.530612244897959 2.693877551020408 1.8061224489795917 1.8061224489795917 2.4489795918367347 2.0816326530612246 2.63265306122449 1.5 1.836734693877551 2.7244897959183674 2.938775510204082 2.4183673469387754 1.6224489795918366 1.2551020408163265 1.8979591836734695 1.346938775510204 2.63265306122449 1.2551020408163265 1.5 2.142857142857143 1.5 1.4387755102040816 1.8061224489795917 2.4183673469387754 1.2244897959183674  
77 96.203819409296 1.8061224489795917 3.0 1.5612244897959184 1.2244897959183674 1.8673469387755102 1.5612244897959184 2.877551020408163 2.142857142857143 1.4387755102040816 2.357142857142857 2.3877551020408165 1.4081632653061225 2.7244897959183674 2.5714285714285716 2.2653061224489797 1.9285714285714286 2.173469387755102 2.0510204081632653 2.5714285714285716 2.7857142857142856 1.7142857142857142 1.989795918367347 2.326530612244898 2.63265306122449 2.693877551020408 1.530612244897959 2.693877551020408 1.8061224489795917 1.8061224489795917 2.4489795918367347 2.0816326530612246 2.63265306122449 1.5 1.836734693877551 2.7244897959183674 2.938775510204082 2.4183673469387754 1.6224489795918366 1.2551020408163265 1.8979591836734695 1.346938775510204 2.63265306122449 1.2551020408163265 1.5 2.142857142857143 1.5 1.4387755102040816 1.8061224489795917 2.4183673469387754 1.2244897959183674  
67 479.2245156126599 1.8061224489795917 3.0 1.5612244897959184 1.2244897959183674 1.8673469387755102 1.5612244897959184 2.877551020408163 2.142857142857143 1.4387755102040816 2.357142857142857 2.3877551020408165 1.4081632653061225 2.7244897959183674 2.5714285714285716 2.2653061224489797 1.9285714285714286 2.173469387755102 2.0510204081632653 2.5714285714285716 2.7857142857142856 1.7142857142857142 1.989795918367347 2.326530612244898 2.63265306122449 2.693877551020408 1.530612244897959 2.693877551020408 1.8061224489795917 1.8061224489795917 2.4489795918367347 2.0816326530612246 2.63265306122449 1.5 1.836734693877551 2.7244897959183674 2.938775510204082 2.4183673469387754 1.6224489795918366 1.2551020408163265 1.8979591836734695 1.346938775510204 2.63265306122449 1.2551020408163265 1.5 2.142857142857143 1.5 1.4387755102040816 1.8061224489795917 2.4183673469387754 1.2244897959183674  
24 160.2008850419182 1.8061224489795917 3.0 1.5612244897959184 1.2244897959183674 1.8673469387755102 1.5612244897959184 2.877551020408163 2.142857142857143 1.4387755102040816 2.357142857142857 2.3877551020408165 1.4081632653061225 2.7244897959183674 2.5714285714285716 2.2653061224489797 1.9285714285714286 2.173469387755102 2.0510204081632653 2.5714285714285716 2.7857142857142856 1.7142857142857142 1.989795918367347 2.326530612244898 2.63265306122449 2.693877551020408 1.530612244897959 2.693877551020408 1.8061224489795917 1.8061224489795917 2.4489795918367347 2.0816326530612246 2.63265306122449 1.5 1.836734693877551 2.7244897959183674 2.938775510204082 2.4183673469387754 1.6224489795918366 1.2551020408163265 1.8979591836734695 1.346938775510204 2.63265306122449 1.2551020408163265 1.5 2.142857142857143 1.5 1.4387755102040816 1.8061224489795917 2.4183673469387754 1.2244897959183674  
