80 20
TREE NETWORK (nID nID Weight):
1 0 35.0 
2 1 31.0 
3 2 32.0 
46 0 48.0 
4 3 40.0 
36 1 57.0 
5 4 47.0 
48 0 53.0 
72 0 32.0 
73 72 52.0 
37 36 39.0 
6 5 53.0 
19 4 43.0 
49 48 39.0 
50 49 44.0 
20 19 55.0 
39 36 38.0 
55 49 35.0 
62 49 42.0 
7 6 38.0 
63 49 42.0 
15 6 34.0 
56 55 49.0 
42 1 41.0 
44 1 56.0 
21 20 57.0 
40 36 40.0 
23 20 30.0 
8 7 49.0 
57 56 43.0 
47 46 36.0 
77 0 34.0 
75 72 48.0 
58 55 48.0 
51 50 51.0 
61 55 39.0 
24 20 54.0 
41 40 48.0 
74 73 45.0 
53 50 48.0 
59 58 50.0 
10 7 43.0 
16 15 43.0 
25 24 59.0 
64 63 45.0 
29 20 31.0 
11 10 45.0 
12 11 49.0 
43 42 41.0 
35 2 54.0 
30 29 42.0 
17 6 51.0 
31 29 32.0 
26 25 40.0 
33 20 49.0 
78 77 34.0 
68 49 40.0 
22 21 57.0 
69 48 55.0 
45 44 48.0 
70 48 30.0 
18 17 47.0 
13 10 50.0 
79 77 34.0 
52 51 46.0 
76 72 47.0 
71 70 47.0 
38 37 39.0 
32 29 53.0 
34 20 35.0 
60 59 50.0 
54 53 34.0 
65 64 46.0 
14 13 31.0 
27 24 39.0 
66 63 31.0 
9 8 39.0 
28 27 33.0 
67 66 38.0 
PROGRAMS ASSIGNED TO NODES (nID pID1 pID2 ...):
0 1 2 3 4 5 6 7 8 9 10 11 12 13 14 15 16 17 18 19 20  
5 1 2 3 4 5 6 7 9 10 11 13 14 16 17 18 19 20  
59 2 5 6  
41 1 2 4 6 7 8 9 10 12 13 14 15 16 18 19 20  
50 1 2 3 4 7 8 9 10 12 13 14 15 18 20  
55 2 3 5 8 9 13 14 15 16 18 19 20  
46 1 2 3 4 5 7 8 9 10 11 12 13 14 15 17 19 20  
52 1 5 6 14 16  
18 2 14  
49 2 15  
23 1 2 18 19  
22 2 4 5 8 9 11 12 13 17 20  
42 3 4 5 7 8 14 16 18 19  
69 1 2 3 4 5 7 8 9 13 14 15 16 17 18 19  
71 3 4 5 10  
12 3 4 5 6 8 9 10 12 13 14 16 17 18 19 20  
1 3 5 6 7 8 10 12 13 14 15 16 17 19 20  
40 1 4 10 12 14 17 18  
64  
60 3 6  
37 5 6 9 11 15 17 18  
10 5 18  
11 2 3 5 6 8 10 13 14 16 18  
3 1 2 3 4 6 7 8 9 10 11 13 14 15 16 17 18 19 20  
15 1 2 4 5 6 7 9 10 11 12 14 16 18 19 20  
44 1 2 3 5 6 7 8 9 10 11 12 13 14 15 16 17 18 19 20  
29 1 5 8 10 12 13 15 19 20  
30 1 2 3 4 5 6 7 8 9 11 12 13 14 15 16 17 18 19 20  
79 2 4 5 6 10 11 16 17 20  
25 2 9 10 12 13 17 19 20  
54 1 2 3 4 5 6 7 8 9 10 11 14 15 16 17 18 19 20  
17 1 2 3 4 6 10 11 12 13 15 16 18 20  
61 3 5 6 10 11 16 18 19 20  
36 1 3 4 6 9 12 15 16 17  
34 5 6 7 8 9 12 13 15 16 19  
7 1 3 4 5 6 7 8 9 10 11 12 14 15 16 17 18 19 20  
78 1 2 3 4 5 6 7 8 10 11 12 13 14 15 18 19  
32 1 2 3 4 6 7 9 11 12 13 14 15 16 17 19  
76 1 2 3 4 5 6 7 10 16 17 19  
74 4 5 6 20  
24 1 2 3 4 6 8 9 10 11 13 14 15 17 18 19 20  
20 1 2 12 13 15 16 17 19  
47 1 2 3 4 6 7 8 9 10 11 12 13 14 15 16 17 18 19 20  
27 8 10 11  
21  
70 7  
53 1 2 4 5 7 8 11 12 13 14 15 17 18 19 20  
8 7 8 19  
67 5 6 9 13 15 16 17 19 20  
9 1 2 3 4 5 6 7 8 10 11 12 13 14 15 16 17 18 19 20  
57 16 18  
33 2  
68 2 4 8 11 12 16 18  
56 1  
14 6  
63 2 4 6 7 8 9 10 11 12 13 14 15 16 17 19 20  
48 1 2 4 5 6 7 8 9 11 12 14 15 17 18 20  
19 2 7 11 12 13 15 17  
66 2 13 14 15 17 18  
4 1 3 5 6 7 8 9 10 12 13 14 15 17 18 19 20  
6 6 7 16  
51 1 2 8 12 17 20  
28 2 3 7 17 19 20  
73 1 4 5 7 9 11 12 13 14 15 16 17 18 20  
31 1 4 5 9 10 11 15  
58 5 20  
35 2 3 4 8 10 11 12 14 17 18 19 20  
62 1 6 9 10 11 14 15 16 18 20  
77 14  
72 11 13 15 18 19 20  
39 1 8 11 13 14 15 16 18 19  
75 4 10 12 14 16 20  
13 2 3 4 5 6 8 10 12 13 14 15 16 19 20  
43 8  
65 1 2 3 4 15 18 19 20  
16 1 2 3 4 6 7 8 9 10 11 12 13 14 16 17 18 20  
26 1 2 6 17  
2 1 8 10 11 18 20  
38 1 2 3 5 6 7 8 11 14 15 16 17 19 20  
45 2 3 6 7 9 10 11 12 13 15 17 18 19 20  
SIZE OF PROGRAMS (pID SIZE):
1 97.0 
2 43.0 
3 58.0 
4 75.0 
5 85.0 
6 87.0 
7 56.0 
8 48.0 
9 51.0 
10 62.0 
11 98.0 
12 71.0 
13 59.0 
14 85.0 
15 61.0 
16 43.0 
17 95.0 
18 70.0 
19 56.0 
20 90.0 
COST_INSTALL_SERVER_AND_PROGRAMS :
0 3836.734693877551 1.9795918367346939 0.8775510204081632 1.183673469387755 1.530612244897959 1.7346938775510203 1.7755102040816326 1.1428571428571428 0.9795918367346939 1.0408163265306123 1.2653061224489797 2.0 1.4489795918367347 1.2040816326530612 1.7346938775510203 1.2448979591836735 0.8775510204081632 1.9387755102040816 1.4285714285714286 1.1428571428571428 1.836734693877551  
5 142.9874664878665 1.9795918367346939 0.8775510204081632 1.183673469387755 1.530612244897959 1.7346938775510203 1.7755102040816326 1.1428571428571428 0.9795918367346939 1.0408163265306123 1.2653061224489797 2.0 1.4489795918367347 1.2040816326530612 1.7346938775510203 1.2448979591836735 0.8775510204081632 1.9387755102040816 1.4285714285714286 1.1428571428571428 1.836734693877551  
59 21.181401512468945 2.9693877551020407 1.316326530612245 1.7755102040816326 2.295918367346939 2.6020408163265305 2.663265306122449 1.7142857142857142 1.469387755102041 1.5612244897959184 1.8979591836734695 3.0 2.173469387755102 1.8061224489795917 2.6020408163265305 1.8673469387755102 1.316326530612245 2.9081632653061225 2.142857142857143 1.7142857142857142 2.7551020408163267  
41 159.6298988576632 1.9795918367346939 0.8775510204081632 1.183673469387755 1.530612244897959 1.7346938775510203 1.7755102040816326 1.1428571428571428 0.9795918367346939 1.0408163265306123 1.2653061224489797 2.0 1.4489795918367347 1.2040816326530612 1.7346938775510203 1.2448979591836735 0.8775510204081632 1.9387755102040816 1.4285714285714286 1.1428571428571428 1.836734693877551  
50 60.84770277732182 1.9795918367346939 0.8775510204081632 1.183673469387755 1.530612244897959 1.7346938775510203 1.7755102040816326 1.1428571428571428 0.9795918367346939 1.0408163265306123 1.2653061224489797 2.0 1.4489795918367347 1.2040816326530612 1.7346938775510203 1.2448979591836735 0.8775510204081632 1.9387755102040816 1.4285714285714286 1.1428571428571428 1.836734693877551  
55 111.63069237417464 1.9795918367346939 0.8775510204081632 1.183673469387755 1.530612244897959 1.7346938775510203 1.7755102040816326 1.1428571428571428 0.9795918367346939 1.0408163265306123 1.2653061224489797 2.0 1.4489795918367347 1.2040816326530612 1.7346938775510203 1.2448979591836735 0.8775510204081632 1.9387755102040816 1.4285714285714286 1.1428571428571428 1.836734693877551  
46 526.0 2.9693877551020407 1.316326530612245 1.7755102040816326 2.295918367346939 2.6020408163265305 2.663265306122449 1.7142857142857142 1.469387755102041 1.5612244897959184 1.8979591836734695 3.0 2.173469387755102 1.8061224489795917 2.6020408163265305 1.8673469387755102 1.316326530612245 2.9081632653061225 2.142857142857143 1.7142857142857142 2.7551020408163267  
52 32.87207986834887 1.9795918367346939 0.8775510204081632 1.183673469387755 1.530612244897959 1.7346938775510203 1.7755102040816326 1.1428571428571428 0.9795918367346939 1.0408163265306123 1.2653061224489797 2.0 1.4489795918367347 1.2040816326530612 1.7346938775510203 1.2448979591836735 0.8775510204081632 1.9387755102040816 1.4285714285714286 1.1428571428571428 1.836734693877551  
18 42.443468062219026 1.9795918367346939 0.8775510204081632 1.183673469387755 1.530612244897959 1.7346938775510203 1.7755102040816326 1.1428571428571428 0.9795918367346939 1.0408163265306123 1.2653061224489797 2.0 1.4489795918367347 1.2040816326530612 1.7346938775510203 1.2448979591836735 0.8775510204081632 1.9387755102040816 1.4285714285714286 1.1428571428571428 1.836734693877551  
49 54.576754542873026 2.9693877551020407 1.316326530612245 1.7755102040816326 2.295918367346939 2.6020408163265305 2.663265306122449 1.7142857142857142 1.469387755102041 1.5612244897959184 1.8979591836734695 3.0 2.173469387755102 1.8061224489795917 2.6020408163265305 1.8673469387755102 1.316326530612245 2.9081632653061225 2.142857142857143 1.7142857142857142 2.7551020408163267  
23 68.93496755026766 2.9693877551020407 1.316326530612245 1.7755102040816326 2.295918367346939 2.6020408163265305 2.663265306122449 1.7142857142857142 1.469387755102041 1.5612244897959184 1.8979591836734695 3.0 2.173469387755102 1.8061224489795917 2.6020408163265305 1.8673469387755102 1.316326530612245 2.9081632653061225 2.142857142857143 1.7142857142857142 2.7551020408163267  
22 201.21414927715645 1.9795918367346939 0.8775510204081632 1.183673469387755 1.530612244897959 1.7346938775510203 1.7755102040816326 1.1428571428571428 0.9795918367346939 1.0408163265306123 1.2653061224489797 2.0 1.4489795918367347 1.2040816326530612 1.7346938775510203 1.2448979591836735 0.8775510204081632 1.9387755102040816 1.4285714285714286 1.1428571428571428 1.836734693877551  
42 42.62150065259503 1.9795918367346939 0.8775510204081632 1.183673469387755 1.530612244897959 1.7346938775510203 1.7755102040816326 1.1428571428571428 0.9795918367346939 1.0408163265306123 1.2653061224489797 2.0 1.4489795918367347 1.2040816326530612 1.7346938775510203 1.2448979591836735 0.8775510204081632 1.9387755102040816 1.4285714285714286 1.1428571428571428 1.836734693877551  
69 36.3355773150913 2.9693877551020407 1.316326530612245 1.7755102040816326 2.295918367346939 2.6020408163265305 2.663265306122449 1.7142857142857142 1.469387755102041 1.5612244897959184 1.8979591836734695 3.0 2.173469387755102 1.8061224489795917 2.6020408163265305 1.8673469387755102 1.316326530612245 2.9081632653061225 2.142857142857143 1.7142857142857142 2.7551020408163267  
71 27.338895594190596 1.9795918367346939 0.8775510204081632 1.183673469387755 1.530612244897959 1.7346938775510203 1.7755102040816326 1.1428571428571428 0.9795918367346939 1.0408163265306123 1.2653061224489797 2.0 1.4489795918367347 1.2040816326530612 1.7346938775510203 1.2448979591836735 0.8775510204081632 1.9387755102040816 1.4285714285714286 1.1428571428571428 1.836734693877551  
12 391.31158668393095 2.9693877551020407 1.316326530612245 1.7755102040816326 2.295918367346939 2.6020408163265305 2.663265306122449 1.7142857142857142 1.469387755102041 1.5612244897959184 1.8979591836734695 3.0 2.173469387755102 1.8061224489795917 2.6020408163265305 1.8673469387755102 1.316326530612245 2.9081632653061225 2.142857142857143 1.7142857142857142 2.7551020408163267  
1 36.08173238570694 2.9693877551020407 1.316326530612245 1.7755102040816326 2.295918367346939 2.6020408163265305 2.663265306122449 1.7142857142857142 1.469387755102041 1.5612244897959184 1.8979591836734695 3.0 2.173469387755102 1.8061224489795917 2.6020408163265305 1.8673469387755102 1.316326530612245 2.9081632653061225 2.142857142857143 1.7142857142857142 2.7551020408163267  
40 97.41267235776368 1.9795918367346939 0.8775510204081632 1.183673469387755 1.530612244897959 1.7346938775510203 1.7755102040816326 1.1428571428571428 0.9795918367346939 1.0408163265306123 1.2653061224489797 2.0 1.4489795918367347 1.2040816326530612 1.7346938775510203 1.2448979591836735 0.8775510204081632 1.9387755102040816 1.4285714285714286 1.1428571428571428 1.836734693877551  
64 33.39384410487084 2.9693877551020407 1.316326530612245 1.7755102040816326 2.295918367346939 2.6020408163265305 2.663265306122449 1.7142857142857142 1.469387755102041 1.5612244897959184 1.8979591836734695 3.0 2.173469387755102 1.8061224489795917 2.6020408163265305 1.8673469387755102 1.316326530612245 2.9081632653061225 2.142857142857143 1.7142857142857142 2.7551020408163267  
60 14.392214384253865 2.9693877551020407 1.316326530612245 1.7755102040816326 2.295918367346939 2.6020408163265305 2.663265306122449 1.7142857142857142 1.469387755102041 1.5612244897959184 1.8979591836734695 3.0 2.173469387755102 1.8061224489795917 2.6020408163265305 1.8673469387755102 1.316326530612245 2.9081632653061225 2.142857142857143 1.7142857142857142 2.7551020408163267  
37 95.7128174855094 2.9693877551020407 1.316326530612245 1.7755102040816326 2.295918367346939 2.6020408163265305 2.663265306122449 1.7142857142857142 1.469387755102041 1.5612244897959184 1.8979591836734695 3.0 2.173469387755102 1.8061224489795917 2.6020408163265305 1.8673469387755102 1.316326530612245 2.9081632653061225 2.142857142857143 1.7142857142857142 2.7551020408163267  
10 365.01295197395507 2.9693877551020407 1.316326530612245 1.7755102040816326 2.295918367346939 2.6020408163265305 2.663265306122449 1.7142857142857142 1.469387755102041 1.5612244897959184 1.8979591836734695 3.0 2.173469387755102 1.8061224489795917 2.6020408163265305 1.8673469387755102 1.316326530612245 2.9081632653061225 2.142857142857143 1.7142857142857142 2.7551020408163267  
11 299.4092713198288 1.9795918367346939 0.8775510204081632 1.183673469387755 1.530612244897959 1.7346938775510203 1.7755102040816326 1.1428571428571428 0.9795918367346939 1.0408163265306123 1.2653061224489797 2.0 1.4489795918367347 1.2040816326530612 1.7346938775510203 1.2448979591836735 0.8775510204081632 1.9387755102040816 1.4285714285714286 1.1428571428571428 1.836734693877551  
3 162.0918568379254 1.9795918367346939 0.8775510204081632 1.183673469387755 1.530612244897959 1.7346938775510203 1.7755102040816326 1.1428571428571428 0.9795918367346939 1.0408163265306123 1.2653061224489797 2.0 1.4489795918367347 1.2040816326530612 1.7346938775510203 1.2448979591836735 0.8775510204081632 1.9387755102040816 1.4285714285714286 1.1428571428571428 1.836734693877551  
15 334.73865837351434 2.9693877551020407 1.316326530612245 1.7755102040816326 2.295918367346939 2.6020408163265305 2.663265306122449 1.7142857142857142 1.469387755102041 1.5612244897959184 1.8979591836734695 3.0 2.173469387755102 1.8061224489795917 2.6020408163265305 1.8673469387755102 1.316326530612245 2.9081632653061225 2.142857142857143 1.7142857142857142 2.7551020408163267  
44 78.94438024616957 2.9693877551020407 1.316326530612245 1.7755102040816326 2.295918367346939 2.6020408163265305 2.663265306122449 1.7142857142857142 1.469387755102041 1.5612244897959184 1.8979591836734695 3.0 2.173469387755102 1.8061224489795917 2.6020408163265305 1.8673469387755102 1.316326530612245 2.9081632653061225 2.142857142857143 1.7142857142857142 2.7551020408163267  
29 319.898105816092 1.9795918367346939 0.8775510204081632 1.183673469387755 1.530612244897959 1.7346938775510203 1.7755102040816326 1.1428571428571428 0.9795918367346939 1.0408163265306123 1.2653061224489797 2.0 1.4489795918367347 1.2040816326530612 1.7346938775510203 1.2448979591836735 0.8775510204081632 1.9387755102040816 1.4285714285714286 1.1428571428571428 1.836734693877551  
30 241.888559384453 1.9795918367346939 0.8775510204081632 1.183673469387755 1.530612244897959 1.7346938775510203 1.7755102040816326 1.1428571428571428 0.9795918367346939 1.0408163265306123 1.2653061224489797 2.0 1.4489795918367347 1.2040816326530612 1.7346938775510203 1.2448979591836735 0.8775510204081632 1.9387755102040816 1.4285714285714286 1.1428571428571428 1.836734693877551  
79 44.107285131937324 1.9795918367346939 0.8775510204081632 1.183673469387755 1.530612244897959 1.7346938775510203 1.7755102040816326 1.1428571428571428 0.9795918367346939 1.0408163265306123 1.2653061224489797 2.0 1.4489795918367347 1.2040816326530612 1.7346938775510203 1.2448979591836735 0.8775510204081632 1.9387755102040816 1.4285714285714286 1.1428571428571428 1.836734693877551  
25 185.02176929743808 2.9693877551020407 1.316326530612245 1.7755102040816326 2.295918367346939 2.6020408163265305 2.663265306122449 1.7142857142857142 1.469387755102041 1.5612244897959184 1.8979591836734695 3.0 2.173469387755102 1.8061224489795917 2.6020408163265305 1.8673469387755102 1.316326530612245 2.9081632653061225 2.142857142857143 1.7142857142857142 2.7551020408163267  
54 170.31799484804367 2.9693877551020407 1.316326530612245 1.7755102040816326 2.295918367346939 2.6020408163265305 2.663265306122449 1.7142857142857142 1.469387755102041 1.5612244897959184 1.8979591836734695 3.0 2.173469387755102 1.8061224489795917 2.6020408163265305 1.8673469387755102 1.316326530612245 2.9081632653061225 2.142857142857143 1.7142857142857142 2.7551020408163267  
17 248.22992970765452 2.9693877551020407 1.316326530612245 1.7755102040816326 2.295918367346939 2.6020408163265305 2.663265306122449 1.7142857142857142 1.469387755102041 1.5612244897959184 1.8979591836734695 3.0 2.173469387755102 1.8061224489795917 2.6020408163265305 1.8673469387755102 1.316326530612245 2.9081632653061225 2.142857142857143 1.7142857142857142 2.7551020408163267  
61 81.40205775881897 1.9795918367346939 0.8775510204081632 1.183673469387755 1.530612244897959 1.7346938775510203 1.7755102040816326 1.1428571428571428 0.9795918367346939 1.0408163265306123 1.2653061224489797 2.0 1.4489795918367347 1.2040816326530612 1.7346938775510203 1.2448979591836735 0.8775510204081632 1.9387755102040816 1.4285714285714286 1.1428571428571428 1.836734693877551  
36 83.92206524505656 2.9693877551020407 1.316326530612245 1.7755102040816326 2.295918367346939 2.6020408163265305 2.663265306122449 1.7142857142857142 1.469387755102041 1.5612244897959184 1.8979591836734695 3.0 2.173469387755102 1.8061224489795917 2.6020408163265305 1.8673469387755102 1.316326530612245 2.9081632653061225 2.142857142857143 1.7142857142857142 2.7551020408163267  
34 127.81582871579204 2.9693877551020407 1.316326530612245 1.7755102040816326 2.295918367346939 2.6020408163265305 2.663265306122449 1.7142857142857142 1.469387755102041 1.5612244897959184 1.8979591836734695 3.0 2.173469387755102 1.8061224489795917 2.6020408163265305 1.8673469387755102 1.316326530612245 2.9081632653061225 2.142857142857143 1.7142857142857142 2.7551020408163267  
7 268.07560492812286 1.9795918367346939 0.8775510204081632 1.183673469387755 1.530612244897959 1.7346938775510203 1.7755102040816326 1.1428571428571428 0.9795918367346939 1.0408163265306123 1.2653061224489797 2.0 1.4489795918367347 1.2040816326530612 1.7346938775510203 1.2448979591836735 0.8775510204081632 1.9387755102040816 1.4285714285714286 1.1428571428571428 1.836734693877551  
78 54.83157065759626 1.9795918367346939 0.8775510204081632 1.183673469387755 1.530612244897959 1.7346938775510203 1.7755102040816326 1.1428571428571428 0.9795918367346939 1.0408163265306123 1.2653061224489797 2.0 1.4489795918367347 1.2040816326530612 1.7346938775510203 1.2448979591836735 0.8775510204081632 1.9387755102040816 1.4285714285714286 1.1428571428571428 1.836734693877551  
32 191.75410509649416 1.9795918367346939 0.8775510204081632 1.183673469387755 1.530612244897959 1.7346938775510203 1.7755102040816326 1.1428571428571428 0.9795918367346939 1.0408163265306123 1.2653061224489797 2.0 1.4489795918367347 1.2040816326530612 1.7346938775510203 1.2448979591836735 0.8775510204081632 1.9387755102040816 1.4285714285714286 1.1428571428571428 1.836734693877551  
76 39.68101676145704 1.9795918367346939 0.8775510204081632 1.183673469387755 1.530612244897959 1.7346938775510203 1.7755102040816326 1.1428571428571428 0.9795918367346939 1.0408163265306123 1.2653061224489797 2.0 1.4489795918367347 1.2040816326530612 1.7346938775510203 1.2448979591836735 0.8775510204081632 1.9387755102040816 1.4285714285714286 1.1428571428571428 1.836734693877551  
74 37.34681334614593 2.9693877551020407 1.316326530612245 1.7755102040816326 2.295918367346939 2.6020408163265305 2.663265306122449 1.7142857142857142 1.469387755102041 1.5612244897959184 1.8979591836734695 3.0 2.173469387755102 1.8061224489795917 2.6020408163265305 1.8673469387755102 1.316326530612245 2.9081632653061225 2.142857142857143 1.7142857142857142 2.7551020408163267  
24 281.0309576821989 1.9795918367346939 0.8775510204081632 1.183673469387755 1.530612244897959 1.7346938775510203 1.7755102040816326 1.1428571428571428 0.9795918367346939 1.0408163265306123 1.2653061224489797 2.0 1.4489795918367347 1.2040816326530612 1.7346938775510203 1.2448979591836735 0.8775510204081632 1.9387755102040816 1.4285714285714286 1.1428571428571428 1.836734693877551  
20 202.26245507749638 1.9795918367346939 0.8775510204081632 1.183673469387755 1.530612244897959 1.7346938775510203 1.7755102040816326 1.1428571428571428 0.9795918367346939 1.0408163265306123 1.2653061224489797 2.0 1.4489795918367347 1.2040816326530612 1.7346938775510203 1.2448979591836735 0.8775510204081632 1.9387755102040816 1.4285714285714286 1.1428571428571428 1.836734693877551  
47 37.215749822129695 1.9795918367346939 0.8775510204081632 1.183673469387755 1.530612244897959 1.7346938775510203 1.7755102040816326 1.1428571428571428 0.9795918367346939 1.0408163265306123 1.2653061224489797 2.0 1.4489795918367347 1.2040816326530612 1.7346938775510203 1.2448979591836735 0.8775510204081632 1.9387755102040816 1.4285714285714286 1.1428571428571428 1.836734693877551  
27 81.86522640283566 2.9693877551020407 1.316326530612245 1.7755102040816326 2.295918367346939 2.6020408163265305 2.663265306122449 1.7142857142857142 1.469387755102041 1.5612244897959184 1.8979591836734695 3.0 2.173469387755102 1.8061224489795917 2.6020408163265305 1.8673469387755102 1.316326530612245 2.9081632653061225 2.142857142857143 1.7142857142857142 2.7551020408163267  
21 105.37330558774563 1.9795918367346939 0.8775510204081632 1.183673469387755 1.530612244897959 1.7346938775510203 1.7755102040816326 1.1428571428571428 0.9795918367346939 1.0408163265306123 1.2653061224489797 2.0 1.4489795918367347 1.2040816326530612 1.7346938775510203 1.2448979591836735 0.8775510204081632 1.9387755102040816 1.4285714285714286 1.1428571428571428 1.836734693877551  
70 24.017120210158144 2.9693877551020407 1.316326530612245 1.7755102040816326 2.295918367346939 2.6020408163265305 2.663265306122449 1.7142857142857142 1.469387755102041 1.5612244897959184 1.8979591836734695 3.0 2.173469387755102 1.8061224489795917 2.6020408163265305 1.8673469387755102 1.316326530612245 2.9081632653061225 2.142857142857143 1.7142857142857142 2.7551020408163267  
53 135.6733429683348 2.9693877551020407 1.316326530612245 1.7755102040816326 2.295918367346939 2.6020408163265305 2.663265306122449 1.7142857142857142 1.469387755102041 1.5612244897959184 1.8979591836734695 3.0 2.173469387755102 1.8061224489795917 2.6020408163265305 1.8673469387755102 1.316326530612245 2.9081632653061225 2.142857142857143 1.7142857142857142 2.7551020408163267  
8 272.72177076172443 1.9795918367346939 0.8775510204081632 1.183673469387755 1.530612244897959 1.7346938775510203 1.7755102040816326 1.1428571428571428 0.9795918367346939 1.0408163265306123 1.2653061224489797 2.0 1.4489795918367347 1.2040816326530612 1.7346938775510203 1.2448979591836735 0.8775510204081632 1.9387755102040816 1.4285714285714286 1.1428571428571428 1.836734693877551  
67 88.03680206334798 2.9693877551020407 1.316326530612245 1.7755102040816326 2.295918367346939 2.6020408163265305 2.663265306122449 1.7142857142857142 1.469387755102041 1.5612244897959184 1.8979591836734695 3.0 2.173469387755102 1.8061224489795917 2.6020408163265305 1.8673469387755102 1.316326530612245 2.9081632653061225 2.142857142857143 1.7142857142857142 2.7551020408163267  
9 516.0434240405526 2.9693877551020407 1.316326530612245 1.7755102040816326 2.295918367346939 2.6020408163265305 2.663265306122449 1.7142857142857142 1.469387755102041 1.5612244897959184 1.8979591836734695 3.0 2.173469387755102 1.8061224489795917 2.6020408163265305 1.8673469387755102 1.316326530612245 2.9081632653061225 2.142857142857143 1.7142857142857142 2.7551020408163267  
57 15.191560540973994 2.9693877551020407 1.316326530612245 1.7755102040816326 2.295918367346939 2.6020408163265305 2.663265306122449 1.7142857142857142 1.469387755102041 1.5612244897959184 1.8979591836734695 3.0 2.173469387755102 1.8061224489795917 2.6020408163265305 1.8673469387755102 1.316326530612245 2.9081632653061225 2.142857142857143 1.7142857142857142 2.7551020408163267  
33 6.590173589247116 2.9693877551020407 1.316326530612245 1.7755102040816326 2.295918367346939 2.6020408163265305 2.663265306122449 1.7142857142857142 1.469387755102041 1.5612244897959184 1.8979591836734695 3.0 2.173469387755102 1.8061224489795917 2.6020408163265305 1.8673469387755102 1.316326530612245 2.9081632653061225 2.142857142857143 1.7142857142857142 2.7551020408163267  
68 22.75507175846251 1.9795918367346939 0.8775510204081632 1.183673469387755 1.530612244897959 1.7346938775510203 1.7755102040816326 1.1428571428571428 0.9795918367346939 1.0408163265306123 1.2653061224489797 2.0 1.4489795918367347 1.2040816326530612 1.7346938775510203 1.2448979591836735 0.8775510204081632 1.9387755102040816 1.4285714285714286 1.1428571428571428 1.836734693877551  
56 26.220867460474846 1.9795918367346939 0.8775510204081632 1.183673469387755 1.530612244897959 1.7346938775510203 1.7755102040816326 1.1428571428571428 0.9795918367346939 1.0408163265306123 1.2653061224489797 2.0 1.4489795918367347 1.2040816326530612 1.7346938775510203 1.2448979591836735 0.8775510204081632 1.9387755102040816 1.4285714285714286 1.1428571428571428 1.836734693877551  
14 20.5121268286637 2.9693877551020407 1.316326530612245 1.7755102040816326 2.295918367346939 2.6020408163265305 2.663265306122449 1.7142857142857142 1.469387755102041 1.5612244897959184 1.8979591836734695 3.0 2.173469387755102 1.8061224489795917 2.6020408163265305 1.8673469387755102 1.316326530612245 2.9081632653061225 2.142857142857143 1.7142857142857142 2.7551020408163267  
63 102.45590012363357 2.9693877551020407 1.316326530612245 1.7755102040816326 2.295918367346939 2.6020408163265305 2.663265306122449 1.7142857142857142 1.469387755102041 1.5612244897959184 1.8979591836734695 3.0 2.173469387755102 1.8061224489795917 2.6020408163265305 1.8673469387755102 1.316326530612245 2.9081632653061225 2.142857142857143 1.7142857142857142 2.7551020408163267  
48 27.58000836870522 1.9795918367346939 0.8775510204081632 1.183673469387755 1.530612244897959 1.7346938775510203 1.7755102040816326 1.1428571428571428 0.9795918367346939 1.0408163265306123 1.2653061224489797 2.0 1.4489795918367347 1.2040816326530612 1.7346938775510203 1.2448979591836735 0.8775510204081632 1.9387755102040816 1.4285714285714286 1.1428571428571428 1.836734693877551  
19 127.65038543502287 1.9795918367346939 0.8775510204081632 1.183673469387755 1.530612244897959 1.7346938775510203 1.7755102040816326 1.1428571428571428 0.9795918367346939 1.0408163265306123 1.2653061224489797 2.0 1.4489795918367347 1.2040816326530612 1.7346938775510203 1.2448979591836735 0.8775510204081632 1.9387755102040816 1.4285714285714286 1.1428571428571428 1.836734693877551  
66 97.7849916358224 2.9693877551020407 1.316326530612245 1.7755102040816326 2.295918367346939 2.6020408163265305 2.663265306122449 1.7142857142857142 1.469387755102041 1.5612244897959184 1.8979591836734695 3.0 2.173469387755102 1.8061224489795917 2.6020408163265305 1.8673469387755102 1.316326530612245 2.9081632653061225 2.142857142857143 1.7142857142857142 2.7551020408163267  
4 133.29880489456005 1.9795918367346939 0.8775510204081632 1.183673469387755 1.530612244897959 1.7346938775510203 1.7755102040816326 1.1428571428571428 0.9795918367346939 1.0408163265306123 1.2653061224489797 2.0 1.4489795918367347 1.2040816326530612 1.7346938775510203 1.2448979591836735 0.8775510204081632 1.9387755102040816 1.4285714285714286 1.1428571428571428 1.836734693877551  
6 260.88331555940243 1.9795918367346939 0.8775510204081632 1.183673469387755 1.530612244897959 1.7346938775510203 1.7755102040816326 1.1428571428571428 0.9795918367346939 1.0408163265306123 1.2653061224489797 2.0 1.4489795918367347 1.2040816326530612 1.7346938775510203 1.2448979591836735 0.8775510204081632 1.9387755102040816 1.4285714285714286 1.1428571428571428 1.836734693877551  
51 59.86248561860702 2.9693877551020407 1.316326530612245 1.7755102040816326 2.295918367346939 2.6020408163265305 2.663265306122449 1.7142857142857142 1.469387755102041 1.5612244897959184 1.8979591836734695 3.0 2.173469387755102 1.8061224489795917 2.6020408163265305 1.8673469387755102 1.316326530612245 2.9081632653061225 2.142857142857143 1.7142857142857142 2.7551020408163267  
28 133.47298912050186 1.9795918367346939 0.8775510204081632 1.183673469387755 1.530612244897959 1.7346938775510203 1.7755102040816326 1.1428571428571428 0.9795918367346939 1.0408163265306123 1.2653061224489797 2.0 1.4489795918367347 1.2040816326530612 1.7346938775510203 1.2448979591836735 0.8775510204081632 1.9387755102040816 1.4285714285714286 1.1428571428571428 1.836734693877551  
73 45.810061009722844 1.9795918367346939 0.8775510204081632 1.183673469387755 1.530612244897959 1.7346938775510203 1.7755102040816326 1.1428571428571428 0.9795918367346939 1.0408163265306123 1.2653061224489797 2.0 1.4489795918367347 1.2040816326530612 1.7346938775510203 1.2448979591836735 0.8775510204081632 1.9387755102040816 1.4285714285714286 1.1428571428571428 1.836734693877551  
31 120.87207050998656 2.9693877551020407 1.316326530612245 1.7755102040816326 2.295918367346939 2.6020408163265305 2.663265306122449 1.7142857142857142 1.469387755102041 1.5612244897959184 1.8979591836734695 3.0 2.173469387755102 1.8061224489795917 2.6020408163265305 1.8673469387755102 1.316326530612245 2.9081632653061225 2.142857142857143 1.7142857142857142 2.7551020408163267  
58 39.61859852567204 1.9795918367346939 0.8775510204081632 1.183673469387755 1.530612244897959 1.7346938775510203 1.7755102040816326 1.1428571428571428 0.9795918367346939 1.0408163265306123 1.2653061224489797 2.0 1.4489795918367347 1.2040816326530612 1.7346938775510203 1.2448979591836735 0.8775510204081632 1.9387755102040816 1.4285714285714286 1.1428571428571428 1.836734693877551  
35 103.9853591294185 1.9795918367346939 0.8775510204081632 1.183673469387755 1.530612244897959 1.7346938775510203 1.7755102040816326 1.1428571428571428 0.9795918367346939 1.0408163265306123 1.2653061224489797 2.0 1.4489795918367347 1.2040816326530612 1.7346938775510203 1.2448979591836735 0.8775510204081632 1.9387755102040816 1.4285714285714286 1.1428571428571428 1.836734693877551  
62 46.75843217594709 2.9693877551020407 1.316326530612245 1.7755102040816326 2.295918367346939 2.6020408163265305 2.663265306122449 1.7142857142857142 1.469387755102041 1.5612244897959184 1.8979591836734695 3.0 2.173469387755102 1.8061224489795917 2.6020408163265305 1.8673469387755102 1.316326530612245 2.9081632653061225 2.142857142857143 1.7142857142857142 2.7551020408163267  
77 30.22298904521756 1.9795918367346939 0.8775510204081632 1.183673469387755 1.530612244897959 1.7346938775510203 1.7755102040816326 1.1428571428571428 0.9795918367346939 1.0408163265306123 1.2653061224489797 2.0 1.4489795918367347 1.2040816326530612 1.7346938775510203 1.2448979591836735 0.8775510204081632 1.9387755102040816 1.4285714285714286 1.1428571428571428 1.836734693877551  
72 22.670186987787464 1.9795918367346939 0.8775510204081632 1.183673469387755 1.530612244897959 1.7346938775510203 1.7755102040816326 1.1428571428571428 0.9795918367346939 1.0408163265306123 1.2653061224489797 2.0 1.4489795918367347 1.2040816326530612 1.7346938775510203 1.2448979591836735 0.8775510204081632 1.9387755102040816 1.4285714285714286 1.1428571428571428 1.836734693877551  
39 45.09521686866324 2.9693877551020407 1.316326530612245 1.7755102040816326 2.295918367346939 2.6020408163265305 2.663265306122449 1.7142857142857142 1.469387755102041 1.5612244897959184 1.8979591836734695 3.0 2.173469387755102 1.8061224489795917 2.6020408163265305 1.8673469387755102 1.316326530612245 2.9081632653061225 2.142857142857143 1.7142857142857142 2.7551020408163267  
75 25.793931345414535 1.9795918367346939 0.8775510204081632 1.183673469387755 1.530612244897959 1.7346938775510203 1.7755102040816326 1.1428571428571428 0.9795918367346939 1.0408163265306123 1.2653061224489797 2.0 1.4489795918367347 1.2040816326530612 1.7346938775510203 1.2448979591836735 0.8775510204081632 1.9387755102040816 1.4285714285714286 1.1428571428571428 1.836734693877551  
13 134.89900402230498 2.9693877551020407 1.316326530612245 1.7755102040816326 2.295918367346939 2.6020408163265305 2.663265306122449 1.7142857142857142 1.469387755102041 1.5612244897959184 1.8979591836734695 3.0 2.173469387755102 1.8061224489795917 2.6020408163265305 1.8673469387755102 1.316326530612245 2.9081632653061225 2.142857142857143 1.7142857142857142 2.7551020408163267  
43 2.2720155935865143 1.9795918367346939 0.8775510204081632 1.183673469387755 1.530612244897959 1.7346938775510203 1.7755102040816326 1.1428571428571428 0.9795918367346939 1.0408163265306123 1.2653061224489797 2.0 1.4489795918367347 1.2040816326530612 1.7346938775510203 1.2448979591836735 0.8775510204081632 1.9387755102040816 1.4285714285714286 1.1428571428571428 1.836734693877551  
65 97.27150035995963 2.9693877551020407 1.316326530612245 1.7755102040816326 2.295918367346939 2.6020408163265305 2.663265306122449 1.7142857142857142 1.469387755102041 1.5612244897959184 1.8979591836734695 3.0 2.173469387755102 1.8061224489795917 2.6020408163265305 1.8673469387755102 1.316326530612245 2.9081632653061225 2.142857142857143 1.7142857142857142 2.7551020408163267  
16 378.0626831910153 2.9693877551020407 1.316326530612245 1.7755102040816326 2.295918367346939 2.6020408163265305 2.663265306122449 1.7142857142857142 1.469387755102041 1.5612244897959184 1.8979591836734695 3.0 2.173469387755102 1.8061224489795917 2.6020408163265305 1.8673469387755102 1.316326530612245 2.9081632653061225 2.142857142857143 1.7142857142857142 2.7551020408163267  
26 112.8366920258234 2.9693877551020407 1.316326530612245 1.7755102040816326 2.295918367346939 2.6020408163265305 2.663265306122449 1.7142857142857142 1.469387755102041 1.5612244897959184 1.8979591836734695 3.0 2.173469387755102 1.8061224489795917 2.6020408163265305 1.8673469387755102 1.316326530612245 2.9081632653061225 2.142857142857143 1.7142857142857142 2.7551020408163267  
2 67.26355787659247 2.9693877551020407 1.316326530612245 1.7755102040816326 2.295918367346939 2.6020408163265305 2.663265306122449 1.7142857142857142 1.469387755102041 1.5612244897959184 1.8979591836734695 3.0 2.173469387755102 1.8061224489795917 2.6020408163265305 1.8673469387755102 1.316326530612245 2.9081632653061225 2.142857142857143 1.7142857142857142 2.7551020408163267  
38 42.15215785536225 2.9693877551020407 1.316326530612245 1.7755102040816326 2.295918367346939 2.6020408163265305 2.663265306122449 1.7142857142857142 1.469387755102041 1.5612244897959184 1.8979591836734695 3.0 2.173469387755102 1.8061224489795917 2.6020408163265305 1.8673469387755102 1.316326530612245 2.9081632653061225 2.142857142857143 1.7142857142857142 2.7551020408163267  
45 46.908374573985846 1.9795918367346939 0.8775510204081632 1.183673469387755 1.530612244897959 1.7346938775510203 1.7755102040816326 1.1428571428571428 0.9795918367346939 1.0408163265306123 1.2653061224489797 2.0 1.4489795918367347 1.2040816326530612 1.7346938775510203 1.2448979591836735 0.8775510204081632 1.9387755102040816 1.4285714285714286 1.1428571428571428 1.836734693877551  
