120 10
TREE NETWORK (nID nID Weight):
1 0 56.0 
2 1 32.0 
28 1 56.0 
61 1 35.0 
62 61 45.0 
3 2 38.0 
29 28 59.0 
97 0 36.0 
108 0 52.0 
63 62 32.0 
30 29 49.0 
109 0 43.0 
82 61 34.0 
64 63 39.0 
10 2 30.0 
11 10 32.0 
35 28 38.0 
111 0 49.0 
50 28 40.0 
36 35 52.0 
20 2 53.0 
42 35 46.0 
32 29 52.0 
47 35 46.0 
71 63 50.0 
112 111 46.0 
34 29 38.0 
51 50 38.0 
43 42 43.0 
83 82 50.0 
23 2 32.0 
98 97 32.0 
44 42 46.0 
53 28 30.0 
87 82 35.0 
4 3 54.0 
37 36 31.0 
21 20 54.0 
101 97 36.0 
31 30 59.0 
54 53 40.0 
26 2 50.0 
76 62 54.0 
114 111 38.0 
24 23 30.0 
90 1 30.0 
55 28 33.0 
14 10 41.0 
15 14 48.0 
84 83 57.0 
91 1 47.0 
102 101 56.0 
103 102 44.0 
12 11 55.0 
16 14 50.0 
94 1 50.0 
107 97 32.0 
95 1 52.0 
92 91 56.0 
88 87 44.0 
46 42 34.0 
99 98 32.0 
22 21 38.0 
8 3 43.0 
115 111 49.0 
77 76 41.0 
9 3 51.0 
89 61 37.0 
5 4 59.0 
56 55 37.0 
45 44 36.0 
48 47 38.0 
72 71 33.0 
73 72 45.0 
49 47 32.0 
25 23 56.0 
6 5 55.0 
110 109 35.0 
27 26 52.0 
116 111 54.0 
13 12 59.0 
104 103 44.0 
78 76 37.0 
96 95 51.0 
38 37 41.0 
74 71 38.0 
39 37 59.0 
41 37 39.0 
65 64 38.0 
85 84 42.0 
79 76 54.0 
52 51 47.0 
106 102 52.0 
17 16 48.0 
105 104 58.0 
66 65 37.0 
86 85 52.0 
93 91 30.0 
57 56 44.0 
7 6 49.0 
40 39 52.0 
118 111 51.0 
80 62 58.0 
75 74 44.0 
70 64 41.0 
119 111 52.0 
19 10 51.0 
59 55 53.0 
67 65 31.0 
100 98 30.0 
58 57 45.0 
113 112 35.0 
18 14 33.0 
68 65 49.0 
117 116 47.0 
60 59 57.0 
33 32 36.0 
69 68 55.0 
81 62 55.0 
PROGRAMS ASSIGNED TO NODES (nID pID1 pID2 ...):
0 1 2 3 4 5 6 7 8 9 10  
107 3 6  
113  
55 2 3 5 7 8 9 10  
12 1 3 4 5 6 7 8 9 10  
57 4 8  
112 2 3 7 9 10  
105 1 5 9 10  
116 1 2 3 4 5 7 8 9 10  
50 1 4 6  
109 1 3 4 5 6 7 8 9 10  
22 3 7  
43 1 4 5 7 10  
56 1 2 3 4 5 6 7 9 10  
114  
69 1 6 7 9  
64 2 3 5 6 7 8 10  
23 1 3 4 5 7 8 9 10  
53 1 4  
110 1 8  
15 3  
86 1 2 6 7 8 9 10  
29 2 3 4 5 9  
49 1 2 4 7 8 9 10  
88 1 6 8 9  
35 2 7 8 9 10  
95 5 7 9 10  
65 3 7 10  
46 1 2 3 6 8 10  
92 1 2 3 4 5 7 8 9 10  
27 2 3  
42 3 9  
104 10  
80  
39 1 2 3 4 5 6 8 9  
8 1 3 4 5 8 9 10  
1 1 2 5 8 9  
28 1 2 6 8  
11 1 3 5 6 8  
37  
58 1 2 3 4 10  
76 2 5 6 10  
59 1 2 4 10  
70 1 3 4 5 6 7 8 10  
21 2 3 4 5 7 9 10  
79  
96  
94  
93 1 2 3 4 5 9  
47 7 8  
5 2 5 6 7 9 10  
33 2 3 4 5 7 8  
17 1 3 6 8  
30 1 3 9 10  
26 1 2 4 5 9 10  
10 2 3 4 7 8 9 10  
36 1 2 3 4 8 9  
32  
81 2 5 8 9  
3 1 3 4 5 6 7 8 9 10  
4 1 2 4 6 9  
83 1 3 4 5 6 8  
60 5  
67 1 2 4 6 8 9 10  
38 2 3 4 6 7 8 9 10  
31  
72 3 7 9  
75  
119 1 2 3 6 7 8 9  
48 2 4 6  
68 1 7  
103 2 3 4 5 6 7 8 9 10  
51 1 2 5 6 7 8 9  
14 2 3 4  
63  
99 5 6 7 9 10  
20 1 3 6 10  
16 8  
77 2 4 5 6 7 8 9 10  
85 2 3 7  
102 1 3 4 8 10  
71 3 4 6 7 8 9 10  
24 2  
54 1 2  
6 2 3 4 5 6 7 8 9 10  
52 3 4 6 8  
61 1 2 3 5 7 9  
118 1 2 3 4 5 6 8 9 10  
13 1 4 5 7 8  
108 1 2 3 4 5 6 8 9 10  
111 1 3 6 7 10  
100 1 4 5 6 8  
40 1 2 3 6 8 9 10  
74 2 3 4 6 7 8 9 10  
73 2 3 4 6 8 9 10  
98  
25 1 2 3 4 5 6 7 9 10  
90 2 5 8  
7 1 2 3 5 6 7 8 9 10  
87 1 2 3 4 6 7 8 9 10  
66 1  
89 4 6 7 9 10  
19 1 2 3 5 6 9 10  
84 6  
78 2 4 5 7 8 9  
9 4 5  
106  
2 1 2 3 4 5 6 8 9 10  
97 5  
115 1 2 3 4 5 6 8 10  
44 1 2  
117 1 9  
41 4 7  
82 4  
34 8 9 10  
18 1 2 3 4 6 7 8 9 10  
101  
91 1 2 3 4 5 6 7 8 9  
45 10  
62 2 3 8 10  
SIZE OF PROGRAMS (pID SIZE):
1 54.0 
2 92.0 
3 79.0 
4 52.0 
5 86.0 
6 78.0 
7 53.0 
8 74.0 
9 72.0 
10 84.0 
COST_INSTALL_SERVER_AND_PROGRAMS :
0 3360.869565217392 1.7608695652173914 3.0 2.5760869565217392 1.6956521739130435 2.8043478260869565 2.5434782608695654 1.7282608695652173 2.4130434782608696 2.347826086956522 2.739130434782609  
107 15.310353984604337 1.173913043478261 2.0 1.7173913043478262 1.1304347826086956 1.8695652173913044 1.6956521739130435 1.1521739130434783 1.608695652173913 1.565217391304348 1.826086956521739  
113 176.0 1.173913043478261 2.0 1.7173913043478262 1.1304347826086956 1.8695652173913044 1.6956521739130435 1.1521739130434783 1.608695652173913 1.565217391304348 1.826086956521739  
55 59.54769561004102 1.7608695652173914 3.0 2.5760869565217392 1.6956521739130435 2.8043478260869565 2.5434782608695654 1.7282608695652173 2.4130434782608696 2.347826086956522 2.739130434782609  
12 124.31422338475753 1.7608695652173914 3.0 2.5760869565217392 1.6956521739130435 2.8043478260869565 2.5434782608695654 1.7282608695652173 2.4130434782608696 2.347826086956522 2.739130434782609  
57 67.81639852706805 1.173913043478261 2.0 1.7173913043478262 1.1304347826086956 1.8695652173913044 1.6956521739130435 1.1521739130434783 1.608695652173913 1.565217391304348 1.826086956521739  
112 15.740133374087428 1.173913043478261 2.0 1.7173913043478262 1.1304347826086956 1.8695652173913044 1.6956521739130435 1.1521739130434783 1.608695652173913 1.565217391304348 1.826086956521739  
105 38.0093763295318 1.7608695652173914 3.0 2.5760869565217392 1.6956521739130435 2.8043478260869565 2.5434782608695654 1.7282608695652173 2.4130434782608696 2.347826086956522 2.739130434782609  
116 20.490045667993982 1.173913043478261 2.0 1.7173913043478262 1.1304347826086956 1.8695652173913044 1.6956521739130435 1.1521739130434783 1.608695652173913 1.565217391304348 1.826086956521739  
50 53.32913778095922 1.173913043478261 2.0 1.7173913043478262 1.1304347826086956 1.8695652173913044 1.6956521739130435 1.1521739130434783 1.608695652173913 1.565217391304348 1.826086956521739  
109 14.288462888767961 1.173913043478261 2.0 1.7173913043478262 1.1304347826086956 1.8695652173913044 1.6956521739130435 1.1521739130434783 1.608695652173913 1.565217391304348 1.826086956521739  
22 8.940500831947498 1.7608695652173914 3.0 2.5760869565217392 1.6956521739130435 2.8043478260869565 2.5434782608695654 1.7282608695652173 2.4130434782608696 2.347826086956522 2.739130434782609  
43 43.95637542044935 1.173913043478261 2.0 1.7173913043478262 1.1304347826086956 1.8695652173913044 1.6956521739130435 1.1521739130434783 1.608695652173913 1.565217391304348 1.826086956521739  
56 62.71516061322014 1.173913043478261 2.0 1.7173913043478262 1.1304347826086956 1.8695652173913044 1.6956521739130435 1.1521739130434783 1.608695652173913 1.565217391304348 1.826086956521739  
114 815.0 1.173913043478261 2.0 1.7173913043478262 1.1304347826086956 1.8695652173913044 1.6956521739130435 1.1521739130434783 1.608695652173913 1.565217391304348 1.826086956521739  
69 51.94958233361078 1.173913043478261 2.0 1.7173913043478262 1.1304347826086956 1.8695652173913044 1.6956521739130435 1.1521739130434783 1.608695652173913 1.565217391304348 1.826086956521739  
64 132.72904660009303 1.7608695652173914 3.0 2.5760869565217392 1.6956521739130435 2.8043478260869565 2.5434782608695654 1.7282608695652173 2.4130434782608696 2.347826086956522 2.739130434782609  
23 87.11542941858148 1.173913043478261 2.0 1.7173913043478262 1.1304347826086956 1.8695652173913044 1.6956521739130435 1.1521739130434783 1.608695652173913 1.565217391304348 1.826086956521739  
53 17.750978896283208 1.7608695652173914 3.0 2.5760869565217392 1.6956521739130435 2.8043478260869565 2.5434782608695654 1.7282608695652173 2.4130434782608696 2.347826086956522 2.739130434782609  
110 8.788548196395155 1.173913043478261 2.0 1.7173913043478262 1.1304347826086956 1.8695652173913044 1.6956521739130435 1.1521739130434783 1.608695652173913 1.565217391304348 1.826086956521739  
15 8.934176153021312 1.173913043478261 2.0 1.7173913043478262 1.1304347826086956 1.8695652173913044 1.6956521739130435 1.1521739130434783 1.608695652173913 1.565217391304348 1.826086956521739  
86 113.96491306203686 1.7608695652173914 3.0 2.5760869565217392 1.6956521739130435 2.8043478260869565 2.5434782608695654 1.7282608695652173 2.4130434782608696 2.347826086956522 2.739130434782609  
29 15.348339153043927 1.7608695652173914 3.0 2.5760869565217392 1.6956521739130435 2.8043478260869565 2.5434782608695654 1.7282608695652173 2.4130434782608696 2.347826086956522 2.739130434782609  
49 79.92465894901422 1.7608695652173914 3.0 2.5760869565217392 1.6956521739130435 2.8043478260869565 2.5434782608695654 1.7282608695652173 2.4130434782608696 2.347826086956522 2.739130434782609  
88 32.66666135936229 1.173913043478261 2.0 1.7173913043478262 1.1304347826086956 1.8695652173913044 1.6956521739130435 1.1521739130434783 1.608695652173913 1.565217391304348 1.826086956521739  
35 39.53850646322606 1.173913043478261 2.0 1.7173913043478262 1.1304347826086956 1.8695652173913044 1.6956521739130435 1.1521739130434783 1.608695652173913 1.565217391304348 1.826086956521739  
95 8.363728122310889 1.173913043478261 2.0 1.7173913043478262 1.1304347826086956 1.8695652173913044 1.6956521739130435 1.1521739130434783 1.608695652173913 1.565217391304348 1.826086956521739  
65 73.37448290436859 1.7608695652173914 3.0 2.5760869565217392 1.6956521739130435 2.8043478260869565 2.5434782608695654 1.7282608695652173 2.4130434782608696 2.347826086956522 2.739130434782609  
46 74.42597642179297 1.173913043478261 2.0 1.7173913043478262 1.1304347826086956 1.8695652173913044 1.6956521739130435 1.1521739130434783 1.608695652173913 1.565217391304348 1.826086956521739  
92 34.31192227131558 1.173913043478261 2.0 1.7173913043478262 1.1304347826086956 1.8695652173913044 1.6956521739130435 1.1521739130434783 1.608695652173913 1.565217391304348 1.826086956521739  
27 11.324757379875562 1.173913043478261 2.0 1.7173913043478262 1.1304347826086956 1.8695652173913044 1.6956521739130435 1.1521739130434783 1.608695652173913 1.565217391304348 1.826086956521739  
42 48.17617623697586 1.173913043478261 2.0 1.7173913043478262 1.1304347826086956 1.8695652173913044 1.6956521739130435 1.1521739130434783 1.608695652173913 1.565217391304348 1.826086956521739  
104 31.3909225392523 1.7608695652173914 3.0 2.5760869565217392 1.6956521739130435 2.8043478260869565 2.5434782608695654 1.7282608695652173 2.4130434782608696 2.347826086956522 2.739130434782609  
80 833.0 1.7608695652173914 3.0 2.5760869565217392 1.6956521739130435 2.8043478260869565 2.5434782608695654 1.7282608695652173 2.4130434782608696 2.347826086956522 2.739130434782609  
39 70.73461312653961 1.173913043478261 2.0 1.7173913043478262 1.1304347826086956 1.8695652173913044 1.6956521739130435 1.1521739130434783 1.608695652173913 1.565217391304348 1.826086956521739  
8 32.0130799968705 1.173913043478261 2.0 1.7173913043478262 1.1304347826086956 1.8695652173913044 1.6956521739130435 1.1521739130434783 1.608695652173913 1.565217391304348 1.826086956521739  
1 3.462107651067349 1.7608695652173914 3.0 2.5760869565217392 1.6956521739130435 2.8043478260869565 2.5434782608695654 1.7282608695652173 2.4130434782608696 2.347826086956522 2.739130434782609  
28 24.135853823147574 1.7608695652173914 3.0 2.5760869565217392 1.6956521739130435 2.8043478260869565 2.5434782608695654 1.7282608695652173 2.4130434782608696 2.347826086956522 2.739130434782609  
11 77.94415280047994 1.173913043478261 2.0 1.7173913043478262 1.1304347826086956 1.8695652173913044 1.6956521739130435 1.1521739130434783 1.608695652173913 1.565217391304348 1.826086956521739  
37 93.54244342120714 1.7608695652173914 3.0 2.5760869565217392 1.6956521739130435 2.8043478260869565 2.5434782608695654 1.7282608695652173 2.4130434782608696 2.347826086956522 2.739130434782609  
58 71.62449334119603 1.173913043478261 2.0 1.7173913043478262 1.1304347826086956 1.8695652173913044 1.6956521739130435 1.1521739130434783 1.608695652173913 1.565217391304348 1.826086956521739  
76 43.17034307550756 1.7608695652173914 3.0 2.5760869565217392 1.6956521739130435 2.8043478260869565 2.5434782608695654 1.7282608695652173 2.4130434782608696 2.347826086956522 2.739130434782609  
59 35.85332905364948 1.173913043478261 2.0 1.7173913043478262 1.1304347826086956 1.8695652173913044 1.6956521739130435 1.1521739130434783 1.608695652173913 1.565217391304348 1.826086956521739  
70 106.25390153202952 1.7608695652173914 3.0 2.5760869565217392 1.6956521739130435 2.8043478260869565 2.5434782608695654 1.7282608695652173 2.4130434782608696 2.347826086956522 2.739130434782609  
21 42.60797057228898 1.173913043478261 2.0 1.7173913043478262 1.1304347826086956 1.8695652173913044 1.6956521739130435 1.1521739130434783 1.608695652173913 1.565217391304348 1.826086956521739  
79 981.0 1.173913043478261 2.0 1.7173913043478262 1.1304347826086956 1.8695652173913044 1.6956521739130435 1.1521739130434783 1.608695652173913 1.565217391304348 1.826086956521739  
96 520.0 1.173913043478261 2.0 1.7173913043478262 1.1304347826086956 1.8695652173913044 1.6956521739130435 1.1521739130434783 1.608695652173913 1.565217391304348 1.826086956521739  
94 123.0 1.173913043478261 2.0 1.7173913043478262 1.1304347826086956 1.8695652173913044 1.6956521739130435 1.1521739130434783 1.608695652173913 1.565217391304348 1.826086956521739  
93 33.62152961640833 1.173913043478261 2.0 1.7173913043478262 1.1304347826086956 1.8695652173913044 1.6956521739130435 1.1521739130434783 1.608695652173913 1.565217391304348 1.826086956521739  
47 44.747779302802854 1.173913043478261 2.0 1.7173913043478262 1.1304347826086956 1.8695652173913044 1.6956521739130435 1.1521739130434783 1.608695652173913 1.565217391304348 1.826086956521739  
5 86.62173630588183 1.173913043478261 2.0 1.7173913043478262 1.1304347826086956 1.8695652173913044 1.6956521739130435 1.1521739130434783 1.608695652173913 1.565217391304348 1.826086956521739  
33 36.572480526265 1.173913043478261 2.0 1.7173913043478262 1.1304347826086956 1.8695652173913044 1.6956521739130435 1.1521739130434783 1.608695652173913 1.565217391304348 1.826086956521739  
17 28.83263908438345 1.7608695652173914 3.0 2.5760869565217392 1.6956521739130435 2.8043478260869565 2.5434782608695654 1.7282608695652173 2.4130434782608696 2.347826086956522 2.739130434782609  
30 23.667661255203306 1.7608695652173914 3.0 2.5760869565217392 1.6956521739130435 2.8043478260869565 2.5434782608695654 1.7282608695652173 2.4130434782608696 2.347826086956522 2.739130434782609  
26 18.36906293980409 1.173913043478261 2.0 1.7173913043478262 1.1304347826086956 1.8695652173913044 1.6956521739130435 1.1521739130434783 1.608695652173913 1.565217391304348 1.826086956521739  
10 78.68685889154915 1.173913043478261 2.0 1.7173913043478262 1.1304347826086956 1.8695652173913044 1.6956521739130435 1.1521739130434783 1.608695652173913 1.565217391304348 1.826086956521739  
36 49.05846178632788 1.7608695652173914 3.0 2.5760869565217392 1.6956521739130435 2.8043478260869565 2.5434782608695654 1.7282608695652173 2.4130434782608696 2.347826086956522 2.739130434782609  
32 25.27055952822197 1.173913043478261 2.0 1.7173913043478262 1.1304347826086956 1.8695652173913044 1.6956521739130435 1.1521739130434783 1.608695652173913 1.565217391304348 1.826086956521739  
81 19.104012247002167 1.7608695652173914 3.0 2.5760869565217392 1.6956521739130435 2.8043478260869565 2.5434782608695654 1.7282608695652173 2.4130434782608696 2.347826086956522 2.739130434782609  
3 65.30812575440937 1.7608695652173914 3.0 2.5760869565217392 1.6956521739130435 2.8043478260869565 2.5434782608695654 1.7282608695652173 2.4130434782608696 2.347826086956522 2.739130434782609  
4 53.32261228876963 1.7608695652173914 3.0 2.5760869565217392 1.6956521739130435 2.8043478260869565 2.5434782608695654 1.7282608695652173 2.4130434782608696 2.347826086956522 2.739130434782609  
83 105.16070366166724 1.173913043478261 2.0 1.7173913043478262 1.1304347826086956 1.8695652173913044 1.6956521739130435 1.1521739130434783 1.608695652173913 1.565217391304348 1.826086956521739  
60 11.132720079951048 1.173913043478261 2.0 1.7173913043478262 1.1304347826086956 1.8695652173913044 1.6956521739130435 1.1521739130434783 1.608695652173913 1.565217391304348 1.826086956521739  
67 131.94708641353716 1.173913043478261 2.0 1.7173913043478262 1.1304347826086956 1.8695652173913044 1.6956521739130435 1.1521739130434783 1.608695652173913 1.565217391304348 1.826086956521739  
38 73.75557618787785 1.173913043478261 2.0 1.7173913043478262 1.1304347826086956 1.8695652173913044 1.6956521739130435 1.1521739130434783 1.608695652173913 1.565217391304348 1.826086956521739  
31 995.0 1.7608695652173914 3.0 2.5760869565217392 1.6956521739130435 2.8043478260869565 2.5434782608695654 1.7282608695652173 2.4130434782608696 2.347826086956522 2.739130434782609  
72 78.633274844997 1.173913043478261 2.0 1.7173913043478262 1.1304347826086956 1.8695652173913044 1.6956521739130435 1.1521739130434783 1.608695652173913 1.565217391304348 1.826086956521739  
75 370.0 1.7608695652173914 3.0 2.5760869565217392 1.6956521739130435 2.8043478260869565 2.5434782608695654 1.7282608695652173 2.4130434782608696 2.347826086956522 2.739130434782609  
119 20.90162929234129 1.173913043478261 2.0 1.7173913043478262 1.1304347826086956 1.8695652173913044 1.6956521739130435 1.1521739130434783 1.608695652173913 1.565217391304348 1.826086956521739  
48 40.217379477673155 1.7608695652173914 3.0 2.5760869565217392 1.6956521739130435 2.8043478260869565 2.5434782608695654 1.7282608695652173 2.4130434782608696 2.347826086956522 2.739130434782609  
68 37.139000609423476 1.7608695652173914 3.0 2.5760869565217392 1.6956521739130435 2.8043478260869565 2.5434782608695654 1.7282608695652173 2.4130434782608696 2.347826086956522 2.739130434782609  
103 62.57133775584383 1.173913043478261 2.0 1.7173913043478262 1.1304347826086956 1.8695652173913044 1.6956521739130435 1.1521739130434783 1.608695652173913 1.565217391304348 1.826086956521739  
51 46.97163671583937 1.7608695652173914 3.0 2.5760869565217392 1.6956521739130435 2.8043478260869565 2.5434782608695654 1.7282608695652173 2.4130434782608696 2.347826086956522 2.739130434782609  
14 71.3162944354098 1.7608695652173914 3.0 2.5760869565217392 1.6956521739130435 2.8043478260869565 2.5434782608695654 1.7282608695652173 2.4130434782608696 2.347826086956522 2.739130434782609  
63 52.523490191739164 1.173913043478261 2.0 1.7173913043478262 1.1304347826086956 1.8695652173913044 1.6956521739130435 1.1521739130434783 1.608695652173913 1.565217391304348 1.826086956521739  
99 39.50717825416926 1.7608695652173914 3.0 2.5760869565217392 1.6956521739130435 2.8043478260869565 2.5434782608695654 1.7282608695652173 2.4130434782608696 2.347826086956522 2.739130434782609  
20 65.47623834330464 1.173913043478261 2.0 1.7173913043478262 1.1304347826086956 1.8695652173913044 1.6956521739130435 1.1521739130434783 1.608695652173913 1.565217391304348 1.826086956521739  
16 43.04004140898108 1.173913043478261 2.0 1.7173913043478262 1.1304347826086956 1.8695652173913044 1.6956521739130435 1.1521739130434783 1.608695652173913 1.565217391304348 1.826086956521739  
77 86.23904185386841 1.7608695652173914 3.0 2.5760869565217392 1.6956521739130435 2.8043478260869565 2.5434782608695654 1.7282608695652173 2.4130434782608696 2.347826086956522 2.739130434782609  
85 100.4843316830283 1.173913043478261 2.0 1.7173913043478262 1.1304347826086956 1.8695652173913044 1.6956521739130435 1.1521739130434783 1.608695652173913 1.565217391304348 1.826086956521739  
102 74.40802858113086 1.173913043478261 2.0 1.7173913043478262 1.1304347826086956 1.8695652173913044 1.6956521739130435 1.1521739130434783 1.608695652173913 1.565217391304348 1.826086956521739  
71 71.08976314645528 1.173913043478261 2.0 1.7173913043478262 1.1304347826086956 1.8695652173913044 1.6956521739130435 1.1521739130434783 1.608695652173913 1.565217391304348 1.826086956521739  
24 7.794345976775965 1.7608695652173914 3.0 2.5760869565217392 1.6956521739130435 2.8043478260869565 2.5434782608695654 1.7282608695652173 2.4130434782608696 2.347826086956522 2.739130434782609  
54 19.94523215648881 1.7608695652173914 3.0 2.5760869565217392 1.6956521739130435 2.8043478260869565 2.5434782608695654 1.7282608695652173 2.4130434782608696 2.347826086956522 2.739130434782609  
6 79.63479277135394 1.7608695652173914 3.0 2.5760869565217392 1.6956521739130435 2.8043478260869565 2.5434782608695654 1.7282608695652173 2.4130434782608696 2.347826086956522 2.739130434782609  
52 36.57591372442623 1.7608695652173914 3.0 2.5760869565217392 1.6956521739130435 2.8043478260869565 2.5434782608695654 1.7282608695652173 2.4130434782608696 2.347826086956522 2.739130434782609  
61 30.06381207890238 1.173913043478261 2.0 1.7173913043478262 1.1304347826086956 1.8695652173913044 1.6956521739130435 1.1521739130434783 1.608695652173913 1.565217391304348 1.826086956521739  
118 17.82006729314626 1.173913043478261 2.0 1.7173913043478262 1.1304347826086956 1.8695652173913044 1.6956521739130435 1.1521739130434783 1.608695652173913 1.565217391304348 1.826086956521739  
13 64.58756351685184 1.173913043478261 2.0 1.7173913043478262 1.1304347826086956 1.8695652173913044 1.6956521739130435 1.1521739130434783 1.608695652173913 1.565217391304348 1.826086956521739  
108 5.439289375317124 1.173913043478261 2.0 1.7173913043478262 1.1304347826086956 1.8695652173913044 1.6956521739130435 1.1521739130434783 1.608695652173913 1.565217391304348 1.826086956521739  
111 9.474360075876467 1.173913043478261 2.0 1.7173913043478262 1.1304347826086956 1.8695652173913044 1.6956521739130435 1.1521739130434783 1.608695652173913 1.565217391304348 1.826086956521739  
100 43.23398742550982 1.7608695652173914 3.0 2.5760869565217392 1.6956521739130435 2.8043478260869565 2.5434782608695654 1.7282608695652173 2.4130434782608696 2.347826086956522 2.739130434782609  
40 118.70210744121236 1.7608695652173914 3.0 2.5760869565217392 1.6956521739130435 2.8043478260869565 2.5434782608695654 1.7282608695652173 2.4130434782608696 2.347826086956522 2.739130434782609  
74 66.3340546380683 1.173913043478261 2.0 1.7173913043478262 1.1304347826086956 1.8695652173913044 1.6956521739130435 1.1521739130434783 1.608695652173913 1.565217391304348 1.826086956521739  
73 72.02381387657488 1.173913043478261 2.0 1.7173913043478262 1.1304347826086956 1.8695652173913044 1.6956521739130435 1.1521739130434783 1.608695652173913 1.565217391304348 1.826086956521739  
98 19.301410621095137 1.7608695652173914 3.0 2.5760869565217392 1.6956521739130435 2.8043478260869565 2.5434782608695654 1.7282608695652173 2.4130434782608696 2.347826086956522 2.739130434782609  
25 92.40143919632597 1.173913043478261 2.0 1.7173913043478262 1.1304347826086956 1.8695652173913044 1.6956521739130435 1.1521739130434783 1.608695652173913 1.565217391304348 1.826086956521739  
90 13.183022390803092 1.173913043478261 2.0 1.7173913043478262 1.1304347826086956 1.8695652173913044 1.6956521739130435 1.1521739130434783 1.608695652173913 1.565217391304348 1.826086956521739  
7 83.258314380279 1.7608695652173914 3.0 2.5760869565217392 1.6956521739130435 2.8043478260869565 2.5434782608695654 1.7282608695652173 2.4130434782608696 2.347826086956522 2.739130434782609  
87 100.55799183543894 1.173913043478261 2.0 1.7173913043478262 1.1304347826086956 1.8695652173913044 1.6956521739130435 1.1521739130434783 1.608695652173913 1.565217391304348 1.826086956521739  
66 9.696224047711489 1.173913043478261 2.0 1.7173913043478262 1.1304347826086956 1.8695652173913044 1.6956521739130435 1.1521739130434783 1.608695652173913 1.565217391304348 1.826086956521739  
89 25.21335143455404 1.173913043478261 2.0 1.7173913043478262 1.1304347826086956 1.8695652173913044 1.6956521739130435 1.1521739130434783 1.608695652173913 1.565217391304348 1.826086956521739  
19 59.83032312465922 1.7608695652173914 3.0 2.5760869565217392 1.6956521739130435 2.8043478260869565 2.5434782608695654 1.7282608695652173 2.4130434782608696 2.347826086956522 2.739130434782609  
84 94.41954018932924 1.7608695652173914 3.0 2.5760869565217392 1.6956521739130435 2.8043478260869565 2.5434782608695654 1.7282608695652173 2.4130434782608696 2.347826086956522 2.739130434782609  
78 62.13425677386791 1.7608695652173914 3.0 2.5760869565217392 1.6956521739130435 2.8043478260869565 2.5434782608695654 1.7282608695652173 2.4130434782608696 2.347826086956522 2.739130434782609  
9 9.072129612617768 1.173913043478261 2.0 1.7173913043478262 1.1304347826086956 1.8695652173913044 1.6956521739130435 1.1521739130434783 1.608695652173913 1.565217391304348 1.826086956521739  
106 216.0 1.7608695652173914 3.0 2.5760869565217392 1.6956521739130435 2.8043478260869565 2.5434782608695654 1.7282608695652173 2.4130434782608696 2.347826086956522 2.739130434782609  
2 44.61539150413039 1.173913043478261 2.0 1.7173913043478262 1.1304347826086956 1.8695652173913044 1.6956521739130435 1.1521739130434783 1.608695652173913 1.565217391304348 1.826086956521739  
97 17.798714556232557 1.173913043478261 2.0 1.7173913043478262 1.1304347826086956 1.8695652173913044 1.6956521739130435 1.1521739130434783 1.608695652173913 1.565217391304348 1.826086956521739  
115 15.347085189960687 1.7608695652173914 3.0 2.5760869565217392 1.6956521739130435 2.8043478260869565 2.5434782608695654 1.7282608695652173 2.4130434782608696 2.347826086956522 2.739130434782609  
44 16.880497221271906 1.7608695652173914 3.0 2.5760869565217392 1.6956521739130435 2.8043478260869565 2.5434782608695654 1.7282608695652173 2.4130434782608696 2.347826086956522 2.739130434782609  
117 8.680579971753714 1.7608695652173914 3.0 2.5760869565217392 1.6956521739130435 2.8043478260869565 2.5434782608695654 1.7282608695652173 2.4130434782608696 2.347826086956522 2.739130434782609  
41 18.055476126579467 1.7608695652173914 3.0 2.5760869565217392 1.6956521739130435 2.8043478260869565 2.5434782608695654 1.7282608695652173 2.4130434782608696 2.347826086956522 2.739130434782609  
82 84.31162390473351 1.7608695652173914 3.0 2.5760869565217392 1.6956521739130435 2.8043478260869565 2.5434782608695654 1.7282608695652173 2.4130434782608696 2.347826086956522 2.739130434782609  
34 26.51840524018175 1.173913043478261 2.0 1.7173913043478262 1.1304347826086956 1.8695652173913044 1.6956521739130435 1.1521739130434783 1.608695652173913 1.565217391304348 1.826086956521739  
18 63.790507669673964 1.173913043478261 2.0 1.7173913043478262 1.1304347826086956 1.8695652173913044 1.6956521739130435 1.1521739130434783 1.608695652173913 1.565217391304348 1.826086956521739  
101 41.859185360634896 1.173913043478261 2.0 1.7173913043478262 1.1304347826086956 1.8695652173913044 1.6956521739130435 1.1521739130434783 1.608695652173913 1.565217391304348 1.826086956521739  
91 31.815510945703615 1.173913043478261 2.0 1.7173913043478262 1.1304347826086956 1.8695652173913044 1.6956521739130435 1.1521739130434783 1.608695652173913 1.565217391304348 1.826086956521739  
45 8.833749570546301 1.7608695652173914 3.0 2.5760869565217392 1.6956521739130435 2.8043478260869565 2.5434782608695654 1.7282608695652173 2.4130434782608696 2.347826086956522 2.739130434782609  
62 35.133704385559554 1.7608695652173914 3.0 2.5760869565217392 1.6956521739130435 2.8043478260869565 2.5434782608695654 1.7282608695652173 2.4130434782608696 2.347826086956522 2.739130434782609  
