60 50
TREE NETWORK (nID nID Weight):
1 0 55.0 
2 1 46.0 
38 1 58.0 
3 2 49.0 
9 2 37.0 
22 2 45.0 
46 1 54.0 
36 2 47.0 
23 22 48.0 
24 23 41.0 
4 3 55.0 
10 9 34.0 
39 38 31.0 
26 23 45.0 
30 22 52.0 
47 46 56.0 
11 9 48.0 
48 47 59.0 
27 23 50.0 
5 3 41.0 
12 11 45.0 
20 9 50.0 
54 46 30.0 
49 48 40.0 
56 46 35.0 
40 39 44.0 
32 22 32.0 
41 40 54.0 
13 12 59.0 
33 32 45.0 
28 27 32.0 
50 49 48.0 
6 3 38.0 
42 41 54.0 
15 11 57.0 
43 41 49.0 
8 3 32.0 
57 56 41.0 
34 33 38.0 
51 48 52.0 
14 13 33.0 
16 11 49.0 
7 6 41.0 
19 11 38.0 
17 16 39.0 
29 23 52.0 
18 17 56.0 
44 41 33.0 
58 56 40.0 
37 2 53.0 
45 38 42.0 
21 9 31.0 
35 33 32.0 
52 51 56.0 
55 54 35.0 
53 47 48.0 
31 30 41.0 
25 24 53.0 
59 56 49.0 
PROGRAMS ASSIGNED TO NODES (nID pID1 pID2 ...):
0 1 2 3 4 5 6 7 8 9 10 11 12 13 14 15 16 17 18 19 20 21 22 23 24 25 26 27 28 29 30 31 32 33 34 35 36 37 38 39 40 41 42 43 44 45 46 47 48 49 50  
19 1 2 5 6 7 10 11 13 14 15 16 17 20 21 22 25 28 29 31 33 34 35 37 38 39 42 43 45 46 50  
12 3 4 5 7 12 13 16 17 20 25 26 27 28 31 32 36 39 42 44 45 46 47  
13 1 2 4 5 6 7 8 9 10 11 13 14 15 16 17 18 19 20 21 22 23 24 25 26 27 28 29 30 32 33 34 35 36 37 38 39 40 41 42 43 45 46 47 48 49 50  
30 4 17 18 20 27 30 31 32 39 41 42 43 46  
43 1 2 3 4 5 6 7 8 9 10 11 12 13 14 15 16 17 18 19 20 21 22 23 24 25 26 27 28 29 30 31 32 33 34 35 36 37 38 39 40 41 42 43 45 47 48 49 50  
57 1 4 5 6 7 9 17 28 33 38 41 42 43 44  
25 1 2 3 4 5 6 7 8 9 10 11 12 13 14 15 16 17 18 19 20 21 22 23 24 26 27 28 29 30 31 32 33 34 35 36 37 38 39 40 41 42 43 44 45 46 47 48 49 50  
48 1 3 5 6 7 9 12 13 14 15 16 17 18 19 20 22 23 24 26 27 28 29 30 31 33 34 35 37 38 39 40 42 43 44 45 47 48 50  
29 4 6 12 17 18 20 22 27 34 38 39 44  
49 1 2 3 4 5 6 7 8 9 10 11 12 13 14 16 17 18 20 21 22 23 26 27 28 29 30 31 32 33 34 36 37 38 39 40 42 43 44 46 47 48 49 50  
9 2 3 4 5 6 7 8 9 11 12 13 14 15 16 17 19 20 21 22 23 25 26 27 31 34 35 37 38 41 42 44 45 47 48 49  
22 2 3 5 6 7 9 10 11 12 13 15 16 18 19 20 21 23 24 25 26 27 28 29 30 31 32 33 34 35 36 37 38 39 40 41 42 43 44 46 47 48 49 50  
50 1 2 3 4 5 6 7 8 9 10 11 12 13 14 15 16 17 18 19 20 21 22 23 24 25 26 27 28 30 31 32 33 34 35 36 37 38 39 40 41 42 43 44 45 46 47 48 49 50  
46 2 3 7 8 13 14 16 17 21 22 23 26 27 31 33 34 36 37 40 41 43 44 49  
58 1 2 3 4 5 7 8 9 10 11 12 13 14 15 16 17 18 19 20 21 22 23 24 25 26 27 28 29 33 34 35 36 37 38 39 40 41 42 43 45 48 49 50  
16 7 9 10 12 14 16 18 19 22 23 24 26 27 29 31 32 35 39 45 50  
39 1 2 3 4 5 6 7 8 9 12 14 20 21 23 24 26 27 28 29 31 34 36 38 40 41 42 44 45 47 50  
34 3 4 6 7 10 12 14 16 17 18 19 20 21 22 23 28 29 30 32 33 34 37 39 40 41 42 43 44 45 46 47 48 49 50  
20 1 7 8 9 10 12 13 14 15 16 18 19 20 22 23 25 26 27 30 31 37 40 43 45 47 49 50  
41 1 12 17 30 31 33 37 48  
44 1 2 3 4 5 6 9 10 13 16 23 24 27 28 31 32 33 34 35 37 39 40 43 44 46 49 50  
51 1 3 5 6 8 9 12 13 15 16 17 18 19 20 21 25 26 29 31 32 38 39 40 41 42 43 45 46  
54 2 3 5 7 9 10 11 12 13 14 15 16 17 20 21 22 23 24 25 26 29 31 32 33 34 35 36 44 45 46 47 48 49 50  
56 1 2 3 4 5 6 7 8 9 10 12 13 14 15 16 17 18 19 20 21 23 24 25 26 28 29 30 31 32 33 34 35 36 38 39 40 41 42 43 44 47 48 49 50  
36 1 13 14 17 24 26 29 30 31 34 36 37 39 41 46 47 49 50  
37 1 2 3 4 7 10 15 21 23 24 25 26 34 35 37 43 45 50  
31 1 2 3 6 8 9 10 11 12 13 14 15 17 18 19 20 21 22 23 24 25 26 27 28 30 31 33 34 35 36 37 38 39 40 41 42 43 44 46 47 48 49 50  
21 34  
47 1 2 3 4 5 6 7 8 9 11 12 13 14 15 16 17 19 20 21 22 23 24 25 26 27 28 29 30 31 32 33 34 35 36 37 38 39 40 42 43 44 45 46 47 48 49 50  
26 5 10 12 35 39 41 48  
55 10 18 23 36 42 43  
11 1 3 4 5 8 9 10 11 12 14 17 19 21 23 24 27 31 32 33 34 35 36 37 38 40 41 42 45 48  
3 1 2 3 4 5 6 7 8 9 11 12 13 14 15 17 18 19 20 21 22 23 24 25 26 27 28 29 30 31 32 33 34 36 37 38 39 40 41 42 43 44 45 46 47 49 50  
4 2 5 6 7 10 11 12 13 14 15 16 17 18 21 23 24 25 26 27 28 29 30 32 33 35 36 38 39 40 41 42 43 44 46 48 49 50  
45 7 12 29 31 36 38 48  
8 2 4 7 10 12 13 18 20 22 23 25 27 28 31 32 35 36 37 39 41 46 49 50  
1 1 3 5 10 11 14 18 19 24 25 26 31 32 35 37 39 41 42  
6 2 3 4 5 6 7 8 9 11 12 13 15 16 17 18 19 20 21 22 23 24 25 27 28 29 30 31 32 33 35 36 37 38 40 42 43 44 45 47 48 50  
28 1 2 3 4 6 8 9 10 11 12 13 15 18 19 21 24 25 26 27 28 29 30 31 32 33 35 36 38 39 43 44 45 48 49 50  
35 1 3 6 8 9 10 12 13 14 15 20 24 25 26 27 28 29 30 31 32 34 38 39 40 41 42 43 44 45 46 47 48 49  
23 4 6 13 15 21 23 25 29 31 33 35 36 37 40 41 46  
2 1 11 15 19 22 24 27 33 36 40 42 43 45 48  
59 1 3 4 5 6 7 10 11 12 13 14 15 16 18 19 21 22 24 25 26 27 28 29 30 31 32 33 34 35 37 38 39 40 41 42 43 44 46 47 48 50  
27 1 3 6 7 8 10 12 17 19 20 21 22 25 27 28 29 30 31 34 36 37 41 43 45 46 48 50  
5 19 26 46  
38  
18 3 6 7 8 9 12 13 17 21 23 26 28 29 30 33 35 36 38 39 41 42 43 44 45 46 50  
14 2 3 4 5 8 9 10 11 12 13 14 15 16 17 18 20 21 22 23 24 26 28 29 30 31 32 33 34 35 37 38 40 42 43 44 46 47 49 50  
53 1 5 15 23 29 32 36 37 41 43 49  
33 1 2 3 4 6 7 8 9 11 12 13 14 15 16 17 18 19 20 21 22 23 26 27 28 29 30 31 32 33 35 36 37 38 39 40 41 42 43 45 48 49 50  
24 17 45  
42 5 10 19 20 22 30 38 41  
40 1 3 4 5 7 9 10 14 15 18 20 21 22 24 29 37 38 39 41 42 44 46 47 48  
52 9 14 17 18 26 41 49  
17 3 6 8 10 19 24 25 27 28 29 30 35 37 39 41 42 43 47 50  
32 1 2 4 5 7 8 9 10 11 12 13 14 15 16 17 18 19 20 21 22 23 24 25 26 27 29 30 31 32 33 34 35 36 37 38 39 40 41 43 44 45 46 48 49  
15 1 2 3 4 5 6 7 8 9 10 11 12 13 14 15 16 18 19 20 21 23 24 26 27 28 29 30 31 32 33 34 35 36 37 38 39 40 41 42 43 44 45 46 47 48 49 50  
7 1 25 33  
10 1 3 5 6 8 10 11 12 13 14 15 16 17 18 19 20 21 22 23 25 26 27 28 29 30 31 33 34 35 36 37 38 39 40 41 42 43 44 45 46 47 48 49 50  
SIZE OF PROGRAMS (pID SIZE):
1 58.0 
2 88.0 
3 84.0 
4 93.0 
5 62.0 
6 80.0 
7 43.0 
8 71.0 
9 81.0 
10 78.0 
11 40.0 
12 68.0 
13 44.0 
14 51.0 
15 44.0 
16 54.0 
17 87.0 
18 83.0 
19 43.0 
20 72.0 
21 74.0 
22 90.0 
23 50.0 
24 81.0 
25 69.0 
26 40.0 
27 54.0 
28 72.0 
29 85.0 
30 80.0 
31 79.0 
32 63.0 
33 55.0 
34 59.0 
35 90.0 
36 88.0 
37 84.0 
38 75.0 
39 57.0 
40 61.0 
41 99.0 
42 95.0 
43 40.0 
44 55.0 
45 49.0 
46 63.0 
47 89.0 
48 80.0 
49 47.0 
50 48.0 
COST_INSTALL_SERVER_AND_PROGRAMS :
0 11287.878787878788 1.7575757575757576 2.6666666666666665 2.5454545454545454 2.8181818181818183 1.878787878787879 2.4242424242424243 1.303030303030303 2.1515151515151514 2.4545454545454546 2.3636363636363638 1.2121212121212122 2.0606060606060606 1.3333333333333333 1.5454545454545454 1.3333333333333333 1.6363636363636365 2.6363636363636362 2.515151515151515 1.303030303030303 2.1818181818181817 2.242424242424242 2.727272727272727 1.5151515151515151 2.4545454545454546 2.090909090909091 1.2121212121212122 1.6363636363636365 2.1818181818181817 2.5757575757575757 2.4242424242424243 2.393939393939394 1.9090909090909092 1.6666666666666667 1.7878787878787878 2.727272727272727 2.6666666666666665 2.5454545454545454 2.272727272727273 1.7272727272727273 1.8484848484848484 3.0 2.878787878787879 1.2121212121212122 1.6666666666666667 1.4848484848484849 1.9090909090909092 2.696969696969697 2.4242424242424243 1.4242424242424243 1.4545454545454546  
19 337.6115486429033 1.1717171717171717 1.7777777777777777 1.696969696969697 1.878787878787879 1.2525252525252526 1.6161616161616161 0.8686868686868687 1.4343434343434343 1.6363636363636365 1.5757575757575757 0.8080808080808081 1.3737373737373737 0.8888888888888888 1.0303030303030303 0.8888888888888888 1.0909090909090908 1.7575757575757576 1.6767676767676767 0.8686868686868687 1.4545454545454546 1.494949494949495 1.8181818181818181 1.0101010101010102 1.6363636363636365 1.393939393939394 0.8080808080808081 1.0909090909090908 1.4545454545454546 1.7171717171717171 1.6161616161616161 1.595959595959596 1.2727272727272727 1.1111111111111112 1.1919191919191918 1.8181818181818181 1.7777777777777777 1.696969696969697 1.5151515151515151 1.1515151515151516 1.2323232323232323 2.0 1.9191919191919191 0.8080808080808081 1.1111111111111112 0.98989898989899 1.2727272727272727 1.797979797979798 1.6161616161616161 0.9494949494949495 0.9696969696969697  
12 237.9151958909777 1.1717171717171717 1.7777777777777777 1.696969696969697 1.878787878787879 1.2525252525252526 1.6161616161616161 0.8686868686868687 1.4343434343434343 1.6363636363636365 1.5757575757575757 0.8080808080808081 1.3737373737373737 0.8888888888888888 1.0303030303030303 0.8888888888888888 1.0909090909090908 1.7575757575757576 1.6767676767676767 0.8686868686868687 1.4545454545454546 1.494949494949495 1.8181818181818181 1.0101010101010102 1.6363636363636365 1.393939393939394 0.8080808080808081 1.0909090909090908 1.4545454545454546 1.7171717171717171 1.6161616161616161 1.595959595959596 1.2727272727272727 1.1111111111111112 1.1919191919191918 1.8181818181818181 1.7777777777777777 1.696969696969697 1.5151515151515151 1.1515151515151516 1.2323232323232323 2.0 1.9191919191919191 0.8080808080808081 1.1111111111111112 0.98989898989899 1.2727272727272727 1.797979797979798 1.6161616161616161 0.9494949494949495 0.9696969696969697  
13 317.9655051571361 1.7575757575757576 2.6666666666666665 2.5454545454545454 2.8181818181818183 1.878787878787879 2.4242424242424243 1.303030303030303 2.1515151515151514 2.4545454545454546 2.3636363636363638 1.2121212121212122 2.0606060606060606 1.3333333333333333 1.5454545454545454 1.3333333333333333 1.6363636363636365 2.6363636363636362 2.515151515151515 1.303030303030303 2.1818181818181817 2.242424242424242 2.727272727272727 1.5151515151515151 2.4545454545454546 2.090909090909091 1.2121212121212122 1.6363636363636365 2.1818181818181817 2.5757575757575757 2.4242424242424243 2.393939393939394 1.9090909090909092 1.6666666666666667 1.7878787878787878 2.727272727272727 2.6666666666666665 2.5454545454545454 2.272727272727273 1.7272727272727273 1.8484848484848484 3.0 2.878787878787879 1.2121212121212122 1.6666666666666667 1.4848484848484849 1.9090909090909092 2.696969696969697 2.4242424242424243 1.4242424242424243 1.4545454545454546  
30 247.3923708054616 1.1717171717171717 1.7777777777777777 1.696969696969697 1.878787878787879 1.2525252525252526 1.6161616161616161 0.8686868686868687 1.4343434343434343 1.6363636363636365 1.5757575757575757 0.8080808080808081 1.3737373737373737 0.8888888888888888 1.0303030303030303 0.8888888888888888 1.0909090909090908 1.7575757575757576 1.6767676767676767 0.8686868686868687 1.4545454545454546 1.494949494949495 1.8181818181818181 1.0101010101010102 1.6363636363636365 1.393939393939394 0.8080808080808081 1.0909090909090908 1.4545454545454546 1.7171717171717171 1.6161616161616161 1.595959595959596 1.2727272727272727 1.1111111111111112 1.1919191919191918 1.8181818181818181 1.7777777777777777 1.696969696969697 1.5151515151515151 1.1515151515151516 1.2323232323232323 2.0 1.9191919191919191 0.8080808080808081 1.1111111111111112 0.98989898989899 1.2727272727272727 1.797979797979798 1.6161616161616161 0.9494949494949495 0.9696969696969697  
43 529.5365744354954 1.1717171717171717 1.7777777777777777 1.696969696969697 1.878787878787879 1.2525252525252526 1.6161616161616161 0.8686868686868687 1.4343434343434343 1.6363636363636365 1.5757575757575757 0.8080808080808081 1.3737373737373737 0.8888888888888888 1.0303030303030303 0.8888888888888888 1.0909090909090908 1.7575757575757576 1.6767676767676767 0.8686868686868687 1.4545454545454546 1.494949494949495 1.8181818181818181 1.0101010101010102 1.6363636363636365 1.393939393939394 0.8080808080808081 1.0909090909090908 1.4545454545454546 1.7171717171717171 1.6161616161616161 1.595959595959596 1.2727272727272727 1.1111111111111112 1.1919191919191918 1.8181818181818181 1.7777777777777777 1.696969696969697 1.5151515151515151 1.1515151515151516 1.2323232323232323 2.0 1.9191919191919191 0.8080808080808081 1.1111111111111112 0.98989898989899 1.2727272727272727 1.797979797979798 1.6161616161616161 0.9494949494949495 0.9696969696969697  
57 98.33816031506505 1.7575757575757576 2.6666666666666665 2.5454545454545454 2.8181818181818183 1.878787878787879 2.4242424242424243 1.303030303030303 2.1515151515151514 2.4545454545454546 2.3636363636363638 1.2121212121212122 2.0606060606060606 1.3333333333333333 1.5454545454545454 1.3333333333333333 1.6363636363636365 2.6363636363636362 2.515151515151515 1.303030303030303 2.1818181818181817 2.242424242424242 2.727272727272727 1.5151515151515151 2.4545454545454546 2.090909090909091 1.2121212121212122 1.6363636363636365 2.1818181818181817 2.5757575757575757 2.4242424242424243 2.393939393939394 1.9090909090909092 1.6666666666666667 1.7878787878787878 2.727272727272727 2.6666666666666665 2.5454545454545454 2.272727272727273 1.7272727272727273 1.8484848484848484 3.0 2.878787878787879 1.2121212121212122 1.6666666666666667 1.4848484848484849 1.9090909090909092 2.696969696969697 2.4242424242424243 1.4242424242424243 1.4545454545454546  
25 498.15732154913076 1.7575757575757576 2.6666666666666665 2.5454545454545454 2.8181818181818183 1.878787878787879 2.4242424242424243 1.303030303030303 2.1515151515151514 2.4545454545454546 2.3636363636363638 1.2121212121212122 2.0606060606060606 1.3333333333333333 1.5454545454545454 1.3333333333333333 1.6363636363636365 2.6363636363636362 2.515151515151515 1.303030303030303 2.1818181818181817 2.242424242424242 2.727272727272727 1.5151515151515151 2.4545454545454546 2.090909090909091 1.2121212121212122 1.6363636363636365 2.1818181818181817 2.5757575757575757 2.4242424242424243 2.393939393939394 1.9090909090909092 1.6666666666666667 1.7878787878787878 2.727272727272727 2.6666666666666665 2.5454545454545454 2.272727272727273 1.7272727272727273 1.8484848484848484 3.0 2.878787878787879 1.2121212121212122 1.6666666666666667 1.4848484848484849 1.9090909090909092 2.696969696969697 2.4242424242424243 1.4242424242424243 1.4545454545454546  
48 323.64470244340544 1.7575757575757576 2.6666666666666665 2.5454545454545454 2.8181818181818183 1.878787878787879 2.4242424242424243 1.303030303030303 2.1515151515151514 2.4545454545454546 2.3636363636363638 1.2121212121212122 2.0606060606060606 1.3333333333333333 1.5454545454545454 1.3333333333333333 1.6363636363636365 2.6363636363636362 2.515151515151515 1.303030303030303 2.1818181818181817 2.242424242424242 2.727272727272727 1.5151515151515151 2.4545454545454546 2.090909090909091 1.2121212121212122 1.6363636363636365 2.1818181818181817 2.5757575757575757 2.4242424242424243 2.393939393939394 1.9090909090909092 1.6666666666666667 1.7878787878787878 2.727272727272727 2.6666666666666665 2.5454545454545454 2.272727272727273 1.7272727272727273 1.8484848484848484 3.0 2.878787878787879 1.2121212121212122 1.6666666666666667 1.4848484848484849 1.9090909090909092 2.696969696969697 2.4242424242424243 1.4242424242424243 1.4545454545454546  
29 81.5511873896607 1.7575757575757576 2.6666666666666665 2.5454545454545454 2.8181818181818183 1.878787878787879 2.4242424242424243 1.303030303030303 2.1515151515151514 2.4545454545454546 2.3636363636363638 1.2121212121212122 2.0606060606060606 1.3333333333333333 1.5454545454545454 1.3333333333333333 1.6363636363636365 2.6363636363636362 2.515151515151515 1.303030303030303 2.1818181818181817 2.242424242424242 2.727272727272727 1.5151515151515151 2.4545454545454546 2.090909090909091 1.2121212121212122 1.6363636363636365 2.1818181818181817 2.5757575757575757 2.4242424242424243 2.393939393939394 1.9090909090909092 1.6666666666666667 1.7878787878787878 2.727272727272727 2.6666666666666665 2.5454545454545454 2.272727272727273 1.7272727272727273 1.8484848484848484 3.0 2.878787878787879 1.2121212121212122 1.6666666666666667 1.4848484848484849 1.9090909090909092 2.696969696969697 2.4242424242424243 1.4242424242424243 1.4545454545454546  
49 312.2653896891039 1.7575757575757576 2.6666666666666665 2.5454545454545454 2.8181818181818183 1.878787878787879 2.4242424242424243 1.303030303030303 2.1515151515151514 2.4545454545454546 2.3636363636363638 1.2121212121212122 2.0606060606060606 1.3333333333333333 1.5454545454545454 1.3333333333333333 1.6363636363636365 2.6363636363636362 2.515151515151515 1.303030303030303 2.1818181818181817 2.242424242424242 2.727272727272727 1.5151515151515151 2.4545454545454546 2.090909090909091 1.2121212121212122 1.6363636363636365 2.1818181818181817 2.5757575757575757 2.4242424242424243 2.393939393939394 1.9090909090909092 1.6666666666666667 1.7878787878787878 2.727272727272727 2.6666666666666665 2.5454545454545454 2.272727272727273 1.7272727272727273 1.8484848484848484 3.0 2.878787878787879 1.2121212121212122 1.6666666666666667 1.4848484848484849 1.9090909090909092 2.696969696969697 2.4242424242424243 1.4242424242424243 1.4545454545454546  
9 228.22845596048796 1.1717171717171717 1.7777777777777777 1.696969696969697 1.878787878787879 1.2525252525252526 1.6161616161616161 0.8686868686868687 1.4343434343434343 1.6363636363636365 1.5757575757575757 0.8080808080808081 1.3737373737373737 0.8888888888888888 1.0303030303030303 0.8888888888888888 1.0909090909090908 1.7575757575757576 1.6767676767676767 0.8686868686868687 1.4545454545454546 1.494949494949495 1.8181818181818181 1.0101010101010102 1.6363636363636365 1.393939393939394 0.8080808080808081 1.0909090909090908 1.4545454545454546 1.7171717171717171 1.6161616161616161 1.595959595959596 1.2727272727272727 1.1111111111111112 1.1919191919191918 1.8181818181818181 1.7777777777777777 1.696969696969697 1.5151515151515151 1.1515151515151516 1.2323232323232323 2.0 1.9191919191919191 0.8080808080808081 1.1111111111111112 0.98989898989899 1.2727272727272727 1.797979797979798 1.6161616161616161 0.9494949494949495 0.9696969696969697  
22 306.0789971861445 1.1717171717171717 1.7777777777777777 1.696969696969697 1.878787878787879 1.2525252525252526 1.6161616161616161 0.8686868686868687 1.4343434343434343 1.6363636363636365 1.5757575757575757 0.8080808080808081 1.3737373737373737 0.8888888888888888 1.0303030303030303 0.8888888888888888 1.0909090909090908 1.7575757575757576 1.6767676767676767 0.8686868686868687 1.4545454545454546 1.494949494949495 1.8181818181818181 1.0101010101010102 1.6363636363636365 1.393939393939394 0.8080808080808081 1.0909090909090908 1.4545454545454546 1.7171717171717171 1.6161616161616161 1.595959595959596 1.2727272727272727 1.1111111111111112 1.1919191919191918 1.8181818181818181 1.7777777777777777 1.696969696969697 1.5151515151515151 1.1515151515151516 1.2323232323232323 2.0 1.9191919191919191 0.8080808080808081 1.1111111111111112 0.98989898989899 1.2727272727272727 1.797979797979798 1.6161616161616161 0.9494949494949495 0.9696969696969697  
50 437.5245421583173 1.1717171717171717 1.7777777777777777 1.696969696969697 1.878787878787879 1.2525252525252526 1.6161616161616161 0.8686868686868687 1.4343434343434343 1.6363636363636365 1.5757575757575757 0.8080808080808081 1.3737373737373737 0.8888888888888888 1.0303030303030303 0.8888888888888888 1.0909090909090908 1.7575757575757576 1.6767676767676767 0.8686868686868687 1.4545454545454546 1.494949494949495 1.8181818181818181 1.0101010101010102 1.6363636363636365 1.393939393939394 0.8080808080808081 1.0909090909090908 1.4545454545454546 1.7171717171717171 1.6161616161616161 1.595959595959596 1.2727272727272727 1.1111111111111112 1.1919191919191918 1.8181818181818181 1.7777777777777777 1.696969696969697 1.5151515151515151 1.1515151515151516 1.2323232323232323 2.0 1.9191919191919191 0.8080808080808081 1.1111111111111112 0.98989898989899 1.2727272727272727 1.797979797979798 1.6161616161616161 0.9494949494949495 0.9696969696969697  
46 99.15125269283986 1.7575757575757576 2.6666666666666665 2.5454545454545454 2.8181818181818183 1.878787878787879 2.4242424242424243 1.303030303030303 2.1515151515151514 2.4545454545454546 2.3636363636363638 1.2121212121212122 2.0606060606060606 1.3333333333333333 1.5454545454545454 1.3333333333333333 1.6363636363636365 2.6363636363636362 2.515151515151515 1.303030303030303 2.1818181818181817 2.242424242424242 2.727272727272727 1.5151515151515151 2.4545454545454546 2.090909090909091 1.2121212121212122 1.6363636363636365 2.1818181818181817 2.5757575757575757 2.4242424242424243 2.393939393939394 1.9090909090909092 1.6666666666666667 1.7878787878787878 2.727272727272727 2.6666666666666665 2.5454545454545454 2.272727272727273 1.7272727272727273 1.8484848484848484 3.0 2.878787878787879 1.2121212121212122 1.6666666666666667 1.4848484848484849 1.9090909090909092 2.696969696969697 2.4242424242424243 1.4242424242424243 1.4545454545454546  
58 165.84050134149874 1.7575757575757576 2.6666666666666665 2.5454545454545454 2.8181818181818183 1.878787878787879 2.4242424242424243 1.303030303030303 2.1515151515151514 2.4545454545454546 2.3636363636363638 1.2121212121212122 2.0606060606060606 1.3333333333333333 1.5454545454545454 1.3333333333333333 1.6363636363636365 2.6363636363636362 2.515151515151515 1.303030303030303 2.1818181818181817 2.242424242424242 2.727272727272727 1.5151515151515151 2.4545454545454546 2.090909090909091 1.2121212121212122 1.6363636363636365 2.1818181818181817 2.5757575757575757 2.4242424242424243 2.393939393939394 1.9090909090909092 1.6666666666666667 1.7878787878787878 2.727272727272727 2.6666666666666665 2.5454545454545454 2.272727272727273 1.7272727272727273 1.8484848484848484 3.0 2.878787878787879 1.2121212121212122 1.6666666666666667 1.4848484848484849 1.9090909090909092 2.696969696969697 2.4242424242424243 1.4242424242424243 1.4545454545454546  
16 181.55840374120626 1.1717171717171717 1.7777777777777777 1.696969696969697 1.878787878787879 1.2525252525252526 1.6161616161616161 0.8686868686868687 1.4343434343434343 1.6363636363636365 1.5757575757575757 0.8080808080808081 1.3737373737373737 0.8888888888888888 1.0303030303030303 0.8888888888888888 1.0909090909090908 1.7575757575757576 1.6767676767676767 0.8686868686868687 1.4545454545454546 1.494949494949495 1.8181818181818181 1.0101010101010102 1.6363636363636365 1.393939393939394 0.8080808080808081 1.0909090909090908 1.4545454545454546 1.7171717171717171 1.6161616161616161 1.595959595959596 1.2727272727272727 1.1111111111111112 1.1919191919191918 1.8181818181818181 1.7777777777777777 1.696969696969697 1.5151515151515151 1.1515151515151516 1.2323232323232323 2.0 1.9191919191919191 0.8080808080808081 1.1111111111111112 0.98989898989899 1.2727272727272727 1.797979797979798 1.6161616161616161 0.9494949494949495 0.9696969696969697  
39 296.4465470508355 1.1717171717171717 1.7777777777777777 1.696969696969697 1.878787878787879 1.2525252525252526 1.6161616161616161 0.8686868686868687 1.4343434343434343 1.6363636363636365 1.5757575757575757 0.8080808080808081 1.3737373737373737 0.8888888888888888 1.0303030303030303 0.8888888888888888 1.0909090909090908 1.7575757575757576 1.6767676767676767 0.8686868686868687 1.4545454545454546 1.494949494949495 1.8181818181818181 1.0101010101010102 1.6363636363636365 1.393939393939394 0.8080808080808081 1.0909090909090908 1.4545454545454546 1.7171717171717171 1.6161616161616161 1.595959595959596 1.2727272727272727 1.1111111111111112 1.1919191919191918 1.8181818181818181 1.7777777777777777 1.696969696969697 1.5151515151515151 1.1515151515151516 1.2323232323232323 2.0 1.9191919191919191 0.8080808080808081 1.1111111111111112 0.98989898989899 1.2727272727272727 1.797979797979798 1.6161616161616161 0.9494949494949495 0.9696969696969697  
34 396.28709955847444 1.7575757575757576 2.6666666666666665 2.5454545454545454 2.8181818181818183 1.878787878787879 2.4242424242424243 1.303030303030303 2.1515151515151514 2.4545454545454546 2.3636363636363638 1.2121212121212122 2.0606060606060606 1.3333333333333333 1.5454545454545454 1.3333333333333333 1.6363636363636365 2.6363636363636362 2.515151515151515 1.303030303030303 2.1818181818181817 2.242424242424242 2.727272727272727 1.5151515151515151 2.4545454545454546 2.090909090909091 1.2121212121212122 1.6363636363636365 2.1818181818181817 2.5757575757575757 2.4242424242424243 2.393939393939394 1.9090909090909092 1.6666666666666667 1.7878787878787878 2.727272727272727 2.6666666666666665 2.5454545454545454 2.272727272727273 1.7272727272727273 1.8484848484848484 3.0 2.878787878787879 1.2121212121212122 1.6666666666666667 1.4848484848484849 1.9090909090909092 2.696969696969697 2.4242424242424243 1.4242424242424243 1.4545454545454546  
20 123.5300378033276 1.7575757575757576 2.6666666666666665 2.5454545454545454 2.8181818181818183 1.878787878787879 2.4242424242424243 1.303030303030303 2.1515151515151514 2.4545454545454546 2.3636363636363638 1.2121212121212122 2.0606060606060606 1.3333333333333333 1.5454545454545454 1.3333333333333333 1.6363636363636365 2.6363636363636362 2.515151515151515 1.303030303030303 2.1818181818181817 2.242424242424242 2.727272727272727 1.5151515151515151 2.4545454545454546 2.090909090909091 1.2121212121212122 1.6363636363636365 2.1818181818181817 2.5757575757575757 2.4242424242424243 2.393939393939394 1.9090909090909092 1.6666666666666667 1.7878787878787878 2.727272727272727 2.6666666666666665 2.5454545454545454 2.272727272727273 1.7272727272727273 1.8484848484848484 3.0 2.878787878787879 1.2121212121212122 1.6666666666666667 1.4848484848484849 1.9090909090909092 2.696969696969697 2.4242424242424243 1.4242424242424243 1.4545454545454546  
41 544.1222703158276 1.7575757575757576 2.6666666666666665 2.5454545454545454 2.8181818181818183 1.878787878787879 2.4242424242424243 1.303030303030303 2.1515151515151514 2.4545454545454546 2.3636363636363638 1.2121212121212122 2.0606060606060606 1.3333333333333333 1.5454545454545454 1.3333333333333333 1.6363636363636365 2.6363636363636362 2.515151515151515 1.303030303030303 2.1818181818181817 2.242424242424242 2.727272727272727 1.5151515151515151 2.4545454545454546 2.090909090909091 1.2121212121212122 1.6363636363636365 2.1818181818181817 2.5757575757575757 2.4242424242424243 2.393939393939394 1.9090909090909092 1.6666666666666667 1.7878787878787878 2.727272727272727 2.6666666666666665 2.5454545454545454 2.272727272727273 1.7272727272727273 1.8484848484848484 3.0 2.878787878787879 1.2121212121212122 1.6666666666666667 1.4848484848484849 1.9090909090909092 2.696969696969697 2.4242424242424243 1.4242424242424243 1.4545454545454546  
44 373.88510879457493 1.1717171717171717 1.7777777777777777 1.696969696969697 1.878787878787879 1.2525252525252526 1.6161616161616161 0.8686868686868687 1.4343434343434343 1.6363636363636365 1.5757575757575757 0.8080808080808081 1.3737373737373737 0.8888888888888888 1.0303030303030303 0.8888888888888888 1.0909090909090908 1.7575757575757576 1.6767676767676767 0.8686868686868687 1.4545454545454546 1.494949494949495 1.8181818181818181 1.0101010101010102 1.6363636363636365 1.393939393939394 0.8080808080808081 1.0909090909090908 1.4545454545454546 1.7171717171717171 1.6161616161616161 1.595959595959596 1.2727272727272727 1.1111111111111112 1.1919191919191918 1.8181818181818181 1.7777777777777777 1.696969696969697 1.5151515151515151 1.1515151515151516 1.2323232323232323 2.0 1.9191919191919191 0.8080808080808081 1.1111111111111112 0.98989898989899 1.2727272727272727 1.797979797979798 1.6161616161616161 0.9494949494949495 0.9696969696969697  
51 231.30301667345296 1.7575757575757576 2.6666666666666665 2.5454545454545454 2.8181818181818183 1.878787878787879 2.4242424242424243 1.303030303030303 2.1515151515151514 2.4545454545454546 2.3636363636363638 1.2121212121212122 2.0606060606060606 1.3333333333333333 1.5454545454545454 1.3333333333333333 1.6363636363636365 2.6363636363636362 2.515151515151515 1.303030303030303 2.1818181818181817 2.242424242424242 2.727272727272727 1.5151515151515151 2.4545454545454546 2.090909090909091 1.2121212121212122 1.6363636363636365 2.1818181818181817 2.5757575757575757 2.4242424242424243 2.393939393939394 1.9090909090909092 1.6666666666666667 1.7878787878787878 2.727272727272727 2.6666666666666665 2.5454545454545454 2.272727272727273 1.7272727272727273 1.8484848484848484 3.0 2.878787878787879 1.2121212121212122 1.6666666666666667 1.4848484848484849 1.9090909090909092 2.696969696969697 2.4242424242424243 1.4242424242424243 1.4545454545454546  
54 174.2665130496592 1.1717171717171717 1.7777777777777777 1.696969696969697 1.878787878787879 1.2525252525252526 1.6161616161616161 0.8686868686868687 1.4343434343434343 1.6363636363636365 1.5757575757575757 0.8080808080808081 1.3737373737373737 0.8888888888888888 1.0303030303030303 0.8888888888888888 1.0909090909090908 1.7575757575757576 1.6767676767676767 0.8686868686868687 1.4545454545454546 1.494949494949495 1.8181818181818181 1.0101010101010102 1.6363636363636365 1.393939393939394 0.8080808080808081 1.0909090909090908 1.4545454545454546 1.7171717171717171 1.6161616161616161 1.595959595959596 1.2727272727272727 1.1111111111111112 1.1919191919191918 1.8181818181818181 1.7777777777777777 1.696969696969697 1.5151515151515151 1.1515151515151516 1.2323232323232323 2.0 1.9191919191919191 0.8080808080808081 1.1111111111111112 0.98989898989899 1.2727272727272727 1.797979797979798 1.6161616161616161 0.9494949494949495 0.9696969696969697  
56 161.98206834516742 1.7575757575757576 2.6666666666666665 2.5454545454545454 2.8181818181818183 1.878787878787879 2.4242424242424243 1.303030303030303 2.1515151515151514 2.4545454545454546 2.3636363636363638 1.2121212121212122 2.0606060606060606 1.3333333333333333 1.5454545454545454 1.3333333333333333 1.6363636363636365 2.6363636363636362 2.515151515151515 1.303030303030303 2.1818181818181817 2.242424242424242 2.727272727272727 1.5151515151515151 2.4545454545454546 2.090909090909091 1.2121212121212122 1.6363636363636365 2.1818181818181817 2.5757575757575757 2.4242424242424243 2.393939393939394 1.9090909090909092 1.6666666666666667 1.7878787878787878 2.727272727272727 2.6666666666666665 2.5454545454545454 2.272727272727273 1.7272727272727273 1.8484848484848484 3.0 2.878787878787879 1.2121212121212122 1.6666666666666667 1.4848484848484849 1.9090909090909092 2.696969696969697 2.4242424242424243 1.4242424242424243 1.4545454545454546  
36 64.36972555882267 1.7575757575757576 2.6666666666666665 2.5454545454545454 2.8181818181818183 1.878787878787879 2.4242424242424243 1.303030303030303 2.1515151515151514 2.4545454545454546 2.3636363636363638 1.2121212121212122 2.0606060606060606 1.3333333333333333 1.5454545454545454 1.3333333333333333 1.6363636363636365 2.6363636363636362 2.515151515151515 1.303030303030303 2.1818181818181817 2.242424242424242 2.727272727272727 1.5151515151515151 2.4545454545454546 2.090909090909091 1.2121212121212122 1.6363636363636365 2.1818181818181817 2.5757575757575757 2.4242424242424243 2.393939393939394 1.9090909090909092 1.6666666666666667 1.7878787878787878 2.727272727272727 2.6666666666666665 2.5454545454545454 2.272727272727273 1.7272727272727273 1.8484848484848484 3.0 2.878787878787879 1.2121212121212122 1.6666666666666667 1.4848484848484849 1.9090909090909092 2.696969696969697 2.4242424242424243 1.4242424242424243 1.4545454545454546  
37 31.295251120225597 1.1717171717171717 1.7777777777777777 1.696969696969697 1.878787878787879 1.2525252525252526 1.6161616161616161 0.8686868686868687 1.4343434343434343 1.6363636363636365 1.5757575757575757 0.8080808080808081 1.3737373737373737 0.8888888888888888 1.0303030303030303 0.8888888888888888 1.0909090909090908 1.7575757575757576 1.6767676767676767 0.8686868686868687 1.4545454545454546 1.494949494949495 1.8181818181818181 1.0101010101010102 1.6363636363636365 1.393939393939394 0.8080808080808081 1.0909090909090908 1.4545454545454546 1.7171717171717171 1.6161616161616161 1.595959595959596 1.2727272727272727 1.1111111111111112 1.1919191919191918 1.8181818181818181 1.7777777777777777 1.696969696969697 1.5151515151515151 1.1515151515151516 1.2323232323232323 2.0 1.9191919191919191 0.8080808080808081 1.1111111111111112 0.98989898989899 1.2727272727272727 1.797979797979798 1.6161616161616161 0.9494949494949495 0.9696969696969697  
31 323.85488947071053 1.7575757575757576 2.6666666666666665 2.5454545454545454 2.8181818181818183 1.878787878787879 2.4242424242424243 1.303030303030303 2.1515151515151514 2.4545454545454546 2.3636363636363638 1.2121212121212122 2.0606060606060606 1.3333333333333333 1.5454545454545454 1.3333333333333333 1.6363636363636365 2.6363636363636362 2.515151515151515 1.303030303030303 2.1818181818181817 2.242424242424242 2.727272727272727 1.5151515151515151 2.4545454545454546 2.090909090909091 1.2121212121212122 1.6363636363636365 2.1818181818181817 2.5757575757575757 2.4242424242424243 2.393939393939394 1.9090909090909092 1.6666666666666667 1.7878787878787878 2.727272727272727 2.6666666666666665 2.5454545454545454 2.272727272727273 1.7272727272727273 1.8484848484848484 3.0 2.878787878787879 1.2121212121212122 1.6666666666666667 1.4848484848484849 1.9090909090909092 2.696969696969697 2.4242424242424243 1.4242424242424243 1.4545454545454546  
21 9.886138285711272 1.1717171717171717 1.7777777777777777 1.696969696969697 1.878787878787879 1.2525252525252526 1.6161616161616161 0.8686868686868687 1.4343434343434343 1.6363636363636365 1.5757575757575757 0.8080808080808081 1.3737373737373737 0.8888888888888888 1.0303030303030303 0.8888888888888888 1.0909090909090908 1.7575757575757576 1.6767676767676767 0.8686868686868687 1.4545454545454546 1.494949494949495 1.8181818181818181 1.0101010101010102 1.6363636363636365 1.393939393939394 0.8080808080808081 1.0909090909090908 1.4545454545454546 1.7171717171717171 1.6161616161616161 1.595959595959596 1.2727272727272727 1.1111111111111112 1.1919191919191918 1.8181818181818181 1.7777777777777777 1.696969696969697 1.5151515151515151 1.1515151515151516 1.2323232323232323 2.0 1.9191919191919191 0.8080808080808081 1.1111111111111112 0.98989898989899 1.2727272727272727 1.797979797979798 1.6161616161616161 0.9494949494949495 0.9696969696969697  
47 136.1530309449815 1.1717171717171717 1.7777777777777777 1.696969696969697 1.878787878787879 1.2525252525252526 1.6161616161616161 0.8686868686868687 1.4343434343434343 1.6363636363636365 1.5757575757575757 0.8080808080808081 1.3737373737373737 0.8888888888888888 1.0303030303030303 0.8888888888888888 1.0909090909090908 1.7575757575757576 1.6767676767676767 0.8686868686868687 1.4545454545454546 1.494949494949495 1.8181818181818181 1.0101010101010102 1.6363636363636365 1.393939393939394 0.8080808080808081 1.0909090909090908 1.4545454545454546 1.7171717171717171 1.6161616161616161 1.595959595959596 1.2727272727272727 1.1111111111111112 1.1919191919191918 1.8181818181818181 1.7777777777777777 1.696969696969697 1.5151515151515151 1.1515151515151516 1.2323232323232323 2.0 1.9191919191919191 0.8080808080808081 1.1111111111111112 0.98989898989899 1.2727272727272727 1.797979797979798 1.6161616161616161 0.9494949494949495 0.9696969696969697  
26 32.0612226301198 1.7575757575757576 2.6666666666666665 2.5454545454545454 2.8181818181818183 1.878787878787879 2.4242424242424243 1.303030303030303 2.1515151515151514 2.4545454545454546 2.3636363636363638 1.2121212121212122 2.0606060606060606 1.3333333333333333 1.5454545454545454 1.3333333333333333 1.6363636363636365 2.6363636363636362 2.515151515151515 1.303030303030303 2.1818181818181817 2.242424242424242 2.727272727272727 1.5151515151515151 2.4545454545454546 2.090909090909091 1.2121212121212122 1.6363636363636365 2.1818181818181817 2.5757575757575757 2.4242424242424243 2.393939393939394 1.9090909090909092 1.6666666666666667 1.7878787878787878 2.727272727272727 2.6666666666666665 2.5454545454545454 2.272727272727273 1.7272727272727273 1.8484848484848484 3.0 2.878787878787879 1.2121212121212122 1.6666666666666667 1.4848484848484849 1.9090909090909092 2.696969696969697 2.4242424242424243 1.4242424242424243 1.4545454545454546  
55 65.62286079624005 1.1717171717171717 1.7777777777777777 1.696969696969697 1.878787878787879 1.2525252525252526 1.6161616161616161 0.8686868686868687 1.4343434343434343 1.6363636363636365 1.5757575757575757 0.8080808080808081 1.3737373737373737 0.8888888888888888 1.0303030303030303 0.8888888888888888 1.0909090909090908 1.7575757575757576 1.6767676767676767 0.8686868686868687 1.4545454545454546 1.494949494949495 1.8181818181818181 1.0101010101010102 1.6363636363636365 1.393939393939394 0.8080808080808081 1.0909090909090908 1.4545454545454546 1.7171717171717171 1.6161616161616161 1.595959595959596 1.2727272727272727 1.1111111111111112 1.1919191919191918 1.8181818181818181 1.7777777777777777 1.696969696969697 1.5151515151515151 1.1515151515151516 1.2323232323232323 2.0 1.9191919191919191 0.8080808080808081 1.1111111111111112 0.98989898989899 1.2727272727272727 1.797979797979798 1.6161616161616161 0.9494949494949495 0.9696969696969697  
11 407.13671912957074 1.1717171717171717 1.7777777777777777 1.696969696969697 1.878787878787879 1.2525252525252526 1.6161616161616161 0.8686868686868687 1.4343434343434343 1.6363636363636365 1.5757575757575757 0.8080808080808081 1.3737373737373737 0.8888888888888888 1.0303030303030303 0.8888888888888888 1.0909090909090908 1.7575757575757576 1.6767676767676767 0.8686868686868687 1.4545454545454546 1.494949494949495 1.8181818181818181 1.0101010101010102 1.6363636363636365 1.393939393939394 0.8080808080808081 1.0909090909090908 1.4545454545454546 1.7171717171717171 1.6161616161616161 1.595959595959596 1.2727272727272727 1.1111111111111112 1.1919191919191918 1.8181818181818181 1.7777777777777777 1.696969696969697 1.5151515151515151 1.1515151515151516 1.2323232323232323 2.0 1.9191919191919191 0.8080808080808081 1.1111111111111112 0.98989898989899 1.2727272727272727 1.797979797979798 1.6161616161616161 0.9494949494949495 0.9696969696969697  
3 119.04750356635839 1.7575757575757576 2.6666666666666665 2.5454545454545454 2.8181818181818183 1.878787878787879 2.4242424242424243 1.303030303030303 2.1515151515151514 2.4545454545454546 2.3636363636363638 1.2121212121212122 2.0606060606060606 1.3333333333333333 1.5454545454545454 1.3333333333333333 1.6363636363636365 2.6363636363636362 2.515151515151515 1.303030303030303 2.1818181818181817 2.242424242424242 2.727272727272727 1.5151515151515151 2.4545454545454546 2.090909090909091 1.2121212121212122 1.6363636363636365 2.1818181818181817 2.5757575757575757 2.4242424242424243 2.393939393939394 1.9090909090909092 1.6666666666666667 1.7878787878787878 2.727272727272727 2.6666666666666665 2.5454545454545454 2.272727272727273 1.7272727272727273 1.8484848484848484 3.0 2.878787878787879 1.2121212121212122 1.6666666666666667 1.4848484848484849 1.9090909090909092 2.696969696969697 2.4242424242424243 1.4242424242424243 1.4545454545454546  
4 189.18097755689718 1.7575757575757576 2.6666666666666665 2.5454545454545454 2.8181818181818183 1.878787878787879 2.4242424242424243 1.303030303030303 2.1515151515151514 2.4545454545454546 2.3636363636363638 1.2121212121212122 2.0606060606060606 1.3333333333333333 1.5454545454545454 1.3333333333333333 1.6363636363636365 2.6363636363636362 2.515151515151515 1.303030303030303 2.1818181818181817 2.242424242424242 2.727272727272727 1.5151515151515151 2.4545454545454546 2.090909090909091 1.2121212121212122 1.6363636363636365 2.1818181818181817 2.5757575757575757 2.4242424242424243 2.393939393939394 1.9090909090909092 1.6666666666666667 1.7878787878787878 2.727272727272727 2.6666666666666665 2.5454545454545454 2.272727272727273 1.7272727272727273 1.8484848484848484 3.0 2.878787878787879 1.2121212121212122 1.6666666666666667 1.4848484848484849 1.9090909090909092 2.696969696969697 2.4242424242424243 1.4242424242424243 1.4545454545454546  
45 26.088501996393813 1.7575757575757576 2.6666666666666665 2.5454545454545454 2.8181818181818183 1.878787878787879 2.4242424242424243 1.303030303030303 2.1515151515151514 2.4545454545454546 2.3636363636363638 1.2121212121212122 2.0606060606060606 1.3333333333333333 1.5454545454545454 1.3333333333333333 1.6363636363636365 2.6363636363636362 2.515151515151515 1.303030303030303 2.1818181818181817 2.242424242424242 2.727272727272727 1.5151515151515151 2.4545454545454546 2.090909090909091 1.2121212121212122 1.6363636363636365 2.1818181818181817 2.5757575757575757 2.4242424242424243 2.393939393939394 1.9090909090909092 1.6666666666666667 1.7878787878787878 2.727272727272727 2.6666666666666665 2.5454545454545454 2.272727272727273 1.7272727272727273 1.8484848484848484 3.0 2.878787878787879 1.2121212121212122 1.6666666666666667 1.4848484848484849 1.9090909090909092 2.696969696969697 2.4242424242424243 1.4242424242424243 1.4545454545454546  
8 123.35344840623006 1.1717171717171717 1.7777777777777777 1.696969696969697 1.878787878787879 1.2525252525252526 1.6161616161616161 0.8686868686868687 1.4343434343434343 1.6363636363636365 1.5757575757575757 0.8080808080808081 1.3737373737373737 0.8888888888888888 1.0303030303030303 0.8888888888888888 1.0909090909090908 1.7575757575757576 1.6767676767676767 0.8686868686868687 1.4545454545454546 1.494949494949495 1.8181818181818181 1.0101010101010102 1.6363636363636365 1.393939393939394 0.8080808080808081 1.0909090909090908 1.4545454545454546 1.7171717171717171 1.6161616161616161 1.595959595959596 1.2727272727272727 1.1111111111111112 1.1919191919191918 1.8181818181818181 1.7777777777777777 1.696969696969697 1.5151515151515151 1.1515151515151516 1.2323232323232323 2.0 1.9191919191919191 0.8080808080808081 1.1111111111111112 0.98989898989899 1.2727272727272727 1.797979797979798 1.6161616161616161 0.9494949494949495 0.9696969696969697  
1 35.63962275684106 1.1717171717171717 1.7777777777777777 1.696969696969697 1.878787878787879 1.2525252525252526 1.6161616161616161 0.8686868686868687 1.4343434343434343 1.6363636363636365 1.5757575757575757 0.8080808080808081 1.3737373737373737 0.8888888888888888 1.0303030303030303 0.8888888888888888 1.0909090909090908 1.7575757575757576 1.6767676767676767 0.8686868686868687 1.4545454545454546 1.494949494949495 1.8181818181818181 1.0101010101010102 1.6363636363636365 1.393939393939394 0.8080808080808081 1.0909090909090908 1.4545454545454546 1.7171717171717171 1.6161616161616161 1.595959595959596 1.2727272727272727 1.1111111111111112 1.1919191919191918 1.8181818181818181 1.7777777777777777 1.696969696969697 1.5151515151515151 1.1515151515151516 1.2323232323232323 2.0 1.9191919191919191 0.8080808080808081 1.1111111111111112 0.98989898989899 1.2727272727272727 1.797979797979798 1.6161616161616161 0.9494949494949495 0.9696969696969697  
6 212.91812018266714 1.1717171717171717 1.7777777777777777 1.696969696969697 1.878787878787879 1.2525252525252526 1.6161616161616161 0.8686868686868687 1.4343434343434343 1.6363636363636365 1.5757575757575757 0.8080808080808081 1.3737373737373737 0.8888888888888888 1.0303030303030303 0.8888888888888888 1.0909090909090908 1.7575757575757576 1.6767676767676767 0.8686868686868687 1.4545454545454546 1.494949494949495 1.8181818181818181 1.0101010101010102 1.6363636363636365 1.393939393939394 0.8080808080808081 1.0909090909090908 1.4545454545454546 1.7171717171717171 1.6161616161616161 1.595959595959596 1.2727272727272727 1.1111111111111112 1.1919191919191918 1.8181818181818181 1.7777777777777777 1.696969696969697 1.5151515151515151 1.1515151515151516 1.2323232323232323 2.0 1.9191919191919191 0.8080808080808081 1.1111111111111112 0.98989898989899 1.2727272727272727 1.797979797979798 1.6161616161616161 0.9494949494949495 0.9696969696969697  
28 480.06957390481267 1.7575757575757576 2.6666666666666665 2.5454545454545454 2.8181818181818183 1.878787878787879 2.4242424242424243 1.303030303030303 2.1515151515151514 2.4545454545454546 2.3636363636363638 1.2121212121212122 2.0606060606060606 1.3333333333333333 1.5454545454545454 1.3333333333333333 1.6363636363636365 2.6363636363636362 2.515151515151515 1.303030303030303 2.1818181818181817 2.242424242424242 2.727272727272727 1.5151515151515151 2.4545454545454546 2.090909090909091 1.2121212121212122 1.6363636363636365 2.1818181818181817 2.5757575757575757 2.4242424242424243 2.393939393939394 1.9090909090909092 1.6666666666666667 1.7878787878787878 2.727272727272727 2.6666666666666665 2.5454545454545454 2.272727272727273 1.7272727272727273 1.8484848484848484 3.0 2.878787878787879 1.2121212121212122 1.6666666666666667 1.4848484848484849 1.9090909090909092 2.696969696969697 2.4242424242424243 1.4242424242424243 1.4545454545454546  
35 452.20927683416613 1.1717171717171717 1.7777777777777777 1.696969696969697 1.878787878787879 1.2525252525252526 1.6161616161616161 0.8686868686868687 1.4343434343434343 1.6363636363636365 1.5757575757575757 0.8080808080808081 1.3737373737373737 0.8888888888888888 1.0303030303030303 0.8888888888888888 1.0909090909090908 1.7575757575757576 1.6767676767676767 0.8686868686868687 1.4545454545454546 1.494949494949495 1.8181818181818181 1.0101010101010102 1.6363636363636365 1.393939393939394 0.8080808080808081 1.0909090909090908 1.4545454545454546 1.7171717171717171 1.6161616161616161 1.595959595959596 1.2727272727272727 1.1111111111111112 1.1919191919191918 1.8181818181818181 1.7777777777777777 1.696969696969697 1.5151515151515151 1.1515151515151516 1.2323232323232323 2.0 1.9191919191919191 0.8080808080808081 1.1111111111111112 0.98989898989899 1.2727272727272727 1.797979797979798 1.6161616161616161 0.9494949494949495 0.9696969696969697  
23 166.84055002278384 1.1717171717171717 1.7777777777777777 1.696969696969697 1.878787878787879 1.2525252525252526 1.6161616161616161 0.8686868686868687 1.4343434343434343 1.6363636363636365 1.5757575757575757 0.8080808080808081 1.3737373737373737 0.8888888888888888 1.0303030303030303 0.8888888888888888 1.0909090909090908 1.7575757575757576 1.6767676767676767 0.8686868686868687 1.4545454545454546 1.494949494949495 1.8181818181818181 1.0101010101010102 1.6363636363636365 1.393939393939394 0.8080808080808081 1.0909090909090908 1.4545454545454546 1.7171717171717171 1.6161616161616161 1.595959595959596 1.2727272727272727 1.1111111111111112 1.1919191919191918 1.8181818181818181 1.7777777777777777 1.696969696969697 1.5151515151515151 1.1515151515151516 1.2323232323232323 2.0 1.9191919191919191 0.8080808080808081 1.1111111111111112 0.98989898989899 1.2727272727272727 1.797979797979798 1.6161616161616161 0.9494949494949495 0.9696969696969697  
2 85.62959248880766 1.1717171717171717 1.7777777777777777 1.696969696969697 1.878787878787879 1.2525252525252526 1.6161616161616161 0.8686868686868687 1.4343434343434343 1.6363636363636365 1.5757575757575757 0.8080808080808081 1.3737373737373737 0.8888888888888888 1.0303030303030303 0.8888888888888888 1.0909090909090908 1.7575757575757576 1.6767676767676767 0.8686868686868687 1.4545454545454546 1.494949494949495 1.8181818181818181 1.0101010101010102 1.6363636363636365 1.393939393939394 0.8080808080808081 1.0909090909090908 1.4545454545454546 1.7171717171717171 1.6161616161616161 1.595959595959596 1.2727272727272727 1.1111111111111112 1.1919191919191918 1.8181818181818181 1.7777777777777777 1.696969696969697 1.5151515151515151 1.1515151515151516 1.2323232323232323 2.0 1.9191919191919191 0.8080808080808081 1.1111111111111112 0.98989898989899 1.2727272727272727 1.797979797979798 1.6161616161616161 0.9494949494949495 0.9696969696969697  
59 282.4920186008199 1.7575757575757576 2.6666666666666665 2.5454545454545454 2.8181818181818183 1.878787878787879 2.4242424242424243 1.303030303030303 2.1515151515151514 2.4545454545454546 2.3636363636363638 1.2121212121212122 2.0606060606060606 1.3333333333333333 1.5454545454545454 1.3333333333333333 1.6363636363636365 2.6363636363636362 2.515151515151515 1.303030303030303 2.1818181818181817 2.242424242424242 2.727272727272727 1.5151515151515151 2.4545454545454546 2.090909090909091 1.2121212121212122 1.6363636363636365 2.1818181818181817 2.5757575757575757 2.4242424242424243 2.393939393939394 1.9090909090909092 1.6666666666666667 1.7878787878787878 2.727272727272727 2.6666666666666665 2.5454545454545454 2.272727272727273 1.7272727272727273 1.8484848484848484 3.0 2.878787878787879 1.2121212121212122 1.6666666666666667 1.4848484848484849 1.9090909090909092 2.696969696969697 2.4242424242424243 1.4242424242424243 1.4545454545454546  
27 440.6019498514994 1.1717171717171717 1.7777777777777777 1.696969696969697 1.878787878787879 1.2525252525252526 1.6161616161616161 0.8686868686868687 1.4343434343434343 1.6363636363636365 1.5757575757575757 0.8080808080808081 1.3737373737373737 0.8888888888888888 1.0303030303030303 0.8888888888888888 1.0909090909090908 1.7575757575757576 1.6767676767676767 0.8686868686868687 1.4545454545454546 1.494949494949495 1.8181818181818181 1.0101010101010102 1.6363636363636365 1.393939393939394 0.8080808080808081 1.0909090909090908 1.4545454545454546 1.7171717171717171 1.6161616161616161 1.595959595959596 1.2727272727272727 1.1111111111111112 1.1919191919191918 1.8181818181818181 1.7777777777777777 1.696969696969697 1.5151515151515151 1.1515151515151516 1.2323232323232323 2.0 1.9191919191919191 0.8080808080808081 1.1111111111111112 0.98989898989899 1.2727272727272727 1.797979797979798 1.6161616161616161 0.9494949494949495 0.9696969696969697  
5 18.272040773100006 1.1717171717171717 1.7777777777777777 1.696969696969697 1.878787878787879 1.2525252525252526 1.6161616161616161 0.8686868686868687 1.4343434343434343 1.6363636363636365 1.5757575757575757 0.8080808080808081 1.3737373737373737 0.8888888888888888 1.0303030303030303 0.8888888888888888 1.0909090909090908 1.7575757575757576 1.6767676767676767 0.8686868686868687 1.4545454545454546 1.494949494949495 1.8181818181818181 1.0101010101010102 1.6363636363636365 1.393939393939394 0.8080808080808081 1.0909090909090908 1.4545454545454546 1.7171717171717171 1.6161616161616161 1.595959595959596 1.2727272727272727 1.1111111111111112 1.1919191919191918 1.8181818181818181 1.7777777777777777 1.696969696969697 1.5151515151515151 1.1515151515151516 1.2323232323232323 2.0 1.9191919191919191 0.8080808080808081 1.1111111111111112 0.98989898989899 1.2727272727272727 1.797979797979798 1.6161616161616161 0.9494949494949495 0.9696969696969697  
38 52.157208742180046 1.7575757575757576 2.6666666666666665 2.5454545454545454 2.8181818181818183 1.878787878787879 2.4242424242424243 1.303030303030303 2.1515151515151514 2.4545454545454546 2.3636363636363638 1.2121212121212122 2.0606060606060606 1.3333333333333333 1.5454545454545454 1.3333333333333333 1.6363636363636365 2.6363636363636362 2.515151515151515 1.303030303030303 2.1818181818181817 2.242424242424242 2.727272727272727 1.5151515151515151 2.4545454545454546 2.090909090909091 1.2121212121212122 1.6363636363636365 2.1818181818181817 2.5757575757575757 2.4242424242424243 2.393939393939394 1.9090909090909092 1.6666666666666667 1.7878787878787878 2.727272727272727 2.6666666666666665 2.5454545454545454 2.272727272727273 1.7272727272727273 1.8484848484848484 3.0 2.878787878787879 1.2121212121212122 1.6666666666666667 1.4848484848484849 1.9090909090909092 2.696969696969697 2.4242424242424243 1.4242424242424243 1.4545454545454546  
18 329.9234154807833 1.7575757575757576 2.6666666666666665 2.5454545454545454 2.8181818181818183 1.878787878787879 2.4242424242424243 1.303030303030303 2.1515151515151514 2.4545454545454546 2.3636363636363638 1.2121212121212122 2.0606060606060606 1.3333333333333333 1.5454545454545454 1.3333333333333333 1.6363636363636365 2.6363636363636362 2.515151515151515 1.303030303030303 2.1818181818181817 2.242424242424242 2.727272727272727 1.5151515151515151 2.4545454545454546 2.090909090909091 1.2121212121212122 1.6363636363636365 2.1818181818181817 2.5757575757575757 2.4242424242424243 2.393939393939394 1.9090909090909092 1.6666666666666667 1.7878787878787878 2.727272727272727 2.6666666666666665 2.5454545454545454 2.272727272727273 1.7272727272727273 1.8484848484848484 3.0 2.878787878787879 1.2121212121212122 1.6666666666666667 1.4848484848484849 1.9090909090909092 2.696969696969697 2.4242424242424243 1.4242424242424243 1.4545454545454546  
14 528.6614046478902 1.1717171717171717 1.7777777777777777 1.696969696969697 1.878787878787879 1.2525252525252526 1.6161616161616161 0.8686868686868687 1.4343434343434343 1.6363636363636365 1.5757575757575757 0.8080808080808081 1.3737373737373737 0.8888888888888888 1.0303030303030303 0.8888888888888888 1.0909090909090908 1.7575757575757576 1.6767676767676767 0.8686868686868687 1.4545454545454546 1.494949494949495 1.8181818181818181 1.0101010101010102 1.6363636363636365 1.393939393939394 0.8080808080808081 1.0909090909090908 1.4545454545454546 1.7171717171717171 1.6161616161616161 1.595959595959596 1.2727272727272727 1.1111111111111112 1.1919191919191918 1.8181818181818181 1.7777777777777777 1.696969696969697 1.5151515151515151 1.1515151515151516 1.2323232323232323 2.0 1.9191919191919191 0.8080808080808081 1.1111111111111112 0.98989898989899 1.2727272727272727 1.797979797979798 1.6161616161616161 0.9494949494949495 0.9696969696969697  
53 79.18446043400459 1.1717171717171717 1.7777777777777777 1.696969696969697 1.878787878787879 1.2525252525252526 1.6161616161616161 0.8686868686868687 1.4343434343434343 1.6363636363636365 1.5757575757575757 0.8080808080808081 1.3737373737373737 0.8888888888888888 1.0303030303030303 0.8888888888888888 1.0909090909090908 1.7575757575757576 1.6767676767676767 0.8686868686868687 1.4545454545454546 1.494949494949495 1.8181818181818181 1.0101010101010102 1.6363636363636365 1.393939393939394 0.8080808080808081 1.0909090909090908 1.4545454545454546 1.7171717171717171 1.6161616161616161 1.595959595959596 1.2727272727272727 1.1111111111111112 1.1919191919191918 1.8181818181818181 1.7777777777777777 1.696969696969697 1.5151515151515151 1.1515151515151516 1.2323232323232323 2.0 1.9191919191919191 0.8080808080808081 1.1111111111111112 0.98989898989899 1.2727272727272727 1.797979797979798 1.6161616161616161 0.9494949494949495 0.9696969696969697  
33 242.48401830462996 1.7575757575757576 2.6666666666666665 2.5454545454545454 2.8181818181818183 1.878787878787879 2.4242424242424243 1.303030303030303 2.1515151515151514 2.4545454545454546 2.3636363636363638 1.2121212121212122 2.0606060606060606 1.3333333333333333 1.5454545454545454 1.3333333333333333 1.6363636363636365 2.6363636363636362 2.515151515151515 1.303030303030303 2.1818181818181817 2.242424242424242 2.727272727272727 1.5151515151515151 2.4545454545454546 2.090909090909091 1.2121212121212122 1.6363636363636365 2.1818181818181817 2.5757575757575757 2.4242424242424243 2.393939393939394 1.9090909090909092 1.6666666666666667 1.7878787878787878 2.727272727272727 2.6666666666666665 2.5454545454545454 2.272727272727273 1.7272727272727273 1.8484848484848484 3.0 2.878787878787879 1.2121212121212122 1.6666666666666667 1.4848484848484849 1.9090909090909092 2.696969696969697 2.4242424242424243 1.4242424242424243 1.4545454545454546  
24 492.4873128448967 1.1717171717171717 1.7777777777777777 1.696969696969697 1.878787878787879 1.2525252525252526 1.6161616161616161 0.8686868686868687 1.4343434343434343 1.6363636363636365 1.5757575757575757 0.8080808080808081 1.3737373737373737 0.8888888888888888 1.0303030303030303 0.8888888888888888 1.0909090909090908 1.7575757575757576 1.6767676767676767 0.8686868686868687 1.4545454545454546 1.494949494949495 1.8181818181818181 1.0101010101010102 1.6363636363636365 1.393939393939394 0.8080808080808081 1.0909090909090908 1.4545454545454546 1.7171717171717171 1.6161616161616161 1.595959595959596 1.2727272727272727 1.1111111111111112 1.1919191919191918 1.8181818181818181 1.7777777777777777 1.696969696969697 1.5151515151515151 1.1515151515151516 1.2323232323232323 2.0 1.9191919191919191 0.8080808080808081 1.1111111111111112 0.98989898989899 1.2727272727272727 1.797979797979798 1.6161616161616161 0.9494949494949495 0.9696969696969697  
42 81.7555398427947 1.7575757575757576 2.6666666666666665 2.5454545454545454 2.8181818181818183 1.878787878787879 2.4242424242424243 1.303030303030303 2.1515151515151514 2.4545454545454546 2.3636363636363638 1.2121212121212122 2.0606060606060606 1.3333333333333333 1.5454545454545454 1.3333333333333333 1.6363636363636365 2.6363636363636362 2.515151515151515 1.303030303030303 2.1818181818181817 2.242424242424242 2.727272727272727 1.5151515151515151 2.4545454545454546 2.090909090909091 1.2121212121212122 1.6363636363636365 2.1818181818181817 2.5757575757575757 2.4242424242424243 2.393939393939394 1.9090909090909092 1.6666666666666667 1.7878787878787878 2.727272727272727 2.6666666666666665 2.5454545454545454 2.272727272727273 1.7272727272727273 1.8484848484848484 3.0 2.878787878787879 1.2121212121212122 1.6666666666666667 1.4848484848484849 1.9090909090909092 2.696969696969697 2.4242424242424243 1.4242424242424243 1.4545454545454546  
40 384.6301039239926 1.1717171717171717 1.7777777777777777 1.696969696969697 1.878787878787879 1.2525252525252526 1.6161616161616161 0.8686868686868687 1.4343434343434343 1.6363636363636365 1.5757575757575757 0.8080808080808081 1.3737373737373737 0.8888888888888888 1.0303030303030303 0.8888888888888888 1.0909090909090908 1.7575757575757576 1.6767676767676767 0.8686868686868687 1.4545454545454546 1.494949494949495 1.8181818181818181 1.0101010101010102 1.6363636363636365 1.393939393939394 0.8080808080808081 1.0909090909090908 1.4545454545454546 1.7171717171717171 1.6161616161616161 1.595959595959596 1.2727272727272727 1.1111111111111112 1.1919191919191918 1.8181818181818181 1.7777777777777777 1.696969696969697 1.5151515151515151 1.1515151515151516 1.2323232323232323 2.0 1.9191919191919191 0.8080808080808081 1.1111111111111112 0.98989898989899 1.2727272727272727 1.797979797979798 1.6161616161616161 0.9494949494949495 0.9696969696969697  
52 46.75619249966738 1.7575757575757576 2.6666666666666665 2.5454545454545454 2.8181818181818183 1.878787878787879 2.4242424242424243 1.303030303030303 2.1515151515151514 2.4545454545454546 2.3636363636363638 1.2121212121212122 2.0606060606060606 1.3333333333333333 1.5454545454545454 1.3333333333333333 1.6363636363636365 2.6363636363636362 2.515151515151515 1.303030303030303 2.1818181818181817 2.242424242424242 2.727272727272727 1.5151515151515151 2.4545454545454546 2.090909090909091 1.2121212121212122 1.6363636363636365 2.1818181818181817 2.5757575757575757 2.4242424242424243 2.393939393939394 1.9090909090909092 1.6666666666666667 1.7878787878787878 2.727272727272727 2.6666666666666665 2.5454545454545454 2.272727272727273 1.7272727272727273 1.8484848484848484 3.0 2.878787878787879 1.2121212121212122 1.6666666666666667 1.4848484848484849 1.9090909090909092 2.696969696969697 2.4242424242424243 1.4242424242424243 1.4545454545454546  
17 315.32815387273024 1.1717171717171717 1.7777777777777777 1.696969696969697 1.878787878787879 1.2525252525252526 1.6161616161616161 0.8686868686868687 1.4343434343434343 1.6363636363636365 1.5757575757575757 0.8080808080808081 1.3737373737373737 0.8888888888888888 1.0303030303030303 0.8888888888888888 1.0909090909090908 1.7575757575757576 1.6767676767676767 0.8686868686868687 1.4545454545454546 1.494949494949495 1.8181818181818181 1.0101010101010102 1.6363636363636365 1.393939393939394 0.8080808080808081 1.0909090909090908 1.4545454545454546 1.7171717171717171 1.6161616161616161 1.595959595959596 1.2727272727272727 1.1111111111111112 1.1919191919191918 1.8181818181818181 1.7777777777777777 1.696969696969697 1.5151515151515151 1.1515151515151516 1.2323232323232323 2.0 1.9191919191919191 0.8080808080808081 1.1111111111111112 0.98989898989899 1.2727272727272727 1.797979797979798 1.6161616161616161 0.9494949494949495 0.9696969696969697  
32 409.3331147850252 1.7575757575757576 2.6666666666666665 2.5454545454545454 2.8181818181818183 1.878787878787879 2.4242424242424243 1.303030303030303 2.1515151515151514 2.4545454545454546 2.3636363636363638 1.2121212121212122 2.0606060606060606 1.3333333333333333 1.5454545454545454 1.3333333333333333 1.6363636363636365 2.6363636363636362 2.515151515151515 1.303030303030303 2.1818181818181817 2.242424242424242 2.727272727272727 1.5151515151515151 2.4545454545454546 2.090909090909091 1.2121212121212122 1.6363636363636365 2.1818181818181817 2.5757575757575757 2.4242424242424243 2.393939393939394 1.9090909090909092 1.6666666666666667 1.7878787878787878 2.727272727272727 2.6666666666666665 2.5454545454545454 2.272727272727273 1.7272727272727273 1.8484848484848484 3.0 2.878787878787879 1.2121212121212122 1.6666666666666667 1.4848484848484849 1.9090909090909092 2.696969696969697 2.4242424242424243 1.4242424242424243 1.4545454545454546  
15 485.9977017938203 1.7575757575757576 2.6666666666666665 2.5454545454545454 2.8181818181818183 1.878787878787879 2.4242424242424243 1.303030303030303 2.1515151515151514 2.4545454545454546 2.3636363636363638 1.2121212121212122 2.0606060606060606 1.3333333333333333 1.5454545454545454 1.3333333333333333 1.6363636363636365 2.6363636363636362 2.515151515151515 1.303030303030303 2.1818181818181817 2.242424242424242 2.727272727272727 1.5151515151515151 2.4545454545454546 2.090909090909091 1.2121212121212122 1.6363636363636365 2.1818181818181817 2.5757575757575757 2.4242424242424243 2.393939393939394 1.9090909090909092 1.6666666666666667 1.7878787878787878 2.727272727272727 2.6666666666666665 2.5454545454545454 2.272727272727273 1.7272727272727273 1.8484848484848484 3.0 2.878787878787879 1.2121212121212122 1.6666666666666667 1.4848484848484849 1.9090909090909092 2.696969696969697 2.4242424242424243 1.4242424242424243 1.4545454545454546  
7 31.036445665841548 1.1717171717171717 1.7777777777777777 1.696969696969697 1.878787878787879 1.2525252525252526 1.6161616161616161 0.8686868686868687 1.4343434343434343 1.6363636363636365 1.5757575757575757 0.8080808080808081 1.3737373737373737 0.8888888888888888 1.0303030303030303 0.8888888888888888 1.0909090909090908 1.7575757575757576 1.6767676767676767 0.8686868686868687 1.4545454545454546 1.494949494949495 1.8181818181818181 1.0101010101010102 1.6363636363636365 1.393939393939394 0.8080808080808081 1.0909090909090908 1.4545454545454546 1.7171717171717171 1.6161616161616161 1.595959595959596 1.2727272727272727 1.1111111111111112 1.1919191919191918 1.8181818181818181 1.7777777777777777 1.696969696969697 1.5151515151515151 1.1515151515151516 1.2323232323232323 2.0 1.9191919191919191 0.8080808080808081 1.1111111111111112 0.98989898989899 1.2727272727272727 1.797979797979798 1.6161616161616161 0.9494949494949495 0.9696969696969697  
10 225.62937271196844 1.7575757575757576 2.6666666666666665 2.5454545454545454 2.8181818181818183 1.878787878787879 2.4242424242424243 1.303030303030303 2.1515151515151514 2.4545454545454546 2.3636363636363638 1.2121212121212122 2.0606060606060606 1.3333333333333333 1.5454545454545454 1.3333333333333333 1.6363636363636365 2.6363636363636362 2.515151515151515 1.303030303030303 2.1818181818181817 2.242424242424242 2.727272727272727 1.5151515151515151 2.4545454545454546 2.090909090909091 1.2121212121212122 1.6363636363636365 2.1818181818181817 2.5757575757575757 2.4242424242424243 2.393939393939394 1.9090909090909092 1.6666666666666667 1.7878787878787878 2.727272727272727 2.6666666666666665 2.5454545454545454 2.272727272727273 1.7272727272727273 1.8484848484848484 3.0 2.878787878787879 1.2121212121212122 1.6666666666666667 1.4848484848484849 1.9090909090909092 2.696969696969697 2.4242424242424243 1.4242424242424243 1.4545454545454546  
