100 40
TREE NETWORK (nID nID Weight):
1 0 56.0 
63 0 54.0 
2 1 52.0 
30 1 41.0 
31 30 56.0 
69 0 41.0 
70 69 46.0 
95 0 40.0 
3 2 58.0 
64 63 38.0 
34 30 30.0 
71 70 44.0 
90 69 44.0 
8 2 54.0 
46 1 46.0 
4 3 58.0 
72 71 35.0 
73 72 47.0 
65 64 59.0 
9 8 34.0 
14 8 45.0 
47 46 42.0 
5 4 52.0 
10 9 39.0 
48 47 40.0 
49 48 43.0 
32 31 57.0 
11 9 46.0 
41 30 51.0 
35 34 35.0 
52 47 58.0 
57 1 54.0 
96 95 43.0 
23 8 44.0 
76 72 35.0 
15 14 31.0 
94 69 38.0 
87 71 31.0 
88 87 42.0 
53 52 37.0 
77 72 37.0 
36 35 40.0 
56 46 49.0 
12 9 38.0 
37 36 55.0 
78 77 41.0 
6 5 31.0 
42 41 48.0 
91 90 37.0 
79 78 32.0 
89 88 37.0 
66 64 43.0 
17 14 35.0 
62 1 57.0 
97 96 30.0 
45 41 41.0 
92 91 42.0 
58 57 58.0 
60 57 57.0 
50 49 48.0 
74 73 55.0 
82 77 41.0 
55 47 30.0 
24 23 40.0 
83 77 33.0 
80 79 38.0 
61 60 44.0 
13 9 40.0 
75 73 37.0 
18 17 39.0 
38 35 41.0 
27 2 33.0 
51 50 39.0 
84 83 49.0 
67 64 54.0 
81 80 42.0 
93 90 34.0 
19 18 46.0 
40 35 37.0 
7 5 33.0 
28 27 38.0 
16 15 30.0 
20 14 51.0 
29 2 49.0 
59 58 46.0 
54 52 50.0 
21 20 40.0 
39 38 44.0 
22 20 37.0 
26 8 32.0 
85 77 30.0 
68 67 31.0 
86 77 57.0 
98 97 45.0 
25 23 57.0 
43 42 58.0 
33 31 58.0 
44 43 53.0 
99 95 40.0 
PROGRAMS ASSIGNED TO NODES (nID pID1 pID2 ...):
0 1 2 3 4 5 6 7 8 9 10 11 12 13 14 15 16 17 18 19 20 21 22 23 24 25 26 27 28 29 30 31 32 33 34 35 36 37 38 39 40  
38 1 2 3 4 5 6 7 8 9 10 11 12 13 14 15 17 18 19 20 21 22 23 24 25 26 27 28 29 30 31 32 33 34 35 36 37 38 39 40  
10 1 3 5 6 7 9 20 25 26 27 32  
46 4 8 10 12 17 18 19 20 21 22 23 25 26 38  
88 21  
91 2 7 10 11 12 15 17 20 29 35  
3 1 4 15 16 17 18 22 23 24 29 31 32 35 38 40  
42 1 2 3 5 6 7 8 10 13 14 15 17 19 20 21 22 23 24 25 27 28 29 31 32 33 35 36 37 38 40  
61 6 8 12 14 15 16 17 18 20 21 22 23 24 27 31 33 34 36 37 39 40  
47 1 10 13 15 18 33  
85 2 16 32  
81 1 3 4 8 13 16 20 21 22 23 25 28 31 32 33 34 35 37 38 39  
30 1 2 3 4 5 6 7 9 10 11 12 13 14 15 16 17 18 19 20 22 23 24 27 28 29 30 31 32 34 36 38 39 40  
6 2 3 4 5 8 9 11 17 18 19 20 21 22 29 33 35 36 37 38 39 40  
83 2 11 13 14 15 17 19 20 21 22 23 26 29 33 34 35 36 38 40  
55 6 9 16 17 20 21 22 31 37  
44 2 3 7 12 23 24 36 39  
68 2 4 8 11 24 25 28 32 39  
2 4 17 23 24 28 32  
26 1 2 3 4 7 8 9 11 12 13 14 15 16 17 22 23 25 26 28 29 30 31 32 33 36 39 40  
71 3 4 5 6 8 9 10 11 13 14 16 17 18 19 20 22 23 24 25 26 27 28 29 30 31 32 33 34 35 36 38 39 40  
21 2 3 5 6 7 9 10 11 12 13 14 15 16 17 18 19 22 24 25 26 28 31 32 33 36 37 39 40  
56 1 2 3 4 5 7 8 10 12 14 17 18 19 21 23 24 25 27 28 29 30 31 33 34 35 36 37 38 39 40  
72 7 12 16 18 23 28 29  
94 2 4 11 13 14 15 19 27 28 29 33 34 35 36  
51 1 2 3 4 5 6 7 8 9 10 11 12 13 14 15 16 17 18 19 20 21 22 23 24 25 26 27 28 29 30 31 32 34 35 36 37 38 39 40  
66 27 34  
39 2 6 7 9 10 11 16 17 21 27 32  
99 25 37 40  
24 1 3 4 5 7 8 10 11 12 13 14 15 16 17 18 19 20 21 25 27 28 31 35 36 37 39  
48 2 3 5 6 7 8 9 10 11 14 15 16 18 19 20 21 23 24 25 26 27 28 30 31 32 33 34 35 36 38 40  
16 2 3 4 5 7 9 16 17 18 21 22 25 30 35  
54 1 2 3 4 5 6 7 8 9 10 11 12 13 14 15 16 17 18 19 20 21 22 23 24 25 26 27 28 29 30 31 32 33 34 35 36 37 38 40  
31 1 2 4 6 11 13 17 18 19 20 22 23 25 28 29 31 35 36 38 40  
93 2 9 13 15 16 20 21 24 30 32 37 38 40  
57 1 2 3 4 5 6 7 8 9 10 11 12 13 14 15 16 17 18 19 21 22 23 24 25 26 27 28 29 30 31 32 33 34 35 36 37 38 39 40  
13 1 4 5 7 8 9 10 13 14 17 18 19 20 24 26 27 28 30 31 32 33 34 35 39 40  
33  
19 2 3 4 8 9 10 11 13 14 15 17 18 19 20 22 24 25 26 27 28 29 31 32 33 34 35 36 37 38 39 40  
90 16 18 19 22 28 29 35 39  
36 21 22 27 29  
75 3 4 6 19  
43 16 30 34  
82 28  
59 1 2 3 4 5 6 7 8 9 10 11 12 13 14 15 16 17 18 19 20 21 22 23 24 25 26 27 28 29 30 31 32 33 34 35 36 38 39 40  
1 21 26 34 37 40  
50 39  
89 1 2 4 5 6 7 8 9 10 12 13 14 15 16 17 18 19 20 21 22 23 24 25 27 28 29 30 31 32 33 34 35 36 37 38 39  
17 22  
4 3 8 9 13 15 17 19 20 27 28 32 33 35  
52 2 5 7 8 9 11 12 13 15 16 17 18 20 21 22 23 24 25 26 29 30 31 35 37 38  
7 1 3 5 6 8 13 14 15 19 20 21 22 23 25 27 28 34 37 39 40  
67 2 7 23 35 36 38  
34 8 17 33 34 36  
22 2 4 6 7 9 10 11 13 14 16 17 18 19 20 21 23 25 26 27 30 33 36 37 38  
76 3 4 5 7 8 10 11 14 15 22 23 24 25 27 30 31 32 34 36  
40 1 11 12 19 20 32 33 37  
18 10 15  
45 2 6 8 10 13 18 20 26  
37 1 3 5 6 11 13 14 16 19 22 23 24 25 26 29 30 32 33 36 37 38  
35 1 7 8 11 12 14 30 31 36 38  
5 1 2 4 5 7 11 12 13 14 16 19 20 22 24 25 26 28 29 30 31 32 33 35 36 37 40  
9 2 3 4 6 7 8 9 10 12 13 14 16 17 20 21 23 24 25 26 27 28 29 30 31 32 33 34 35 36 37 38 39 40  
84 1 2 4 5 6 7 8 9 10 11 12 13 14 15 16 17 18 19 20 21 22 23 24 25 26 27 28 29 30 31 32 33 34 35 36 37 38 39 40  
28 5 10 18 31 33 36  
74 1 4 5 6 7 8 9 11 12 13 14 16 17 18 21 23 24 25 27 29 30 31 32 33 34 35 36 37 38 39  
58 3 6 8 15 21 23 24 30 34 40  
70 2 4 13 20 22 26 27 28 31 32 38  
98 2 3 5 6 8 10 12 14 16 17 20 23 26 28 29 30 31 33 34 35 36 37 39 40  
8 2 3 4 6 7 9 10 11 14 16 17 20 23 25 26 29 30 31 32 34 38 40  
77 1 2 3 5 7 10 11 12 13 14 16 17 18 19 21 22 23 24 25 28 29 30 31 33 34 35 36 37 38 40  
73 4 5 11 12 13 19 24 25 26 28 30 34 35 37  
32 2 3 4 5 6 8 9 11 12 13 14 15 16 17 18 20 21 24 27 29 30 31 33 34 35 36 37 38 39  
12 1 6 7 8 10 16 19 20 21 22 24 26 27 28 30 34 35 37 38 39 40  
95 7 21  
27 1 2 3 4 5 6 7 8 9 10 11 12 13 15 16 17 18 19 20 21 22 23 24 25 26 27 28 30 31 32 33 34 35 36 37 38 39 40  
15 1 3 4 5 6 7 8 9 10 11 12 13 14 15 17 18 20 21 22 23 24 25 26 27 28 29 30 31 32 33 34 35 36 37 38 39 40  
11 13 14 18 22 26 28 31 32 33 34 36 37  
63 9 10 17 33 39  
60 1 5 6 7 8 9 11 12 13 14 15 17 18 19 20 21 22 25 26 28 29 31 32 34 35 39  
69 1 2 3 4 5 6 7 8 10 13 15 16 17 18 19 20 21 22 23 24 26 27 29 30 31 33 35 36 38 39 40  
96 1 2 3 6 7 8 9 12 14 15 20 22 26 27 29 31 32 33 34 37 40  
25 1 2 3 4 5 6 7 8 9 10 11 12 13 15 16 17 18 19 20 23 24 25 26 27 28 29 31 32 34 35 36 37 38 39 40  
23 1 2 3 4 5 7 8 9 10 11 12 14 15 16 17 18 19 20 24 25 27 28 29 31 32 33 34 35 36 37 38 39 40  
20 1 3 4 6 9 11 12 14 15 16 19 20 21 23 24 25 28 29 33 34 36 37 39  
78 2 8 9 12 14 18 21 26 27 30 32 36 37 40  
62 1 2 3 4 5 8 9 10 11 12 13 14 15 16 17 19 20 21 22 23 25 26 27 28 29 31 32 33 34 35 36 39 40  
53 2 3 4 5 6 7 8 9 10 11 12 14 15 16 17 18 19 20 21 23 24 25 26 27 28 29 30 31 32 33 34 35 37 38 40  
14 7 21 26 37  
64 1 2 3 4 5 6 7 8 9 10 11 12 13 14 15 16 18 19 20 21 22 23 24 25 26 27 28 29 30 31 32 33 34 35 36 37 38 39 40  
49 1 2 3 4 5 6 9 10 12 13 14 15 16 18 20 21 23 24 25 26 27 28 29 30 31 32 36 37 38 39  
86 3 6 10 11 12 13 14 15 16 17 19 22 26 29 30 31 33 34 37 38 39 40  
80 1 2 3 4 5 6 7 8 9 10 11 12 13 14 15 16 17 18 19 20 21 22 23 24 25 26 27 28 29 30 31 32 33 34 35 37 38 39  
79 6 34  
87 1 4 5 6 8 9 10 11 12 14 15 17 18 19 20 21 22 23 26 27 28 30 31 32 33 34 37 38 39 40  
65 4 6 11 16 17 28 30  
41 2 11 13 17 20 24 28 29 33 34 35 36 37  
29 1 2 3 5 6 7 8 9 10 11 12 13 14 15 16 18 19 20 21 22 23 24 25 26 27 28 29 30 31 32 33 34 35 36 37 38 39 40  
97 2 4 5 6 9 10 12 13 17 21 23 24 25 26 27 28 29 30 31 32 33 34 36 37 40  
92 1 2 3 4 5 6 7 8 9 10 11 12 13 14 15 16 17 18 19 20 21 22 23 24 25 26 27 28 29 30 32 33 34 35 36 37 38 39 40  
SIZE OF PROGRAMS (pID SIZE):
1 60.0 
2 44.0 
3 40.0 
4 99.0 
5 60.0 
6 74.0 
7 85.0 
8 51.0 
9 43.0 
10 47.0 
11 79.0 
12 74.0 
13 83.0 
14 51.0 
15 91.0 
16 84.0 
17 97.0 
18 68.0 
19 68.0 
20 86.0 
21 92.0 
22 77.0 
23 52.0 
24 93.0 
25 84.0 
26 70.0 
27 44.0 
28 94.0 
29 46.0 
30 89.0 
31 94.0 
32 77.0 
33 76.0 
34 55.0 
35 44.0 
36 96.0 
37 47.0 
38 85.0 
39 62.0 
40 76.0 
COST_INSTALL_SERVER_AND_PROGRAMS :
0 6731.313131313129 1.2121212121212122 0.8888888888888888 0.8080808080808081 2.0 1.2121212121212122 1.494949494949495 1.7171717171717171 1.0303030303030303 0.8686868686868687 0.9494949494949495 1.595959595959596 1.494949494949495 1.6767676767676767 1.0303030303030303 1.8383838383838385 1.696969696969697 1.9595959595959596 1.3737373737373737 1.3737373737373737 1.7373737373737375 1.8585858585858586 1.5555555555555556 1.0505050505050506 1.878787878787879 1.696969696969697 1.4141414141414141 0.8888888888888888 1.898989898989899 0.9292929292929293 1.797979797979798 1.898989898989899 1.5555555555555556 1.5353535353535352 1.1111111111111112 0.8888888888888888 1.9393939393939394 0.9494949494949495 1.7171717171717171 1.2525252525252526 1.5353535353535352  
38 513.0950409197785 1.8181818181818181 1.3333333333333333 1.2121212121212122 3.0 1.8181818181818181 2.242424242424242 2.5757575757575757 1.5454545454545454 1.303030303030303 1.4242424242424243 2.393939393939394 2.242424242424242 2.515151515151515 1.5454545454545454 2.757575757575758 2.5454545454545454 2.9393939393939394 2.0606060606060606 2.0606060606060606 2.606060606060606 2.787878787878788 2.3333333333333335 1.5757575757575757 2.8181818181818183 2.5454545454545454 2.121212121212121 1.3333333333333333 2.8484848484848486 1.393939393939394 2.696969696969697 2.8484848484848486 2.3333333333333335 2.303030303030303 1.6666666666666667 1.3333333333333333 2.909090909090909 1.4242424242424243 2.5757575757575757 1.878787878787879 2.303030303030303  
10 119.76709667867962 1.8181818181818181 1.3333333333333333 1.2121212121212122 3.0 1.8181818181818181 2.242424242424242 2.5757575757575757 1.5454545454545454 1.303030303030303 1.4242424242424243 2.393939393939394 2.242424242424242 2.515151515151515 1.5454545454545454 2.757575757575758 2.5454545454545454 2.9393939393939394 2.0606060606060606 2.0606060606060606 2.606060606060606 2.787878787878788 2.3333333333333335 1.5757575757575757 2.8181818181818183 2.5454545454545454 2.121212121212121 1.3333333333333333 2.8484848484848486 1.393939393939394 2.696969696969697 2.8484848484848486 2.3333333333333335 2.303030303030303 1.6666666666666667 1.3333333333333333 2.909090909090909 1.4242424242424243 2.5757575757575757 1.878787878787879 2.303030303030303  
46 71.17506688488646 1.2121212121212122 0.8888888888888888 0.8080808080808081 2.0 1.2121212121212122 1.494949494949495 1.7171717171717171 1.0303030303030303 0.8686868686868687 0.9494949494949495 1.595959595959596 1.494949494949495 1.6767676767676767 1.0303030303030303 1.8383838383838385 1.696969696969697 1.9595959595959596 1.3737373737373737 1.3737373737373737 1.7373737373737375 1.8585858585858586 1.5555555555555556 1.0505050505050506 1.878787878787879 1.696969696969697 1.4141414141414141 0.8888888888888888 1.898989898989899 0.9292929292929293 1.797979797979798 1.898989898989899 1.5555555555555556 1.5353535353535352 1.1111111111111112 0.8888888888888888 1.9393939393939394 0.9494949494949495 1.7171717171717171 1.2525252525252526 1.5353535353535352  
88 193.98116974258053 1.2121212121212122 0.8888888888888888 0.8080808080808081 2.0 1.2121212121212122 1.494949494949495 1.7171717171717171 1.0303030303030303 0.8686868686868687 0.9494949494949495 1.595959595959596 1.494949494949495 1.6767676767676767 1.0303030303030303 1.8383838383838385 1.696969696969697 1.9595959595959596 1.3737373737373737 1.3737373737373737 1.7373737373737375 1.8585858585858586 1.5555555555555556 1.0505050505050506 1.878787878787879 1.696969696969697 1.4141414141414141 0.8888888888888888 1.898989898989899 0.9292929292929293 1.797979797979798 1.898989898989899 1.5555555555555556 1.5353535353535352 1.1111111111111112 0.8888888888888888 1.9393939393939394 0.9494949494949495 1.7171717171717171 1.2525252525252526 1.5353535353535352  
91 234.54388713587866 1.8181818181818181 1.3333333333333333 1.2121212121212122 3.0 1.8181818181818181 2.242424242424242 2.5757575757575757 1.5454545454545454 1.303030303030303 1.4242424242424243 2.393939393939394 2.242424242424242 2.515151515151515 1.5454545454545454 2.757575757575758 2.5454545454545454 2.9393939393939394 2.0606060606060606 2.0606060606060606 2.606060606060606 2.787878787878788 2.3333333333333335 1.5757575757575757 2.8181818181818183 2.5454545454545454 2.121212121212121 1.3333333333333333 2.8484848484848486 1.393939393939394 2.696969696969697 2.8484848484848486 2.3333333333333335 2.303030303030303 1.6666666666666667 1.3333333333333333 2.909090909090909 1.4242424242424243 2.5757575757575757 1.878787878787879 2.303030303030303  
3 165.55155687895513 1.2121212121212122 0.8888888888888888 0.8080808080808081 2.0 1.2121212121212122 1.494949494949495 1.7171717171717171 1.0303030303030303 0.8686868686868687 0.9494949494949495 1.595959595959596 1.494949494949495 1.6767676767676767 1.0303030303030303 1.8383838383838385 1.696969696969697 1.9595959595959596 1.3737373737373737 1.3737373737373737 1.7373737373737375 1.8585858585858586 1.5555555555555556 1.0505050505050506 1.878787878787879 1.696969696969697 1.4141414141414141 0.8888888888888888 1.898989898989899 0.9292929292929293 1.797979797979798 1.898989898989899 1.5555555555555556 1.5353535353535352 1.1111111111111112 0.8888888888888888 1.9393939393939394 0.9494949494949495 1.7171717171717171 1.2525252525252526 1.5353535353535352  
42 141.03601212587876 1.8181818181818181 1.3333333333333333 1.2121212121212122 3.0 1.8181818181818181 2.242424242424242 2.5757575757575757 1.5454545454545454 1.303030303030303 1.4242424242424243 2.393939393939394 2.242424242424242 2.515151515151515 1.5454545454545454 2.757575757575758 2.5454545454545454 2.9393939393939394 2.0606060606060606 2.0606060606060606 2.606060606060606 2.787878787878788 2.3333333333333335 1.5757575757575757 2.8181818181818183 2.5454545454545454 2.121212121212121 1.3333333333333333 2.8484848484848486 1.393939393939394 2.696969696969697 2.8484848484848486 2.3333333333333335 2.303030303030303 1.6666666666666667 1.3333333333333333 2.909090909090909 1.4242424242424243 2.5757575757575757 1.878787878787879 2.303030303030303  
61 158.7379885870838 1.2121212121212122 0.8888888888888888 0.8080808080808081 2.0 1.2121212121212122 1.494949494949495 1.7171717171717171 1.0303030303030303 0.8686868686868687 0.9494949494949495 1.595959595959596 1.494949494949495 1.6767676767676767 1.0303030303030303 1.8383838383838385 1.696969696969697 1.9595959595959596 1.3737373737373737 1.3737373737373737 1.7373737373737375 1.8585858585858586 1.5555555555555556 1.0505050505050506 1.878787878787879 1.696969696969697 1.4141414141414141 0.8888888888888888 1.898989898989899 0.9292929292929293 1.797979797979798 1.898989898989899 1.5555555555555556 1.5353535353535352 1.1111111111111112 0.8888888888888888 1.9393939393939394 0.9494949494949495 1.7171717171717171 1.2525252525252526 1.5353535353535352  
47 128.181668633262 1.8181818181818181 1.3333333333333333 1.2121212121212122 3.0 1.8181818181818181 2.242424242424242 2.5757575757575757 1.5454545454545454 1.303030303030303 1.4242424242424243 2.393939393939394 2.242424242424242 2.515151515151515 1.5454545454545454 2.757575757575758 2.5454545454545454 2.9393939393939394 2.0606060606060606 2.0606060606060606 2.606060606060606 2.787878787878788 2.3333333333333335 1.5757575757575757 2.8181818181818183 2.5454545454545454 2.121212121212121 1.3333333333333333 2.8484848484848486 1.393939393939394 2.696969696969697 2.8484848484848486 2.3333333333333335 2.303030303030303 1.6666666666666667 1.3333333333333333 2.909090909090909 1.4242424242424243 2.5757575757575757 1.878787878787879 2.303030303030303  
85 30.270267576456618 1.2121212121212122 0.8888888888888888 0.8080808080808081 2.0 1.2121212121212122 1.494949494949495 1.7171717171717171 1.0303030303030303 0.8686868686868687 0.9494949494949495 1.595959595959596 1.494949494949495 1.6767676767676767 1.0303030303030303 1.8383838383838385 1.696969696969697 1.9595959595959596 1.3737373737373737 1.3737373737373737 1.7373737373737375 1.8585858585858586 1.5555555555555556 1.0505050505050506 1.878787878787879 1.696969696969697 1.4141414141414141 0.8888888888888888 1.898989898989899 0.9292929292929293 1.797979797979798 1.898989898989899 1.5555555555555556 1.5353535353535352 1.1111111111111112 0.8888888888888888 1.9393939393939394 0.9494949494949495 1.7171717171717171 1.2525252525252526 1.5353535353535352  
81 455.1837412206671 1.8181818181818181 1.3333333333333333 1.2121212121212122 3.0 1.8181818181818181 2.242424242424242 2.5757575757575757 1.5454545454545454 1.303030303030303 1.4242424242424243 2.393939393939394 2.242424242424242 2.515151515151515 1.5454545454545454 2.757575757575758 2.5454545454545454 2.9393939393939394 2.0606060606060606 2.0606060606060606 2.606060606060606 2.787878787878788 2.3333333333333335 1.5757575757575757 2.8181818181818183 2.5454545454545454 2.121212121212121 1.3333333333333333 2.8484848484848486 1.393939393939394 2.696969696969697 2.8484848484848486 2.3333333333333335 2.303030303030303 1.6666666666666667 1.3333333333333333 2.909090909090909 1.4242424242424243 2.5757575757575757 1.878787878787879 2.303030303030303  
30 169.4294125292898 1.2121212121212122 0.8888888888888888 0.8080808080808081 2.0 1.2121212121212122 1.494949494949495 1.7171717171717171 1.0303030303030303 0.8686868686868687 0.9494949494949495 1.595959595959596 1.494949494949495 1.6767676767676767 1.0303030303030303 1.8383838383838385 1.696969696969697 1.9595959595959596 1.3737373737373737 1.3737373737373737 1.7373737373737375 1.8585858585858586 1.5555555555555556 1.0505050505050506 1.878787878787879 1.696969696969697 1.4141414141414141 0.8888888888888888 1.898989898989899 0.9292929292929293 1.797979797979798 1.898989898989899 1.5555555555555556 1.5353535353535352 1.1111111111111112 0.8888888888888888 1.9393939393939394 0.9494949494949495 1.7171717171717171 1.2525252525252526 1.5353535353535352  
6 214.1571381850518 1.2121212121212122 0.8888888888888888 0.8080808080808081 2.0 1.2121212121212122 1.494949494949495 1.7171717171717171 1.0303030303030303 0.8686868686868687 0.9494949494949495 1.595959595959596 1.494949494949495 1.6767676767676767 1.0303030303030303 1.8383838383838385 1.696969696969697 1.9595959595959596 1.3737373737373737 1.3737373737373737 1.7373737373737375 1.8585858585858586 1.5555555555555556 1.0505050505050506 1.878787878787879 1.696969696969697 1.4141414141414141 0.8888888888888888 1.898989898989899 0.9292929292929293 1.797979797979798 1.898989898989899 1.5555555555555556 1.5353535353535352 1.1111111111111112 0.8888888888888888 1.9393939393939394 0.9494949494949495 1.7171717171717171 1.2525252525252526 1.5353535353535352  
83 461.8500829479166 1.8181818181818181 1.3333333333333333 1.2121212121212122 3.0 1.8181818181818181 2.242424242424242 2.5757575757575757 1.5454545454545454 1.303030303030303 1.4242424242424243 2.393939393939394 2.242424242424242 2.515151515151515 1.5454545454545454 2.757575757575758 2.5454545454545454 2.9393939393939394 2.0606060606060606 2.0606060606060606 2.606060606060606 2.787878787878788 2.3333333333333335 1.5757575757575757 2.8181818181818183 2.5454545454545454 2.121212121212121 1.3333333333333333 2.8484848484848486 1.393939393939394 2.696969696969697 2.8484848484848486 2.3333333333333335 2.303030303030303 1.6666666666666667 1.3333333333333333 2.909090909090909 1.4242424242424243 2.5757575757575757 1.878787878787879 2.303030303030303  
55 78.99895183962191 1.8181818181818181 1.3333333333333333 1.2121212121212122 3.0 1.8181818181818181 2.242424242424242 2.5757575757575757 1.5454545454545454 1.303030303030303 1.4242424242424243 2.393939393939394 2.242424242424242 2.515151515151515 1.5454545454545454 2.757575757575758 2.5454545454545454 2.9393939393939394 2.0606060606060606 2.0606060606060606 2.606060606060606 2.787878787878788 2.3333333333333335 1.5757575757575757 2.8181818181818183 2.5454545454545454 2.121212121212121 1.3333333333333333 2.8484848484848486 1.393939393939394 2.696969696969697 2.8484848484848486 2.3333333333333335 2.303030303030303 1.6666666666666667 1.3333333333333333 2.909090909090909 1.4242424242424243 2.5757575757575757 1.878787878787879 2.303030303030303  
44 77.27868606697643 1.2121212121212122 0.8888888888888888 0.8080808080808081 2.0 1.2121212121212122 1.494949494949495 1.7171717171717171 1.0303030303030303 0.8686868686868687 0.9494949494949495 1.595959595959596 1.494949494949495 1.6767676767676767 1.0303030303030303 1.8383838383838385 1.696969696969697 1.9595959595959596 1.3737373737373737 1.3737373737373737 1.7373737373737375 1.8585858585858586 1.5555555555555556 1.0505050505050506 1.878787878787879 1.696969696969697 1.4141414141414141 0.8888888888888888 1.898989898989899 0.9292929292929293 1.797979797979798 1.898989898989899 1.5555555555555556 1.5353535353535352 1.1111111111111112 0.8888888888888888 1.9393939393939394 0.9494949494949495 1.7171717171717171 1.2525252525252526 1.5353535353535352  
68 95.26642886328597 1.8181818181818181 1.3333333333333333 1.2121212121212122 3.0 1.8181818181818181 2.242424242424242 2.5757575757575757 1.5454545454545454 1.303030303030303 1.4242424242424243 2.393939393939394 2.242424242424242 2.515151515151515 1.5454545454545454 2.757575757575758 2.5454545454545454 2.9393939393939394 2.0606060606060606 2.0606060606060606 2.606060606060606 2.787878787878788 2.3333333333333335 1.5757575757575757 2.8181818181818183 2.5454545454545454 2.121212121212121 1.3333333333333333 2.8484848484848486 1.393939393939394 2.696969696969697 2.8484848484848486 2.3333333333333335 2.303030303030303 1.6666666666666667 1.3333333333333333 2.909090909090909 1.4242424242424243 2.5757575757575757 1.878787878787879 2.303030303030303  
2 47.49916695616078 1.8181818181818181 1.3333333333333333 1.2121212121212122 3.0 1.8181818181818181 2.242424242424242 2.5757575757575757 1.5454545454545454 1.303030303030303 1.4242424242424243 2.393939393939394 2.242424242424242 2.515151515151515 1.5454545454545454 2.757575757575758 2.5454545454545454 2.9393939393939394 2.0606060606060606 2.0606060606060606 2.606060606060606 2.787878787878788 2.3333333333333335 1.5757575757575757 2.8181818181818183 2.5454545454545454 2.121212121212121 1.3333333333333333 2.8484848484848486 1.393939393939394 2.696969696969697 2.8484848484848486 2.3333333333333335 2.303030303030303 1.6666666666666667 1.3333333333333333 2.909090909090909 1.4242424242424243 2.5757575757575757 1.878787878787879 2.303030303030303  
26 137.8082825181027 1.8181818181818181 1.3333333333333333 1.2121212121212122 3.0 1.8181818181818181 2.242424242424242 2.5757575757575757 1.5454545454545454 1.303030303030303 1.4242424242424243 2.393939393939394 2.242424242424242 2.515151515151515 1.5454545454545454 2.757575757575758 2.5454545454545454 2.9393939393939394 2.0606060606060606 2.0606060606060606 2.606060606060606 2.787878787878788 2.3333333333333335 1.5757575757575757 2.8181818181818183 2.5454545454545454 2.121212121212121 1.3333333333333333 2.8484848484848486 1.393939393939394 2.696969696969697 2.8484848484848486 2.3333333333333335 2.303030303030303 1.6666666666666667 1.3333333333333333 2.909090909090909 1.4242424242424243 2.5757575757575757 1.878787878787879 2.303030303030303  
71 153.61404692713117 1.2121212121212122 0.8888888888888888 0.8080808080808081 2.0 1.2121212121212122 1.494949494949495 1.7171717171717171 1.0303030303030303 0.8686868686868687 0.9494949494949495 1.595959595959596 1.494949494949495 1.6767676767676767 1.0303030303030303 1.8383838383838385 1.696969696969697 1.9595959595959596 1.3737373737373737 1.3737373737373737 1.7373737373737375 1.8585858585858586 1.5555555555555556 1.0505050505050506 1.878787878787879 1.696969696969697 1.4141414141414141 0.8888888888888888 1.898989898989899 0.9292929292929293 1.797979797979798 1.898989898989899 1.5555555555555556 1.5353535353535352 1.1111111111111112 0.8888888888888888 1.9393939393939394 0.9494949494949495 1.7171717171717171 1.2525252525252526 1.5353535353535352  
21 272.26552125753307 1.2121212121212122 0.8888888888888888 0.8080808080808081 2.0 1.2121212121212122 1.494949494949495 1.7171717171717171 1.0303030303030303 0.8686868686868687 0.9494949494949495 1.595959595959596 1.494949494949495 1.6767676767676767 1.0303030303030303 1.8383838383838385 1.696969696969697 1.9595959595959596 1.3737373737373737 1.3737373737373737 1.7373737373737375 1.8585858585858586 1.5555555555555556 1.0505050505050506 1.878787878787879 1.696969696969697 1.4141414141414141 0.8888888888888888 1.898989898989899 0.9292929292929293 1.797979797979798 1.898989898989899 1.5555555555555556 1.5353535353535352 1.1111111111111112 0.8888888888888888 1.9393939393939394 0.9494949494949495 1.7171717171717171 1.2525252525252526 1.5353535353535352  
56 109.61422551215907 1.2121212121212122 0.8888888888888888 0.8080808080808081 2.0 1.2121212121212122 1.494949494949495 1.7171717171717171 1.0303030303030303 0.8686868686868687 0.9494949494949495 1.595959595959596 1.494949494949495 1.6767676767676767 1.0303030303030303 1.8383838383838385 1.696969696969697 1.9595959595959596 1.3737373737373737 1.3737373737373737 1.7373737373737375 1.8585858585858586 1.5555555555555556 1.0505050505050506 1.878787878787879 1.696969696969697 1.4141414141414141 0.8888888888888888 1.898989898989899 0.9292929292929293 1.797979797979798 1.898989898989899 1.5555555555555556 1.5353535353535352 1.1111111111111112 0.8888888888888888 1.9393939393939394 0.9494949494949495 1.7171717171717171 1.2525252525252526 1.5353535353535352  
72 211.02793460369713 1.8181818181818181 1.3333333333333333 1.2121212121212122 3.0 1.8181818181818181 2.242424242424242 2.5757575757575757 1.5454545454545454 1.303030303030303 1.4242424242424243 2.393939393939394 2.242424242424242 2.515151515151515 1.5454545454545454 2.757575757575758 2.5454545454545454 2.9393939393939394 2.0606060606060606 2.0606060606060606 2.606060606060606 2.787878787878788 2.3333333333333335 1.5757575757575757 2.8181818181818183 2.5454545454545454 2.121212121212121 1.3333333333333333 2.8484848484848486 1.393939393939394 2.696969696969697 2.8484848484848486 2.3333333333333335 2.303030303030303 1.6666666666666667 1.3333333333333333 2.909090909090909 1.4242424242424243 2.5757575757575757 1.878787878787879 2.303030303030303  
94 73.17664733226817 1.8181818181818181 1.3333333333333333 1.2121212121212122 3.0 1.8181818181818181 2.242424242424242 2.5757575757575757 1.5454545454545454 1.303030303030303 1.4242424242424243 2.393939393939394 2.242424242424242 2.515151515151515 1.5454545454545454 2.757575757575758 2.5454545454545454 2.9393939393939394 2.0606060606060606 2.0606060606060606 2.606060606060606 2.787878787878788 2.3333333333333335 1.5757575757575757 2.8181818181818183 2.5454545454545454 2.121212121212121 1.3333333333333333 2.8484848484848486 1.393939393939394 2.696969696969697 2.8484848484848486 2.3333333333333335 2.303030303030303 1.6666666666666667 1.3333333333333333 2.909090909090909 1.4242424242424243 2.5757575757575757 1.878787878787879 2.303030303030303  
51 539.531655253388 1.8181818181818181 1.3333333333333333 1.2121212121212122 3.0 1.8181818181818181 2.242424242424242 2.5757575757575757 1.5454545454545454 1.303030303030303 1.4242424242424243 2.393939393939394 2.242424242424242 2.515151515151515 1.5454545454545454 2.757575757575758 2.5454545454545454 2.9393939393939394 2.0606060606060606 2.0606060606060606 2.606060606060606 2.787878787878788 2.3333333333333335 1.5757575757575757 2.8181818181818183 2.5454545454545454 2.121212121212121 1.3333333333333333 2.8484848484848486 1.393939393939394 2.696969696969697 2.8484848484848486 2.3333333333333335 2.303030303030303 1.6666666666666667 1.3333333333333333 2.909090909090909 1.4242424242424243 2.5757575757575757 1.878787878787879 2.303030303030303  
66 4.812534361854387 1.2121212121212122 0.8888888888888888 0.8080808080808081 2.0 1.2121212121212122 1.494949494949495 1.7171717171717171 1.0303030303030303 0.8686868686868687 0.9494949494949495 1.595959595959596 1.494949494949495 1.6767676767676767 1.0303030303030303 1.8383838383838385 1.696969696969697 1.9595959595959596 1.3737373737373737 1.3737373737373737 1.7373737373737375 1.8585858585858586 1.5555555555555556 1.0505050505050506 1.878787878787879 1.696969696969697 1.4141414141414141 0.8888888888888888 1.898989898989899 0.9292929292929293 1.797979797979798 1.898989898989899 1.5555555555555556 1.5353535353535352 1.1111111111111112 0.8888888888888888 1.9393939393939394 0.9494949494949495 1.7171717171717171 1.2525252525252526 1.5353535353535352  
39 158.65169236643916 1.2121212121212122 0.8888888888888888 0.8080808080808081 2.0 1.2121212121212122 1.494949494949495 1.7171717171717171 1.0303030303030303 0.8686868686868687 0.9494949494949495 1.595959595959596 1.494949494949495 1.6767676767676767 1.0303030303030303 1.8383838383838385 1.696969696969697 1.9595959595959596 1.3737373737373737 1.3737373737373737 1.7373737373737375 1.8585858585858586 1.5555555555555556 1.0505050505050506 1.878787878787879 1.696969696969697 1.4141414141414141 0.8888888888888888 1.898989898989899 0.9292929292929293 1.797979797979798 1.898989898989899 1.5555555555555556 1.5353535353535352 1.1111111111111112 0.8888888888888888 1.9393939393939394 0.9494949494949495 1.7171717171717171 1.2525252525252526 1.5353535353535352  
99 9.192278556431015 1.2121212121212122 0.8888888888888888 0.8080808080808081 2.0 1.2121212121212122 1.494949494949495 1.7171717171717171 1.0303030303030303 0.8686868686868687 0.9494949494949495 1.595959595959596 1.494949494949495 1.6767676767676767 1.0303030303030303 1.8383838383838385 1.696969696969697 1.9595959595959596 1.3737373737373737 1.3737373737373737 1.7373737373737375 1.8585858585858586 1.5555555555555556 1.0505050505050506 1.878787878787879 1.696969696969697 1.4141414141414141 0.8888888888888888 1.898989898989899 0.9292929292929293 1.797979797979798 1.898989898989899 1.5555555555555556 1.5353535353535352 1.1111111111111112 0.8888888888888888 1.9393939393939394 0.9494949494949495 1.7171717171717171 1.2525252525252526 1.5353535353535352  
24 275.269460506378 1.2121212121212122 0.8888888888888888 0.8080808080808081 2.0 1.2121212121212122 1.494949494949495 1.7171717171717171 1.0303030303030303 0.8686868686868687 0.9494949494949495 1.595959595959596 1.494949494949495 1.6767676767676767 1.0303030303030303 1.8383838383838385 1.696969696969697 1.9595959595959596 1.3737373737373737 1.3737373737373737 1.7373737373737375 1.8585858585858586 1.5555555555555556 1.0505050505050506 1.878787878787879 1.696969696969697 1.4141414141414141 0.8888888888888888 1.898989898989899 0.9292929292929293 1.797979797979798 1.898989898989899 1.5555555555555556 1.5353535353535352 1.1111111111111112 0.8888888888888888 1.9393939393939394 0.9494949494949495 1.7171717171717171 1.2525252525252526 1.5353535353535352  
48 174.66157194616576 1.8181818181818181 1.3333333333333333 1.2121212121212122 3.0 1.8181818181818181 2.242424242424242 2.5757575757575757 1.5454545454545454 1.303030303030303 1.4242424242424243 2.393939393939394 2.242424242424242 2.515151515151515 1.5454545454545454 2.757575757575758 2.5454545454545454 2.9393939393939394 2.0606060606060606 2.0606060606060606 2.606060606060606 2.787878787878788 2.3333333333333335 1.5757575757575757 2.8181818181818183 2.5454545454545454 2.121212121212121 1.3333333333333333 2.8484848484848486 1.393939393939394 2.696969696969697 2.8484848484848486 2.3333333333333335 2.303030303030303 1.6666666666666667 1.3333333333333333 2.909090909090909 1.4242424242424243 2.5757575757575757 1.878787878787879 2.303030303030303  
16 100.37256359453595 1.2121212121212122 0.8888888888888888 0.8080808080808081 2.0 1.2121212121212122 1.494949494949495 1.7171717171717171 1.0303030303030303 0.8686868686868687 0.9494949494949495 1.595959595959596 1.494949494949495 1.6767676767676767 1.0303030303030303 1.8383838383838385 1.696969696969697 1.9595959595959596 1.3737373737373737 1.3737373737373737 1.7373737373737375 1.8585858585858586 1.5555555555555556 1.0505050505050506 1.878787878787879 1.696969696969697 1.4141414141414141 0.8888888888888888 1.898989898989899 0.9292929292929293 1.797979797979798 1.898989898989899 1.5555555555555556 1.5353535353535352 1.1111111111111112 0.8888888888888888 1.9393939393939394 0.9494949494949495 1.7171717171717171 1.2525252525252526 1.5353535353535352  
54 204.8920399068026 1.8181818181818181 1.3333333333333333 1.2121212121212122 3.0 1.8181818181818181 2.242424242424242 2.5757575757575757 1.5454545454545454 1.303030303030303 1.4242424242424243 2.393939393939394 2.242424242424242 2.515151515151515 1.5454545454545454 2.757575757575758 2.5454545454545454 2.9393939393939394 2.0606060606060606 2.0606060606060606 2.606060606060606 2.787878787878788 2.3333333333333335 1.5757575757575757 2.8181818181818183 2.5454545454545454 2.121212121212121 1.3333333333333333 2.8484848484848486 1.393939393939394 2.696969696969697 2.8484848484848486 2.3333333333333335 2.303030303030303 1.6666666666666667 1.3333333333333333 2.909090909090909 1.4242424242424243 2.5757575757575757 1.878787878787879 2.303030303030303  
31 117.37860712842493 1.8181818181818181 1.3333333333333333 1.2121212121212122 3.0 1.8181818181818181 2.242424242424242 2.5757575757575757 1.5454545454545454 1.303030303030303 1.4242424242424243 2.393939393939394 2.242424242424242 2.515151515151515 1.5454545454545454 2.757575757575758 2.5454545454545454 2.9393939393939394 2.0606060606060606 2.0606060606060606 2.606060606060606 2.787878787878788 2.3333333333333335 1.5757575757575757 2.8181818181818183 2.5454545454545454 2.121212121212121 1.3333333333333333 2.8484848484848486 1.393939393939394 2.696969696969697 2.8484848484848486 2.3333333333333335 2.303030303030303 1.6666666666666667 1.3333333333333333 2.909090909090909 1.4242424242424243 2.5757575757575757 1.878787878787879 2.303030303030303  
93 111.50947604011866 1.8181818181818181 1.3333333333333333 1.2121212121212122 3.0 1.8181818181818181 2.242424242424242 2.5757575757575757 1.5454545454545454 1.303030303030303 1.4242424242424243 2.393939393939394 2.242424242424242 2.515151515151515 1.5454545454545454 2.757575757575758 2.5454545454545454 2.9393939393939394 2.0606060606060606 2.0606060606060606 2.606060606060606 2.787878787878788 2.3333333333333335 1.5757575757575757 2.8181818181818183 2.5454545454545454 2.121212121212121 1.3333333333333333 2.8484848484848486 1.393939393939394 2.696969696969697 2.8484848484848486 2.3333333333333335 2.303030303030303 1.6666666666666667 1.3333333333333333 2.909090909090909 1.4242424242424243 2.5757575757575757 1.878787878787879 2.303030303030303  
57 141.30907424176965 1.2121212121212122 0.8888888888888888 0.8080808080808081 2.0 1.2121212121212122 1.494949494949495 1.7171717171717171 1.0303030303030303 0.8686868686868687 0.9494949494949495 1.595959595959596 1.494949494949495 1.6767676767676767 1.0303030303030303 1.8383838383838385 1.696969696969697 1.9595959595959596 1.3737373737373737 1.3737373737373737 1.7373737373737375 1.8585858585858586 1.5555555555555556 1.0505050505050506 1.878787878787879 1.696969696969697 1.4141414141414141 0.8888888888888888 1.898989898989899 0.9292929292929293 1.797979797979798 1.898989898989899 1.5555555555555556 1.5353535353535352 1.1111111111111112 0.8888888888888888 1.9393939393939394 0.9494949494949495 1.7171717171717171 1.2525252525252526 1.5353535353535352  
13 263.3582862585394 1.8181818181818181 1.3333333333333333 1.2121212121212122 3.0 1.8181818181818181 2.242424242424242 2.5757575757575757 1.5454545454545454 1.303030303030303 1.4242424242424243 2.393939393939394 2.242424242424242 2.515151515151515 1.5454545454545454 2.757575757575758 2.5454545454545454 2.9393939393939394 2.0606060606060606 2.0606060606060606 2.606060606060606 2.787878787878788 2.3333333333333335 1.5757575757575757 2.8181818181818183 2.5454545454545454 2.121212121212121 1.3333333333333333 2.8484848484848486 1.393939393939394 2.696969696969697 2.8484848484848486 2.3333333333333335 2.303030303030303 1.6666666666666667 1.3333333333333333 2.909090909090909 1.4242424242424243 2.5757575757575757 1.878787878787879 2.303030303030303  
33 769.0 1.8181818181818181 1.3333333333333333 1.2121212121212122 3.0 1.8181818181818181 2.242424242424242 2.5757575757575757 1.5454545454545454 1.303030303030303 1.4242424242424243 2.393939393939394 2.242424242424242 2.515151515151515 1.5454545454545454 2.757575757575758 2.5454545454545454 2.9393939393939394 2.0606060606060606 2.0606060606060606 2.606060606060606 2.787878787878788 2.3333333333333335 1.5757575757575757 2.8181818181818183 2.5454545454545454 2.121212121212121 1.3333333333333333 2.8484848484848486 1.393939393939394 2.696969696969697 2.8484848484848486 2.3333333333333335 2.303030303030303 1.6666666666666667 1.3333333333333333 2.909090909090909 1.4242424242424243 2.5757575757575757 1.878787878787879 2.303030303030303  
19 427.1746647403648 1.8181818181818181 1.3333333333333333 1.2121212121212122 3.0 1.8181818181818181 2.242424242424242 2.5757575757575757 1.5454545454545454 1.303030303030303 1.4242424242424243 2.393939393939394 2.242424242424242 2.515151515151515 1.5454545454545454 2.757575757575758 2.5454545454545454 2.9393939393939394 2.0606060606060606 2.0606060606060606 2.606060606060606 2.787878787878788 2.3333333333333335 1.5757575757575757 2.8181818181818183 2.5454545454545454 2.121212121212121 1.3333333333333333 2.8484848484848486 1.393939393939394 2.696969696969697 2.8484848484848486 2.3333333333333335 2.303030303030303 1.6666666666666667 1.3333333333333333 2.909090909090909 1.4242424242424243 2.5757575757575757 1.878787878787879 2.303030303030303  
90 38.40664986944275 1.2121212121212122 0.8888888888888888 0.8080808080808081 2.0 1.2121212121212122 1.494949494949495 1.7171717171717171 1.0303030303030303 0.8686868686868687 0.9494949494949495 1.595959595959596 1.494949494949495 1.6767676767676767 1.0303030303030303 1.8383838383838385 1.696969696969697 1.9595959595959596 1.3737373737373737 1.3737373737373737 1.7373737373737375 1.8585858585858586 1.5555555555555556 1.0505050505050506 1.878787878787879 1.696969696969697 1.4141414141414141 0.8888888888888888 1.898989898989899 0.9292929292929293 1.797979797979798 1.898989898989899 1.5555555555555556 1.5353535353535352 1.1111111111111112 0.8888888888888888 1.9393939393939394 0.9494949494949495 1.7171717171717171 1.2525252525252526 1.5353535353535352  
36 252.0136743806747 1.8181818181818181 1.3333333333333333 1.2121212121212122 3.0 1.8181818181818181 2.242424242424242 2.5757575757575757 1.5454545454545454 1.303030303030303 1.4242424242424243 2.393939393939394 2.242424242424242 2.515151515151515 1.5454545454545454 2.757575757575758 2.5454545454545454 2.9393939393939394 2.0606060606060606 2.0606060606060606 2.606060606060606 2.787878787878788 2.3333333333333335 1.5757575757575757 2.8181818181818183 2.5454545454545454 2.121212121212121 1.3333333333333333 2.8484848484848486 1.393939393939394 2.696969696969697 2.8484848484848486 2.3333333333333335 2.303030303030303 1.6666666666666667 1.3333333333333333 2.909090909090909 1.4242424242424243 2.5757575757575757 1.878787878787879 2.303030303030303  
75 39.94747921678099 1.8181818181818181 1.3333333333333333 1.2121212121212122 3.0 1.8181818181818181 2.242424242424242 2.5757575757575757 1.5454545454545454 1.303030303030303 1.4242424242424243 2.393939393939394 2.242424242424242 2.515151515151515 1.5454545454545454 2.757575757575758 2.5454545454545454 2.9393939393939394 2.0606060606060606 2.0606060606060606 2.606060606060606 2.787878787878788 2.3333333333333335 1.5757575757575757 2.8181818181818183 2.5454545454545454 2.121212121212121 1.3333333333333333 2.8484848484848486 1.393939393939394 2.696969696969697 2.8484848484848486 2.3333333333333335 2.303030303030303 1.6666666666666667 1.3333333333333333 2.909090909090909 1.4242424242424243 2.5757575757575757 1.878787878787879 2.303030303030303  
43 65.3693556661131 1.8181818181818181 1.3333333333333333 1.2121212121212122 3.0 1.8181818181818181 2.242424242424242 2.5757575757575757 1.5454545454545454 1.303030303030303 1.4242424242424243 2.393939393939394 2.242424242424242 2.515151515151515 1.5454545454545454 2.757575757575758 2.5454545454545454 2.9393939393939394 2.0606060606060606 2.0606060606060606 2.606060606060606 2.787878787878788 2.3333333333333335 1.5757575757575757 2.8181818181818183 2.5454545454545454 2.121212121212121 1.3333333333333333 2.8484848484848486 1.393939393939394 2.696969696969697 2.8484848484848486 2.3333333333333335 2.303030303030303 1.6666666666666667 1.3333333333333333 2.909090909090909 1.4242424242424243 2.5757575757575757 1.878787878787879 2.303030303030303  
82 14.537927816924237 1.8181818181818181 1.3333333333333333 1.2121212121212122 3.0 1.8181818181818181 2.242424242424242 2.5757575757575757 1.5454545454545454 1.303030303030303 1.4242424242424243 2.393939393939394 2.242424242424242 2.515151515151515 1.5454545454545454 2.757575757575758 2.5454545454545454 2.9393939393939394 2.0606060606060606 2.0606060606060606 2.606060606060606 2.787878787878788 2.3333333333333335 1.5757575757575757 2.8181818181818183 2.5454545454545454 2.121212121212121 1.3333333333333333 2.8484848484848486 1.393939393939394 2.696969696969697 2.8484848484848486 2.3333333333333335 2.303030303030303 1.6666666666666667 1.3333333333333333 2.909090909090909 1.4242424242424243 2.5757575757575757 1.878787878787879 2.303030303030303  
59 280.73702087913694 1.8181818181818181 1.3333333333333333 1.2121212121212122 3.0 1.8181818181818181 2.242424242424242 2.5757575757575757 1.5454545454545454 1.303030303030303 1.4242424242424243 2.393939393939394 2.242424242424242 2.515151515151515 1.5454545454545454 2.757575757575758 2.5454545454545454 2.9393939393939394 2.0606060606060606 2.0606060606060606 2.606060606060606 2.787878787878788 2.3333333333333335 1.5757575757575757 2.8181818181818183 2.5454545454545454 2.121212121212121 1.3333333333333333 2.8484848484848486 1.393939393939394 2.696969696969697 2.8484848484848486 2.3333333333333335 2.303030303030303 1.6666666666666667 1.3333333333333333 2.909090909090909 1.4242424242424243 2.5757575757575757 1.878787878787879 2.303030303030303  
1 18.56904502957211 1.2121212121212122 0.8888888888888888 0.8080808080808081 2.0 1.2121212121212122 1.494949494949495 1.7171717171717171 1.0303030303030303 0.8686868686868687 0.9494949494949495 1.595959595959596 1.494949494949495 1.6767676767676767 1.0303030303030303 1.8383838383838385 1.696969696969697 1.9595959595959596 1.3737373737373737 1.3737373737373737 1.7373737373737375 1.8585858585858586 1.5555555555555556 1.0505050505050506 1.878787878787879 1.696969696969697 1.4141414141414141 0.8888888888888888 1.898989898989899 0.9292929292929293 1.797979797979798 1.898989898989899 1.5555555555555556 1.5353535353535352 1.1111111111111112 0.8888888888888888 1.9393939393939394 0.9494949494949495 1.7171717171717171 1.2525252525252526 1.5353535353535352  
50 199.3452456484147 1.8181818181818181 1.3333333333333333 1.2121212121212122 3.0 1.8181818181818181 2.242424242424242 2.5757575757575757 1.5454545454545454 1.303030303030303 1.4242424242424243 2.393939393939394 2.242424242424242 2.515151515151515 1.5454545454545454 2.757575757575758 2.5454545454545454 2.9393939393939394 2.0606060606060606 2.0606060606060606 2.606060606060606 2.787878787878788 2.3333333333333335 1.5757575757575757 2.8181818181818183 2.5454545454545454 2.121212121212121 1.3333333333333333 2.8484848484848486 1.393939393939394 2.696969696969697 2.8484848484848486 2.3333333333333335 2.303030303030303 1.6666666666666667 1.3333333333333333 2.909090909090909 1.4242424242424243 2.5757575757575757 1.878787878787879 2.303030303030303  
89 489.1206623799274 1.2121212121212122 0.8888888888888888 0.8080808080808081 2.0 1.2121212121212122 1.494949494949495 1.7171717171717171 1.0303030303030303 0.8686868686868687 0.9494949494949495 1.595959595959596 1.494949494949495 1.6767676767676767 1.0303030303030303 1.8383838383838385 1.696969696969697 1.9595959595959596 1.3737373737373737 1.3737373737373737 1.7373737373737375 1.8585858585858586 1.5555555555555556 1.0505050505050506 1.878787878787879 1.696969696969697 1.4141414141414141 0.8888888888888888 1.898989898989899 0.9292929292929293 1.797979797979798 1.898989898989899 1.5555555555555556 1.5353535353535352 1.1111111111111112 0.8888888888888888 1.9393939393939394 0.9494949494949495 1.7171717171717171 1.2525252525252526 1.5353535353535352  
17 212.23044562705618 1.8181818181818181 1.3333333333333333 1.2121212121212122 3.0 1.8181818181818181 2.242424242424242 2.5757575757575757 1.5454545454545454 1.303030303030303 1.4242424242424243 2.393939393939394 2.242424242424242 2.515151515151515 1.5454545454545454 2.757575757575758 2.5454545454545454 2.9393939393939394 2.0606060606060606 2.0606060606060606 2.606060606060606 2.787878787878788 2.3333333333333335 1.5757575757575757 2.8181818181818183 2.5454545454545454 2.121212121212121 1.3333333333333333 2.8484848484848486 1.393939393939394 2.696969696969697 2.8484848484848486 2.3333333333333335 2.303030303030303 1.6666666666666667 1.3333333333333333 2.909090909090909 1.4242424242424243 2.5757575757575757 1.878787878787879 2.303030303030303  
4 154.22970697476458 1.8181818181818181 1.3333333333333333 1.2121212121212122 3.0 1.8181818181818181 2.242424242424242 2.5757575757575757 1.5454545454545454 1.303030303030303 1.4242424242424243 2.393939393939394 2.242424242424242 2.515151515151515 1.5454545454545454 2.757575757575758 2.5454545454545454 2.9393939393939394 2.0606060606060606 2.0606060606060606 2.606060606060606 2.787878787878788 2.3333333333333335 1.5757575757575757 2.8181818181818183 2.5454545454545454 2.121212121212121 1.3333333333333333 2.8484848484848486 1.393939393939394 2.696969696969697 2.8484848484848486 2.3333333333333335 2.303030303030303 1.6666666666666667 1.3333333333333333 2.909090909090909 1.4242424242424243 2.5757575757575757 1.878787878787879 2.303030303030303  
52 176.18187125073513 1.8181818181818181 1.3333333333333333 1.2121212121212122 3.0 1.8181818181818181 2.242424242424242 2.5757575757575757 1.5454545454545454 1.303030303030303 1.4242424242424243 2.393939393939394 2.242424242424242 2.515151515151515 1.5454545454545454 2.757575757575758 2.5454545454545454 2.9393939393939394 2.0606060606060606 2.0606060606060606 2.606060606060606 2.787878787878788 2.3333333333333335 1.5757575757575757 2.8181818181818183 2.5454545454545454 2.121212121212121 1.3333333333333333 2.8484848484848486 1.393939393939394 2.696969696969697 2.8484848484848486 2.3333333333333335 2.303030303030303 1.6666666666666667 1.3333333333333333 2.909090909090909 1.4242424242424243 2.5757575757575757 1.878787878787879 2.303030303030303  
7 206.00420587557133 1.8181818181818181 1.3333333333333333 1.2121212121212122 3.0 1.8181818181818181 2.242424242424242 2.5757575757575757 1.5454545454545454 1.303030303030303 1.4242424242424243 2.393939393939394 2.242424242424242 2.515151515151515 1.5454545454545454 2.757575757575758 2.5454545454545454 2.9393939393939394 2.0606060606060606 2.0606060606060606 2.606060606060606 2.787878787878788 2.3333333333333335 1.5757575757575757 2.8181818181818183 2.5454545454545454 2.121212121212121 1.3333333333333333 2.8484848484848486 1.393939393939394 2.696969696969697 2.8484848484848486 2.3333333333333335 2.303030303030303 1.6666666666666667 1.3333333333333333 2.909090909090909 1.4242424242424243 2.5757575757575757 1.878787878787879 2.303030303030303  
67 47.901258141644156 1.2121212121212122 0.8888888888888888 0.8080808080808081 2.0 1.2121212121212122 1.494949494949495 1.7171717171717171 1.0303030303030303 0.8686868686868687 0.9494949494949495 1.595959595959596 1.494949494949495 1.6767676767676767 1.0303030303030303 1.8383838383838385 1.696969696969697 1.9595959595959596 1.3737373737373737 1.3737373737373737 1.7373737373737375 1.8585858585858586 1.5555555555555556 1.0505050505050506 1.878787878787879 1.696969696969697 1.4141414141414141 0.8888888888888888 1.898989898989899 0.9292929292929293 1.797979797979798 1.898989898989899 1.5555555555555556 1.5353535353535352 1.1111111111111112 0.8888888888888888 1.9393939393939394 0.9494949494949495 1.7171717171717171 1.2525252525252526 1.5353535353535352  
34 142.74220172987248 1.2121212121212122 0.8888888888888888 0.8080808080808081 2.0 1.2121212121212122 1.494949494949495 1.7171717171717171 1.0303030303030303 0.8686868686868687 0.9494949494949495 1.595959595959596 1.494949494949495 1.6767676767676767 1.0303030303030303 1.8383838383838385 1.696969696969697 1.9595959595959596 1.3737373737373737 1.3737373737373737 1.7373737373737375 1.8585858585858586 1.5555555555555556 1.0505050505050506 1.878787878787879 1.696969696969697 1.4141414141414141 0.8888888888888888 1.898989898989899 0.9292929292929293 1.797979797979798 1.898989898989899 1.5555555555555556 1.5353535353535352 1.1111111111111112 0.8888888888888888 1.9393939393939394 0.9494949494949495 1.7171717171717171 1.2525252525252526 1.5353535353535352  
22 195.94048628525508 1.2121212121212122 0.8888888888888888 0.8080808080808081 2.0 1.2121212121212122 1.494949494949495 1.7171717171717171 1.0303030303030303 0.8686868686868687 0.9494949494949495 1.595959595959596 1.494949494949495 1.6767676767676767 1.0303030303030303 1.8383838383838385 1.696969696969697 1.9595959595959596 1.3737373737373737 1.3737373737373737 1.7373737373737375 1.8585858585858586 1.5555555555555556 1.0505050505050506 1.878787878787879 1.696969696969697 1.4141414141414141 0.8888888888888888 1.898989898989899 0.9292929292929293 1.797979797979798 1.898989898989899 1.5555555555555556 1.5353535353535352 1.1111111111111112 0.8888888888888888 1.9393939393939394 0.9494949494949495 1.7171717171717171 1.2525252525252526 1.5353535353535352  
76 152.76529668493023 1.2121212121212122 0.8888888888888888 0.8080808080808081 2.0 1.2121212121212122 1.494949494949495 1.7171717171717171 1.0303030303030303 0.8686868686868687 0.9494949494949495 1.595959595959596 1.494949494949495 1.6767676767676767 1.0303030303030303 1.8383838383838385 1.696969696969697 1.9595959595959596 1.3737373737373737 1.3737373737373737 1.7373737373737375 1.8585858585858586 1.5555555555555556 1.0505050505050506 1.878787878787879 1.696969696969697 1.4141414141414141 0.8888888888888888 1.898989898989899 0.9292929292929293 1.797979797979798 1.898989898989899 1.5555555555555556 1.5353535353535352 1.1111111111111112 0.8888888888888888 1.9393939393939394 0.9494949494949495 1.7171717171717171 1.2525252525252526 1.5353535353535352  
40 99.3855452971043 1.2121212121212122 0.8888888888888888 0.8080808080808081 2.0 1.2121212121212122 1.494949494949495 1.7171717171717171 1.0303030303030303 0.8686868686868687 0.9494949494949495 1.595959595959596 1.494949494949495 1.6767676767676767 1.0303030303030303 1.8383838383838385 1.696969696969697 1.9595959595959596 1.3737373737373737 1.3737373737373737 1.7373737373737375 1.8585858585858586 1.5555555555555556 1.0505050505050506 1.878787878787879 1.696969696969697 1.4141414141414141 0.8888888888888888 1.898989898989899 0.9292929292929293 1.797979797979798 1.898989898989899 1.5555555555555556 1.5353535353535352 1.1111111111111112 0.8888888888888888 1.9393939393939394 0.9494949494949495 1.7171717171717171 1.2525252525252526 1.5353535353535352  
18 334.38193879196245 1.8181818181818181 1.3333333333333333 1.2121212121212122 3.0 1.8181818181818181 2.242424242424242 2.5757575757575757 1.5454545454545454 1.303030303030303 1.4242424242424243 2.393939393939394 2.242424242424242 2.515151515151515 1.5454545454545454 2.757575757575758 2.5454545454545454 2.9393939393939394 2.0606060606060606 2.0606060606060606 2.606060606060606 2.787878787878788 2.3333333333333335 1.5757575757575757 2.8181818181818183 2.5454545454545454 2.121212121212121 1.3333333333333333 2.8484848484848486 1.393939393939394 2.696969696969697 2.8484848484848486 2.3333333333333335 2.303030303030303 1.6666666666666667 1.3333333333333333 2.909090909090909 1.4242424242424243 2.5757575757575757 1.878787878787879 2.303030303030303  
45 48.66932877526663 1.2121212121212122 0.8888888888888888 0.8080808080808081 2.0 1.2121212121212122 1.494949494949495 1.7171717171717171 1.0303030303030303 0.8686868686868687 0.9494949494949495 1.595959595959596 1.494949494949495 1.6767676767676767 1.0303030303030303 1.8383838383838385 1.696969696969697 1.9595959595959596 1.3737373737373737 1.3737373737373737 1.7373737373737375 1.8585858585858586 1.5555555555555556 1.0505050505050506 1.878787878787879 1.696969696969697 1.4141414141414141 0.8888888888888888 1.898989898989899 0.9292929292929293 1.797979797979798 1.898989898989899 1.5555555555555556 1.5353535353535352 1.1111111111111112 0.8888888888888888 1.9393939393939394 0.9494949494949495 1.7171717171717171 1.2525252525252526 1.5353535353535352  
37 328.1811382479357 1.8181818181818181 1.3333333333333333 1.2121212121212122 3.0 1.8181818181818181 2.242424242424242 2.5757575757575757 1.5454545454545454 1.303030303030303 1.4242424242424243 2.393939393939394 2.242424242424242 2.515151515151515 1.5454545454545454 2.757575757575758 2.5454545454545454 2.9393939393939394 2.0606060606060606 2.0606060606060606 2.606060606060606 2.787878787878788 2.3333333333333335 1.5757575757575757 2.8181818181818183 2.5454545454545454 2.121212121212121 1.3333333333333333 2.8484848484848486 1.393939393939394 2.696969696969697 2.8484848484848486 2.3333333333333335 2.303030303030303 1.6666666666666667 1.3333333333333333 2.909090909090909 1.4242424242424243 2.5757575757575757 1.878787878787879 2.303030303030303  
35 420.2540367870699 1.8181818181818181 1.3333333333333333 1.2121212121212122 3.0 1.8181818181818181 2.242424242424242 2.5757575757575757 1.5454545454545454 1.303030303030303 1.4242424242424243 2.393939393939394 2.242424242424242 2.515151515151515 1.5454545454545454 2.757575757575758 2.5454545454545454 2.9393939393939394 2.0606060606060606 2.0606060606060606 2.606060606060606 2.787878787878788 2.3333333333333335 1.5757575757575757 2.8181818181818183 2.5454545454545454 2.121212121212121 1.3333333333333333 2.8484848484848486 1.393939393939394 2.696969696969697 2.8484848484848486 2.3333333333333335 2.303030303030303 1.6666666666666667 1.3333333333333333 2.909090909090909 1.4242424242424243 2.5757575757575757 1.878787878787879 2.303030303030303  
5 256.387030934133 1.2121212121212122 0.8888888888888888 0.8080808080808081 2.0 1.2121212121212122 1.494949494949495 1.7171717171717171 1.0303030303030303 0.8686868686868687 0.9494949494949495 1.595959595959596 1.494949494949495 1.6767676767676767 1.0303030303030303 1.8383838383838385 1.696969696969697 1.9595959595959596 1.3737373737373737 1.3737373737373737 1.7373737373737375 1.8585858585858586 1.5555555555555556 1.0505050505050506 1.878787878787879 1.696969696969697 1.4141414141414141 0.8888888888888888 1.898989898989899 0.9292929292929293 1.797979797979798 1.898989898989899 1.5555555555555556 1.5353535353535352 1.1111111111111112 0.8888888888888888 1.9393939393939394 0.9494949494949495 1.7171717171717171 1.2525252525252526 1.5353535353535352  
9 295.25196511805404 1.2121212121212122 0.8888888888888888 0.8080808080808081 2.0 1.2121212121212122 1.494949494949495 1.7171717171717171 1.0303030303030303 0.8686868686868687 0.9494949494949495 1.595959595959596 1.494949494949495 1.6767676767676767 1.0303030303030303 1.8383838383838385 1.696969696969697 1.9595959595959596 1.3737373737373737 1.3737373737373737 1.7373737373737375 1.8585858585858586 1.5555555555555556 1.0505050505050506 1.878787878787879 1.696969696969697 1.4141414141414141 0.8888888888888888 1.898989898989899 0.9292929292929293 1.797979797979798 1.898989898989899 1.5555555555555556 1.5353535353535352 1.1111111111111112 0.8888888888888888 1.9393939393939394 0.9494949494949495 1.7171717171717171 1.2525252525252526 1.5353535353535352  
84 425.3897353864978 1.8181818181818181 1.3333333333333333 1.2121212121212122 3.0 1.8181818181818181 2.242424242424242 2.5757575757575757 1.5454545454545454 1.303030303030303 1.4242424242424243 2.393939393939394 2.242424242424242 2.515151515151515 1.5454545454545454 2.757575757575758 2.5454545454545454 2.9393939393939394 2.0606060606060606 2.0606060606060606 2.606060606060606 2.787878787878788 2.3333333333333335 1.5757575757575757 2.8181818181818183 2.5454545454545454 2.121212121212121 1.3333333333333333 2.8484848484848486 1.393939393939394 2.696969696969697 2.8484848484848486 2.3333333333333335 2.303030303030303 1.6666666666666667 1.3333333333333333 2.909090909090909 1.4242424242424243 2.5757575757575757 1.878787878787879 2.303030303030303  
28 58.308770191630124 1.8181818181818181 1.3333333333333333 1.2121212121212122 3.0 1.8181818181818181 2.242424242424242 2.5757575757575757 1.5454545454545454 1.303030303030303 1.4242424242424243 2.393939393939394 2.242424242424242 2.515151515151515 1.5454545454545454 2.757575757575758 2.5454545454545454 2.9393939393939394 2.0606060606060606 2.0606060606060606 2.606060606060606 2.787878787878788 2.3333333333333335 1.5757575757575757 2.8181818181818183 2.5454545454545454 2.121212121212121 1.3333333333333333 2.8484848484848486 1.393939393939394 2.696969696969697 2.8484848484848486 2.3333333333333335 2.303030303030303 1.6666666666666667 1.3333333333333333 2.909090909090909 1.4242424242424243 2.5757575757575757 1.878787878787879 2.303030303030303  
74 484.613246686773 1.2121212121212122 0.8888888888888888 0.8080808080808081 2.0 1.2121212121212122 1.494949494949495 1.7171717171717171 1.0303030303030303 0.8686868686868687 0.9494949494949495 1.595959595959596 1.494949494949495 1.6767676767676767 1.0303030303030303 1.8383838383838385 1.696969696969697 1.9595959595959596 1.3737373737373737 1.3737373737373737 1.7373737373737375 1.8585858585858586 1.5555555555555556 1.0505050505050506 1.878787878787879 1.696969696969697 1.4141414141414141 0.8888888888888888 1.898989898989899 0.9292929292929293 1.797979797979798 1.898989898989899 1.5555555555555556 1.5353535353535352 1.1111111111111112 0.8888888888888888 1.9393939393939394 0.9494949494949495 1.7171717171717171 1.2525252525252526 1.5353535353535352  
58 92.26522913468752 1.2121212121212122 0.8888888888888888 0.8080808080808081 2.0 1.2121212121212122 1.494949494949495 1.7171717171717171 1.0303030303030303 0.8686868686868687 0.9494949494949495 1.595959595959596 1.494949494949495 1.6767676767676767 1.0303030303030303 1.8383838383838385 1.696969696969697 1.9595959595959596 1.3737373737373737 1.3737373737373737 1.7373737373737375 1.8585858585858586 1.5555555555555556 1.0505050505050506 1.878787878787879 1.696969696969697 1.4141414141414141 0.8888888888888888 1.898989898989899 0.9292929292929293 1.797979797979798 1.898989898989899 1.5555555555555556 1.5353535353535352 1.1111111111111112 0.8888888888888888 1.9393939393939394 0.9494949494949495 1.7171717171717171 1.2525252525252526 1.5353535353535352  
70 119.8324225053641 1.2121212121212122 0.8888888888888888 0.8080808080808081 2.0 1.2121212121212122 1.494949494949495 1.7171717171717171 1.0303030303030303 0.8686868686868687 0.9494949494949495 1.595959595959596 1.494949494949495 1.6767676767676767 1.0303030303030303 1.8383838383838385 1.696969696969697 1.9595959595959596 1.3737373737373737 1.3737373737373737 1.7373737373737375 1.8585858585858586 1.5555555555555556 1.0505050505050506 1.878787878787879 1.696969696969697 1.4141414141414141 0.8888888888888888 1.898989898989899 0.9292929292929293 1.797979797979798 1.898989898989899 1.5555555555555556 1.5353535353535352 1.1111111111111112 0.8888888888888888 1.9393939393939394 0.9494949494949495 1.7171717171717171 1.2525252525252526 1.5353535353535352  
98 171.21146150595555 1.8181818181818181 1.3333333333333333 1.2121212121212122 3.0 1.8181818181818181 2.242424242424242 2.5757575757575757 1.5454545454545454 1.303030303030303 1.4242424242424243 2.393939393939394 2.242424242424242 2.515151515151515 1.5454545454545454 2.757575757575758 2.5454545454545454 2.9393939393939394 2.0606060606060606 2.0606060606060606 2.606060606060606 2.787878787878788 2.3333333333333335 1.5757575757575757 2.8181818181818183 2.5454545454545454 2.121212121212121 1.3333333333333333 2.8484848484848486 1.393939393939394 2.696969696969697 2.8484848484848486 2.3333333333333335 2.303030303030303 1.6666666666666667 1.3333333333333333 2.909090909090909 1.4242424242424243 2.5757575757575757 1.878787878787879 2.303030303030303  
8 119.74162828003817 1.2121212121212122 0.8888888888888888 0.8080808080808081 2.0 1.2121212121212122 1.494949494949495 1.7171717171717171 1.0303030303030303 0.8686868686868687 0.9494949494949495 1.595959595959596 1.494949494949495 1.6767676767676767 1.0303030303030303 1.8383838383838385 1.696969696969697 1.9595959595959596 1.3737373737373737 1.3737373737373737 1.7373737373737375 1.8585858585858586 1.5555555555555556 1.0505050505050506 1.878787878787879 1.696969696969697 1.4141414141414141 0.8888888888888888 1.898989898989899 0.9292929292929293 1.797979797979798 1.898989898989899 1.5555555555555556 1.5353535353535352 1.1111111111111112 0.8888888888888888 1.9393939393939394 0.9494949494949495 1.7171717171717171 1.2525252525252526 1.5353535353535352  
77 349.71716296000756 1.8181818181818181 1.3333333333333333 1.2121212121212122 3.0 1.8181818181818181 2.242424242424242 2.5757575757575757 1.5454545454545454 1.303030303030303 1.4242424242424243 2.393939393939394 2.242424242424242 2.515151515151515 1.5454545454545454 2.757575757575758 2.5454545454545454 2.9393939393939394 2.0606060606060606 2.0606060606060606 2.606060606060606 2.787878787878788 2.3333333333333335 1.5757575757575757 2.8181818181818183 2.5454545454545454 2.121212121212121 1.3333333333333333 2.8484848484848486 1.393939393939394 2.696969696969697 2.8484848484848486 2.3333333333333335 2.303030303030303 1.6666666666666667 1.3333333333333333 2.909090909090909 1.4242424242424243 2.5757575757575757 1.878787878787879 2.303030303030303  
73 391.1100055543478 1.8181818181818181 1.3333333333333333 1.2121212121212122 3.0 1.8181818181818181 2.242424242424242 2.5757575757575757 1.5454545454545454 1.303030303030303 1.4242424242424243 2.393939393939394 2.242424242424242 2.515151515151515 1.5454545454545454 2.757575757575758 2.5454545454545454 2.9393939393939394 2.0606060606060606 2.0606060606060606 2.606060606060606 2.787878787878788 2.3333333333333335 1.5757575757575757 2.8181818181818183 2.5454545454545454 2.121212121212121 1.3333333333333333 2.8484848484848486 1.393939393939394 2.696969696969697 2.8484848484848486 2.3333333333333335 2.303030303030303 1.6666666666666667 1.3333333333333333 2.909090909090909 1.4242424242424243 2.5757575757575757 1.878787878787879 2.303030303030303  
32 124.61882255420544 1.8181818181818181 1.3333333333333333 1.2121212121212122 3.0 1.8181818181818181 2.242424242424242 2.5757575757575757 1.5454545454545454 1.303030303030303 1.4242424242424243 2.393939393939394 2.242424242424242 2.515151515151515 1.5454545454545454 2.757575757575758 2.5454545454545454 2.9393939393939394 2.0606060606060606 2.0606060606060606 2.606060606060606 2.787878787878788 2.3333333333333335 1.5757575757575757 2.8181818181818183 2.5454545454545454 2.121212121212121 1.3333333333333333 2.8484848484848486 1.393939393939394 2.696969696969697 2.8484848484848486 2.3333333333333335 2.303030303030303 1.6666666666666667 1.3333333333333333 2.909090909090909 1.4242424242424243 2.5757575757575757 1.878787878787879 2.303030303030303  
12 247.89331750249187 1.8181818181818181 1.3333333333333333 1.2121212121212122 3.0 1.8181818181818181 2.242424242424242 2.5757575757575757 1.5454545454545454 1.303030303030303 1.4242424242424243 2.393939393939394 2.242424242424242 2.515151515151515 1.5454545454545454 2.757575757575758 2.5454545454545454 2.9393939393939394 2.0606060606060606 2.0606060606060606 2.606060606060606 2.787878787878788 2.3333333333333335 1.5757575757575757 2.8181818181818183 2.5454545454545454 2.121212121212121 1.3333333333333333 2.8484848484848486 1.393939393939394 2.696969696969697 2.8484848484848486 2.3333333333333335 2.303030303030303 1.6666666666666667 1.3333333333333333 2.909090909090909 1.4242424242424243 2.5757575757575757 1.878787878787879 2.303030303030303  
95 25.203094128878597 1.2121212121212122 0.8888888888888888 0.8080808080808081 2.0 1.2121212121212122 1.494949494949495 1.7171717171717171 1.0303030303030303 0.8686868686868687 0.9494949494949495 1.595959595959596 1.494949494949495 1.6767676767676767 1.0303030303030303 1.8383838383838385 1.696969696969697 1.9595959595959596 1.3737373737373737 1.3737373737373737 1.7373737373737375 1.8585858585858586 1.5555555555555556 1.0505050505050506 1.878787878787879 1.696969696969697 1.4141414141414141 0.8888888888888888 1.898989898989899 0.9292929292929293 1.797979797979798 1.898989898989899 1.5555555555555556 1.5353535353535352 1.1111111111111112 0.8888888888888888 1.9393939393939394 0.9494949494949495 1.7171717171717171 1.2525252525252526 1.5353535353535352  
27 288.1116388019989 1.2121212121212122 0.8888888888888888 0.8080808080808081 2.0 1.2121212121212122 1.494949494949495 1.7171717171717171 1.0303030303030303 0.8686868686868687 0.9494949494949495 1.595959595959596 1.494949494949495 1.6767676767676767 1.0303030303030303 1.8383838383838385 1.696969696969697 1.9595959595959596 1.3737373737373737 1.3737373737373737 1.7373737373737375 1.8585858585858586 1.5555555555555556 1.0505050505050506 1.878787878787879 1.696969696969697 1.4141414141414141 0.8888888888888888 1.898989898989899 0.9292929292929293 1.797979797979798 1.898989898989899 1.5555555555555556 1.5353535353535352 1.1111111111111112 0.8888888888888888 1.9393939393939394 0.9494949494949495 1.7171717171717171 1.2525252525252526 1.5353535353535352  
15 205.63246782755257 1.8181818181818181 1.3333333333333333 1.2121212121212122 3.0 1.8181818181818181 2.242424242424242 2.5757575757575757 1.5454545454545454 1.303030303030303 1.4242424242424243 2.393939393939394 2.242424242424242 2.515151515151515 1.5454545454545454 2.757575757575758 2.5454545454545454 2.9393939393939394 2.0606060606060606 2.0606060606060606 2.606060606060606 2.787878787878788 2.3333333333333335 1.5757575757575757 2.8181818181818183 2.5454545454545454 2.121212121212121 1.3333333333333333 2.8484848484848486 1.393939393939394 2.696969696969697 2.8484848484848486 2.3333333333333335 2.303030303030303 1.6666666666666667 1.3333333333333333 2.909090909090909 1.4242424242424243 2.5757575757575757 1.878787878787879 2.303030303030303  
11 138.37550244999585 1.8181818181818181 1.3333333333333333 1.2121212121212122 3.0 1.8181818181818181 2.242424242424242 2.5757575757575757 1.5454545454545454 1.303030303030303 1.4242424242424243 2.393939393939394 2.242424242424242 2.515151515151515 1.5454545454545454 2.757575757575758 2.5454545454545454 2.9393939393939394 2.0606060606060606 2.0606060606060606 2.606060606060606 2.787878787878788 2.3333333333333335 1.5757575757575757 2.8181818181818183 2.5454545454545454 2.121212121212121 1.3333333333333333 2.8484848484848486 1.393939393939394 2.696969696969697 2.8484848484848486 2.3333333333333335 2.303030303030303 1.6666666666666667 1.3333333333333333 2.909090909090909 1.4242424242424243 2.5757575757575757 1.878787878787879 2.303030303030303  
63 51.760245608376096 1.2121212121212122 0.8888888888888888 0.8080808080808081 2.0 1.2121212121212122 1.494949494949495 1.7171717171717171 1.0303030303030303 0.8686868686868687 0.9494949494949495 1.595959595959596 1.494949494949495 1.6767676767676767 1.0303030303030303 1.8383838383838385 1.696969696969697 1.9595959595959596 1.3737373737373737 1.3737373737373737 1.7373737373737375 1.8585858585858586 1.5555555555555556 1.0505050505050506 1.878787878787879 1.696969696969697 1.4141414141414141 0.8888888888888888 1.898989898989899 0.9292929292929293 1.797979797979798 1.898989898989899 1.5555555555555556 1.5353535353535352 1.1111111111111112 0.8888888888888888 1.9393939393939394 0.9494949494949495 1.7171717171717171 1.2525252525252526 1.5353535353535352  
60 64.10425300531313 1.8181818181818181 1.3333333333333333 1.2121212121212122 3.0 1.8181818181818181 2.242424242424242 2.5757575757575757 1.5454545454545454 1.303030303030303 1.4242424242424243 2.393939393939394 2.242424242424242 2.515151515151515 1.5454545454545454 2.757575757575758 2.5454545454545454 2.9393939393939394 2.0606060606060606 2.0606060606060606 2.606060606060606 2.787878787878788 2.3333333333333335 1.5757575757575757 2.8181818181818183 2.5454545454545454 2.121212121212121 1.3333333333333333 2.8484848484848486 1.393939393939394 2.696969696969697 2.8484848484848486 2.3333333333333335 2.303030303030303 1.6666666666666667 1.3333333333333333 2.909090909090909 1.4242424242424243 2.5757575757575757 1.878787878787879 2.303030303030303  
69 89.05020830040662 1.8181818181818181 1.3333333333333333 1.2121212121212122 3.0 1.8181818181818181 2.242424242424242 2.5757575757575757 1.5454545454545454 1.303030303030303 1.4242424242424243 2.393939393939394 2.242424242424242 2.515151515151515 1.5454545454545454 2.757575757575758 2.5454545454545454 2.9393939393939394 2.0606060606060606 2.0606060606060606 2.606060606060606 2.787878787878788 2.3333333333333335 1.5757575757575757 2.8181818181818183 2.5454545454545454 2.121212121212121 1.3333333333333333 2.8484848484848486 1.393939393939394 2.696969696969697 2.8484848484848486 2.3333333333333335 2.303030303030303 1.6666666666666667 1.3333333333333333 2.909090909090909 1.4242424242424243 2.5757575757575757 1.878787878787879 2.303030303030303  
96 141.34360992534596 1.2121212121212122 0.8888888888888888 0.8080808080808081 2.0 1.2121212121212122 1.494949494949495 1.7171717171717171 1.0303030303030303 0.8686868686868687 0.9494949494949495 1.595959595959596 1.494949494949495 1.6767676767676767 1.0303030303030303 1.8383838383838385 1.696969696969697 1.9595959595959596 1.3737373737373737 1.3737373737373737 1.7373737373737375 1.8585858585858586 1.5555555555555556 1.0505050505050506 1.878787878787879 1.696969696969697 1.4141414141414141 0.8888888888888888 1.898989898989899 0.9292929292929293 1.797979797979798 1.898989898989899 1.5555555555555556 1.5353535353535352 1.1111111111111112 0.8888888888888888 1.9393939393939394 0.9494949494949495 1.7171717171717171 1.2525252525252526 1.5353535353535352  
25 197.61803758557306 1.2121212121212122 0.8888888888888888 0.8080808080808081 2.0 1.2121212121212122 1.494949494949495 1.7171717171717171 1.0303030303030303 0.8686868686868687 0.9494949494949495 1.595959595959596 1.494949494949495 1.6767676767676767 1.0303030303030303 1.8383838383838385 1.696969696969697 1.9595959595959596 1.3737373737373737 1.3737373737373737 1.7373737373737375 1.8585858585858586 1.5555555555555556 1.0505050505050506 1.878787878787879 1.696969696969697 1.4141414141414141 0.8888888888888888 1.898989898989899 0.9292929292929293 1.797979797979798 1.898989898989899 1.5555555555555556 1.5353535353535352 1.1111111111111112 0.8888888888888888 1.9393939393939394 0.9494949494949495 1.7171717171717171 1.2525252525252526 1.5353535353535352  
23 146.71474482974114 1.8181818181818181 1.3333333333333333 1.2121212121212122 3.0 1.8181818181818181 2.242424242424242 2.5757575757575757 1.5454545454545454 1.303030303030303 1.4242424242424243 2.393939393939394 2.242424242424242 2.515151515151515 1.5454545454545454 2.757575757575758 2.5454545454545454 2.9393939393939394 2.0606060606060606 2.0606060606060606 2.606060606060606 2.787878787878788 2.3333333333333335 1.5757575757575757 2.8181818181818183 2.5454545454545454 2.121212121212121 1.3333333333333333 2.8484848484848486 1.393939393939394 2.696969696969697 2.8484848484848486 2.3333333333333335 2.303030303030303 1.6666666666666667 1.3333333333333333 2.909090909090909 1.4242424242424243 2.5757575757575757 1.878787878787879 2.303030303030303  
20 204.20224032937915 1.8181818181818181 1.3333333333333333 1.2121212121212122 3.0 1.8181818181818181 2.242424242424242 2.5757575757575757 1.5454545454545454 1.303030303030303 1.4242424242424243 2.393939393939394 2.242424242424242 2.515151515151515 1.5454545454545454 2.757575757575758 2.5454545454545454 2.9393939393939394 2.0606060606060606 2.0606060606060606 2.606060606060606 2.787878787878788 2.3333333333333335 1.5757575757575757 2.8181818181818183 2.5454545454545454 2.121212121212121 1.3333333333333333 2.8484848484848486 1.393939393939394 2.696969696969697 2.8484848484848486 2.3333333333333335 2.303030303030303 1.6666666666666667 1.3333333333333333 2.909090909090909 1.4242424242424243 2.5757575757575757 1.878787878787879 2.303030303030303  
78 262.40938019037014 1.8181818181818181 1.3333333333333333 1.2121212121212122 3.0 1.8181818181818181 2.242424242424242 2.5757575757575757 1.5454545454545454 1.303030303030303 1.4242424242424243 2.393939393939394 2.242424242424242 2.515151515151515 1.5454545454545454 2.757575757575758 2.5454545454545454 2.9393939393939394 2.0606060606060606 2.0606060606060606 2.606060606060606 2.787878787878788 2.3333333333333335 1.5757575757575757 2.8181818181818183 2.5454545454545454 2.121212121212121 1.3333333333333333 2.8484848484848486 1.393939393939394 2.696969696969697 2.8484848484848486 2.3333333333333335 2.303030303030303 1.6666666666666667 1.3333333333333333 2.909090909090909 1.4242424242424243 2.5757575757575757 1.878787878787879 2.303030303030303  
62 44.14996799165962 1.8181818181818181 1.3333333333333333 1.2121212121212122 3.0 1.8181818181818181 2.242424242424242 2.5757575757575757 1.5454545454545454 1.303030303030303 1.4242424242424243 2.393939393939394 2.242424242424242 2.515151515151515 1.5454545454545454 2.757575757575758 2.5454545454545454 2.9393939393939394 2.0606060606060606 2.0606060606060606 2.606060606060606 2.787878787878788 2.3333333333333335 1.5757575757575757 2.8181818181818183 2.5454545454545454 2.121212121212121 1.3333333333333333 2.8484848484848486 1.393939393939394 2.696969696969697 2.8484848484848486 2.3333333333333335 2.303030303030303 1.6666666666666667 1.3333333333333333 2.909090909090909 1.4242424242424243 2.5757575757575757 1.878787878787879 2.303030303030303  
53 189.1476698176745 1.2121212121212122 0.8888888888888888 0.8080808080808081 2.0 1.2121212121212122 1.494949494949495 1.7171717171717171 1.0303030303030303 0.8686868686868687 0.9494949494949495 1.595959595959596 1.494949494949495 1.6767676767676767 1.0303030303030303 1.8383838383838385 1.696969696969697 1.9595959595959596 1.3737373737373737 1.3737373737373737 1.7373737373737375 1.8585858585858586 1.5555555555555556 1.0505050505050506 1.878787878787879 1.696969696969697 1.4141414141414141 0.8888888888888888 1.898989898989899 0.9292929292929293 1.797979797979798 1.898989898989899 1.5555555555555556 1.5353535353535352 1.1111111111111112 0.8888888888888888 1.9393939393939394 0.9494949494949495 1.7171717171717171 1.2525252525252526 1.5353535353535352  
14 132.36716685323947 1.2121212121212122 0.8888888888888888 0.8080808080808081 2.0 1.2121212121212122 1.494949494949495 1.7171717171717171 1.0303030303030303 0.8686868686868687 0.9494949494949495 1.595959595959596 1.494949494949495 1.6767676767676767 1.0303030303030303 1.8383838383838385 1.696969696969697 1.9595959595959596 1.3737373737373737 1.3737373737373737 1.7373737373737375 1.8585858585858586 1.5555555555555556 1.0505050505050506 1.878787878787879 1.696969696969697 1.4141414141414141 0.8888888888888888 1.898989898989899 0.9292929292929293 1.797979797979798 1.898989898989899 1.5555555555555556 1.5353535353535352 1.1111111111111112 0.8888888888888888 1.9393939393939394 0.9494949494949495 1.7171717171717171 1.2525252525252526 1.5353535353535352  
64 83.71196249388362 1.2121212121212122 0.8888888888888888 0.8080808080808081 2.0 1.2121212121212122 1.494949494949495 1.7171717171717171 1.0303030303030303 0.8686868686868687 0.9494949494949495 1.595959595959596 1.494949494949495 1.6767676767676767 1.0303030303030303 1.8383838383838385 1.696969696969697 1.9595959595959596 1.3737373737373737 1.3737373737373737 1.7373737373737375 1.8585858585858586 1.5555555555555556 1.0505050505050506 1.878787878787879 1.696969696969697 1.4141414141414141 0.8888888888888888 1.898989898989899 0.9292929292929293 1.797979797979798 1.898989898989899 1.5555555555555556 1.5353535353535352 1.1111111111111112 0.8888888888888888 1.9393939393939394 0.9494949494949495 1.7171717171717171 1.2525252525252526 1.5353535353535352  
49 340.96561065450555 1.2121212121212122 0.8888888888888888 0.8080808080808081 2.0 1.2121212121212122 1.494949494949495 1.7171717171717171 1.0303030303030303 0.8686868686868687 0.9494949494949495 1.595959595959596 1.494949494949495 1.6767676767676767 1.0303030303030303 1.8383838383838385 1.696969696969697 1.9595959595959596 1.3737373737373737 1.3737373737373737 1.7373737373737375 1.8585858585858586 1.5555555555555556 1.0505050505050506 1.878787878787879 1.696969696969697 1.4141414141414141 0.8888888888888888 1.898989898989899 0.9292929292929293 1.797979797979798 1.898989898989899 1.5555555555555556 1.5353535353535352 1.1111111111111112 0.8888888888888888 1.9393939393939394 0.9494949494949495 1.7171717171717171 1.2525252525252526 1.5353535353535352  
86 354.20397543090013 1.2121212121212122 0.8888888888888888 0.8080808080808081 2.0 1.2121212121212122 1.494949494949495 1.7171717171717171 1.0303030303030303 0.8686868686868687 0.9494949494949495 1.595959595959596 1.494949494949495 1.6767676767676767 1.0303030303030303 1.8383838383838385 1.696969696969697 1.9595959595959596 1.3737373737373737 1.3737373737373737 1.7373737373737375 1.8585858585858586 1.5555555555555556 1.0505050505050506 1.878787878787879 1.696969696969697 1.4141414141414141 0.8888888888888888 1.898989898989899 0.9292929292929293 1.797979797979798 1.898989898989899 1.5555555555555556 1.5353535353535352 1.1111111111111112 0.8888888888888888 1.9393939393939394 0.9494949494949495 1.7171717171717171 1.2525252525252526 1.5353535353535352  
80 632.2805020450791 1.8181818181818181 1.3333333333333333 1.2121212121212122 3.0 1.8181818181818181 2.242424242424242 2.5757575757575757 1.5454545454545454 1.303030303030303 1.4242424242424243 2.393939393939394 2.242424242424242 2.515151515151515 1.5454545454545454 2.757575757575758 2.5454545454545454 2.9393939393939394 2.0606060606060606 2.0606060606060606 2.606060606060606 2.787878787878788 2.3333333333333335 1.5757575757575757 2.8181818181818183 2.5454545454545454 2.121212121212121 1.3333333333333333 2.8484848484848486 1.393939393939394 2.696969696969697 2.8484848484848486 2.3333333333333335 2.303030303030303 1.6666666666666667 1.3333333333333333 2.909090909090909 1.4242424242424243 2.5757575757575757 1.878787878787879 2.303030303030303  
79 642.8743515727538 1.2121212121212122 0.8888888888888888 0.8080808080808081 2.0 1.2121212121212122 1.494949494949495 1.7171717171717171 1.0303030303030303 0.8686868686868687 0.9494949494949495 1.595959595959596 1.494949494949495 1.6767676767676767 1.0303030303030303 1.8383838383838385 1.696969696969697 1.9595959595959596 1.3737373737373737 1.3737373737373737 1.7373737373737375 1.8585858585858586 1.5555555555555556 1.0505050505050506 1.878787878787879 1.696969696969697 1.4141414141414141 0.8888888888888888 1.898989898989899 0.9292929292929293 1.797979797979798 1.898989898989899 1.5555555555555556 1.5353535353535352 1.1111111111111112 0.8888888888888888 1.9393939393939394 0.9494949494949495 1.7171717171717171 1.2525252525252526 1.5353535353535352  
87 348.5023717226973 1.8181818181818181 1.3333333333333333 1.2121212121212122 3.0 1.8181818181818181 2.242424242424242 2.5757575757575757 1.5454545454545454 1.303030303030303 1.4242424242424243 2.393939393939394 2.242424242424242 2.515151515151515 1.5454545454545454 2.757575757575758 2.5454545454545454 2.9393939393939394 2.0606060606060606 2.0606060606060606 2.606060606060606 2.787878787878788 2.3333333333333335 1.5757575757575757 2.8181818181818183 2.5454545454545454 2.121212121212121 1.3333333333333333 2.8484848484848486 1.393939393939394 2.696969696969697 2.8484848484848486 2.3333333333333335 2.303030303030303 1.6666666666666667 1.3333333333333333 2.909090909090909 1.4242424242424243 2.5757575757575757 1.878787878787879 2.303030303030303  
65 38.51023339433734 1.2121212121212122 0.8888888888888888 0.8080808080808081 2.0 1.2121212121212122 1.494949494949495 1.7171717171717171 1.0303030303030303 0.8686868686868687 0.9494949494949495 1.595959595959596 1.494949494949495 1.6767676767676767 1.0303030303030303 1.8383838383838385 1.696969696969697 1.9595959595959596 1.3737373737373737 1.3737373737373737 1.7373737373737375 1.8585858585858586 1.5555555555555556 1.0505050505050506 1.878787878787879 1.696969696969697 1.4141414141414141 0.8888888888888888 1.898989898989899 0.9292929292929293 1.797979797979798 1.898989898989899 1.5555555555555556 1.5353535353535352 1.1111111111111112 0.8888888888888888 1.9393939393939394 0.9494949494949495 1.7171717171717171 1.2525252525252526 1.5353535353535352  
41 97.72104861921325 1.2121212121212122 0.8888888888888888 0.8080808080808081 2.0 1.2121212121212122 1.494949494949495 1.7171717171717171 1.0303030303030303 0.8686868686868687 0.9494949494949495 1.595959595959596 1.494949494949495 1.6767676767676767 1.0303030303030303 1.8383838383838385 1.696969696969697 1.9595959595959596 1.3737373737373737 1.3737373737373737 1.7373737373737375 1.8585858585858586 1.5555555555555556 1.0505050505050506 1.878787878787879 1.696969696969697 1.4141414141414141 0.8888888888888888 1.898989898989899 0.9292929292929293 1.797979797979798 1.898989898989899 1.5555555555555556 1.5353535353535352 1.1111111111111112 0.8888888888888888 1.9393939393939394 0.9494949494949495 1.7171717171717171 1.2525252525252526 1.5353535353535352  
29 170.75491327375443 1.2121212121212122 0.8888888888888888 0.8080808080808081 2.0 1.2121212121212122 1.494949494949495 1.7171717171717171 1.0303030303030303 0.8686868686868687 0.9494949494949495 1.595959595959596 1.494949494949495 1.6767676767676767 1.0303030303030303 1.8383838383838385 1.696969696969697 1.9595959595959596 1.3737373737373737 1.3737373737373737 1.7373737373737375 1.8585858585858586 1.5555555555555556 1.0505050505050506 1.878787878787879 1.696969696969697 1.4141414141414141 0.8888888888888888 1.898989898989899 0.9292929292929293 1.797979797979798 1.898989898989899 1.5555555555555556 1.5353535353535352 1.1111111111111112 0.8888888888888888 1.9393939393939394 0.9494949494949495 1.7171717171717171 1.2525252525252526 1.5353535353535352  
97 249.94612054141646 1.2121212121212122 0.8888888888888888 0.8080808080808081 2.0 1.2121212121212122 1.494949494949495 1.7171717171717171 1.0303030303030303 0.8686868686868687 0.9494949494949495 1.595959595959596 1.494949494949495 1.6767676767676767 1.0303030303030303 1.8383838383838385 1.696969696969697 1.9595959595959596 1.3737373737373737 1.3737373737373737 1.7373737373737375 1.8585858585858586 1.5555555555555556 1.0505050505050506 1.878787878787879 1.696969696969697 1.4141414141414141 0.8888888888888888 1.898989898989899 0.9292929292929293 1.797979797979798 1.898989898989899 1.5555555555555556 1.5353535353535352 1.1111111111111112 0.8888888888888888 1.9393939393939394 0.9494949494949495 1.7171717171717171 1.2525252525252526 1.5353535353535352  
92 257.6473238077649 1.8181818181818181 1.3333333333333333 1.2121212121212122 3.0 1.8181818181818181 2.242424242424242 2.5757575757575757 1.5454545454545454 1.303030303030303 1.4242424242424243 2.393939393939394 2.242424242424242 2.515151515151515 1.5454545454545454 2.757575757575758 2.5454545454545454 2.9393939393939394 2.0606060606060606 2.0606060606060606 2.606060606060606 2.787878787878788 2.3333333333333335 1.5757575757575757 2.8181818181818183 2.5454545454545454 2.121212121212121 1.3333333333333333 2.8484848484848486 1.393939393939394 2.696969696969697 2.8484848484848486 2.3333333333333335 2.303030303030303 1.6666666666666667 1.3333333333333333 2.909090909090909 1.4242424242424243 2.5757575757575757 1.878787878787879 2.303030303030303  
