140 30
TREE NETWORK (nID nID Weight):
1 0 32.0 
26 0 57.0 
2 1 39.0 
27 26 38.0 
85 26 38.0 
28 27 55.0 
6 1 56.0 
58 27 57.0 
60 27 46.0 
119 0 34.0 
61 60 31.0 
29 28 51.0 
86 85 53.0 
120 119 49.0 
67 27 42.0 
97 26 38.0 
69 27 56.0 
50 28 32.0 
98 26 47.0 
30 29 52.0 
135 0 37.0 
105 26 34.0 
62 61 45.0 
125 119 54.0 
106 105 55.0 
7 6 58.0 
72 27 52.0 
31 30 48.0 
33 29 58.0 
19 1 41.0 
20 19 40.0 
65 60 53.0 
109 105 46.0 
99 98 31.0 
53 28 52.0 
73 27 33.0 
37 29 50.0 
43 29 42.0 
38 37 47.0 
93 85 39.0 
44 43 47.0 
8 7 36.0 
107 106 38.0 
77 27 35.0 
136 0 44.0 
100 99 43.0 
12 6 48.0 
129 119 56.0 
78 27 31.0 
48 29 41.0 
57 28 36.0 
34 33 40.0 
126 125 38.0 
139 0 35.0 
9 8 59.0 
63 61 55.0 
137 136 31.0 
118 105 48.0 
132 119 57.0 
45 44 31.0 
80 27 55.0 
3 2 50.0 
13 12 37.0 
101 100 53.0 
68 67 45.0 
87 86 49.0 
94 85 38.0 
90 86 44.0 
102 99 54.0 
32 31 41.0 
39 38 43.0 
40 39 30.0 
42 39 35.0 
121 120 54.0 
110 109 30.0 
91 90 30.0 
103 99 43.0 
35 33 30.0 
51 50 43.0 
79 78 59.0 
74 73 52.0 
24 1 31.0 
75 74 43.0 
52 50 36.0 
133 119 48.0 
15 6 35.0 
46 44 53.0 
114 109 33.0 
21 20 51.0 
115 114 39.0 
22 19 50.0 
134 119 38.0 
81 80 59.0 
127 126 38.0 
23 19 35.0 
54 53 47.0 
88 87 30.0 
89 88 43.0 
96 85 44.0 
70 69 48.0 
14 13 36.0 
47 43 52.0 
130 129 48.0 
82 81 50.0 
131 129 34.0 
41 40 56.0 
108 106 55.0 
138 137 33.0 
95 94 33.0 
117 109 40.0 
16 15 41.0 
18 6 31.0 
128 125 47.0 
76 73 42.0 
49 48 44.0 
111 110 38.0 
122 121 58.0 
112 111 50.0 
104 98 30.0 
71 69 38.0 
116 114 39.0 
64 63 54.0 
83 81 35.0 
17 15 59.0 
59 58 44.0 
113 112 57.0 
92 91 54.0 
25 1 45.0 
55 53 53.0 
4 3 53.0 
124 120 37.0 
36 35 43.0 
11 7 52.0 
123 122 35.0 
5 2 47.0 
10 8 53.0 
84 83 52.0 
66 65 58.0 
56 55 39.0 
PROGRAMS ASSIGNED TO NODES (nID pID1 pID2 ...):
0 1 2 3 4 5 6 7 8 9 10 11 12 13 14 15 16 17 18 19 20 21 22 23 24 25 26 27 28 29 30  
65 1 3 5 6 10 11 14 15 16 17 18 21 24 27 28  
44 4 27  
66 2 3 4 5 6 7 13 15 20 22 26 28 29  
76  
97  
11 14  
46 1 2 3 4 5 6 7 9 10 11 12 13 14 16 17 18 20 23 25 26 27 28 30  
74 6 7 19 20  
83 1 3 4 8 9 10 21 22 25 26 27 30  
103 2 8 11 15 16 17 24  
53 6 8 9 13 21 27  
70 2 4 6 9 11 13 14 15 19 22 25 27 29  
89 1 4 5 6 11 12 13 14 15 18 21 23 25 27 29  
51 1 2 5 7 9 10 11 12 13 16 18 21 22 24 25 26 27  
38 2 3 4 5 6 7 8 10 11 12 13 14 15 17 18 19 20 21 22 23 24 25 26 28 29 30  
52 6 26  
92 2 4 5 8 11 14 16 17 18 21 26 28 29  
85 1 3 6 10 11 16 17 19 20 21 22 24 25 26 27  
50 2 3 6 7 8 9 10 15 16 17 18 22 23 24 26 27 30  
105 2 3 4 5 6 7 8 9 10 11 12 13 14 16 17 19 20 21 22 23 24 25 26 27 28 29 30  
94 1 2 3 5 6 7 9 11 12 18 20 21 22 23 26 28 29 30  
126 1 5 6 7 12 17 22 23 26  
117 1 3 4 6 8 9 10 11 14 15 16 17 18 19 21 22 23 24 25 26 27 28 29 30  
29 4 6 8 13 14 17  
136 3 4 5 7 8 9 10 13 14 19  
59 2 7 8 10 13 21 29  
19 1 2 3 4 5 6 7 8 9 11 12 13 14 15 16 17 18 19 20 21 22 23 25 26 27 28 29 30  
4 2 3 8 13 22 23 24 27 29 30  
109 16 21 24  
12 1 2 4 5 8 9 11 12 14 15 16 18 22 23 25 30  
48 1 2 3 4 5 6 7 8 10 14 17 18 19 20 22 24 25 30  
127 1 2 3 4 5 6 7 8 9 10 11 12 13 14 15 17 18 19 22 23 24 25 28 29 30  
120 1 2 10 12 13 15 16 19 20 27 30  
18 1 2 3 6 10 11 13 20 21 22 23 24  
42 3 19  
110 1 2 9 14 15 23 26 28 29  
78 6 9 13 15 18 21 25 29  
41 7 8 12 16 22  
84 1 2 5 6 7 10 11 13 14 15 16 17 20 21 22 24 26 27 29 30  
8 20 23 26 28  
102 10 20  
3 1 2 4 5 6 8 9 12 13 15 17 19 24 25 29 30  
87 11  
1 1 2 5 6 7 8 11 12 13 14 19 20 21 23 25 27 29  
132 22 30  
121 1 2 4 5 6 7 8 9 10 11 12 14 15 16 18 19 20 21 22 23 24 25 26 27 29 30  
2 4 8 18 23 24 28  
79 9 13 28  
22 1 3 4 6 7 10 12 13 14 15 16 18 19 20 21 22 23 24 25 26 27 28 29 30  
108 3 13 14 17 24 25 27 28  
33 2 18 26  
47 3 17  
14 1 2 5 7 8 9 10 11 12 13 15 16 17 18 20 21 22 23 25 26 27 28  
114 1 3 4 5 6 7 9 12 13 14 15 16 17 18 19 20 21 22 25 26 27 29  
69 1 2 3 4 6 7 10 11 12 14 18 20 27 30  
55 7 18 20 30  
100 27  
104 2 5 23  
20 1 4 5 6 7 8 9 10 11 12 13 14 15 16 17 18 19 20 22 23 24 26  
137 13 19  
125 5 8 12 21  
99 6 8 9 11 14 16 18 19 25 28  
68 1 5 6 7 11 12 13 14 15 17 23 24 28 29  
135 13 16 21 24 28  
134 1 3 4 5 6 7 8 9 11 12 15 16 23 24 25 28 30  
58  
9 6 10 18  
30 11 12 14 15 17 19 28 29  
17 1 2 3 5 8 9 11 13 15 16 17 18 19 21 22 23 24 26 28 30  
73 1 7 8 9 12 18 19 20 22 23 25 26 28  
63 1 2 3 4 5 6 7 8 9 10 11 12 13 14 15 16 17 18 20 21 22 23 24 25 26 27 28 29 30  
61 1 4 5 6 7 8 9 10 11 12 14 15 16 17 18 19 20 21 22 23 24 25 26 28  
56  
118 2 3 4 6 7 8 9 10 11 14 15 16 17 18 19 20 21 22 23 24 26 27 28 30  
133 1 2 3 4 5 6 7 8 9 10 12 13 14 15 16 17 18 20 21 22 23 24 25 26 27 28 29 30  
24 9 21 24 26  
101 1 2 3 4 6 7 8 11 12 15 16 17 18 19 20 21 22 23 24 26 27 28 29 30  
130 2 3 4 5 7 11 13 15 19 20 21 25 28 29  
25 10 24  
26 2 4 5 7 8 9 11 13 15 16 17 18 19 20 21 22 23 24 26 28 29 30  
82 1 6 8 22 30  
32 2 6 8 9 10 11 14 15 16 17 18 21 22 24 25 28 30  
60 1 2 3 6 7 9 11 12 13 17 20 22 24 25 26 27 29 30  
122 1 3 4 5 6 7 8 9 10 11 12 13 14 15 16 17 18 19 20 22 23 24 25 26 27 28 29 30  
107 3 8 10 14 15 16 17 18 19 23 28 29  
57 1 3 4 5 6 7 8 9 10 11 12 13 14 15 16 17 18 20 21 22 23 25 27 28 29 30  
54 6 7 10 11 13 14 16 17 18 19 20 21 22 23 24 26 27 30  
95 17 28  
72 2 3 4 5 6 7 8 9 11 12 13 14 15 16 18 19 20 21 22 25 26 27 28 29 30  
138 2 4 7 8 9 11 12 13 14 15 17 18 19 21 22 23 24 25 28 29 30  
128 1 2 3 4 5 6 7 8 9 10 11 12 13 14 15 16 17 18 19 20 21 22 23 25 26 27 28 29 30  
37 2 6 7 10 11 12 13 14 15 16 18 19 20 22 25 27 28 29 30  
106 1 2 3 4 5 6 7 8 9 10 11 12 13 14 15 16 17 18 19 20 22 23 24 25 26 27 29  
15 1 2 3 4 5 6 7 8 9 10 11 12 13 14 15 16 17 18 19 20 21 22 23 24 25 26 27 28 29  
88 3 6 7 8 11 15 17 18 20 23 25 26 27 28 29 30  
116 1 2 3 4 5 6 10 11 12 13 14 15 16 17 19 20 21 22 23 24 25 26 27  
124 1 3 4 5 6 7 8 10 11 13 14 15 17 18 19 21 23 24 26 29  
129 2 5 8 10 12 13 14 15 16 17 18 19 20 23 24 25 26 29  
5 13 15 16 27  
45 2 4 8 9 15 21 22 23 24 27 28 29 30  
112  
93 1 3 5 10 14 15 17 21 24 26 28 29  
39 2 4 5 6 7 8 12 14 18 19 22 24 26 28 30  
119 1 2 3 5 7 11 17 19 21 23 24 25 30  
35 1 3 12 14 15 17 22 26 28  
98 4 6 8 21 22 23  
6 1 2 3 4 5 6 7 8 9 10 11 12 13 14 15 16 18 20 21 23 24 25 26 27 28  
36  
71 3 4 5 6 7 8 9 12 13 14 15 16 17 18 19 22 24 25 26 29 30  
86  
49 2 6 7 10 12 13 14 15 16 17 18 19 20 22 24 25 26 27 30  
31 10 17 20 26  
40 5 6 7 9 12 13 14 16 18 22 23 24 26 27 28  
13 1 2 4 6 7 8 9 11 12 13 16 17 18 19 20 21 24 26 28 30  
27 11  
131 2 3 4 5 6 8 10 12 14 15 17 18 19 20 21 22 23 24 26 27 29  
77 8 10 19 21 28  
16 2 3 4 9 11 12 14 15 17 20 21 23 25 27 30  
91 1 2 3 5 6 9 10 14 15 16 17 18 19 20 22 24 28 29 30  
7 2 6 15 17 22 26  
28 1 2 4 5 6 8 9 10 11 12 13 14 16 19 21 22 27 28  
80 1 3 4 6 7 8 9 10 15 17 18 20 21 22 23 24 25 26 27 28 29 30  
115 2 4 6 7 9 10 11 12 14 17 18 20 22 23 25 26 29 30  
81 5 6 9 10 14 21 26 27  
21 2 3 4 6 7 8 9 10 11 12 13 14 15 16 17 18 19 20 21 22 23 24 25 26 27 28 29  
10 1 2 3 4 5 6 8 16 17 20 21 23 24 25 28 29  
113 1 5 6 7 12 14 15 16 18 19 20 21 22 23 28 29  
23 3 4 5 7 10 11 12 13 18 21 22 23 24 25 30  
96 3 4 7 8 11 15 16 17 21 24 25 26 27 28 29  
62 1 2 3 5 6 7 8 9 10 12 13 14 16 17 18 19 20 21 22 23 24 25 26 27 28 29 30  
111 2 4 6 9 10 11 12 15 17 19 20 21 22 23 25 26 27 29 30  
90 3 7 8 11 14 15 18 21 22 23 25 26  
139 4 5 6 7 8 9 10 13 14 16 17 18 19 20 22 23 25 26 27 28 30  
64 1 2 3 6 8 10 11 12 13 15 16 17 19 20 21 23 26 28 29  
43 2 4 5 9 10 13 17 19 23 27  
34 3 13 14 15 17 18 19 23  
75 1 3 8 9 11 16 17 19 21 23  
123 1 2 3 4 5 7 8 9 10 11 12 13 14 15 16 17 18 19 20 21 22 23 24 25 26 27 28 29 30  
67 4 13 14 20 22 28 29 30  
SIZE OF PROGRAMS (pID SIZE):
1 91.0 
2 42.0 
3 84.0 
4 41.0 
5 95.0 
6 42.0 
7 62.0 
8 90.0 
9 60.0 
10 89.0 
11 57.0 
12 95.0 
13 93.0 
14 55.0 
15 84.0 
16 65.0 
17 41.0 
18 79.0 
19 61.0 
20 81.0 
21 92.0 
22 54.0 
23 82.0 
24 88.0 
25 98.0 
26 74.0 
27 46.0 
28 76.0 
29 74.0 
30 84.0 
COST_INSTALL_SERVER_AND_PROGRAMS :
0 5438.775510204082 1.8571428571428572 0.8571428571428571 1.7142857142857142 0.8367346938775511 1.9387755102040816 0.8571428571428571 1.2653061224489797 1.836734693877551 1.2244897959183674 1.816326530612245 1.163265306122449 1.9387755102040816 1.8979591836734695 1.1224489795918366 1.7142857142857142 1.3265306122448979 0.8367346938775511 1.6122448979591837 1.2448979591836735 1.653061224489796 1.8775510204081634 1.1020408163265305 1.6734693877551021 1.7959183673469388 2.0 1.510204081632653 0.9387755102040817 1.5510204081632653 1.510204081632653 1.7142857142857142  
65 86.49442578712721 1.8571428571428572 0.8571428571428571 1.7142857142857142 0.8367346938775511 1.9387755102040816 0.8571428571428571 1.2653061224489797 1.836734693877551 1.2244897959183674 1.816326530612245 1.163265306122449 1.9387755102040816 1.8979591836734695 1.1224489795918366 1.7142857142857142 1.3265306122448979 0.8367346938775511 1.6122448979591837 1.2448979591836735 1.653061224489796 1.8775510204081634 1.1020408163265305 1.6734693877551021 1.7959183673469388 2.0 1.510204081632653 0.9387755102040817 1.5510204081632653 1.510204081632653 1.7142857142857142  
44 234.484558602463 1.8571428571428572 0.8571428571428571 1.7142857142857142 0.8367346938775511 1.9387755102040816 0.8571428571428571 1.2653061224489797 1.836734693877551 1.2244897959183674 1.816326530612245 1.163265306122449 1.9387755102040816 1.8979591836734695 1.1224489795918366 1.7142857142857142 1.3265306122448979 0.8367346938775511 1.6122448979591837 1.2448979591836735 1.653061224489796 1.8775510204081634 1.1020408163265305 1.6734693877551021 1.7959183673469388 2.0 1.510204081632653 0.9387755102040817 1.5510204081632653 1.510204081632653 1.7142857142857142  
66 115.80443455777232 2.7857142857142856 1.2857142857142858 2.5714285714285716 1.2551020408163265 2.9081632653061225 1.2857142857142858 1.8979591836734695 2.7551020408163267 1.836734693877551 2.7244897959183674 1.7448979591836735 2.9081632653061225 2.8469387755102042 1.683673469387755 2.5714285714285716 1.989795918367347 1.2551020408163265 2.4183673469387754 1.8673469387755102 2.479591836734694 2.816326530612245 1.653061224489796 2.510204081632653 2.693877551020408 3.0 2.2653061224489797 1.4081632653061225 2.326530612244898 2.2653061224489797 2.5714285714285716  
76 114.0 1.8571428571428572 0.8571428571428571 1.7142857142857142 0.8367346938775511 1.9387755102040816 0.8571428571428571 1.2653061224489797 1.836734693877551 1.2244897959183674 1.816326530612245 1.163265306122449 1.9387755102040816 1.8979591836734695 1.1224489795918366 1.7142857142857142 1.3265306122448979 0.8367346938775511 1.6122448979591837 1.2448979591836735 1.653061224489796 1.8775510204081634 1.1020408163265305 1.6734693877551021 1.7959183673469388 2.0 1.510204081632653 0.9387755102040817 1.5510204081632653 1.510204081632653 1.7142857142857142  
97 359.0 1.8571428571428572 0.8571428571428571 1.7142857142857142 0.8367346938775511 1.9387755102040816 0.8571428571428571 1.2653061224489797 1.836734693877551 1.2244897959183674 1.816326530612245 1.163265306122449 1.9387755102040816 1.8979591836734695 1.1224489795918366 1.7142857142857142 1.3265306122448979 0.8367346938775511 1.6122448979591837 1.2448979591836735 1.653061224489796 1.8775510204081634 1.1020408163265305 1.6734693877551021 1.7959183673469388 2.0 1.510204081632653 0.9387755102040817 1.5510204081632653 1.510204081632653 1.7142857142857142  
11 5.068840532226972 2.7857142857142856 1.2857142857142858 2.5714285714285716 1.2551020408163265 2.9081632653061225 1.2857142857142858 1.8979591836734695 2.7551020408163267 1.836734693877551 2.7244897959183674 1.7448979591836735 2.9081632653061225 2.8469387755102042 1.683673469387755 2.5714285714285716 1.989795918367347 1.2551020408163265 2.4183673469387754 1.8673469387755102 2.479591836734694 2.816326530612245 1.653061224489796 2.510204081632653 2.693877551020408 3.0 2.2653061224489797 1.4081632653061225 2.326530612244898 2.2653061224489797 2.5714285714285716  
46 278.6154225666909 1.8571428571428572 0.8571428571428571 1.7142857142857142 0.8367346938775511 1.9387755102040816 0.8571428571428571 1.2653061224489797 1.836734693877551 1.2244897959183674 1.816326530612245 1.163265306122449 1.9387755102040816 1.8979591836734695 1.1224489795918366 1.7142857142857142 1.3265306122448979 0.8367346938775511 1.6122448979591837 1.2448979591836735 1.653061224489796 1.8775510204081634 1.1020408163265305 1.6734693877551021 1.7959183673469388 2.0 1.510204081632653 0.9387755102040817 1.5510204081632653 1.510204081632653 1.7142857142857142  
74 108.10150550199162 2.7857142857142856 1.2857142857142858 2.5714285714285716 1.2551020408163265 2.9081632653061225 1.2857142857142858 1.8979591836734695 2.7551020408163267 1.836734693877551 2.7244897959183674 1.7448979591836735 2.9081632653061225 2.8469387755102042 1.683673469387755 2.5714285714285716 1.989795918367347 1.2551020408163265 2.4183673469387754 1.8673469387755102 2.479591836734694 2.816326530612245 1.653061224489796 2.510204081632653 2.693877551020408 3.0 2.2653061224489797 1.4081632653061225 2.326530612244898 2.2653061224489797 2.5714285714285716  
83 230.48912403894883 1.8571428571428572 0.8571428571428571 1.7142857142857142 0.8367346938775511 1.9387755102040816 0.8571428571428571 1.2653061224489797 1.836734693877551 1.2244897959183674 1.816326530612245 1.163265306122449 1.9387755102040816 1.8979591836734695 1.1224489795918366 1.7142857142857142 1.3265306122448979 0.8367346938775511 1.6122448979591837 1.2448979591836735 1.653061224489796 1.8775510204081634 1.1020408163265305 1.6734693877551021 1.7959183673469388 2.0 1.510204081632653 0.9387755102040817 1.5510204081632653 1.510204081632653 1.7142857142857142  
103 34.00742107185655 2.7857142857142856 1.2857142857142858 2.5714285714285716 1.2551020408163265 2.9081632653061225 1.2857142857142858 1.8979591836734695 2.7551020408163267 1.836734693877551 2.7244897959183674 1.7448979591836735 2.9081632653061225 2.8469387755102042 1.683673469387755 2.5714285714285716 1.989795918367347 1.2551020408163265 2.4183673469387754 1.8673469387755102 2.479591836734694 2.816326530612245 1.653061224489796 2.510204081632653 2.693877551020408 3.0 2.2653061224489797 1.4081632653061225 2.326530612244898 2.2653061224489797 2.5714285714285716  
53 80.60982296606997 2.7857142857142856 1.2857142857142858 2.5714285714285716 1.2551020408163265 2.9081632653061225 1.2857142857142858 1.8979591836734695 2.7551020408163267 1.836734693877551 2.7244897959183674 1.7448979591836735 2.9081632653061225 2.8469387755102042 1.683673469387755 2.5714285714285716 1.989795918367347 1.2551020408163265 2.4183673469387754 1.8673469387755102 2.479591836734694 2.816326530612245 1.653061224489796 2.510204081632653 2.693877551020408 3.0 2.2653061224489797 1.4081632653061225 2.326530612244898 2.2653061224489797 2.5714285714285716  
70 44.950205942380286 2.7857142857142856 1.2857142857142858 2.5714285714285716 1.2551020408163265 2.9081632653061225 1.2857142857142858 1.8979591836734695 2.7551020408163267 1.836734693877551 2.7244897959183674 1.7448979591836735 2.9081632653061225 2.8469387755102042 1.683673469387755 2.5714285714285716 1.989795918367347 1.2551020408163265 2.4183673469387754 1.8673469387755102 2.479591836734694 2.816326530612245 1.653061224489796 2.510204081632653 2.693877551020408 3.0 2.2653061224489797 1.4081632653061225 2.326530612244898 2.2653061224489797 2.5714285714285716  
89 172.94644608931551 2.7857142857142856 1.2857142857142858 2.5714285714285716 1.2551020408163265 2.9081632653061225 1.2857142857142858 1.8979591836734695 2.7551020408163267 1.836734693877551 2.7244897959183674 1.7448979591836735 2.9081632653061225 2.8469387755102042 1.683673469387755 2.5714285714285716 1.989795918367347 1.2551020408163265 2.4183673469387754 1.8673469387755102 2.479591836734694 2.816326530612245 1.653061224489796 2.510204081632653 2.693877551020408 3.0 2.2653061224489797 1.4081632653061225 2.326530612244898 2.2653061224489797 2.5714285714285716  
51 147.59689164279115 2.7857142857142856 1.2857142857142858 2.5714285714285716 1.2551020408163265 2.9081632653061225 1.2857142857142858 1.8979591836734695 2.7551020408163267 1.836734693877551 2.7244897959183674 1.7448979591836735 2.9081632653061225 2.8469387755102042 1.683673469387755 2.5714285714285716 1.989795918367347 1.2551020408163265 2.4183673469387754 1.8673469387755102 2.479591836734694 2.816326530612245 1.653061224489796 2.510204081632653 2.693877551020408 3.0 2.2653061224489797 1.4081632653061225 2.326530612244898 2.2653061224489797 2.5714285714285716  
38 389.6345887155577 1.8571428571428572 0.8571428571428571 1.7142857142857142 0.8367346938775511 1.9387755102040816 0.8571428571428571 1.2653061224489797 1.836734693877551 1.2244897959183674 1.816326530612245 1.163265306122449 1.9387755102040816 1.8979591836734695 1.1224489795918366 1.7142857142857142 1.3265306122448979 0.8367346938775511 1.6122448979591837 1.2448979591836735 1.653061224489796 1.8775510204081634 1.1020408163265305 1.6734693877551021 1.7959183673469388 2.0 1.510204081632653 0.9387755102040817 1.5510204081632653 1.510204081632653 1.7142857142857142  
52 19.669849332599377 1.8571428571428572 0.8571428571428571 1.7142857142857142 0.8367346938775511 1.9387755102040816 0.8571428571428571 1.2653061224489797 1.836734693877551 1.2244897959183674 1.816326530612245 1.163265306122449 1.9387755102040816 1.8979591836734695 1.1224489795918366 1.7142857142857142 1.3265306122448979 0.8367346938775511 1.6122448979591837 1.2448979591836735 1.653061224489796 1.8775510204081634 1.1020408163265305 1.6734693877551021 1.7959183673469388 2.0 1.510204081632653 0.9387755102040817 1.5510204081632653 1.510204081632653 1.7142857142857142  
92 147.09943164559843 2.7857142857142856 1.2857142857142858 2.5714285714285716 1.2551020408163265 2.9081632653061225 1.2857142857142858 1.8979591836734695 2.7551020408163267 1.836734693877551 2.7244897959183674 1.7448979591836735 2.9081632653061225 2.8469387755102042 1.683673469387755 2.5714285714285716 1.989795918367347 1.2551020408163265 2.4183673469387754 1.8673469387755102 2.479591836734694 2.816326530612245 1.653061224489796 2.510204081632653 2.693877551020408 3.0 2.2653061224489797 1.4081632653061225 2.326530612244898 2.2653061224489797 2.5714285714285716  
85 123.9336361766404 2.7857142857142856 1.2857142857142858 2.5714285714285716 1.2551020408163265 2.9081632653061225 1.2857142857142858 1.8979591836734695 2.7551020408163267 1.836734693877551 2.7244897959183674 1.7448979591836735 2.9081632653061225 2.8469387755102042 1.683673469387755 2.5714285714285716 1.989795918367347 1.2551020408163265 2.4183673469387754 1.8673469387755102 2.479591836734694 2.816326530612245 1.653061224489796 2.510204081632653 2.693877551020408 3.0 2.2653061224489797 1.4081632653061225 2.326530612244898 2.2653061224489797 2.5714285714285716  
50 178.01016044378184 1.8571428571428572 0.8571428571428571 1.7142857142857142 0.8367346938775511 1.9387755102040816 0.8571428571428571 1.2653061224489797 1.836734693877551 1.2244897959183674 1.816326530612245 1.163265306122449 1.9387755102040816 1.8979591836734695 1.1224489795918366 1.7142857142857142 1.3265306122448979 0.8367346938775511 1.6122448979591837 1.2448979591836735 1.653061224489796 1.8775510204081634 1.1020408163265305 1.6734693877551021 1.7959183673469388 2.0 1.510204081632653 0.9387755102040817 1.5510204081632653 1.510204081632653 1.7142857142857142  
105 57.30877223275449 1.8571428571428572 0.8571428571428571 1.7142857142857142 0.8367346938775511 1.9387755102040816 0.8571428571428571 1.2653061224489797 1.836734693877551 1.2244897959183674 1.816326530612245 1.163265306122449 1.9387755102040816 1.8979591836734695 1.1224489795918366 1.7142857142857142 1.3265306122448979 0.8367346938775511 1.6122448979591837 1.2448979591836735 1.653061224489796 1.8775510204081634 1.1020408163265305 1.6734693877551021 1.7959183673469388 2.0 1.510204081632653 0.9387755102040817 1.5510204081632653 1.510204081632653 1.7142857142857142  
94 98.7994505167155 2.7857142857142856 1.2857142857142858 2.5714285714285716 1.2551020408163265 2.9081632653061225 1.2857142857142858 1.8979591836734695 2.7551020408163267 1.836734693877551 2.7244897959183674 1.7448979591836735 2.9081632653061225 2.8469387755102042 1.683673469387755 2.5714285714285716 1.989795918367347 1.2551020408163265 2.4183673469387754 1.8673469387755102 2.479591836734694 2.816326530612245 1.653061224489796 2.510204081632653 2.693877551020408 3.0 2.2653061224489797 1.4081632653061225 2.326530612244898 2.2653061224489797 2.5714285714285716  
126 62.12565822861495 2.7857142857142856 1.2857142857142858 2.5714285714285716 1.2551020408163265 2.9081632653061225 1.2857142857142858 1.8979591836734695 2.7551020408163267 1.836734693877551 2.7244897959183674 1.7448979591836735 2.9081632653061225 2.8469387755102042 1.683673469387755 2.5714285714285716 1.989795918367347 1.2551020408163265 2.4183673469387754 1.8673469387755102 2.479591836734694 2.816326530612245 1.653061224489796 2.510204081632653 2.693877551020408 3.0 2.2653061224489797 1.4081632653061225 2.326530612244898 2.2653061224489797 2.5714285714285716  
117 242.11906221862586 1.8571428571428572 0.8571428571428571 1.7142857142857142 0.8367346938775511 1.9387755102040816 0.8571428571428571 1.2653061224489797 1.836734693877551 1.2244897959183674 1.816326530612245 1.163265306122449 1.9387755102040816 1.8979591836734695 1.1224489795918366 1.7142857142857142 1.3265306122448979 0.8367346938775511 1.6122448979591837 1.2448979591836735 1.653061224489796 1.8775510204081634 1.1020408163265305 1.6734693877551021 1.7959183673469388 2.0 1.510204081632653 0.9387755102040817 1.5510204081632653 1.510204081632653 1.7142857142857142  
29 273.1045665880196 1.8571428571428572 0.8571428571428571 1.7142857142857142 0.8367346938775511 1.9387755102040816 0.8571428571428571 1.2653061224489797 1.836734693877551 1.2244897959183674 1.816326530612245 1.163265306122449 1.9387755102040816 1.8979591836734695 1.1224489795918366 1.7142857142857142 1.3265306122448979 0.8367346938775511 1.6122448979591837 1.2448979591836735 1.653061224489796 1.8775510204081634 1.1020408163265305 1.6734693877551021 1.7959183673469388 2.0 1.510204081632653 0.9387755102040817 1.5510204081632653 1.510204081632653 1.7142857142857142  
136 52.84180013227904 2.7857142857142856 1.2857142857142858 2.5714285714285716 1.2551020408163265 2.9081632653061225 1.2857142857142858 1.8979591836734695 2.7551020408163267 1.836734693877551 2.7244897959183674 1.7448979591836735 2.9081632653061225 2.8469387755102042 1.683673469387755 2.5714285714285716 1.989795918367347 1.2551020408163265 2.4183673469387754 1.8673469387755102 2.479591836734694 2.816326530612245 1.653061224489796 2.510204081632653 2.693877551020408 3.0 2.2653061224489797 1.4081632653061225 2.326530612244898 2.2653061224489797 2.5714285714285716  
59 43.025450394971955 2.7857142857142856 1.2857142857142858 2.5714285714285716 1.2551020408163265 2.9081632653061225 1.2857142857142858 1.8979591836734695 2.7551020408163267 1.836734693877551 2.7244897959183674 1.7448979591836735 2.9081632653061225 2.8469387755102042 1.683673469387755 2.5714285714285716 1.989795918367347 1.2551020408163265 2.4183673469387754 1.8673469387755102 2.479591836734694 2.816326530612245 1.653061224489796 2.510204081632653 2.693877551020408 3.0 2.2653061224489797 1.4081632653061225 2.326530612244898 2.2653061224489797 2.5714285714285716  
19 175.18117428216578 1.8571428571428572 0.8571428571428571 1.7142857142857142 0.8367346938775511 1.9387755102040816 0.8571428571428571 1.2653061224489797 1.836734693877551 1.2244897959183674 1.816326530612245 1.163265306122449 1.9387755102040816 1.8979591836734695 1.1224489795918366 1.7142857142857142 1.3265306122448979 0.8367346938775511 1.6122448979591837 1.2448979591836735 1.653061224489796 1.8775510204081634 1.1020408163265305 1.6734693877551021 1.7959183673469388 2.0 1.510204081632653 0.9387755102040817 1.5510204081632653 1.510204081632653 1.7142857142857142  
4 81.65854388549377 2.7857142857142856 1.2857142857142858 2.5714285714285716 1.2551020408163265 2.9081632653061225 1.2857142857142858 1.8979591836734695 2.7551020408163267 1.836734693877551 2.7244897959183674 1.7448979591836735 2.9081632653061225 2.8469387755102042 1.683673469387755 2.5714285714285716 1.989795918367347 1.2551020408163265 2.4183673469387754 1.8673469387755102 2.479591836734694 2.816326530612245 1.653061224489796 2.510204081632653 2.693877551020408 3.0 2.2653061224489797 1.4081632653061225 2.326530612244898 2.2653061224489797 2.5714285714285716  
109 119.32348512190043 1.8571428571428572 0.8571428571428571 1.7142857142857142 0.8367346938775511 1.9387755102040816 0.8571428571428571 1.2653061224489797 1.836734693877551 1.2244897959183674 1.816326530612245 1.163265306122449 1.9387755102040816 1.8979591836734695 1.1224489795918366 1.7142857142857142 1.3265306122448979 0.8367346938775511 1.6122448979591837 1.2448979591836735 1.653061224489796 1.8775510204081634 1.1020408163265305 1.6734693877551021 1.7959183673469388 2.0 1.510204081632653 0.9387755102040817 1.5510204081632653 1.510204081632653 1.7142857142857142  
12 159.68833978996508 1.8571428571428572 0.8571428571428571 1.7142857142857142 0.8367346938775511 1.9387755102040816 0.8571428571428571 1.2653061224489797 1.836734693877551 1.2244897959183674 1.816326530612245 1.163265306122449 1.9387755102040816 1.8979591836734695 1.1224489795918366 1.7142857142857142 1.3265306122448979 0.8367346938775511 1.6122448979591837 1.2448979591836735 1.653061224489796 1.8775510204081634 1.1020408163265305 1.6734693877551021 1.7959183673469388 2.0 1.510204081632653 0.9387755102040817 1.5510204081632653 1.510204081632653 1.7142857142857142  
48 253.63203852852104 1.8571428571428572 0.8571428571428571 1.7142857142857142 0.8367346938775511 1.9387755102040816 0.8571428571428571 1.2653061224489797 1.836734693877551 1.2244897959183674 1.816326530612245 1.163265306122449 1.9387755102040816 1.8979591836734695 1.1224489795918366 1.7142857142857142 1.3265306122448979 0.8367346938775511 1.6122448979591837 1.2448979591836735 1.653061224489796 1.8775510204081634 1.1020408163265305 1.6734693877551021 1.7959183673469388 2.0 1.510204081632653 0.9387755102040817 1.5510204081632653 1.510204081632653 1.7142857142857142  
127 197.22162729730434 1.8571428571428572 0.8571428571428571 1.7142857142857142 0.8367346938775511 1.9387755102040816 0.8571428571428571 1.2653061224489797 1.836734693877551 1.2244897959183674 1.816326530612245 1.163265306122449 1.9387755102040816 1.8979591836734695 1.1224489795918366 1.7142857142857142 1.3265306122448979 0.8367346938775511 1.6122448979591837 1.2448979591836735 1.653061224489796 1.8775510204081634 1.1020408163265305 1.6734693877551021 1.7959183673469388 2.0 1.510204081632653 0.9387755102040817 1.5510204081632653 1.510204081632653 1.7142857142857142  
120 164.28582624454623 2.7857142857142856 1.2857142857142858 2.5714285714285716 1.2551020408163265 2.9081632653061225 1.2857142857142858 1.8979591836734695 2.7551020408163267 1.836734693877551 2.7244897959183674 1.7448979591836735 2.9081632653061225 2.8469387755102042 1.683673469387755 2.5714285714285716 1.989795918367347 1.2551020408163265 2.4183673469387754 1.8673469387755102 2.479591836734694 2.816326530612245 1.653061224489796 2.510204081632653 2.693877551020408 3.0 2.2653061224489797 1.4081632653061225 2.326530612244898 2.2653061224489797 2.5714285714285716  
18 90.70556381935532 1.8571428571428572 0.8571428571428571 1.7142857142857142 0.8367346938775511 1.9387755102040816 0.8571428571428571 1.2653061224489797 1.836734693877551 1.2244897959183674 1.816326530612245 1.163265306122449 1.9387755102040816 1.8979591836734695 1.1224489795918366 1.7142857142857142 1.3265306122448979 0.8367346938775511 1.6122448979591837 1.2448979591836735 1.653061224489796 1.8775510204081634 1.1020408163265305 1.6734693877551021 1.7959183673469388 2.0 1.510204081632653 0.9387755102040817 1.5510204081632653 1.510204081632653 1.7142857142857142  
42 22.89075514487354 2.7857142857142856 1.2857142857142858 2.5714285714285716 1.2551020408163265 2.9081632653061225 1.2857142857142858 1.8979591836734695 2.7551020408163267 1.836734693877551 2.7244897959183674 1.7448979591836735 2.9081632653061225 2.8469387755102042 1.683673469387755 2.5714285714285716 1.989795918367347 1.2551020408163265 2.4183673469387754 1.8673469387755102 2.479591836734694 2.816326530612245 1.653061224489796 2.510204081632653 2.693877551020408 3.0 2.2653061224489797 1.4081632653061225 2.326530612244898 2.2653061224489797 2.5714285714285716  
110 158.75244350759567 2.7857142857142856 1.2857142857142858 2.5714285714285716 1.2551020408163265 2.9081632653061225 1.2857142857142858 1.8979591836734695 2.7551020408163267 1.836734693877551 2.7244897959183674 1.7448979591836735 2.9081632653061225 2.8469387755102042 1.683673469387755 2.5714285714285716 1.989795918367347 1.2551020408163265 2.4183673469387754 1.8673469387755102 2.479591836734694 2.816326530612245 1.653061224489796 2.510204081632653 2.693877551020408 3.0 2.2653061224489797 1.4081632653061225 2.326530612244898 2.2653061224489797 2.5714285714285716  
78 84.76351691510715 1.8571428571428572 0.8571428571428571 1.7142857142857142 0.8367346938775511 1.9387755102040816 0.8571428571428571 1.2653061224489797 1.836734693877551 1.2244897959183674 1.816326530612245 1.163265306122449 1.9387755102040816 1.8979591836734695 1.1224489795918366 1.7142857142857142 1.3265306122448979 0.8367346938775511 1.6122448979591837 1.2448979591836735 1.653061224489796 1.8775510204081634 1.1020408163265305 1.6734693877551021 1.7959183673469388 2.0 1.510204081632653 0.9387755102040817 1.5510204081632653 1.510204081632653 1.7142857142857142  
41 100.50607027641502 2.7857142857142856 1.2857142857142858 2.5714285714285716 1.2551020408163265 2.9081632653061225 1.2857142857142858 1.8979591836734695 2.7551020408163267 1.836734693877551 2.7244897959183674 1.7448979591836735 2.9081632653061225 2.8469387755102042 1.683673469387755 2.5714285714285716 1.989795918367347 1.2551020408163265 2.4183673469387754 1.8673469387755102 2.479591836734694 2.816326530612245 1.653061224489796 2.510204081632653 2.693877551020408 3.0 2.2653061224489797 1.4081632653061225 2.326530612244898 2.2653061224489797 2.5714285714285716  
84 152.66299032725246 2.7857142857142856 1.2857142857142858 2.5714285714285716 1.2551020408163265 2.9081632653061225 1.2857142857142858 1.8979591836734695 2.7551020408163267 1.836734693877551 2.7244897959183674 1.7448979591836735 2.9081632653061225 2.8469387755102042 1.683673469387755 2.5714285714285716 1.989795918367347 1.2551020408163265 2.4183673469387754 1.8673469387755102 2.479591836734694 2.816326530612245 1.653061224489796 2.510204081632653 2.693877551020408 3.0 2.2653061224489797 1.4081632653061225 2.326530612244898 2.2653061224489797 2.5714285714285716  
8 216.32534908349632 1.8571428571428572 0.8571428571428571 1.7142857142857142 0.8367346938775511 1.9387755102040816 0.8571428571428571 1.2653061224489797 1.836734693877551 1.2244897959183674 1.816326530612245 1.163265306122449 1.9387755102040816 1.8979591836734695 1.1224489795918366 1.7142857142857142 1.3265306122448979 0.8367346938775511 1.6122448979591837 1.2448979591836735 1.653061224489796 1.8775510204081634 1.1020408163265305 1.6734693877551021 1.7959183673469388 2.0 1.510204081632653 0.9387755102040817 1.5510204081632653 1.510204081632653 1.7142857142857142  
102 14.065700564819185 2.7857142857142856 1.2857142857142858 2.5714285714285716 1.2551020408163265 2.9081632653061225 1.2857142857142858 1.8979591836734695 2.7551020408163267 1.836734693877551 2.7244897959183674 1.7448979591836735 2.9081632653061225 2.8469387755102042 1.683673469387755 2.5714285714285716 1.989795918367347 1.2551020408163265 2.4183673469387754 1.8673469387755102 2.479591836734694 2.816326530612245 1.653061224489796 2.510204081632653 2.693877551020408 3.0 2.2653061224489797 1.4081632653061225 2.326530612244898 2.2653061224489797 2.5714285714285716  
3 130.5075751747789 1.8571428571428572 0.8571428571428571 1.7142857142857142 0.8367346938775511 1.9387755102040816 0.8571428571428571 1.2653061224489797 1.836734693877551 1.2244897959183674 1.816326530612245 1.163265306122449 1.9387755102040816 1.8979591836734695 1.1224489795918366 1.7142857142857142 1.3265306122448979 0.8367346938775511 1.6122448979591837 1.2448979591836735 1.653061224489796 1.8775510204081634 1.1020408163265305 1.6734693877551021 1.7959183673469388 2.0 1.510204081632653 0.9387755102040817 1.5510204081632653 1.510204081632653 1.7142857142857142  
87 182.58829917750106 1.8571428571428572 0.8571428571428571 1.7142857142857142 0.8367346938775511 1.9387755102040816 0.8571428571428571 1.2653061224489797 1.836734693877551 1.2244897959183674 1.816326530612245 1.163265306122449 1.9387755102040816 1.8979591836734695 1.1224489795918366 1.7142857142857142 1.3265306122448979 0.8367346938775511 1.6122448979591837 1.2448979591836735 1.653061224489796 1.8775510204081634 1.1020408163265305 1.6734693877551021 1.7959183673469388 2.0 1.510204081632653 0.9387755102040817 1.5510204081632653 1.510204081632653 1.7142857142857142  
1 55.71649317278551 1.8571428571428572 0.8571428571428571 1.7142857142857142 0.8367346938775511 1.9387755102040816 0.8571428571428571 1.2653061224489797 1.836734693877551 1.2244897959183674 1.816326530612245 1.163265306122449 1.9387755102040816 1.8979591836734695 1.1224489795918366 1.7142857142857142 1.3265306122448979 0.8367346938775511 1.6122448979591837 1.2448979591836735 1.653061224489796 1.8775510204081634 1.1020408163265305 1.6734693877551021 1.7959183673469388 2.0 1.510204081632653 0.9387755102040817 1.5510204081632653 1.510204081632653 1.7142857142857142  
132 8.416592054468055 1.8571428571428572 0.8571428571428571 1.7142857142857142 0.8367346938775511 1.9387755102040816 0.8571428571428571 1.2653061224489797 1.836734693877551 1.2244897959183674 1.816326530612245 1.163265306122449 1.9387755102040816 1.8979591836734695 1.1224489795918366 1.7142857142857142 1.3265306122448979 0.8367346938775511 1.6122448979591837 1.2448979591836735 1.653061224489796 1.8775510204081634 1.1020408163265305 1.6734693877551021 1.7959183673469388 2.0 1.510204081632653 0.9387755102040817 1.5510204081632653 1.510204081632653 1.7142857142857142  
121 101.78397858505363 1.8571428571428572 0.8571428571428571 1.7142857142857142 0.8367346938775511 1.9387755102040816 0.8571428571428571 1.2653061224489797 1.836734693877551 1.2244897959183674 1.816326530612245 1.163265306122449 1.9387755102040816 1.8979591836734695 1.1224489795918366 1.7142857142857142 1.3265306122448979 0.8367346938775511 1.6122448979591837 1.2448979591836735 1.653061224489796 1.8775510204081634 1.1020408163265305 1.6734693877551021 1.7959183673469388 2.0 1.510204081632653 0.9387755102040817 1.5510204081632653 1.510204081632653 1.7142857142857142  
2 43.555568162273545 1.8571428571428572 0.8571428571428571 1.7142857142857142 0.8367346938775511 1.9387755102040816 0.8571428571428571 1.2653061224489797 1.836734693877551 1.2244897959183674 1.816326530612245 1.163265306122449 1.9387755102040816 1.8979591836734695 1.1224489795918366 1.7142857142857142 1.3265306122448979 0.8367346938775511 1.6122448979591837 1.2448979591836735 1.653061224489796 1.8775510204081634 1.1020408163265305 1.6734693877551021 1.7959183673469388 2.0 1.510204081632653 0.9387755102040817 1.5510204081632653 1.510204081632653 1.7142857142857142  
79 34.68083765502034 1.8571428571428572 0.8571428571428571 1.7142857142857142 0.8367346938775511 1.9387755102040816 0.8571428571428571 1.2653061224489797 1.836734693877551 1.2244897959183674 1.816326530612245 1.163265306122449 1.9387755102040816 1.8979591836734695 1.1224489795918366 1.7142857142857142 1.3265306122448979 0.8367346938775511 1.6122448979591837 1.2448979591836735 1.653061224489796 1.8775510204081634 1.1020408163265305 1.6734693877551021 1.7959183673469388 2.0 1.510204081632653 0.9387755102040817 1.5510204081632653 1.510204081632653 1.7142857142857142  
22 153.8812557223286 2.7857142857142856 1.2857142857142858 2.5714285714285716 1.2551020408163265 2.9081632653061225 1.2857142857142858 1.8979591836734695 2.7551020408163267 1.836734693877551 2.7244897959183674 1.7448979591836735 2.9081632653061225 2.8469387755102042 1.683673469387755 2.5714285714285716 1.989795918367347 1.2551020408163265 2.4183673469387754 1.8673469387755102 2.479591836734694 2.816326530612245 1.653061224489796 2.510204081632653 2.693877551020408 3.0 2.2653061224489797 1.4081632653061225 2.326530612244898 2.2653061224489797 2.5714285714285716  
108 31.315561814355537 1.8571428571428572 0.8571428571428571 1.7142857142857142 0.8367346938775511 1.9387755102040816 0.8571428571428571 1.2653061224489797 1.836734693877551 1.2244897959183674 1.816326530612245 1.163265306122449 1.9387755102040816 1.8979591836734695 1.1224489795918366 1.7142857142857142 1.3265306122448979 0.8367346938775511 1.6122448979591837 1.2448979591836735 1.653061224489796 1.8775510204081634 1.1020408163265305 1.6734693877551021 1.7959183673469388 2.0 1.510204081632653 0.9387755102040817 1.5510204081632653 1.510204081632653 1.7142857142857142  
33 118.52924410789635 1.8571428571428572 0.8571428571428571 1.7142857142857142 0.8367346938775511 1.9387755102040816 0.8571428571428571 1.2653061224489797 1.836734693877551 1.2244897959183674 1.816326530612245 1.163265306122449 1.9387755102040816 1.8979591836734695 1.1224489795918366 1.7142857142857142 1.3265306122448979 0.8367346938775511 1.6122448979591837 1.2448979591836735 1.653061224489796 1.8775510204081634 1.1020408163265305 1.6734693877551021 1.7959183673469388 2.0 1.510204081632653 0.9387755102040817 1.5510204081632653 1.510204081632653 1.7142857142857142  
47 15.30975116000582 1.8571428571428572 0.8571428571428571 1.7142857142857142 0.8367346938775511 1.9387755102040816 0.8571428571428571 1.2653061224489797 1.836734693877551 1.2244897959183674 1.816326530612245 1.163265306122449 1.9387755102040816 1.8979591836734695 1.1224489795918366 1.7142857142857142 1.3265306122448979 0.8367346938775511 1.6122448979591837 1.2448979591836735 1.653061224489796 1.8775510204081634 1.1020408163265305 1.6734693877551021 1.7959183673469388 2.0 1.510204081632653 0.9387755102040817 1.5510204081632653 1.510204081632653 1.7142857142857142  
14 159.37462904656383 1.8571428571428572 0.8571428571428571 1.7142857142857142 0.8367346938775511 1.9387755102040816 0.8571428571428571 1.2653061224489797 1.836734693877551 1.2244897959183674 1.816326530612245 1.163265306122449 1.9387755102040816 1.8979591836734695 1.1224489795918366 1.7142857142857142 1.3265306122448979 0.8367346938775511 1.6122448979591837 1.2448979591836735 1.653061224489796 1.8775510204081634 1.1020408163265305 1.6734693877551021 1.7959183673469388 2.0 1.510204081632653 0.9387755102040817 1.5510204081632653 1.510204081632653 1.7142857142857142  
114 212.84542249828112 2.7857142857142856 1.2857142857142858 2.5714285714285716 1.2551020408163265 2.9081632653061225 1.2857142857142858 1.8979591836734695 2.7551020408163267 1.836734693877551 2.7244897959183674 1.7448979591836735 2.9081632653061225 2.8469387755102042 1.683673469387755 2.5714285714285716 1.989795918367347 1.2551020408163265 2.4183673469387754 1.8673469387755102 2.479591836734694 2.816326530612245 1.653061224489796 2.510204081632653 2.693877551020408 3.0 2.2653061224489797 1.4081632653061225 2.326530612244898 2.2653061224489797 2.5714285714285716  
69 89.77241782982 1.8571428571428572 0.8571428571428571 1.7142857142857142 0.8367346938775511 1.9387755102040816 0.8571428571428571 1.2653061224489797 1.836734693877551 1.2244897959183674 1.816326530612245 1.163265306122449 1.9387755102040816 1.8979591836734695 1.1224489795918366 1.7142857142857142 1.3265306122448979 0.8367346938775511 1.6122448979591837 1.2448979591836735 1.653061224489796 1.8775510204081634 1.1020408163265305 1.6734693877551021 1.7959183673469388 2.0 1.510204081632653 0.9387755102040817 1.5510204081632653 1.510204081632653 1.7142857142857142  
55 30.32602305528052 2.7857142857142856 1.2857142857142858 2.5714285714285716 1.2551020408163265 2.9081632653061225 1.2857142857142858 1.8979591836734695 2.7551020408163267 1.836734693877551 2.7244897959183674 1.7448979591836735 2.9081632653061225 2.8469387755102042 1.683673469387755 2.5714285714285716 1.989795918367347 1.2551020408163265 2.4183673469387754 1.8673469387755102 2.479591836734694 2.816326530612245 1.653061224489796 2.510204081632653 2.693877551020408 3.0 2.2653061224489797 1.4081632653061225 2.326530612244898 2.2653061224489797 2.5714285714285716  
100 161.430274203496 2.7857142857142856 1.2857142857142858 2.5714285714285716 1.2551020408163265 2.9081632653061225 1.2857142857142858 1.8979591836734695 2.7551020408163267 1.836734693877551 2.7244897959183674 1.7448979591836735 2.9081632653061225 2.8469387755102042 1.683673469387755 2.5714285714285716 1.989795918367347 1.2551020408163265 2.4183673469387754 1.8673469387755102 2.479591836734694 2.816326530612245 1.653061224489796 2.510204081632653 2.693877551020408 3.0 2.2653061224489797 1.4081632653061225 2.326530612244898 2.2653061224489797 2.5714285714285716  
104 13.978758378301382 1.8571428571428572 0.8571428571428571 1.7142857142857142 0.8367346938775511 1.9387755102040816 0.8571428571428571 1.2653061224489797 1.836734693877551 1.2244897959183674 1.816326530612245 1.163265306122449 1.9387755102040816 1.8979591836734695 1.1224489795918366 1.7142857142857142 1.3265306122448979 0.8367346938775511 1.6122448979591837 1.2448979591836735 1.653061224489796 1.8775510204081634 1.1020408163265305 1.6734693877551021 1.7959183673469388 2.0 1.510204081632653 0.9387755102040817 1.5510204081632653 1.510204081632653 1.7142857142857142  
20 213.22378913428673 1.8571428571428572 0.8571428571428571 1.7142857142857142 0.8367346938775511 1.9387755102040816 0.8571428571428571 1.2653061224489797 1.836734693877551 1.2244897959183674 1.816326530612245 1.163265306122449 1.9387755102040816 1.8979591836734695 1.1224489795918366 1.7142857142857142 1.3265306122448979 0.8367346938775511 1.6122448979591837 1.2448979591836735 1.653061224489796 1.8775510204081634 1.1020408163265305 1.6734693877551021 1.7959183673469388 2.0 1.510204081632653 0.9387755102040817 1.5510204081632653 1.510204081632653 1.7142857142857142  
137 17.88305924806187 2.7857142857142856 1.2857142857142858 2.5714285714285716 1.2551020408163265 2.9081632653061225 1.2857142857142858 1.8979591836734695 2.7551020408163267 1.836734693877551 2.7244897959183674 1.7448979591836735 2.9081632653061225 2.8469387755102042 1.683673469387755 2.5714285714285716 1.989795918367347 1.2551020408163265 2.4183673469387754 1.8673469387755102 2.479591836734694 2.816326530612245 1.653061224489796 2.510204081632653 2.693877551020408 3.0 2.2653061224489797 1.4081632653061225 2.326530612244898 2.2653061224489797 2.5714285714285716  
125 57.3003479059102 1.8571428571428572 0.8571428571428571 1.7142857142857142 0.8367346938775511 1.9387755102040816 0.8571428571428571 1.2653061224489797 1.836734693877551 1.2244897959183674 1.816326530612245 1.163265306122449 1.9387755102040816 1.8979591836734695 1.1224489795918366 1.7142857142857142 1.3265306122448979 0.8367346938775511 1.6122448979591837 1.2448979591836735 1.653061224489796 1.8775510204081634 1.1020408163265305 1.6734693877551021 1.7959183673469388 2.0 1.510204081632653 0.9387755102040817 1.5510204081632653 1.510204081632653 1.7142857142857142  
99 97.34561160215364 1.8571428571428572 0.8571428571428571 1.7142857142857142 0.8367346938775511 1.9387755102040816 0.8571428571428571 1.2653061224489797 1.836734693877551 1.2244897959183674 1.816326530612245 1.163265306122449 1.9387755102040816 1.8979591836734695 1.1224489795918366 1.7142857142857142 1.3265306122448979 0.8367346938775511 1.6122448979591837 1.2448979591836735 1.653061224489796 1.8775510204081634 1.1020408163265305 1.6734693877551021 1.7959183673469388 2.0 1.510204081632653 0.9387755102040817 1.5510204081632653 1.510204081632653 1.7142857142857142  
68 60.461318301775584 2.7857142857142856 1.2857142857142858 2.5714285714285716 1.2551020408163265 2.9081632653061225 1.2857142857142858 1.8979591836734695 2.7551020408163267 1.836734693877551 2.7244897959183674 1.7448979591836735 2.9081632653061225 2.8469387755102042 1.683673469387755 2.5714285714285716 1.989795918367347 1.2551020408163265 2.4183673469387754 1.8673469387755102 2.479591836734694 2.816326530612245 1.653061224489796 2.510204081632653 2.693877551020408 3.0 2.2653061224489797 1.4081632653061225 2.326530612244898 2.2653061224489797 2.5714285714285716  
135 5.970800809945731 2.7857142857142856 1.2857142857142858 2.5714285714285716 1.2551020408163265 2.9081632653061225 1.2857142857142858 1.8979591836734695 2.7551020408163267 1.836734693877551 2.7244897959183674 1.7448979591836735 2.9081632653061225 2.8469387755102042 1.683673469387755 2.5714285714285716 1.989795918367347 1.2551020408163265 2.4183673469387754 1.8673469387755102 2.479591836734694 2.816326530612245 1.653061224489796 2.510204081632653 2.693877551020408 3.0 2.2653061224489797 1.4081632653061225 2.326530612244898 2.2653061224489797 2.5714285714285716  
134 55.209644729151066 2.7857142857142856 1.2857142857142858 2.5714285714285716 1.2551020408163265 2.9081632653061225 1.2857142857142858 1.8979591836734695 2.7551020408163267 1.836734693877551 2.7244897959183674 1.7448979591836735 2.9081632653061225 2.8469387755102042 1.683673469387755 2.5714285714285716 1.989795918367347 1.2551020408163265 2.4183673469387754 1.8673469387755102 2.479591836734694 2.816326530612245 1.653061224489796 2.510204081632653 2.693877551020408 3.0 2.2653061224489797 1.4081632653061225 2.326530612244898 2.2653061224489797 2.5714285714285716  
58 32.557808499864365 1.8571428571428572 0.8571428571428571 1.7142857142857142 0.8367346938775511 1.9387755102040816 0.8571428571428571 1.2653061224489797 1.836734693877551 1.2244897959183674 1.816326530612245 1.163265306122449 1.9387755102040816 1.8979591836734695 1.1224489795918366 1.7142857142857142 1.3265306122448979 0.8367346938775511 1.6122448979591837 1.2448979591836735 1.653061224489796 1.8775510204081634 1.1020408163265305 1.6734693877551021 1.7959183673469388 2.0 1.510204081632653 0.9387755102040817 1.5510204081632653 1.510204081632653 1.7142857142857142  
9 20.077128682329345 2.7857142857142856 1.2857142857142858 2.5714285714285716 1.2551020408163265 2.9081632653061225 1.2857142857142858 1.8979591836734695 2.7551020408163267 1.836734693877551 2.7244897959183674 1.7448979591836735 2.9081632653061225 2.8469387755102042 1.683673469387755 2.5714285714285716 1.989795918367347 1.2551020408163265 2.4183673469387754 1.8673469387755102 2.479591836734694 2.816326530612245 1.653061224489796 2.510204081632653 2.693877551020408 3.0 2.2653061224489797 1.4081632653061225 2.326530612244898 2.2653061224489797 2.5714285714285716  
30 77.45175178357576 2.7857142857142856 1.2857142857142858 2.5714285714285716 1.2551020408163265 2.9081632653061225 1.2857142857142858 1.8979591836734695 2.7551020408163267 1.836734693877551 2.7244897959183674 1.7448979591836735 2.9081632653061225 2.8469387755102042 1.683673469387755 2.5714285714285716 1.989795918367347 1.2551020408163265 2.4183673469387754 1.8673469387755102 2.479591836734694 2.816326530612245 1.653061224489796 2.510204081632653 2.693877551020408 3.0 2.2653061224489797 1.4081632653061225 2.326530612244898 2.2653061224489797 2.5714285714285716  
17 153.51268259125266 1.8571428571428572 0.8571428571428571 1.7142857142857142 0.8367346938775511 1.9387755102040816 0.8571428571428571 1.2653061224489797 1.836734693877551 1.2244897959183674 1.816326530612245 1.163265306122449 1.9387755102040816 1.8979591836734695 1.1224489795918366 1.7142857142857142 1.3265306122448979 0.8367346938775511 1.6122448979591837 1.2448979591836735 1.653061224489796 1.8775510204081634 1.1020408163265305 1.6734693877551021 1.7959183673469388 2.0 1.510204081632653 0.9387755102040817 1.5510204081632653 1.510204081632653 1.7142857142857142  
73 160.28635637594405 1.8571428571428572 0.8571428571428571 1.7142857142857142 0.8367346938775511 1.9387755102040816 0.8571428571428571 1.2653061224489797 1.836734693877551 1.2244897959183674 1.816326530612245 1.163265306122449 1.9387755102040816 1.8979591836734695 1.1224489795918366 1.7142857142857142 1.3265306122448979 0.8367346938775511 1.6122448979591837 1.2448979591836735 1.653061224489796 1.8775510204081634 1.1020408163265305 1.6734693877551021 1.7959183673469388 2.0 1.510204081632653 0.9387755102040817 1.5510204081632653 1.510204081632653 1.7142857142857142  
63 231.5724277807524 2.7857142857142856 1.2857142857142858 2.5714285714285716 1.2551020408163265 2.9081632653061225 1.2857142857142858 1.8979591836734695 2.7551020408163267 1.836734693877551 2.7244897959183674 1.7448979591836735 2.9081632653061225 2.8469387755102042 1.683673469387755 2.5714285714285716 1.989795918367347 1.2551020408163265 2.4183673469387754 1.8673469387755102 2.479591836734694 2.816326530612245 1.653061224489796 2.510204081632653 2.693877551020408 3.0 2.2653061224489797 1.4081632653061225 2.326530612244898 2.2653061224489797 2.5714285714285716  
61 261.94781530942345 1.8571428571428572 0.8571428571428571 1.7142857142857142 0.8367346938775511 1.9387755102040816 0.8571428571428571 1.2653061224489797 1.836734693877551 1.2244897959183674 1.816326530612245 1.163265306122449 1.9387755102040816 1.8979591836734695 1.1224489795918366 1.7142857142857142 1.3265306122448979 0.8367346938775511 1.6122448979591837 1.2448979591836735 1.653061224489796 1.8775510204081634 1.1020408163265305 1.6734693877551021 1.7959183673469388 2.0 1.510204081632653 0.9387755102040817 1.5510204081632653 1.510204081632653 1.7142857142857142  
56 355.0 1.8571428571428572 0.8571428571428571 1.7142857142857142 0.8367346938775511 1.9387755102040816 0.8571428571428571 1.2653061224489797 1.836734693877551 1.2244897959183674 1.816326530612245 1.163265306122449 1.9387755102040816 1.8979591836734695 1.1224489795918366 1.7142857142857142 1.3265306122448979 0.8367346938775511 1.6122448979591837 1.2448979591836735 1.653061224489796 1.8775510204081634 1.1020408163265305 1.6734693877551021 1.7959183673469388 2.0 1.510204081632653 0.9387755102040817 1.5510204081632653 1.510204081632653 1.7142857142857142  
118 80.2186105527559 2.7857142857142856 1.2857142857142858 2.5714285714285716 1.2551020408163265 2.9081632653061225 1.2857142857142858 1.8979591836734695 2.7551020408163267 1.836734693877551 2.7244897959183674 1.7448979591836735 2.9081632653061225 2.8469387755102042 1.683673469387755 2.5714285714285716 1.989795918367347 1.2551020408163265 2.4183673469387754 1.8673469387755102 2.479591836734694 2.816326530612245 1.653061224489796 2.510204081632653 2.693877551020408 3.0 2.2653061224489797 1.4081632653061225 2.326530612244898 2.2653061224489797 2.5714285714285716  
133 131.35359053965496 1.8571428571428572 0.8571428571428571 1.7142857142857142 0.8367346938775511 1.9387755102040816 0.8571428571428571 1.2653061224489797 1.836734693877551 1.2244897959183674 1.816326530612245 1.163265306122449 1.9387755102040816 1.8979591836734695 1.1224489795918366 1.7142857142857142 1.3265306122448979 0.8367346938775511 1.6122448979591837 1.2448979591836735 1.653061224489796 1.8775510204081634 1.1020408163265305 1.6734693877551021 1.7959183673469388 2.0 1.510204081632653 0.9387755102040817 1.5510204081632653 1.510204081632653 1.7142857142857142  
24 30.39374468064297 1.8571428571428572 0.8571428571428571 1.7142857142857142 0.8367346938775511 1.9387755102040816 0.8571428571428571 1.2653061224489797 1.836734693877551 1.2244897959183674 1.816326530612245 1.163265306122449 1.9387755102040816 1.8979591836734695 1.1224489795918366 1.7142857142857142 1.3265306122448979 0.8367346938775511 1.6122448979591837 1.2448979591836735 1.653061224489796 1.8775510204081634 1.1020408163265305 1.6734693877551021 1.7959183673469388 2.0 1.510204081632653 0.9387755102040817 1.5510204081632653 1.510204081632653 1.7142857142857142  
101 248.8289116194487 2.7857142857142856 1.2857142857142858 2.5714285714285716 1.2551020408163265 2.9081632653061225 1.2857142857142858 1.8979591836734695 2.7551020408163267 1.836734693877551 2.7244897959183674 1.7448979591836735 2.9081632653061225 2.8469387755102042 1.683673469387755 2.5714285714285716 1.989795918367347 1.2551020408163265 2.4183673469387754 1.8673469387755102 2.479591836734694 2.816326530612245 1.653061224489796 2.510204081632653 2.693877551020408 3.0 2.2653061224489797 1.4081632653061225 2.326530612244898 2.2653061224489797 2.5714285714285716  
130 104.92568219619751 2.7857142857142856 1.2857142857142858 2.5714285714285716 1.2551020408163265 2.9081632653061225 1.2857142857142858 1.8979591836734695 2.7551020408163267 1.836734693877551 2.7244897959183674 1.7448979591836735 2.9081632653061225 2.8469387755102042 1.683673469387755 2.5714285714285716 1.989795918367347 1.2551020408163265 2.4183673469387754 1.8673469387755102 2.479591836734694 2.816326530612245 1.653061224489796 2.510204081632653 2.693877551020408 3.0 2.2653061224489797 1.4081632653061225 2.326530612244898 2.2653061224489797 2.5714285714285716  
25 9.805282910135528 2.7857142857142856 1.2857142857142858 2.5714285714285716 1.2551020408163265 2.9081632653061225 1.2857142857142858 1.8979591836734695 2.7551020408163267 1.836734693877551 2.7244897959183674 1.7448979591836735 2.9081632653061225 2.8469387755102042 1.683673469387755 2.5714285714285716 1.989795918367347 1.2551020408163265 2.4183673469387754 1.8673469387755102 2.479591836734694 2.816326530612245 1.653061224489796 2.510204081632653 2.693877551020408 3.0 2.2653061224489797 1.4081632653061225 2.326530612244898 2.2653061224489797 2.5714285714285716  
26 9.101625728159803 2.7857142857142856 1.2857142857142858 2.5714285714285716 1.2551020408163265 2.9081632653061225 1.2857142857142858 1.8979591836734695 2.7551020408163267 1.836734693877551 2.7244897959183674 1.7448979591836735 2.9081632653061225 2.8469387755102042 1.683673469387755 2.5714285714285716 1.989795918367347 1.2551020408163265 2.4183673469387754 1.8673469387755102 2.479591836734694 2.816326530612245 1.653061224489796 2.510204081632653 2.693877551020408 3.0 2.2653061224489797 1.4081632653061225 2.326530612244898 2.2653061224489797 2.5714285714285716  
82 36.70428598795134 2.7857142857142856 1.2857142857142858 2.5714285714285716 1.2551020408163265 2.9081632653061225 1.2857142857142858 1.8979591836734695 2.7551020408163267 1.836734693877551 2.7244897959183674 1.7448979591836735 2.9081632653061225 2.8469387755102042 1.683673469387755 2.5714285714285716 1.989795918367347 1.2551020408163265 2.4183673469387754 1.8673469387755102 2.479591836734694 2.816326530612245 1.653061224489796 2.510204081632653 2.693877551020408 3.0 2.2653061224489797 1.4081632653061225 2.326530612244898 2.2653061224489797 2.5714285714285716  
32 145.13451988947068 2.7857142857142856 1.2857142857142858 2.5714285714285716 1.2551020408163265 2.9081632653061225 1.2857142857142858 1.8979591836734695 2.7551020408163267 1.836734693877551 2.7244897959183674 1.7448979591836735 2.9081632653061225 2.8469387755102042 1.683673469387755 2.5714285714285716 1.989795918367347 1.2551020408163265 2.4183673469387754 1.8673469387755102 2.479591836734694 2.816326530612245 1.653061224489796 2.510204081632653 2.693877551020408 3.0 2.2653061224489797 1.4081632653061225 2.326530612244898 2.2653061224489797 2.5714285714285716  
60 74.06830585437041 1.8571428571428572 0.8571428571428571 1.7142857142857142 0.8367346938775511 1.9387755102040816 0.8571428571428571 1.2653061224489797 1.836734693877551 1.2244897959183674 1.816326530612245 1.163265306122449 1.9387755102040816 1.8979591836734695 1.1224489795918366 1.7142857142857142 1.3265306122448979 0.8367346938775511 1.6122448979591837 1.2448979591836735 1.653061224489796 1.8775510204081634 1.1020408163265305 1.6734693877551021 1.7959183673469388 2.0 1.510204081632653 0.9387755102040817 1.5510204081632653 1.510204081632653 1.7142857142857142  
122 127.51081474197056 1.8571428571428572 0.8571428571428571 1.7142857142857142 0.8367346938775511 1.9387755102040816 0.8571428571428571 1.2653061224489797 1.836734693877551 1.2244897959183674 1.816326530612245 1.163265306122449 1.9387755102040816 1.8979591836734695 1.1224489795918366 1.7142857142857142 1.3265306122448979 0.8367346938775511 1.6122448979591837 1.2448979591836735 1.653061224489796 1.8775510204081634 1.1020408163265305 1.6734693877551021 1.7959183673469388 2.0 1.510204081632653 0.9387755102040817 1.5510204081632653 1.510204081632653 1.7142857142857142  
107 109.73635893348046 2.7857142857142856 1.2857142857142858 2.5714285714285716 1.2551020408163265 2.9081632653061225 1.2857142857142858 1.8979591836734695 2.7551020408163267 1.836734693877551 2.7244897959183674 1.7448979591836735 2.9081632653061225 2.8469387755102042 1.683673469387755 2.5714285714285716 1.989795918367347 1.2551020408163265 2.4183673469387754 1.8673469387755102 2.479591836734694 2.816326530612245 1.653061224489796 2.510204081632653 2.693877551020408 3.0 2.2653061224489797 1.4081632653061225 2.326530612244898 2.2653061224489797 2.5714285714285716  
57 254.20352582013695 1.8571428571428572 0.8571428571428571 1.7142857142857142 0.8367346938775511 1.9387755102040816 0.8571428571428571 1.2653061224489797 1.836734693877551 1.2244897959183674 1.816326530612245 1.163265306122449 1.9387755102040816 1.8979591836734695 1.1224489795918366 1.7142857142857142 1.3265306122448979 0.8367346938775511 1.6122448979591837 1.2448979591836735 1.653061224489796 1.8775510204081634 1.1020408163265305 1.6734693877551021 1.7959183673469388 2.0 1.510204081632653 0.9387755102040817 1.5510204081632653 1.510204081632653 1.7142857142857142  
54 129.08245742384 2.7857142857142856 1.2857142857142858 2.5714285714285716 1.2551020408163265 2.9081632653061225 1.2857142857142858 1.8979591836734695 2.7551020408163267 1.836734693877551 2.7244897959183674 1.7448979591836735 2.9081632653061225 2.8469387755102042 1.683673469387755 2.5714285714285716 1.989795918367347 1.2551020408163265 2.4183673469387754 1.8673469387755102 2.479591836734694 2.816326530612245 1.653061224489796 2.510204081632653 2.693877551020408 3.0 2.2653061224489797 1.4081632653061225 2.326530612244898 2.2653061224489797 2.5714285714285716  
95 19.645578027905913 2.7857142857142856 1.2857142857142858 2.5714285714285716 1.2551020408163265 2.9081632653061225 1.2857142857142858 1.8979591836734695 2.7551020408163267 1.836734693877551 2.7244897959183674 1.7448979591836735 2.9081632653061225 2.8469387755102042 1.683673469387755 2.5714285714285716 1.989795918367347 1.2551020408163265 2.4183673469387754 1.8673469387755102 2.479591836734694 2.816326530612245 1.653061224489796 2.510204081632653 2.693877551020408 3.0 2.2653061224489797 1.4081632653061225 2.326530612244898 2.2653061224489797 2.5714285714285716  
72 173.91377049568854 2.7857142857142856 1.2857142857142858 2.5714285714285716 1.2551020408163265 2.9081632653061225 1.2857142857142858 1.8979591836734695 2.7551020408163267 1.836734693877551 2.7244897959183674 1.7448979591836735 2.9081632653061225 2.8469387755102042 1.683673469387755 2.5714285714285716 1.989795918367347 1.2551020408163265 2.4183673469387754 1.8673469387755102 2.479591836734694 2.816326530612245 1.653061224489796 2.510204081632653 2.693877551020408 3.0 2.2653061224489797 1.4081632653061225 2.326530612244898 2.2653061224489797 2.5714285714285716  
138 146.56595115691513 2.7857142857142856 1.2857142857142858 2.5714285714285716 1.2551020408163265 2.9081632653061225 1.2857142857142858 1.8979591836734695 2.7551020408163267 1.836734693877551 2.7244897959183674 1.7448979591836735 2.9081632653061225 2.8469387755102042 1.683673469387755 2.5714285714285716 1.989795918367347 1.2551020408163265 2.4183673469387754 1.8673469387755102 2.479591836734694 2.816326530612245 1.653061224489796 2.510204081632653 2.693877551020408 3.0 2.2653061224489797 1.4081632653061225 2.326530612244898 2.2653061224489797 2.5714285714285716  
128 217.57599162339116 2.7857142857142856 1.2857142857142858 2.5714285714285716 1.2551020408163265 2.9081632653061225 1.2857142857142858 1.8979591836734695 2.7551020408163267 1.836734693877551 2.7244897959183674 1.7448979591836735 2.9081632653061225 2.8469387755102042 1.683673469387755 2.5714285714285716 1.989795918367347 1.2551020408163265 2.4183673469387754 1.8673469387755102 2.479591836734694 2.816326530612245 1.653061224489796 2.510204081632653 2.693877551020408 3.0 2.2653061224489797 1.4081632653061225 2.326530612244898 2.2653061224489797 2.5714285714285716  
37 335.7620370809529 1.8571428571428572 0.8571428571428571 1.7142857142857142 0.8367346938775511 1.9387755102040816 0.8571428571428571 1.2653061224489797 1.836734693877551 1.2244897959183674 1.816326530612245 1.163265306122449 1.9387755102040816 1.8979591836734695 1.1224489795918366 1.7142857142857142 1.3265306122448979 0.8367346938775511 1.6122448979591837 1.2448979591836735 1.653061224489796 1.8775510204081634 1.1020408163265305 1.6734693877551021 1.7959183673469388 2.0 1.510204081632653 0.9387755102040817 1.5510204081632653 1.510204081632653 1.7142857142857142  
106 177.75004976691497 1.8571428571428572 0.8571428571428571 1.7142857142857142 0.8367346938775511 1.9387755102040816 0.8571428571428571 1.2653061224489797 1.836734693877551 1.2244897959183674 1.816326530612245 1.163265306122449 1.9387755102040816 1.8979591836734695 1.1224489795918366 1.7142857142857142 1.3265306122448979 0.8367346938775511 1.6122448979591837 1.2448979591836735 1.653061224489796 1.8775510204081634 1.1020408163265305 1.6734693877551021 1.7959183673469388 2.0 1.510204081632653 0.9387755102040817 1.5510204081632653 1.510204081632653 1.7142857142857142  
15 242.63483358896758 2.7857142857142856 1.2857142857142858 2.5714285714285716 1.2551020408163265 2.9081632653061225 1.2857142857142858 1.8979591836734695 2.7551020408163267 1.836734693877551 2.7244897959183674 1.7448979591836735 2.9081632653061225 2.8469387755102042 1.683673469387755 2.5714285714285716 1.989795918367347 1.2551020408163265 2.4183673469387754 1.8673469387755102 2.479591836734694 2.816326530612245 1.653061224489796 2.510204081632653 2.693877551020408 3.0 2.2653061224489797 1.4081632653061225 2.326530612244898 2.2653061224489797 2.5714285714285716  
88 266.9579894064839 2.7857142857142856 1.2857142857142858 2.5714285714285716 1.2551020408163265 2.9081632653061225 1.2857142857142858 1.8979591836734695 2.7551020408163267 1.836734693877551 2.7244897959183674 1.7448979591836735 2.9081632653061225 2.8469387755102042 1.683673469387755 2.5714285714285716 1.989795918367347 1.2551020408163265 2.4183673469387754 1.8673469387755102 2.479591836734694 2.816326530612245 1.653061224489796 2.510204081632653 2.693877551020408 3.0 2.2653061224489797 1.4081632653061225 2.326530612244898 2.2653061224489797 2.5714285714285716  
116 247.12817557562278 2.7857142857142856 1.2857142857142858 2.5714285714285716 1.2551020408163265 2.9081632653061225 1.2857142857142858 1.8979591836734695 2.7551020408163267 1.836734693877551 2.7244897959183674 1.7448979591836735 2.9081632653061225 2.8469387755102042 1.683673469387755 2.5714285714285716 1.989795918367347 1.2551020408163265 2.4183673469387754 1.8673469387755102 2.479591836734694 2.816326530612245 1.653061224489796 2.510204081632653 2.693877551020408 3.0 2.2653061224489797 1.4081632653061225 2.326530612244898 2.2653061224489797 2.5714285714285716  
124 103.92265510358109 2.7857142857142856 1.2857142857142858 2.5714285714285716 1.2551020408163265 2.9081632653061225 1.2857142857142858 1.8979591836734695 2.7551020408163267 1.836734693877551 2.7244897959183674 1.7448979591836735 2.9081632653061225 2.8469387755102042 1.683673469387755 2.5714285714285716 1.989795918367347 1.2551020408163265 2.4183673469387754 1.8673469387755102 2.479591836734694 2.816326530612245 1.653061224489796 2.510204081632653 2.693877551020408 3.0 2.2653061224489797 1.4081632653061225 2.326530612244898 2.2653061224489797 2.5714285714285716  
129 94.31215873427712 1.8571428571428572 0.8571428571428571 1.7142857142857142 0.8367346938775511 1.9387755102040816 0.8571428571428571 1.2653061224489797 1.836734693877551 1.2244897959183674 1.816326530612245 1.163265306122449 1.9387755102040816 1.8979591836734695 1.1224489795918366 1.7142857142857142 1.3265306122448979 0.8367346938775511 1.6122448979591837 1.2448979591836735 1.653061224489796 1.8775510204081634 1.1020408163265305 1.6734693877551021 1.7959183673469388 2.0 1.510204081632653 0.9387755102040817 1.5510204081632653 1.510204081632653 1.7142857142857142  
5 26.315084384689065 2.7857142857142856 1.2857142857142858 2.5714285714285716 1.2551020408163265 2.9081632653061225 1.2857142857142858 1.8979591836734695 2.7551020408163267 1.836734693877551 2.7244897959183674 1.7448979591836735 2.9081632653061225 2.8469387755102042 1.683673469387755 2.5714285714285716 1.989795918367347 1.2551020408163265 2.4183673469387754 1.8673469387755102 2.479591836734694 2.816326530612245 1.653061224489796 2.510204081632653 2.693877551020408 3.0 2.2653061224489797 1.4081632653061225 2.326530612244898 2.2653061224489797 2.5714285714285716  
45 153.59647829949114 1.8571428571428572 0.8571428571428571 1.7142857142857142 0.8367346938775511 1.9387755102040816 0.8571428571428571 1.2653061224489797 1.836734693877551 1.2244897959183674 1.816326530612245 1.163265306122449 1.9387755102040816 1.8979591836734695 1.1224489795918366 1.7142857142857142 1.3265306122448979 0.8367346938775511 1.6122448979591837 1.2448979591836735 1.653061224489796 1.8775510204081634 1.1020408163265305 1.6734693877551021 1.7959183673469388 2.0 1.510204081632653 0.9387755102040817 1.5510204081632653 1.510204081632653 1.7142857142857142  
112 154.69728029068756 1.8571428571428572 0.8571428571428571 1.7142857142857142 0.8367346938775511 1.9387755102040816 0.8571428571428571 1.2653061224489797 1.836734693877551 1.2244897959183674 1.816326530612245 1.163265306122449 1.9387755102040816 1.8979591836734695 1.1224489795918366 1.7142857142857142 1.3265306122448979 0.8367346938775511 1.6122448979591837 1.2448979591836735 1.653061224489796 1.8775510204081634 1.1020408163265305 1.6734693877551021 1.7959183673469388 2.0 1.510204081632653 0.9387755102040817 1.5510204081632653 1.510204081632653 1.7142857142857142  
93 39.293745940701825 1.8571428571428572 0.8571428571428571 1.7142857142857142 0.8367346938775511 1.9387755102040816 0.8571428571428571 1.2653061224489797 1.836734693877551 1.2244897959183674 1.816326530612245 1.163265306122449 1.9387755102040816 1.8979591836734695 1.1224489795918366 1.7142857142857142 1.3265306122448979 0.8367346938775511 1.6122448979591837 1.2448979591836735 1.653061224489796 1.8775510204081634 1.1020408163265305 1.6734693877551021 1.7959183673469388 2.0 1.510204081632653 0.9387755102040817 1.5510204081632653 1.510204081632653 1.7142857142857142  
39 270.1042422040677 2.7857142857142856 1.2857142857142858 2.5714285714285716 1.2551020408163265 2.9081632653061225 1.2857142857142858 1.8979591836734695 2.7551020408163267 1.836734693877551 2.7244897959183674 1.7448979591836735 2.9081632653061225 2.8469387755102042 1.683673469387755 2.5714285714285716 1.989795918367347 1.2551020408163265 2.4183673469387754 1.8673469387755102 2.479591836734694 2.816326530612245 1.653061224489796 2.510204081632653 2.693877551020408 3.0 2.2653061224489797 1.4081632653061225 2.326530612244898 2.2653061224489797 2.5714285714285716  
119 52.99421777941741 1.8571428571428572 0.8571428571428571 1.7142857142857142 0.8367346938775511 1.9387755102040816 0.8571428571428571 1.2653061224489797 1.836734693877551 1.2244897959183674 1.816326530612245 1.163265306122449 1.9387755102040816 1.8979591836734695 1.1224489795918366 1.7142857142857142 1.3265306122448979 0.8367346938775511 1.6122448979591837 1.2448979591836735 1.653061224489796 1.8775510204081634 1.1020408163265305 1.6734693877551021 1.7959183673469388 2.0 1.510204081632653 0.9387755102040817 1.5510204081632653 1.510204081632653 1.7142857142857142  
35 60.4338468555075 2.7857142857142856 1.2857142857142858 2.5714285714285716 1.2551020408163265 2.9081632653061225 1.2857142857142858 1.8979591836734695 2.7551020408163267 1.836734693877551 2.7244897959183674 1.7448979591836735 2.9081632653061225 2.8469387755102042 1.683673469387755 2.5714285714285716 1.989795918367347 1.2551020408163265 2.4183673469387754 1.8673469387755102 2.479591836734694 2.816326530612245 1.653061224489796 2.510204081632653 2.693877551020408 3.0 2.2653061224489797 1.4081632653061225 2.326530612244898 2.2653061224489797 2.5714285714285716  
98 71.4320345343898 2.7857142857142856 1.2857142857142858 2.5714285714285716 1.2551020408163265 2.9081632653061225 1.2857142857142858 1.8979591836734695 2.7551020408163267 1.836734693877551 2.7244897959183674 1.7448979591836735 2.9081632653061225 2.8469387755102042 1.683673469387755 2.5714285714285716 1.989795918367347 1.2551020408163265 2.4183673469387754 1.8673469387755102 2.479591836734694 2.816326530612245 1.653061224489796 2.510204081632653 2.693877551020408 3.0 2.2653061224489797 1.4081632653061225 2.326530612244898 2.2653061224489797 2.5714285714285716  
6 66.16793053305173 2.7857142857142856 1.2857142857142858 2.5714285714285716 1.2551020408163265 2.9081632653061225 1.2857142857142858 1.8979591836734695 2.7551020408163267 1.836734693877551 2.7244897959183674 1.7448979591836735 2.9081632653061225 2.8469387755102042 1.683673469387755 2.5714285714285716 1.989795918367347 1.2551020408163265 2.4183673469387754 1.8673469387755102 2.479591836734694 2.816326530612245 1.653061224489796 2.510204081632653 2.693877551020408 3.0 2.2653061224489797 1.4081632653061225 2.326530612244898 2.2653061224489797 2.5714285714285716  
36 811.0 2.7857142857142856 1.2857142857142858 2.5714285714285716 1.2551020408163265 2.9081632653061225 1.2857142857142858 1.8979591836734695 2.7551020408163267 1.836734693877551 2.7244897959183674 1.7448979591836735 2.9081632653061225 2.8469387755102042 1.683673469387755 2.5714285714285716 1.989795918367347 1.2551020408163265 2.4183673469387754 1.8673469387755102 2.479591836734694 2.816326530612245 1.653061224489796 2.510204081632653 2.693877551020408 3.0 2.2653061224489797 1.4081632653061225 2.326530612244898 2.2653061224489797 2.5714285714285716  
71 61.75399766204263 2.7857142857142856 1.2857142857142858 2.5714285714285716 1.2551020408163265 2.9081632653061225 1.2857142857142858 1.8979591836734695 2.7551020408163267 1.836734693877551 2.7244897959183674 1.7448979591836735 2.9081632653061225 2.8469387755102042 1.683673469387755 2.5714285714285716 1.989795918367347 1.2551020408163265 2.4183673469387754 1.8673469387755102 2.479591836734694 2.816326530612245 1.653061224489796 2.510204081632653 2.693877551020408 3.0 2.2653061224489797 1.4081632653061225 2.326530612244898 2.2653061224489797 2.5714285714285716  
86 199.37524270964673 1.8571428571428572 0.8571428571428571 1.7142857142857142 0.8367346938775511 1.9387755102040816 0.8571428571428571 1.2653061224489797 1.836734693877551 1.2244897959183674 1.816326530612245 1.163265306122449 1.9387755102040816 1.8979591836734695 1.1224489795918366 1.7142857142857142 1.3265306122448979 0.8367346938775511 1.6122448979591837 1.2448979591836735 1.653061224489796 1.8775510204081634 1.1020408163265305 1.6734693877551021 1.7959183673469388 2.0 1.510204081632653 0.9387755102040817 1.5510204081632653 1.510204081632653 1.7142857142857142  
49 183.2016178111222 2.7857142857142856 1.2857142857142858 2.5714285714285716 1.2551020408163265 2.9081632653061225 1.2857142857142858 1.8979591836734695 2.7551020408163267 1.836734693877551 2.7244897959183674 1.7448979591836735 2.9081632653061225 2.8469387755102042 1.683673469387755 2.5714285714285716 1.989795918367347 1.2551020408163265 2.4183673469387754 1.8673469387755102 2.479591836734694 2.816326530612245 1.653061224489796 2.510204081632653 2.693877551020408 3.0 2.2653061224489797 1.4081632653061225 2.326530612244898 2.2653061224489797 2.5714285714285716  
31 121.20979670727529 2.7857142857142856 1.2857142857142858 2.5714285714285716 1.2551020408163265 2.9081632653061225 1.2857142857142858 1.8979591836734695 2.7551020408163267 1.836734693877551 2.7244897959183674 1.7448979591836735 2.9081632653061225 2.8469387755102042 1.683673469387755 2.5714285714285716 1.989795918367347 1.2551020408163265 2.4183673469387754 1.8673469387755102 2.479591836734694 2.816326530612245 1.653061224489796 2.510204081632653 2.693877551020408 3.0 2.2653061224489797 1.4081632653061225 2.326530612244898 2.2653061224489797 2.5714285714285716  
40 233.4434157935252 1.8571428571428572 0.8571428571428571 1.7142857142857142 0.8367346938775511 1.9387755102040816 0.8571428571428571 1.2653061224489797 1.836734693877551 1.2244897959183674 1.816326530612245 1.163265306122449 1.9387755102040816 1.8979591836734695 1.1224489795918366 1.7142857142857142 1.3265306122448979 0.8367346938775511 1.6122448979591837 1.2448979591836735 1.653061224489796 1.8775510204081634 1.1020408163265305 1.6734693877551021 1.7959183673469388 2.0 1.510204081632653 0.9387755102040817 1.5510204081632653 1.510204081632653 1.7142857142857142  
13 252.46964152836233 2.7857142857142856 1.2857142857142858 2.5714285714285716 1.2551020408163265 2.9081632653061225 1.2857142857142858 1.8979591836734695 2.7551020408163267 1.836734693877551 2.7244897959183674 1.7448979591836735 2.9081632653061225 2.8469387755102042 1.683673469387755 2.5714285714285716 1.989795918367347 1.2551020408163265 2.4183673469387754 1.8673469387755102 2.479591836734694 2.816326530612245 1.653061224489796 2.510204081632653 2.693877551020408 3.0 2.2653061224489797 1.4081632653061225 2.326530612244898 2.2653061224489797 2.5714285714285716  
27 79.42561952393497 1.8571428571428572 0.8571428571428571 1.7142857142857142 0.8367346938775511 1.9387755102040816 0.8571428571428571 1.2653061224489797 1.836734693877551 1.2244897959183674 1.816326530612245 1.163265306122449 1.9387755102040816 1.8979591836734695 1.1224489795918366 1.7142857142857142 1.3265306122448979 0.8367346938775511 1.6122448979591837 1.2448979591836735 1.653061224489796 1.8775510204081634 1.1020408163265305 1.6734693877551021 1.7959183673469388 2.0 1.510204081632653 0.9387755102040817 1.5510204081632653 1.510204081632653 1.7142857142857142  
131 144.90324445049077 2.7857142857142856 1.2857142857142858 2.5714285714285716 1.2551020408163265 2.9081632653061225 1.2857142857142858 1.8979591836734695 2.7551020408163267 1.836734693877551 2.7244897959183674 1.7448979591836735 2.9081632653061225 2.8469387755102042 1.683673469387755 2.5714285714285716 1.989795918367347 1.2551020408163265 2.4183673469387754 1.8673469387755102 2.479591836734694 2.816326530612245 1.653061224489796 2.510204081632653 2.693877551020408 3.0 2.2653061224489797 1.4081632653061225 2.326530612244898 2.2653061224489797 2.5714285714285716  
77 39.17322975724434 2.7857142857142856 1.2857142857142858 2.5714285714285716 1.2551020408163265 2.9081632653061225 1.2857142857142858 1.8979591836734695 2.7551020408163267 1.836734693877551 2.7244897959183674 1.7448979591836735 2.9081632653061225 2.8469387755102042 1.683673469387755 2.5714285714285716 1.989795918367347 1.2551020408163265 2.4183673469387754 1.8673469387755102 2.479591836734694 2.816326530612245 1.653061224489796 2.510204081632653 2.693877551020408 3.0 2.2653061224489797 1.4081632653061225 2.326530612244898 2.2653061224489797 2.5714285714285716  
16 169.43129634923204 1.8571428571428572 0.8571428571428571 1.7142857142857142 0.8367346938775511 1.9387755102040816 0.8571428571428571 1.2653061224489797 1.836734693877551 1.2244897959183674 1.816326530612245 1.163265306122449 1.9387755102040816 1.8979591836734695 1.1224489795918366 1.7142857142857142 1.3265306122448979 0.8367346938775511 1.6122448979591837 1.2448979591836735 1.653061224489796 1.8775510204081634 1.1020408163265305 1.6734693877551021 1.7959183673469388 2.0 1.510204081632653 0.9387755102040817 1.5510204081632653 1.510204081632653 1.7142857142857142  
91 227.80562251111616 1.8571428571428572 0.8571428571428571 1.7142857142857142 0.8367346938775511 1.9387755102040816 0.8571428571428571 1.2653061224489797 1.836734693877551 1.2244897959183674 1.816326530612245 1.163265306122449 1.9387755102040816 1.8979591836734695 1.1224489795918366 1.7142857142857142 1.3265306122448979 0.8367346938775511 1.6122448979591837 1.2448979591836735 1.653061224489796 1.8775510204081634 1.1020408163265305 1.6734693877551021 1.7959183673469388 2.0 1.510204081632653 0.9387755102040817 1.5510204081632653 1.510204081632653 1.7142857142857142  
7 146.53263896268413 2.7857142857142856 1.2857142857142858 2.5714285714285716 1.2551020408163265 2.9081632653061225 1.2857142857142858 1.8979591836734695 2.7551020408163267 1.836734693877551 2.7244897959183674 1.7448979591836735 2.9081632653061225 2.8469387755102042 1.683673469387755 2.5714285714285716 1.989795918367347 1.2551020408163265 2.4183673469387754 1.8673469387755102 2.479591836734694 2.816326530612245 1.653061224489796 2.510204081632653 2.693877551020408 3.0 2.2653061224489797 1.4081632653061225 2.326530612244898 2.2653061224489797 2.5714285714285716  
28 86.47853725889445 2.7857142857142856 1.2857142857142858 2.5714285714285716 1.2551020408163265 2.9081632653061225 1.2857142857142858 1.8979591836734695 2.7551020408163267 1.836734693877551 2.7244897959183674 1.7448979591836735 2.9081632653061225 2.8469387755102042 1.683673469387755 2.5714285714285716 1.989795918367347 1.2551020408163265 2.4183673469387754 1.8673469387755102 2.479591836734694 2.816326530612245 1.653061224489796 2.510204081632653 2.693877551020408 3.0 2.2653061224489797 1.4081632653061225 2.326530612244898 2.2653061224489797 2.5714285714285716  
80 166.52676123841033 1.8571428571428572 0.8571428571428571 1.7142857142857142 0.8367346938775511 1.9387755102040816 0.8571428571428571 1.2653061224489797 1.836734693877551 1.2244897959183674 1.816326530612245 1.163265306122449 1.9387755102040816 1.8979591836734695 1.1224489795918366 1.7142857142857142 1.3265306122448979 0.8367346938775511 1.6122448979591837 1.2448979591836735 1.653061224489796 1.8775510204081634 1.1020408163265305 1.6734693877551021 1.7959183673469388 2.0 1.510204081632653 0.9387755102040817 1.5510204081632653 1.510204081632653 1.7142857142857142  
115 210.80942930096037 2.7857142857142856 1.2857142857142858 2.5714285714285716 1.2551020408163265 2.9081632653061225 1.2857142857142858 1.8979591836734695 2.7551020408163267 1.836734693877551 2.7244897959183674 1.7448979591836735 2.9081632653061225 2.8469387755102042 1.683673469387755 2.5714285714285716 1.989795918367347 1.2551020408163265 2.4183673469387754 1.8673469387755102 2.479591836734694 2.816326530612245 1.653061224489796 2.510204081632653 2.693877551020408 3.0 2.2653061224489797 1.4081632653061225 2.326530612244898 2.2653061224489797 2.5714285714285716  
81 146.25947386334175 1.8571428571428572 0.8571428571428571 1.7142857142857142 0.8367346938775511 1.9387755102040816 0.8571428571428571 1.2653061224489797 1.836734693877551 1.2244897959183674 1.816326530612245 1.163265306122449 1.9387755102040816 1.8979591836734695 1.1224489795918366 1.7142857142857142 1.3265306122448979 0.8367346938775511 1.6122448979591837 1.2448979591836735 1.653061224489796 1.8775510204081634 1.1020408163265305 1.6734693877551021 1.7959183673469388 2.0 1.510204081632653 0.9387755102040817 1.5510204081632653 1.510204081632653 1.7142857142857142  
21 213.64328432683942 2.7857142857142856 1.2857142857142858 2.5714285714285716 1.2551020408163265 2.9081632653061225 1.2857142857142858 1.8979591836734695 2.7551020408163267 1.836734693877551 2.7244897959183674 1.7448979591836735 2.9081632653061225 2.8469387755102042 1.683673469387755 2.5714285714285716 1.989795918367347 1.2551020408163265 2.4183673469387754 1.8673469387755102 2.479591836734694 2.816326530612245 1.653061224489796 2.510204081632653 2.693877551020408 3.0 2.2653061224489797 1.4081632653061225 2.326530612244898 2.2653061224489797 2.5714285714285716  
10 219.47303265029237 1.8571428571428572 0.8571428571428571 1.7142857142857142 0.8367346938775511 1.9387755102040816 0.8571428571428571 1.2653061224489797 1.836734693877551 1.2244897959183674 1.816326530612245 1.163265306122449 1.9387755102040816 1.8979591836734695 1.1224489795918366 1.7142857142857142 1.3265306122448979 0.8367346938775511 1.6122448979591837 1.2448979591836735 1.653061224489796 1.8775510204081634 1.1020408163265305 1.6734693877551021 1.7959183673469388 2.0 1.510204081632653 0.9387755102040817 1.5510204081632653 1.510204081632653 1.7142857142857142  
113 246.4716547317774 1.8571428571428572 0.8571428571428571 1.7142857142857142 0.8367346938775511 1.9387755102040816 0.8571428571428571 1.2653061224489797 1.836734693877551 1.2244897959183674 1.816326530612245 1.163265306122449 1.9387755102040816 1.8979591836734695 1.1224489795918366 1.7142857142857142 1.3265306122448979 0.8367346938775511 1.6122448979591837 1.2448979591836735 1.653061224489796 1.8775510204081634 1.1020408163265305 1.6734693877551021 1.7959183673469388 2.0 1.510204081632653 0.9387755102040817 1.5510204081632653 1.510204081632653 1.7142857142857142  
23 160.77715054073252 1.8571428571428572 0.8571428571428571 1.7142857142857142 0.8367346938775511 1.9387755102040816 0.8571428571428571 1.2653061224489797 1.836734693877551 1.2244897959183674 1.816326530612245 1.163265306122449 1.9387755102040816 1.8979591836734695 1.1224489795918366 1.7142857142857142 1.3265306122448979 0.8367346938775511 1.6122448979591837 1.2448979591836735 1.653061224489796 1.8775510204081634 1.1020408163265305 1.6734693877551021 1.7959183673469388 2.0 1.510204081632653 0.9387755102040817 1.5510204081632653 1.510204081632653 1.7142857142857142  
96 74.95493092225493 2.7857142857142856 1.2857142857142858 2.5714285714285716 1.2551020408163265 2.9081632653061225 1.2857142857142858 1.8979591836734695 2.7551020408163267 1.836734693877551 2.7244897959183674 1.7448979591836735 2.9081632653061225 2.8469387755102042 1.683673469387755 2.5714285714285716 1.989795918367347 1.2551020408163265 2.4183673469387754 1.8673469387755102 2.479591836734694 2.816326530612245 1.653061224489796 2.510204081632653 2.693877551020408 3.0 2.2653061224489797 1.4081632653061225 2.326530612244898 2.2653061224489797 2.5714285714285716  
62 268.51859969927517 1.8571428571428572 0.8571428571428571 1.7142857142857142 0.8367346938775511 1.9387755102040816 0.8571428571428571 1.2653061224489797 1.836734693877551 1.2244897959183674 1.816326530612245 1.163265306122449 1.9387755102040816 1.8979591836734695 1.1224489795918366 1.7142857142857142 1.3265306122448979 0.8367346938775511 1.6122448979591837 1.2448979591836735 1.653061224489796 1.8775510204081634 1.1020408163265305 1.6734693877551021 1.7959183673469388 2.0 1.510204081632653 0.9387755102040817 1.5510204081632653 1.510204081632653 1.7142857142857142  
111 368.42265583017354 1.8571428571428572 0.8571428571428571 1.7142857142857142 0.8367346938775511 1.9387755102040816 0.8571428571428571 1.2653061224489797 1.836734693877551 1.2244897959183674 1.816326530612245 1.163265306122449 1.9387755102040816 1.8979591836734695 1.1224489795918366 1.7142857142857142 1.3265306122448979 0.8367346938775511 1.6122448979591837 1.2448979591836735 1.653061224489796 1.8775510204081634 1.1020408163265305 1.6734693877551021 1.7959183673469388 2.0 1.510204081632653 0.9387755102040817 1.5510204081632653 1.510204081632653 1.7142857142857142  
90 187.50231494427945 2.7857142857142856 1.2857142857142858 2.5714285714285716 1.2551020408163265 2.9081632653061225 1.2857142857142858 1.8979591836734695 2.7551020408163267 1.836734693877551 2.7244897959183674 1.7448979591836735 2.9081632653061225 2.8469387755102042 1.683673469387755 2.5714285714285716 1.989795918367347 1.2551020408163265 2.4183673469387754 1.8673469387755102 2.479591836734694 2.816326530612245 1.653061224489796 2.510204081632653 2.693877551020408 3.0 2.2653061224489797 1.4081632653061225 2.326530612244898 2.2653061224489797 2.5714285714285716  
139 35.40954347207496 2.7857142857142856 1.2857142857142858 2.5714285714285716 1.2551020408163265 2.9081632653061225 1.2857142857142858 1.8979591836734695 2.7551020408163267 1.836734693877551 2.7244897959183674 1.7448979591836735 2.9081632653061225 2.8469387755102042 1.683673469387755 2.5714285714285716 1.989795918367347 1.2551020408163265 2.4183673469387754 1.8673469387755102 2.479591836734694 2.816326530612245 1.653061224489796 2.510204081632653 2.693877551020408 3.0 2.2653061224489797 1.4081632653061225 2.326530612244898 2.2653061224489797 2.5714285714285716  
64 131.55240280525197 1.8571428571428572 0.8571428571428571 1.7142857142857142 0.8367346938775511 1.9387755102040816 0.8571428571428571 1.2653061224489797 1.836734693877551 1.2244897959183674 1.816326530612245 1.163265306122449 1.9387755102040816 1.8979591836734695 1.1224489795918366 1.7142857142857142 1.3265306122448979 0.8367346938775511 1.6122448979591837 1.2448979591836735 1.653061224489796 1.8775510204081634 1.1020408163265305 1.6734693877551021 1.7959183673469388 2.0 1.510204081632653 0.9387755102040817 1.5510204081632653 1.510204081632653 1.7142857142857142  
43 133.93722813944487 2.7857142857142856 1.2857142857142858 2.5714285714285716 1.2551020408163265 2.9081632653061225 1.2857142857142858 1.8979591836734695 2.7551020408163267 1.836734693877551 2.7244897959183674 1.7448979591836735 2.9081632653061225 2.8469387755102042 1.683673469387755 2.5714285714285716 1.989795918367347 1.2551020408163265 2.4183673469387754 1.8673469387755102 2.479591836734694 2.816326530612245 1.653061224489796 2.510204081632653 2.693877551020408 3.0 2.2653061224489797 1.4081632653061225 2.326530612244898 2.2653061224489797 2.5714285714285716  
34 42.68236984582935 2.7857142857142856 1.2857142857142858 2.5714285714285716 1.2551020408163265 2.9081632653061225 1.2857142857142858 1.8979591836734695 2.7551020408163267 1.836734693877551 2.7244897959183674 1.7448979591836735 2.9081632653061225 2.8469387755102042 1.683673469387755 2.5714285714285716 1.989795918367347 1.2551020408163265 2.4183673469387754 1.8673469387755102 2.479591836734694 2.816326530612245 1.653061224489796 2.510204081632653 2.693877551020408 3.0 2.2653061224489797 1.4081632653061225 2.326530612244898 2.2653061224489797 2.5714285714285716  
75 82.71229538962092 2.7857142857142856 1.2857142857142858 2.5714285714285716 1.2551020408163265 2.9081632653061225 1.2857142857142858 1.8979591836734695 2.7551020408163267 1.836734693877551 2.7244897959183674 1.7448979591836735 2.9081632653061225 2.8469387755102042 1.683673469387755 2.5714285714285716 1.989795918367347 1.2551020408163265 2.4183673469387754 1.8673469387755102 2.479591836734694 2.816326530612245 1.653061224489796 2.510204081632653 2.693877551020408 3.0 2.2653061224489797 1.4081632653061225 2.326530612244898 2.2653061224489797 2.5714285714285716  
123 238.00645696585048 2.7857142857142856 1.2857142857142858 2.5714285714285716 1.2551020408163265 2.9081632653061225 1.2857142857142858 1.8979591836734695 2.7551020408163267 1.836734693877551 2.7244897959183674 1.7448979591836735 2.9081632653061225 2.8469387755102042 1.683673469387755 2.5714285714285716 1.989795918367347 1.2551020408163265 2.4183673469387754 1.8673469387755102 2.479591836734694 2.816326530612245 1.653061224489796 2.510204081632653 2.693877551020408 3.0 2.2653061224489797 1.4081632653061225 2.326530612244898 2.2653061224489797 2.5714285714285716  
67 104.54640511580142 2.7857142857142856 1.2857142857142858 2.5714285714285716 1.2551020408163265 2.9081632653061225 1.2857142857142858 1.8979591836734695 2.7551020408163267 1.836734693877551 2.7244897959183674 1.7448979591836735 2.9081632653061225 2.8469387755102042 1.683673469387755 2.5714285714285716 1.989795918367347 1.2551020408163265 2.4183673469387754 1.8673469387755102 2.479591836734694 2.816326530612245 1.653061224489796 2.510204081632653 2.693877551020408 3.0 2.2653061224489797 1.4081632653061225 2.326530612244898 2.2653061224489797 2.5714285714285716  
