60 10
TREE NETWORK (nID nID Weight):
1 0 50.0 
48 0 54.0 
2 1 33.0 
3 2 33.0 
49 0 46.0 
4 2 40.0 
20 1 32.0 
21 20 45.0 
42 1 53.0 
22 21 52.0 
5 4 45.0 
6 5 36.0 
38 20 40.0 
14 2 55.0 
50 49 40.0 
30 21 58.0 
51 50 33.0 
35 21 43.0 
23 22 38.0 
39 38 39.0 
44 1 56.0 
45 1 54.0 
46 45 42.0 
31 30 45.0 
7 6 49.0 
52 51 43.0 
53 52 39.0 
55 50 54.0 
36 35 46.0 
16 2 45.0 
11 6 58.0 
17 16 55.0 
15 14 57.0 
57 50 31.0 
24 23 34.0 
37 36 52.0 
8 7 58.0 
41 20 39.0 
58 57 51.0 
32 31 46.0 
25 23 33.0 
43 42 47.0 
33 32 43.0 
54 51 49.0 
59 57 53.0 
56 55 58.0 
40 38 48.0 
12 6 34.0 
26 25 50.0 
18 16 55.0 
34 30 42.0 
13 6 53.0 
19 16 31.0 
27 26 40.0 
9 8 50.0 
10 7 35.0 
29 23 39.0 
47 1 39.0 
28 25 53.0 
PROGRAMS ASSIGNED TO NODES (nID pID1 pID2 ...):
0 1 2 3 4 5 6 7 8 9 10  
2 2 4 5 6 7 10  
57  
27 2  
56 3 10  
49 1 2 3 4 6 7 8 9 10  
48 6 10  
40 1 2 3 4 5 7 8 9 10  
23 3 5 6 7  
50 1 3 4 6 7  
10 1 9  
5 5 7 8 9  
42 1 6  
44 1 2 4 6 8 9  
35 1 2 3 4 8 9 10  
19 7  
1  
8 2 3 5 6 7 8 10  
43 5 6 7  
26 3 4 5 7 8 9  
52 5 6  
39  
21 4 5 6 8 9 10  
6 2 3 5 8 10  
20 3 9 10  
14 3 4 5 6 9  
47 1 3 5 8 9  
51 4 6 9 10  
29 3 4 5 7 8 9 10  
58 3  
55 1 2 7 10  
7 1 2 3 5 6 7 8 9  
13 1 2 3 8 9 10  
24 3 4 7 9 10  
30 4 5 6 7 9 10  
4 1 2 4 5 6 7 8 10  
11 5 10  
31 2 3 4 5 6 8 10  
41 1 2 4 5 8  
45  
3 1 2 3 4 6 7 8 9 10  
53 1 2  
12 1 2 3 4 5 7 9 10  
46 1 2 3 4 6 8 9 10  
16 1  
28 1 2 3 4 5 7 8 9 10  
34 9  
36  
38 3 5 6 7  
32 4 5 6 10  
17 2 10  
33 4 5 6 8 9 10  
54 1 2 4 6 7 9  
18 2 3 5 7 9  
25 6  
9 1 6 7 8 9  
22 1 3 4 6 9 10  
15 1 2 4 6 7 8 9 10  
59  
37 1 4 6 8  
SIZE OF PROGRAMS (pID SIZE):
1 86.0 
2 63.0 
3 51.0 
4 80.0 
5 87.0 
6 93.0 
7 77.0 
8 84.0 
9 96.0 
10 42.0 
COST_INSTALL_SERVER_AND_PROGRAMS :
0 2581.25 1.7916666666666667 1.3125 1.0625 1.6666666666666667 1.8125 1.9375 1.6041666666666667 1.75 2.0 0.875  
2 47.93315487490808 1.7916666666666667 1.3125 1.0625 1.6666666666666667 1.8125 1.9375 1.6041666666666667 1.75 2.0 0.875  
57 3.955945103274738 1.7916666666666667 1.3125 1.0625 1.6666666666666667 1.8125 1.9375 1.6041666666666667 1.75 2.0 0.875  
27 13.392376945758441 1.7916666666666667 1.3125 1.0625 1.6666666666666667 1.8125 1.9375 1.6041666666666667 1.75 2.0 0.875  
56 11.228447551707735 2.6875 1.96875 1.59375 2.5 2.71875 2.90625 2.40625 2.625 3.0 1.3125  
49 14.110199235511356 1.7916666666666667 1.3125 1.0625 1.6666666666666667 1.8125 1.9375 1.6041666666666667 1.75 2.0 0.875  
48 0.18665188220648332 2.6875 1.96875 1.59375 2.5 2.71875 2.90625 2.40625 2.625 3.0 1.3125  
40 52.03582512298982 2.6875 1.96875 1.59375 2.5 2.71875 2.90625 2.40625 2.625 3.0 1.3125  
23 90.15015496981144 1.7916666666666667 1.3125 1.0625 1.6666666666666667 1.8125 1.9375 1.6041666666666667 1.75 2.0 0.875  
50 45.99856455092083 2.6875 1.96875 1.59375 2.5 2.71875 2.90625 2.40625 2.625 3.0 1.3125  
10 27.10853033977627 1.7916666666666667 1.3125 1.0625 1.6666666666666667 1.8125 1.9375 1.6041666666666667 1.75 2.0 0.875  
5 54.74951928180376 2.6875 1.96875 1.59375 2.5 2.71875 2.90625 2.40625 2.625 3.0 1.3125  
42 6.872280264519919 1.7916666666666667 1.3125 1.0625 1.6666666666666667 1.8125 1.9375 1.6041666666666667 1.75 2.0 0.875  
44 17.584594492179058 2.6875 1.96875 1.59375 2.5 2.71875 2.90625 2.40625 2.625 3.0 1.3125  
35 66.03371378479005 2.6875 1.96875 1.59375 2.5 2.71875 2.90625 2.40625 2.625 3.0 1.3125  
19 5.207540301582157 1.7916666666666667 1.3125 1.0625 1.6666666666666667 1.8125 1.9375 1.6041666666666667 1.75 2.0 0.875  
1 17.56695767525155 1.7916666666666667 1.3125 1.0625 1.6666666666666667 1.8125 1.9375 1.6041666666666667 1.75 2.0 0.875  
8 76.17454989553885 2.6875 1.96875 1.59375 2.5 2.71875 2.90625 2.40625 2.625 3.0 1.3125  
43 10.726151255697589 2.6875 1.96875 1.59375 2.5 2.71875 2.90625 2.40625 2.625 3.0 1.3125  
26 140.8393194458845 2.6875 1.96875 1.59375 2.5 2.71875 2.90625 2.40625 2.625 3.0 1.3125  
52 16.564438067735196 2.6875 1.96875 1.59375 2.5 2.71875 2.90625 2.40625 2.625 3.0 1.3125  
39 537.0 1.7916666666666667 1.3125 1.0625 1.6666666666666667 1.8125 1.9375 1.6041666666666667 1.75 2.0 0.875  
21 57.005720666793124 1.7916666666666667 1.3125 1.0625 1.6666666666666667 1.8125 1.9375 1.6041666666666667 1.75 2.0 0.875  
6 95.4456407296739 2.6875 1.96875 1.59375 2.5 2.71875 2.90625 2.40625 2.625 3.0 1.3125  
20 32.62973702944993 1.7916666666666667 1.3125 1.0625 1.6666666666666667 1.8125 1.9375 1.6041666666666667 1.75 2.0 0.875  
14 78.07032082553997 1.7916666666666667 1.3125 1.0625 1.6666666666666667 1.8125 1.9375 1.6041666666666667 1.75 2.0 0.875  
47 14.005781495659491 2.6875 1.96875 1.59375 2.5 2.71875 2.90625 2.40625 2.625 3.0 1.3125  
51 35.21666501973974 2.6875 1.96875 1.59375 2.5 2.71875 2.90625 2.40625 2.625 3.0 1.3125  
29 40.91974328616441 2.6875 1.96875 1.59375 2.5 2.71875 2.90625 2.40625 2.625 3.0 1.3125  
58 6.4671041222429 2.6875 1.96875 1.59375 2.5 2.71875 2.90625 2.40625 2.625 3.0 1.3125  
55 16.855696344975673 1.7916666666666667 1.3125 1.0625 1.6666666666666667 1.8125 1.9375 1.6041666666666667 1.75 2.0 0.875  
7 142.50369468228666 1.7916666666666667 1.3125 1.0625 1.6666666666666667 1.8125 1.9375 1.6041666666666667 1.75 2.0 0.875  
13 53.84370981759849 2.6875 1.96875 1.59375 2.5 2.71875 2.90625 2.40625 2.625 3.0 1.3125  
24 78.32125514509859 2.6875 1.96875 1.59375 2.5 2.71875 2.90625 2.40625 2.625 3.0 1.3125  
30 47.48517234235506 1.7916666666666667 1.3125 1.0625 1.6666666666666667 1.8125 1.9375 1.6041666666666667 1.75 2.0 0.875  
4 51.672166393821044 1.7916666666666667 1.3125 1.0625 1.6666666666666667 1.8125 1.9375 1.6041666666666667 1.75 2.0 0.875  
11 23.20732739553766 1.7916666666666667 1.3125 1.0625 1.6666666666666667 1.8125 1.9375 1.6041666666666667 1.75 2.0 0.875  
31 104.44749350883626 2.6875 1.96875 1.59375 2.5 2.71875 2.90625 2.40625 2.625 3.0 1.3125  
41 40.62464008053537 2.6875 1.96875 1.59375 2.5 2.71875 2.90625 2.40625 2.625 3.0 1.3125  
45 13.120469748152813 1.7916666666666667 1.3125 1.0625 1.6666666666666667 1.8125 1.9375 1.6041666666666667 1.75 2.0 0.875  
3 77.72083855478357 2.6875 1.96875 1.59375 2.5 2.71875 2.90625 2.40625 2.625 3.0 1.3125  
53 22.491214856690764 2.6875 1.96875 1.59375 2.5 2.71875 2.90625 2.40625 2.625 3.0 1.3125  
12 83.4780803590954 2.6875 1.96875 1.59375 2.5 2.71875 2.90625 2.40625 2.625 3.0 1.3125  
46 50.790503722576126 1.7916666666666667 1.3125 1.0625 1.6666666666666667 1.8125 1.9375 1.6041666666666667 1.75 2.0 0.875  
16 38.17532731894089 2.6875 1.96875 1.59375 2.5 2.71875 2.90625 2.40625 2.625 3.0 1.3125  
28 145.73955902985085 2.6875 1.96875 1.59375 2.5 2.71875 2.90625 2.40625 2.625 3.0 1.3125  
34 11.197221834751309 1.7916666666666667 1.3125 1.0625 1.6666666666666667 1.8125 1.9375 1.6041666666666667 1.75 2.0 0.875  
36 48.832601948407046 2.6875 1.96875 1.59375 2.5 2.71875 2.90625 2.40625 2.625 3.0 1.3125  
38 84.96442590834828 1.7916666666666667 1.3125 1.0625 1.6666666666666667 1.8125 1.9375 1.6041666666666667 1.75 2.0 0.875  
32 94.15161685157247 1.7916666666666667 1.3125 1.0625 1.6666666666666667 1.8125 1.9375 1.6041666666666667 1.75 2.0 0.875  
17 8.804544499505786 1.7916666666666667 1.3125 1.0625 1.6666666666666667 1.8125 1.9375 1.6041666666666667 1.75 2.0 0.875  
33 96.21172839172502 2.6875 1.96875 1.59375 2.5 2.71875 2.90625 2.40625 2.625 3.0 1.3125  
54 68.21803051954096 1.7916666666666667 1.3125 1.0625 1.6666666666666667 1.8125 1.9375 1.6041666666666667 1.75 2.0 0.875  
18 29.077871870873096 2.6875 1.96875 1.59375 2.5 2.71875 2.90625 2.40625 2.625 3.0 1.3125  
25 111.10161397102642 1.7916666666666667 1.3125 1.0625 1.6666666666666667 1.8125 1.9375 1.6041666666666667 1.75 2.0 0.875  
9 76.31988329989633 2.6875 1.96875 1.59375 2.5 2.71875 2.90625 2.40625 2.625 3.0 1.3125  
22 114.61224091969491 2.6875 1.96875 1.59375 2.5 2.71875 2.90625 2.40625 2.625 3.0 1.3125  
15 59.587484613081564 1.7916666666666667 1.3125 1.0625 1.6666666666666667 1.8125 1.9375 1.6041666666666667 1.75 2.0 0.875  
59 390.0 1.7916666666666667 1.3125 1.0625 1.6666666666666667 1.8125 1.9375 1.6041666666666667 1.75 2.0 0.875  
37 79.53912410754819 1.7916666666666667 1.3125 1.0625 1.6666666666666667 1.8125 1.9375 1.6041666666666667 1.75 2.0 0.875  
