80 10
TREE NETWORK (nID nID Weight):
1 0 58.0 
2 1 49.0 
3 2 57.0 
4 3 56.0 
45 0 30.0 
28 1 34.0 
37 1 48.0 
46 45 42.0 
22 2 43.0 
47 46 55.0 
48 47 59.0 
52 46 57.0 
29 28 32.0 
34 28 32.0 
69 0 54.0 
70 69 36.0 
57 45 49.0 
76 69 41.0 
5 3 31.0 
11 3 34.0 
6 5 59.0 
49 47 44.0 
63 45 35.0 
42 1 42.0 
71 70 39.0 
72 71 49.0 
23 22 51.0 
30 29 37.0 
7 6 57.0 
24 23 51.0 
58 57 48.0 
79 0 33.0 
8 7 48.0 
65 45 30.0 
17 3 48.0 
31 29 35.0 
10 5 37.0 
25 24 45.0 
43 1 49.0 
59 57 57.0 
38 37 57.0 
12 11 56.0 
15 11 46.0 
73 71 36.0 
18 17 39.0 
78 69 30.0 
67 45 32.0 
19 18 44.0 
39 38 49.0 
54 46 36.0 
55 46 56.0 
64 63 47.0 
40 38 42.0 
68 67 46.0 
60 59 51.0 
74 71 39.0 
50 49 39.0 
44 1 38.0 
21 18 30.0 
26 23 33.0 
61 60 45.0 
32 31 39.0 
77 76 57.0 
62 61 38.0 
20 19 56.0 
35 34 36.0 
13 12 35.0 
56 55 51.0 
33 32 56.0 
53 52 50.0 
27 26 37.0 
16 11 33.0 
41 38 56.0 
75 74 49.0 
9 6 42.0 
36 28 59.0 
51 49 56.0 
66 65 45.0 
14 13 54.0 
PROGRAMS ASSIGNED TO NODES (nID pID1 pID2 ...):
0 1 2 3 4 5 6 7 8 9 10  
8 5 7 10  
5 8 9  
45 5  
29 2 3 9 10  
77 1 3 4 5 6 7 8 10  
78 1 6 10  
52 1 5  
36 1 3 4 5 6 7 8 9 10  
68 2 3 6 8 9 10  
33 1 2 5 10  
1 2 4 5 6 7 9 10  
3 1 3 4 5 6 7 8 9 10  
57 2 3 4 5 6 7 8 9 10  
79 1 2 4 5 6 8 9 10  
62 1 3 4 5 6 8 10  
22 2 3 4 5 6 7 8 10  
31 2 3 4 5 6 8 9  
13 1 3 4 7 8  
73 6 9 10  
69  
76 1 7  
28 2 3 4 7  
42 1 6 9  
39  
32 1 3 4 6 9  
18 1 4  
25 4 8  
11 1 3 5 7 8 9  
75 3 5 7 8 9  
64 1 2 3 4 6 7 9 10  
35 1 2 4 5 6 7 8 9 10  
61 6 9  
43 6 8  
44 6  
17 1 2 5  
6 3 5 7  
48 1 3 4 5 6 8 9 10  
7 2 3 5 6 7 8  
21 1 2 3 4 5 6  
15 2 4 5 7  
65 2 3 4 5 6 7 8  
72 1 2 7 9 10  
54 2 3 4 5 7 8 10  
24  
66 1 2 3 5 7 8 10  
38 8 10  
53 1 2 4 6 7 8 9 10  
50 2 3 4 5 6 7 8 9 10  
41 2 3 4 6 10  
63 3 4 5 6 8 9  
10 1 3 9  
20 1 3 5 6 7 8 9  
2  
23 2 4 6 7 8 10  
55 2 3 6 7 8 9 10  
9 1 2 3 4 5 6 7 9 10  
46 7 9  
26 1 2 5 7 8 10  
30 1 2 3 4 5 7 8 9 10  
56 1 2 3 4 6 7 10  
60 1 2 3 4 5 6 7 8 10  
71 1 3  
14 4 5 7 9  
37  
49 3  
58  
51 2 5 6 7 9  
59 3 4 7 8  
34 1 2 3 4 5 8  
27 2 4 5 6 7 8 9 10  
67 2 3 4 5 7 9 10  
12 1 2 3 5 6 7 10  
19 1 2 4 6 7 8 9 10  
74 1 2 3 5 6 7 10  
16 1 2 4 5 7 8 9  
4 2 3 5 8 9  
47 1 3 6  
70 3 4 8 10  
40 1 2 4  
SIZE OF PROGRAMS (pID SIZE):
1 51.0 
2 53.0 
3 98.0 
4 65.0 
5 62.0 
6 53.0 
7 45.0 
8 49.0 
9 47.0 
10 51.0 
COST_INSTALL_SERVER_AND_PROGRAMS :
0 2171.4285714285716 1.0408163265306123 1.0816326530612246 2.0 1.3265306122448979 1.2653061224489797 1.0816326530612246 0.9183673469387755 1.0 0.9591836734693877 1.0408163265306123  
8 22.154008055875337 1.0408163265306123 1.0816326530612246 2.0 1.3265306122448979 1.2653061224489797 1.0816326530612246 0.9183673469387755 1.0 0.9591836734693877 1.0408163265306123  
5 37.14111020575656 1.5612244897959184 1.6224489795918366 3.0 1.989795918367347 1.8979591836734695 1.6224489795918366 1.3775510204081634 1.5 1.4387755102040816 1.5612244897959184  
45 12.227908197715008 1.0408163265306123 1.0816326530612246 2.0 1.3265306122448979 1.2653061224489797 1.0816326530612246 0.9183673469387755 1.0 0.9591836734693877 1.0408163265306123  
29 25.998343437408394 1.5612244897959184 1.6224489795918366 3.0 1.989795918367347 1.8979591836734695 1.6224489795918366 1.3775510204081634 1.5 1.4387755102040816 1.5612244897959184  
77 21.801431286964025 1.5612244897959184 1.6224489795918366 3.0 1.989795918367347 1.8979591836734695 1.6224489795918366 1.3775510204081634 1.5 1.4387755102040816 1.5612244897959184  
78 3.530403958683659 1.0408163265306123 1.0816326530612246 2.0 1.3265306122448979 1.2653061224489797 1.0816326530612246 0.9183673469387755 1.0 0.9591836734693877 1.0408163265306123  
52 23.05427772494256 1.5612244897959184 1.6224489795918366 3.0 1.989795918367347 1.8979591836734695 1.6224489795918366 1.3775510204081634 1.5 1.4387755102040816 1.5612244897959184  
36 35.81114058185883 1.5612244897959184 1.6224489795918366 3.0 1.989795918367347 1.8979591836734695 1.6224489795918366 1.3775510204081634 1.5 1.4387755102040816 1.5612244897959184  
68 29.155937849352295 1.0408163265306123 1.0816326530612246 2.0 1.3265306122448979 1.2653061224489797 1.0816326530612246 0.9183673469387755 1.0 0.9591836734693877 1.0408163265306123  
33 41.366688995610616 1.5612244897959184 1.6224489795918366 3.0 1.989795918367347 1.8979591836734695 1.6224489795918366 1.3775510204081634 1.5 1.4387755102040816 1.5612244897959184  
1 5.257572850192781 1.0408163265306123 1.0816326530612246 2.0 1.3265306122448979 1.2653061224489797 1.0816326530612246 0.9183673469387755 1.0 0.9591836734693877 1.0408163265306123  
3 24.907961323213986 1.0408163265306123 1.0816326530612246 2.0 1.3265306122448979 1.2653061224489797 1.0816326530612246 0.9183673469387755 1.0 0.9591836734693877 1.0408163265306123  
57 24.19917956581556 1.0408163265306123 1.0816326530612246 2.0 1.3265306122448979 1.2653061224489797 1.0816326530612246 0.9183673469387755 1.0 0.9591836734693877 1.0408163265306123  
79 6.733694900728547 1.5612244897959184 1.6224489795918366 3.0 1.989795918367347 1.8979591836734695 1.6224489795918366 1.3775510204081634 1.5 1.4387755102040816 1.5612244897959184  
62 62.03735582396261 1.5612244897959184 1.6224489795918366 3.0 1.989795918367347 1.8979591836734695 1.6224489795918366 1.3775510204081634 1.5 1.4387755102040816 1.5612244897959184  
22 44.2803478526467 1.5612244897959184 1.6224489795918366 3.0 1.989795918367347 1.8979591836734695 1.6224489795918366 1.3775510204081634 1.5 1.4387755102040816 1.5612244897959184  
31 42.83732830762587 1.0408163265306123 1.0816326530612246 2.0 1.3265306122448979 1.2653061224489797 1.0816326530612246 0.9183673469387755 1.0 0.9591836734693877 1.0408163265306123  
13 47.252941753015335 1.5612244897959184 1.6224489795918366 3.0 1.989795918367347 1.8979591836734695 1.6224489795918366 1.3775510204081634 1.5 1.4387755102040816 1.5612244897959184  
73 22.148956180465238 1.0408163265306123 1.0816326530612246 2.0 1.3265306122448979 1.2653061224489797 1.0816326530612246 0.9183673469387755 1.0 0.9591836734693877 1.0408163265306123  
69 8.465912450852365 1.0408163265306123 1.0816326530612246 2.0 1.3265306122448979 1.2653061224489797 1.0816326530612246 0.9183673469387755 1.0 0.9591836734693877 1.0408163265306123  
76 11.078470202301759 1.0408163265306123 1.0816326530612246 2.0 1.3265306122448979 1.2653061224489797 1.0816326530612246 0.9183673469387755 1.0 0.9591836734693877 1.0408163265306123  
28 21.850033889823663 1.0408163265306123 1.0816326530612246 2.0 1.3265306122448979 1.2653061224489797 1.0816326530612246 0.9183673469387755 1.0 0.9591836734693877 1.0408163265306123  
42 9.061212742437242 1.0408163265306123 1.0816326530612246 2.0 1.3265306122448979 1.2653061224489797 1.0816326530612246 0.9183673469387755 1.0 0.9591836734693877 1.0408163265306123  
39 108.0 1.5612244897959184 1.6224489795918366 3.0 1.989795918367347 1.8979591836734695 1.6224489795918366 1.3775510204081634 1.5 1.4387755102040816 1.5612244897959184  
32 90.43246161252443 1.0408163265306123 1.0816326530612246 2.0 1.3265306122448979 1.2653061224489797 1.0816326530612246 0.9183673469387755 1.0 0.9591836734693877 1.0408163265306123  
18 59.23799155315839 1.5612244897959184 1.6224489795918366 3.0 1.989795918367347 1.8979591836734695 1.6224489795918366 1.3775510204081634 1.5 1.4387755102040816 1.5612244897959184  
25 19.971413528470666 1.0408163265306123 1.0816326530612246 2.0 1.3265306122448979 1.2653061224489797 1.0816326530612246 0.9183673469387755 1.0 0.9591836734693877 1.0408163265306123  
11 35.89405894774854 1.0408163265306123 1.0816326530612246 2.0 1.3265306122448979 1.2653061224489797 1.0816326530612246 0.9183673469387755 1.0 0.9591836734693877 1.0408163265306123  
75 23.12865094379291 1.0408163265306123 1.0816326530612246 2.0 1.3265306122448979 1.2653061224489797 1.0816326530612246 0.9183673469387755 1.0 0.9591836734693877 1.0408163265306123  
64 20.993921796881157 1.5612244897959184 1.6224489795918366 3.0 1.989795918367347 1.8979591836734695 1.6224489795918366 1.3775510204081634 1.5 1.4387755102040816 1.5612244897959184  
35 51.97138870242914 1.5612244897959184 1.6224489795918366 3.0 1.989795918367347 1.8979591836734695 1.6224489795918366 1.3775510204081634 1.5 1.4387755102040816 1.5612244897959184  
61 56.62268043914241 1.5612244897959184 1.6224489795918366 3.0 1.989795918367347 1.8979591836734695 1.6224489795918366 1.3775510204081634 1.5 1.4387755102040816 1.5612244897959184  
43 2.449518529980813 1.5612244897959184 1.6224489795918366 3.0 1.989795918367347 1.8979591836734695 1.6224489795918366 1.3775510204081634 1.5 1.4387755102040816 1.5612244897959184  
44 1.629488576005342 1.5612244897959184 1.6224489795918366 3.0 1.989795918367347 1.8979591836734695 1.6224489795918366 1.3775510204081634 1.5 1.4387755102040816 1.5612244897959184  
17 43.065315752314085 1.5612244897959184 1.6224489795918366 3.0 1.989795918367347 1.8979591836734695 1.6224489795918366 1.3775510204081634 1.5 1.4387755102040816 1.5612244897959184  
6 71.98987338080813 1.0408163265306123 1.0816326530612246 2.0 1.3265306122448979 1.2653061224489797 1.0816326530612246 0.9183673469387755 1.0 0.9591836734693877 1.0408163265306123  
48 63.627513160446604 1.5612244897959184 1.6224489795918366 3.0 1.989795918367347 1.8979591836734695 1.6224489795918366 1.3775510204081634 1.5 1.4387755102040816 1.5612244897959184  
7 46.513237346396345 1.5612244897959184 1.6224489795918366 3.0 1.989795918367347 1.8979591836734695 1.6224489795918366 1.3775510204081634 1.5 1.4387755102040816 1.5612244897959184  
21 80.01186848590537 1.5612244897959184 1.6224489795918366 3.0 1.989795918367347 1.8979591836734695 1.6224489795918366 1.3775510204081634 1.5 1.4387755102040816 1.5612244897959184  
15 24.203883046984565 1.5612244897959184 1.6224489795918366 3.0 1.989795918367347 1.8979591836734695 1.6224489795918366 1.3775510204081634 1.5 1.4387755102040816 1.5612244897959184  
65 43.5386846375569 1.5612244897959184 1.6224489795918366 3.0 1.989795918367347 1.8979591836734695 1.6224489795918366 1.3775510204081634 1.5 1.4387755102040816 1.5612244897959184  
72 21.860539582315276 1.0408163265306123 1.0816326530612246 2.0 1.3265306122448979 1.2653061224489797 1.0816326530612246 0.9183673469387755 1.0 0.9591836734693877 1.0408163265306123  
54 32.29283152652519 1.0408163265306123 1.0816326530612246 2.0 1.3265306122448979 1.2653061224489797 1.0816326530612246 0.9183673469387755 1.0 0.9591836734693877 1.0408163265306123  
24 10.071197329934096 1.0408163265306123 1.0816326530612246 2.0 1.3265306122448979 1.2653061224489797 1.0816326530612246 0.9183673469387755 1.0 0.9591836734693877 1.0408163265306123  
66 56.840225722057035 1.0408163265306123 1.0816326530612246 2.0 1.3265306122448979 1.2653061224489797 1.0816326530612246 0.9183673469387755 1.0 0.9591836734693877 1.0408163265306123  
38 32.482500945942654 1.5612244897959184 1.6224489795918366 3.0 1.989795918367347 1.8979591836734695 1.6224489795918366 1.3775510204081634 1.5 1.4387755102040816 1.5612244897959184  
53 41.93149974184007 1.0408163265306123 1.0816326530612246 2.0 1.3265306122448979 1.2653061224489797 1.0816326530612246 0.9183673469387755 1.0 0.9591836734693877 1.0408163265306123  
50 40.50922671030739 1.0408163265306123 1.0816326530612246 2.0 1.3265306122448979 1.2653061224489797 1.0816326530612246 0.9183673469387755 1.0 0.9591836734693877 1.0408163265306123  
41 26.200935065591317 1.0408163265306123 1.0816326530612246 2.0 1.3265306122448979 1.2653061224489797 1.0816326530612246 0.9183673469387755 1.0 0.9591836734693877 1.0408163265306123  
63 19.825400902277234 1.5612244897959184 1.6224489795918366 3.0 1.989795918367347 1.8979591836734695 1.6224489795918366 1.3775510204081634 1.5 1.4387755102040816 1.5612244897959184  
10 33.830672561383054 1.0408163265306123 1.0816326530612246 2.0 1.3265306122448979 1.2653061224489797 1.0816326530612246 0.9183673469387755 1.0 0.9591836734693877 1.0408163265306123  
20 51.504121066637126 1.0408163265306123 1.0816326530612246 2.0 1.3265306122448979 1.2653061224489797 1.0816326530612246 0.9183673469387755 1.0 0.9591836734693877 1.0408163265306123  
2 16.267197263323787 1.5612244897959184 1.6224489795918366 3.0 1.989795918367347 1.8979591836734695 1.6224489795918366 1.3775510204081634 1.5 1.4387755102040816 1.5612244897959184  
23 59.89235576606096 1.5612244897959184 1.6224489795918366 3.0 1.989795918367347 1.8979591836734695 1.6224489795918366 1.3775510204081634 1.5 1.4387755102040816 1.5612244897959184  
55 58.591703753632636 1.5612244897959184 1.6224489795918366 3.0 1.989795918367347 1.8979591836734695 1.6224489795918366 1.3775510204081634 1.5 1.4387755102040816 1.5612244897959184  
9 98.3639243831676 1.5612244897959184 1.6224489795918366 3.0 1.989795918367347 1.8979591836734695 1.6224489795918366 1.3775510204081634 1.5 1.4387755102040816 1.5612244897959184  
46 32.66305515275798 1.5612244897959184 1.6224489795918366 3.0 1.989795918367347 1.8979591836734695 1.6224489795918366 1.3775510204081634 1.5 1.4387755102040816 1.5612244897959184  
26 58.144582280295914 1.0408163265306123 1.0816326530612246 2.0 1.3265306122448979 1.2653061224489797 1.0816326530612246 0.9183673469387755 1.0 0.9591836734693877 1.0408163265306123  
30 56.989177474903435 1.5612244897959184 1.6224489795918366 3.0 1.989795918367347 1.8979591836734695 1.6224489795918366 1.3775510204081634 1.5 1.4387755102040816 1.5612244897959184  
56 45.30439499490157 1.5612244897959184 1.6224489795918366 3.0 1.989795918367347 1.8979591836734695 1.6224489795918366 1.3775510204081634 1.5 1.4387755102040816 1.5612244897959184  
60 31.39396823668322 1.5612244897959184 1.6224489795918366 3.0 1.989795918367347 1.8979591836734695 1.6224489795918366 1.3775510204081634 1.5 1.4387755102040816 1.5612244897959184  
71 51.48408964733438 1.5612244897959184 1.6224489795918366 3.0 1.989795918367347 1.8979591836734695 1.6224489795918366 1.3775510204081634 1.5 1.4387755102040816 1.5612244897959184  
14 44.30108461031493 1.5612244897959184 1.6224489795918366 3.0 1.989795918367347 1.8979591836734695 1.6224489795918366 1.3775510204081634 1.5 1.4387755102040816 1.5612244897959184  
37 9.776185790304538 1.0408163265306123 1.0816326530612246 2.0 1.3265306122448979 1.2653061224489797 1.0816326530612246 0.9183673469387755 1.0 0.9591836734693877 1.0408163265306123  
49 57.173375152931584 1.0408163265306123 1.0816326530612246 2.0 1.3265306122448979 1.2653061224489797 1.0816326530612246 0.9183673469387755 1.0 0.9591836734693877 1.0408163265306123  
58 495.0 1.0408163265306123 1.0816326530612246 2.0 1.3265306122448979 1.2653061224489797 1.0816326530612246 0.9183673469387755 1.0 0.9591836734693877 1.0408163265306123  
51 17.59202560670994 1.5612244897959184 1.6224489795918366 3.0 1.989795918367347 1.8979591836734695 1.6224489795918366 1.3775510204081634 1.5 1.4387755102040816 1.5612244897959184  
59 50.55021299981369 1.0408163265306123 1.0816326530612246 2.0 1.3265306122448979 1.2653061224489797 1.0816326530612246 0.9183673469387755 1.0 0.9591836734693877 1.0408163265306123  
34 60.28449153329698 1.0408163265306123 1.0816326530612246 2.0 1.3265306122448979 1.2653061224489797 1.0816326530612246 0.9183673469387755 1.0 0.9591836734693877 1.0408163265306123  
27 63.90267420270838 1.5612244897959184 1.6224489795918366 3.0 1.989795918367347 1.8979591836734695 1.6224489795918366 1.3775510204081634 1.5 1.4387755102040816 1.5612244897959184  
67 31.6242252243829 1.0408163265306123 1.0816326530612246 2.0 1.3265306122448979 1.2653061224489797 1.0816326530612246 0.9183673469387755 1.0 0.9591836734693877 1.0408163265306123  
12 82.43278261598398 1.0408163265306123 1.0816326530612246 2.0 1.3265306122448979 1.2653061224489797 1.0816326530612246 0.9183673469387755 1.0 0.9591836734693877 1.0408163265306123  
19 37.84971433303478 1.5612244897959184 1.6224489795918366 3.0 1.989795918367347 1.8979591836734695 1.6224489795918366 1.3775510204081634 1.5 1.4387755102040816 1.5612244897959184  
74 33.61143893623266 1.0408163265306123 1.0816326530612246 2.0 1.3265306122448979 1.2653061224489797 1.0816326530612246 0.9183673469387755 1.0 0.9591836734693877 1.0408163265306123  
16 53.36415366872692 1.5612244897959184 1.6224489795918366 3.0 1.989795918367347 1.8979591836734695 1.6224489795918366 1.3775510204081634 1.5 1.4387755102040816 1.5612244897959184  
4 30.306590591872826 1.0408163265306123 1.0816326530612246 2.0 1.3265306122448979 1.2653061224489797 1.0816326530612246 0.9183673469387755 1.0 0.9591836734693877 1.0408163265306123  
47 56.982514788137124 1.0408163265306123 1.0816326530612246 2.0 1.3265306122448979 1.2653061224489797 1.0816326530612246 0.9183673469387755 1.0 0.9591836734693877 1.0408163265306123  
70 24.998350732870822 1.0408163265306123 1.0816326530612246 2.0 1.3265306122448979 1.2653061224489797 1.0816326530612246 0.9183673469387755 1.0 0.9591836734693877 1.0408163265306123  
40 21.316129920895335 1.0408163265306123 1.0816326530612246 2.0 1.3265306122448979 1.2653061224489797 1.0816326530612246 0.9183673469387755 1.0 0.9591836734693877 1.0408163265306123  
