100 10
TREE NETWORK (nID nID Weight):
1 0 35.0 
49 0 34.0 
2 1 46.0 
81 0 43.0 
13 1 51.0 
17 1 39.0 
18 17 30.0 
25 17 38.0 
19 18 31.0 
3 2 59.0 
4 3 48.0 
88 0 55.0 
82 81 32.0 
14 13 59.0 
50 49 53.0 
89 88 51.0 
26 25 30.0 
54 49 46.0 
98 88 49.0 
90 89 56.0 
77 49 40.0 
6 2 46.0 
20 19 30.0 
38 17 37.0 
7 6 36.0 
83 81 53.0 
27 26 59.0 
55 54 59.0 
56 55 53.0 
33 25 30.0 
34 33 47.0 
51 50 59.0 
57 56 52.0 
86 81 36.0 
10 2 41.0 
43 1 44.0 
72 55 33.0 
59 56 39.0 
22 18 57.0 
11 10 43.0 
35 34 32.0 
78 77 42.0 
91 90 48.0 
69 56 35.0 
58 57 35.0 
21 20 54.0 
28 27 42.0 
79 49 41.0 
60 59 34.0 
44 43 30.0 
8 7 40.0 
87 81 50.0 
23 18 43.0 
63 59 57.0 
73 55 46.0 
92 91 42.0 
52 50 39.0 
84 83 58.0 
15 14 43.0 
24 23 37.0 
67 59 57.0 
16 15 40.0 
85 83 47.0 
45 44 55.0 
46 44 31.0 
37 33 48.0 
5 3 48.0 
36 34 41.0 
61 60 50.0 
70 69 33.0 
64 63 39.0 
29 27 39.0 
68 59 47.0 
93 92 46.0 
31 27 31.0 
65 64 40.0 
39 38 40.0 
41 17 55.0 
74 54 34.0 
80 79 47.0 
48 1 31.0 
62 61 40.0 
95 92 39.0 
99 88 51.0 
30 29 35.0 
40 39 52.0 
97 89 49.0 
47 46 50.0 
94 93 55.0 
9 7 47.0 
12 10 43.0 
42 41 32.0 
32 27 51.0 
53 52 50.0 
66 63 49.0 
96 91 45.0 
75 54 38.0 
76 75 47.0 
71 56 36.0 
PROGRAMS ASSIGNED TO NODES (nID pID1 pID2 ...):
0 1 2 3 4 5 6 7 8 9 10  
47 1 2 3 4 6 7 8 9  
50 7  
56 2 3 4 5 7  
70 2 7 8 9  
82 7  
48 6 8 9 10  
80 2 3 4 5 6 7 8 9  
74 1 10  
61 1 2 8  
32 3 6 7 10  
27 2 4 5 6 7 8 10  
17 1 2 4 6 7 8 9  
35 2 3 4 7 8 9 10  
98 1 3 4 6 7 8 10  
93 1 2 3 4 5 7 8 9 10  
30 1 4 8 9 10  
28 9  
71 5 6  
49 7 8 10  
51 8  
33 10  
19  
62 2 3 4 5 6 7 8 9 10  
44 1 2 3 6 7 8 9 10  
99 5  
65 1 2 3 4 6 7 8  
77 2 3 4 6 7 8 9  
83 1 4 6 9  
96 1 8 9  
60 2 4 5 6 7 9 10  
15 3 4 6  
59 1 4  
18 1 6 7  
57 6 7 8  
26 1 2 4 5 6 7 8  
54 1 2 3 4 5 7 8 9 10  
25 1 2 3 4 10  
4 1 2 6 10  
97 3 4 7 8 10  
55 2 3 4 5 6  
68 1 4 6 9 10  
67 1 2 4 5 6 7 9 10  
14 2  
90 1 3 5 7 10  
89 4 9  
45 1 2 6  
79 5 8 9  
95 8 9  
37 1 4 8 9 10  
78 1 2 5 6 8 10  
75 1 2 4 5 6 7 9 10  
39 1 2 4 6 7  
58 5 6  
24 1 3 6 9 10  
52 1 2 3 5 6 9  
21 1 5 6 7 8 9 10  
43 1 2 3 4 6 7 8 9 10  
22 1 2 3 6 7 8  
6 4 5 8 9 10  
72 1 2 3 5 6 8 9 10  
34 2 7  
5 3  
2 1 5 6 9  
88 1 7  
46 4 5 6 9  
91 1 2 4 5 6 7 9 10  
76 3 4 5 8 9 10  
9 4 6  
41 2  
29 1 2 3 4 5 6 7 8 9  
7 6 8 9 10  
53 1 4 7 10  
63 2 3 7 9 10  
12 1 2 4 5 6 7 10  
85 1 2 3 4 5 6 8 9 10  
38 3 4 5 6 7 9 10  
1 1 5 6 8 10  
86 1 2 4 8 9 10  
94 1 2 3 4 5 10  
66 1 5 6 7 8  
64 7  
73 1 2 4 5 6 7 8 9 10  
23 1 2 6 7 10  
10 2 3 5 6 7 8 10  
36 5 8 9  
11 2 3 5 6 8 9  
69 2 3 4 5 6 7 8 9 10  
84  
16 1 3 9 10  
40 4  
87 2 3 5 6 7 9 10  
92 2 6 7 8 10  
20 1 2 4 5 6  
3 1 3 5 7 8 10  
13 1 5 6 7 9  
8 1 6 7 10  
31  
81 2 4  
42 1 2 3 5 6 9 10  
SIZE OF PROGRAMS (pID SIZE):
1 87.0 
2 72.0 
3 87.0 
4 59.0 
5 55.0 
6 57.0 
7 41.0 
8 54.0 
9 93.0 
10 57.0 
COST_INSTALL_SERVER_AND_PROGRAMS :
0 2423.655913978495 1.8709677419354838 1.5483870967741935 1.8709677419354838 1.2688172043010753 1.1827956989247312 1.2258064516129032 0.8817204301075269 1.1612903225806452 2.0 1.2258064516129032  
47 64.30158187310668 1.8709677419354838 1.5483870967741935 1.8709677419354838 1.2688172043010753 1.1827956989247312 1.2258064516129032 0.8817204301075269 1.1612903225806452 2.0 1.2258064516129032  
50 41.34437284440466 1.8709677419354838 1.5483870967741935 1.8709677419354838 1.2688172043010753 1.1827956989247312 1.2258064516129032 0.8817204301075269 1.1612903225806452 2.0 1.2258064516129032  
56 59.175653379163876 1.8709677419354838 1.5483870967741935 1.8709677419354838 1.2688172043010753 1.1827956989247312 1.2258064516129032 0.8817204301075269 1.1612903225806452 2.0 1.2258064516129032  
70 28.74152774567212 1.8709677419354838 1.5483870967741935 1.8709677419354838 1.2688172043010753 1.1827956989247312 1.2258064516129032 0.8817204301075269 1.1612903225806452 2.0 1.2258064516129032  
82 2.711450426746651 2.806451612903226 2.3225806451612905 2.806451612903226 1.903225806451613 1.7741935483870968 1.8387096774193548 1.3225806451612903 1.7419354838709677 3.0 1.8387096774193548  
48 18.390799071120224 2.806451612903226 2.3225806451612905 2.806451612903226 1.903225806451613 1.7741935483870968 1.8387096774193548 1.3225806451612903 1.7419354838709677 3.0 1.8387096774193548  
80 25.366307630069482 1.8709677419354838 1.5483870967741935 1.8709677419354838 1.2688172043010753 1.1827956989247312 1.2258064516129032 0.8817204301075269 1.1612903225806452 2.0 1.2258064516129032  
74 12.56522358779515 2.806451612903226 2.3225806451612905 2.806451612903226 1.903225806451613 1.7741935483870968 1.8387096774193548 1.3225806451612903 1.7419354838709677 3.0 1.8387096774193548  
61 113.98801675897171 1.8709677419354838 1.5483870967741935 1.8709677419354838 1.2688172043010753 1.1827956989247312 1.2258064516129032 0.8817204301075269 1.1612903225806452 2.0 1.2258064516129032  
32 45.001931498809675 1.8709677419354838 1.5483870967741935 1.8709677419354838 1.2688172043010753 1.1827956989247312 1.2258064516129032 0.8817204301075269 1.1612903225806452 2.0 1.2258064516129032  
27 94.77621891245562 2.806451612903226 2.3225806451612905 2.806451612903226 1.903225806451613 1.7741935483870968 1.8387096774193548 1.3225806451612903 1.7419354838709677 3.0 1.8387096774193548  
17 46.652117664348445 1.8709677419354838 1.5483870967741935 1.8709677419354838 1.2688172043010753 1.1827956989247312 1.2258064516129032 0.8817204301075269 1.1612903225806452 2.0 1.2258064516129032  
35 99.91178703893472 2.806451612903226 2.3225806451612905 2.806451612903226 1.903225806451613 1.7741935483870968 1.8387096774193548 1.3225806451612903 1.7419354838709677 3.0 1.8387096774193548  
98 12.639187413969356 1.8709677419354838 1.5483870967741935 1.8709677419354838 1.2688172043010753 1.1827956989247312 1.2258064516129032 0.8817204301075269 1.1612903225806452 2.0 1.2258064516129032  
93 56.86508971167899 2.806451612903226 2.3225806451612905 2.806451612903226 1.903225806451613 1.7741935483870968 1.8387096774193548 1.3225806451612903 1.7419354838709677 3.0 1.8387096774193548  
30 73.13964042235582 2.806451612903226 2.3225806451612905 2.806451612903226 1.903225806451613 1.7741935483870968 1.8387096774193548 1.3225806451612903 1.7419354838709677 3.0 1.8387096774193548  
28 20.29919920651113 1.8709677419354838 1.5483870967741935 1.8709677419354838 1.2688172043010753 1.1827956989247312 1.2258064516129032 0.8817204301075269 1.1612903225806452 2.0 1.2258064516129032  
71 15.65139136986716 1.8709677419354838 1.5483870967741935 1.8709677419354838 1.2688172043010753 1.1827956989247312 1.2258064516129032 0.8817204301075269 1.1612903225806452 2.0 1.2258064516129032  
49 17.312533191935316 2.806451612903226 2.3225806451612905 2.806451612903226 1.903225806451613 1.7741935483870968 1.8387096774193548 1.3225806451612903 1.7419354838709677 3.0 1.8387096774193548  
51 2.9445233857999416 1.8709677419354838 1.5483870967741935 1.8709677419354838 1.2688172043010753 1.1827956989247312 1.2258064516129032 0.8817204301075269 1.1612903225806452 2.0 1.2258064516129032  
33 83.34273454821148 2.806451612903226 2.3225806451612905 2.806451612903226 1.903225806451613 1.7741935483870968 1.8387096774193548 1.3225806451612903 1.7419354838709677 3.0 1.8387096774193548  
19 57.32484210588797 2.806451612903226 2.3225806451612905 2.806451612903226 1.903225806451613 1.7741935483870968 1.8387096774193548 1.3225806451612903 1.7419354838709677 3.0 1.8387096774193548  
62 145.15516156332532 1.8709677419354838 1.5483870967741935 1.8709677419354838 1.2688172043010753 1.1827956989247312 1.2258064516129032 0.8817204301075269 1.1612903225806452 2.0 1.2258064516129032  
44 69.12634781243233 2.806451612903226 2.3225806451612905 2.806451612903226 1.903225806451613 1.7741935483870968 1.8387096774193548 1.3225806451612903 1.7419354838709677 3.0 1.8387096774193548  
99 2.5033401073137265 1.8709677419354838 1.5483870967741935 1.8709677419354838 1.2688172043010753 1.1827956989247312 1.2258064516129032 0.8817204301075269 1.1612903225806452 2.0 1.2258064516129032  
65 98.68510233497179 1.8709677419354838 1.5483870967741935 1.8709677419354838 1.2688172043010753 1.1827956989247312 1.2258064516129032 0.8817204301075269 1.1612903225806452 2.0 1.2258064516129032  
77 37.71474146020955 1.8709677419354838 1.5483870967741935 1.8709677419354838 1.2688172043010753 1.1827956989247312 1.2258064516129032 0.8817204301075269 1.1612903225806452 2.0 1.2258064516129032  
83 23.738081590794327 1.8709677419354838 1.5483870967741935 1.8709677419354838 1.2688172043010753 1.1827956989247312 1.2258064516129032 0.8817204301075269 1.1612903225806452 2.0 1.2258064516129032  
96 27.55329877307109 2.806451612903226 2.3225806451612905 2.806451612903226 1.903225806451613 1.7741935483870968 1.8387096774193548 1.3225806451612903 1.7419354838709677 3.0 1.8387096774193548  
60 97.9641003151512 1.8709677419354838 1.5483870967741935 1.8709677419354838 1.2688172043010753 1.1827956989247312 1.2258064516129032 0.8817204301075269 1.1612903225806452 2.0 1.2258064516129032  
15 35.48509239512292 1.8709677419354838 1.5483870967741935 1.8709677419354838 1.2688172043010753 1.1827956989247312 1.2258064516129032 0.8817204301075269 1.1612903225806452 2.0 1.2258064516129032  
59 98.70873354478577 2.806451612903226 2.3225806451612905 2.806451612903226 1.903225806451613 1.7741935483870968 1.8387096774193548 1.3225806451612903 1.7419354838709677 3.0 1.8387096774193548  
18 31.845577330338536 2.806451612903226 2.3225806451612905 2.806451612903226 1.903225806451613 1.7741935483870968 1.8387096774193548 1.3225806451612903 1.7419354838709677 3.0 1.8387096774193548  
57 29.77467993315298 1.8709677419354838 1.5483870967741935 1.8709677419354838 1.2688172043010753 1.1827956989247312 1.2258064516129032 0.8817204301075269 1.1612903225806452 2.0 1.2258064516129032  
26 50.39826156032313 1.8709677419354838 1.5483870967741935 1.8709677419354838 1.2688172043010753 1.1827956989247312 1.2258064516129032 0.8817204301075269 1.1612903225806452 2.0 1.2258064516129032  
54 28.84952505545369 2.806451612903226 2.3225806451612905 2.806451612903226 1.903225806451613 1.7741935483870968 1.8387096774193548 1.3225806451612903 1.7419354838709677 3.0 1.8387096774193548  
25 86.43687467450317 1.8709677419354838 1.5483870967741935 1.8709677419354838 1.2688172043010753 1.1827956989247312 1.2258064516129032 0.8817204301075269 1.1612903225806452 2.0 1.2258064516129032  
4 17.849192366168673 1.8709677419354838 1.5483870967741935 1.8709677419354838 1.2688172043010753 1.1827956989247312 1.2258064516129032 0.8817204301075269 1.1612903225806452 2.0 1.2258064516129032  
97 16.591971355250866 2.806451612903226 2.3225806451612905 2.806451612903226 1.903225806451613 1.7741935483870968 1.8387096774193548 1.3225806451612903 1.7419354838709677 3.0 1.8387096774193548  
55 19.107315157210245 2.806451612903226 2.3225806451612905 2.806451612903226 1.903225806451613 1.7741935483870968 1.8387096774193548 1.3225806451612903 1.7419354838709677 3.0 1.8387096774193548  
68 41.728785563347365 2.806451612903226 2.3225806451612905 2.806451612903226 1.903225806451613 1.7741935483870968 1.8387096774193548 1.3225806451612903 1.7419354838709677 3.0 1.8387096774193548  
67 86.53756951422224 2.806451612903226 2.3225806451612905 2.806451612903226 1.903225806451613 1.7741935483870968 1.8387096774193548 1.3225806451612903 1.7419354838709677 3.0 1.8387096774193548  
14 25.273399000405497 2.806451612903226 2.3225806451612905 2.806451612903226 1.903225806451613 1.7741935483870968 1.8387096774193548 1.3225806451612903 1.7419354838709677 3.0 1.8387096774193548  
90 32.025176602942366 2.806451612903226 2.3225806451612905 2.806451612903226 1.903225806451613 1.7741935483870968 1.8387096774193548 1.3225806451612903 1.7419354838709677 3.0 1.8387096774193548  
89 20.312264363855732 2.806451612903226 2.3225806451612905 2.806451612903226 1.903225806451613 1.7741935483870968 1.8387096774193548 1.3225806451612903 1.7419354838709677 3.0 1.8387096774193548  
45 33.473735083651505 1.8709677419354838 1.5483870967741935 1.8709677419354838 1.2688172043010753 1.1827956989247312 1.2258064516129032 0.8817204301075269 1.1612903225806452 2.0 1.2258064516129032  
79 33.40009428054433 1.8709677419354838 1.5483870967741935 1.8709677419354838 1.2688172043010753 1.1827956989247312 1.2258064516129032 0.8817204301075269 1.1612903225806452 2.0 1.2258064516129032  
95 24.625862878483115 1.8709677419354838 1.5483870967741935 1.8709677419354838 1.2688172043010753 1.1827956989247312 1.2258064516129032 0.8817204301075269 1.1612903225806452 2.0 1.2258064516129032  
37 30.141264735962096 1.8709677419354838 1.5483870967741935 1.8709677419354838 1.2688172043010753 1.1827956989247312 1.2258064516129032 0.8817204301075269 1.1612903225806452 2.0 1.2258064516129032  
78 20.595238210461396 2.806451612903226 2.3225806451612905 2.806451612903226 1.903225806451613 1.7741935483870968 1.8387096774193548 1.3225806451612903 1.7419354838709677 3.0 1.8387096774193548  
75 36.518400240573015 2.806451612903226 2.3225806451612905 2.806451612903226 1.903225806451613 1.7741935483870968 1.8387096774193548 1.3225806451612903 1.7419354838709677 3.0 1.8387096774193548  
39 43.80530538190412 2.806451612903226 2.3225806451612905 2.806451612903226 1.903225806451613 1.7741935483870968 1.8387096774193548 1.3225806451612903 1.7419354838709677 3.0 1.8387096774193548  
58 15.537038549196895 2.806451612903226 2.3225806451612905 2.806451612903226 1.903225806451613 1.7741935483870968 1.8387096774193548 1.3225806451612903 1.7419354838709677 3.0 1.8387096774193548  
24 44.552029014323075 2.806451612903226 2.3225806451612905 2.806451612903226 1.903225806451613 1.7741935483870968 1.8387096774193548 1.3225806451612903 1.7419354838709677 3.0 1.8387096774193548  
52 24.138489431881258 2.806451612903226 2.3225806451612905 2.806451612903226 1.903225806451613 1.7741935483870968 1.8387096774193548 1.3225806451612903 1.7419354838709677 3.0 1.8387096774193548  
21 93.7636495142324 2.806451612903226 2.3225806451612905 2.806451612903226 1.903225806451613 1.7741935483870968 1.8387096774193548 1.3225806451612903 1.7419354838709677 3.0 1.8387096774193548  
43 43.94846205076746 2.806451612903226 2.3225806451612905 2.806451612903226 1.903225806451613 1.7741935483870968 1.8387096774193548 1.3225806451612903 1.7419354838709677 3.0 1.8387096774193548  
22 61.8893670977756 1.8709677419354838 1.5483870967741935 1.8709677419354838 1.2688172043010753 1.1827956989247312 1.2258064516129032 0.8817204301075269 1.1612903225806452 2.0 1.2258064516129032  
6 50.38055265000729 1.8709677419354838 1.5483870967741935 1.8709677419354838 1.2688172043010753 1.1827956989247312 1.2258064516129032 0.8817204301075269 1.1612903225806452 2.0 1.2258064516129032  
72 79.63652992339377 1.8709677419354838 1.5483870967741935 1.8709677419354838 1.2688172043010753 1.1827956989247312 1.2258064516129032 0.8817204301075269 1.1612903225806452 2.0 1.2258064516129032  
34 50.52527382180501 2.806451612903226 2.3225806451612905 2.806451612903226 1.903225806451613 1.7741935483870968 1.8387096774193548 1.3225806451612903 1.7419354838709677 3.0 1.8387096774193548  
5 4.561278778486734 2.806451612903226 2.3225806451612905 2.806451612903226 1.903225806451613 1.7741935483870968 1.8387096774193548 1.3225806451612903 1.7419354838709677 3.0 1.8387096774193548  
2 35.70339318478612 1.8709677419354838 1.5483870967741935 1.8709677419354838 1.2688172043010753 1.1827956989247312 1.2258064516129032 0.8817204301075269 1.1612903225806452 2.0 1.2258064516129032  
88 11.239717286123945 1.8709677419354838 1.5483870967741935 1.8709677419354838 1.2688172043010753 1.1827956989247312 1.2258064516129032 0.8817204301075269 1.1612903225806452 2.0 1.2258064516129032  
46 81.79850076681453 1.8709677419354838 1.5483870967741935 1.8709677419354838 1.2688172043010753 1.1827956989247312 1.2258064516129032 0.8817204301075269 1.1612903225806452 2.0 1.2258064516129032  
91 46.974499139243406 2.806451612903226 2.3225806451612905 2.806451612903226 1.903225806451613 1.7741935483870968 1.8387096774193548 1.3225806451612903 1.7419354838709677 3.0 1.8387096774193548  
76 65.95085537575332 1.8709677419354838 1.5483870967741935 1.8709677419354838 1.2688172043010753 1.1827956989247312 1.2258064516129032 0.8817204301075269 1.1612903225806452 2.0 1.2258064516129032  
9 14.091943548973273 2.806451612903226 2.3225806451612905 2.806451612903226 1.903225806451613 1.7741935483870968 1.8387096774193548 1.3225806451612903 1.7419354838709677 3.0 1.8387096774193548  
41 49.93190796769943 1.8709677419354838 1.5483870967741935 1.8709677419354838 1.2688172043010753 1.1827956989247312 1.2258064516129032 0.8817204301075269 1.1612903225806452 2.0 1.2258064516129032  
29 148.5242365162735 2.806451612903226 2.3225806451612905 2.806451612903226 1.903225806451613 1.7741935483870968 1.8387096774193548 1.3225806451612903 1.7419354838709677 3.0 1.8387096774193548  
7 55.99975874056401 1.8709677419354838 1.5483870967741935 1.8709677419354838 1.2688172043010753 1.1827956989247312 1.2258064516129032 0.8817204301075269 1.1612903225806452 2.0 1.2258064516129032  
53 19.739938303144267 1.8709677419354838 1.5483870967741935 1.8709677419354838 1.2688172043010753 1.1827956989247312 1.2258064516129032 0.8817204301075269 1.1612903225806452 2.0 1.2258064516129032  
63 104.39796399365044 1.8709677419354838 1.5483870967741935 1.8709677419354838 1.2688172043010753 1.1827956989247312 1.2258064516129032 0.8817204301075269 1.1612903225806452 2.0 1.2258064516129032  
12 32.259802915335484 2.806451612903226 2.3225806451612905 2.806451612903226 1.903225806451613 1.7741935483870968 1.8387096774193548 1.3225806451612903 1.7419354838709677 3.0 1.8387096774193548  
85 28.525002020204052 1.8709677419354838 1.5483870967741935 1.8709677419354838 1.2688172043010753 1.1827956989247312 1.2258064516129032 0.8817204301075269 1.1612903225806452 2.0 1.2258064516129032  
38 52.28156955592128 2.806451612903226 2.3225806451612905 2.806451612903226 1.903225806451613 1.7741935483870968 1.8387096774193548 1.3225806451612903 1.7419354838709677 3.0 1.8387096774193548  
1 15.02829179563356 2.806451612903226 2.3225806451612905 2.806451612903226 1.903225806451613 1.7741935483870968 1.8387096774193548 1.3225806451612903 1.7419354838709677 3.0 1.8387096774193548  
86 25.744315758062896 2.806451612903226 2.3225806451612905 2.806451612903226 1.903225806451613 1.7741935483870968 1.8387096774193548 1.3225806451612903 1.7419354838709677 3.0 1.8387096774193548  
94 42.94687447438506 1.8709677419354838 1.5483870967741935 1.8709677419354838 1.2688172043010753 1.1827956989247312 1.2258064516129032 0.8817204301075269 1.1612903225806452 2.0 1.2258064516129032  
66 57.909703546973304 2.806451612903226 2.3225806451612905 2.806451612903226 1.903225806451613 1.7741935483870968 1.8387096774193548 1.3225806451612903 1.7419354838709677 3.0 1.8387096774193548  
64 86.45630503338104 1.8709677419354838 1.5483870967741935 1.8709677419354838 1.2688172043010753 1.1827956989247312 1.2258064516129032 0.8817204301075269 1.1612903225806452 2.0 1.2258064516129032  
73 28.82706620091488 1.8709677419354838 1.5483870967741935 1.8709677419354838 1.2688172043010753 1.1827956989247312 1.2258064516129032 0.8817204301075269 1.1612903225806452 2.0 1.2258064516129032  
23 54.93905334912267 2.806451612903226 2.3225806451612905 2.806451612903226 1.903225806451613 1.7741935483870968 1.8387096774193548 1.3225806451612903 1.7419354838709677 3.0 1.8387096774193548  
10 57.69890425734198 1.8709677419354838 1.5483870967741935 1.8709677419354838 1.2688172043010753 1.1827956989247312 1.2258064516129032 0.8817204301075269 1.1612903225806452 2.0 1.2258064516129032  
36 53.19503670015447 1.8709677419354838 1.5483870967741935 1.8709677419354838 1.2688172043010753 1.1827956989247312 1.2258064516129032 0.8817204301075269 1.1612903225806452 2.0 1.2258064516129032  
11 36.510738022281714 2.806451612903226 2.3225806451612905 2.806451612903226 1.903225806451613 1.7741935483870968 1.8387096774193548 1.3225806451612903 1.7419354838709677 3.0 1.8387096774193548  
69 104.63374737088334 1.8709677419354838 1.5483870967741935 1.8709677419354838 1.2688172043010753 1.1827956989247312 1.2258064516129032 0.8817204301075269 1.1612903225806452 2.0 1.2258064516129032  
84 1043.0 2.806451612903226 2.3225806451612905 2.806451612903226 1.903225806451613 1.7741935483870968 1.8387096774193548 1.3225806451612903 1.7419354838709677 3.0 1.8387096774193548  
16 25.231453269827746 1.8709677419354838 1.5483870967741935 1.8709677419354838 1.2688172043010753 1.1827956989247312 1.2258064516129032 0.8817204301075269 1.1612903225806452 2.0 1.2258064516129032  
40 7.036755822940522 2.806451612903226 2.3225806451612905 2.806451612903226 1.903225806451613 1.7741935483870968 1.8387096774193548 1.3225806451612903 1.7419354838709677 3.0 1.8387096774193548  
87 24.528189743546044 1.8709677419354838 1.5483870967741935 1.8709677419354838 1.2688172043010753 1.1827956989247312 1.2258064516129032 0.8817204301075269 1.1612903225806452 2.0 1.2258064516129032  
92 110.89491620708498 2.806451612903226 2.3225806451612905 2.806451612903226 1.903225806451613 1.7741935483870968 1.8387096774193548 1.3225806451612903 1.7419354838709677 3.0 1.8387096774193548  
20 69.10119338514458 2.806451612903226 2.3225806451612905 2.806451612903226 1.903225806451613 1.7741935483870968 1.8387096774193548 1.3225806451612903 1.7419354838709677 3.0 1.8387096774193548  
3 24.196380882373855 2.806451612903226 2.3225806451612905 2.806451612903226 1.903225806451613 1.7741935483870968 1.8387096774193548 1.3225806451612903 1.7419354838709677 3.0 1.8387096774193548  
13 24.381115096739023 2.806451612903226 2.3225806451612905 2.806451612903226 1.903225806451613 1.7741935483870968 1.8387096774193548 1.3225806451612903 1.7419354838709677 3.0 1.8387096774193548  
8 44.83148829971698 1.8709677419354838 1.5483870967741935 1.8709677419354838 1.2688172043010753 1.1827956989247312 1.2258064516129032 0.8817204301075269 1.1612903225806452 2.0 1.2258064516129032  
31 832.0 2.806451612903226 2.3225806451612905 2.806451612903226 1.903225806451613 1.7741935483870968 1.8387096774193548 1.3225806451612903 1.7419354838709677 3.0 1.8387096774193548  
81 14.547113751301815 2.806451612903226 2.3225806451612905 2.806451612903226 1.903225806451613 1.7741935483870968 1.8387096774193548 1.3225806451612903 1.7419354838709677 3.0 1.8387096774193548  
42 71.50267630275283 1.8709677419354838 1.5483870967741935 1.8709677419354838 1.2688172043010753 1.1827956989247312 1.2258064516129032 0.8817204301075269 1.1612903225806452 2.0 1.2258064516129032  
