140 20
TREE NETWORK (nID nID Weight):
1 0 39.0 
6 0 45.0 
10 0 57.0 
14 0 39.0 
15 14 38.0 
41 14 57.0 
42 41 42.0 
110 0 41.0 
43 42 52.0 
73 42 55.0 
111 110 54.0 
129 110 42.0 
2 1 44.0 
135 110 48.0 
74 73 40.0 
44 43 58.0 
45 44 39.0 
16 15 41.0 
17 16 42.0 
99 14 45.0 
82 42 41.0 
83 82 35.0 
94 42 58.0 
46 44 47.0 
18 17 47.0 
20 17 38.0 
101 14 47.0 
69 43 58.0 
112 111 59.0 
115 111 57.0 
61 44 49.0 
62 61 53.0 
47 46 40.0 
70 69 40.0 
27 17 38.0 
57 46 51.0 
104 14 36.0 
136 135 54.0 
75 74 33.0 
102 101 30.0 
122 111 56.0 
48 47 39.0 
105 14 53.0 
3 2 36.0 
76 75 59.0 
63 62 54.0 
37 16 38.0 
58 57 35.0 
28 17 45.0 
97 42 57.0 
77 76 56.0 
95 94 36.0 
130 129 43.0 
100 99 54.0 
133 129 52.0 
78 77 46.0 
125 111 59.0 
5 1 39.0 
71 69 35.0 
103 101 41.0 
21 20 30.0 
131 130 48.0 
84 83 38.0 
85 82 38.0 
66 62 53.0 
25 20 36.0 
106 105 59.0 
29 28 52.0 
52 47 58.0 
138 0 48.0 
126 125 56.0 
53 52 35.0 
22 21 48.0 
32 17 37.0 
134 129 35.0 
107 14 51.0 
40 16 54.0 
116 115 44.0 
49 48 34.0 
108 107 36.0 
38 37 49.0 
96 95 47.0 
7 6 52.0 
56 47 33.0 
33 32 36.0 
64 63 37.0 
127 126 57.0 
39 37 44.0 
109 14 34.0 
34 17 51.0 
117 116 58.0 
113 112 56.0 
8 7 58.0 
59 58 56.0 
9 7 57.0 
23 21 34.0 
79 78 47.0 
118 116 43.0 
132 130 45.0 
31 28 56.0 
89 82 32.0 
65 64 35.0 
19 18 40.0 
68 61 52.0 
50 48 48.0 
92 82 47.0 
80 74 59.0 
86 85 57.0 
67 66 59.0 
55 52 33.0 
60 58 59.0 
81 74 55.0 
139 0 39.0 
72 71 37.0 
93 92 59.0 
123 122 48.0 
128 125 35.0 
87 85 51.0 
54 53 47.0 
98 97 31.0 
120 116 37.0 
11 10 40.0 
30 29 52.0 
26 20 36.0 
12 10 51.0 
51 48 36.0 
90 89 32.0 
91 89 53.0 
119 118 45.0 
137 136 34.0 
35 34 46.0 
13 10 56.0 
121 115 30.0 
36 35 45.0 
88 87 56.0 
24 21 35.0 
124 122 53.0 
114 113 45.0 
4 2 49.0 
PROGRAMS ASSIGNED TO NODES (nID pID1 pID2 ...):
0 1 2 3 4 5 6 7 8 9 10 11 12 13 14 15 16 17 18 19 20  
73  
59 1 2 4 5 7 8 10 11 13 15 16 18 20  
47 2 12 13 15  
42 2 7 8 10 12 14 15 18  
127 1 3 4 5 6 7 8 9 10 11 12 13 14 15 16 17 18 19 20  
63 2 3 5 7 8 9 10 12 14 20  
30 11 12 13 16 19  
95 19  
77 1 2 5 6 12 16 17  
22 1 2 3 4 6 7 8 10 11 12 16 17 18 19 20  
82 2 3 4 5 6 7 8 9 10 11 12 13 15 16 17 18 19 20  
65 1 2 5 6 7 8 10 11 12 14 15 16 17 18 19 20  
117 4 5 14 18 20  
125 2 3 4 5 6 7 8 11 12 13 14 16 17 18 19 20  
99 2 3 4 5 6 9 11 12 13 14 16 17 18 20  
118 17  
93 4 9 10 20  
130 2 3 4 5 6 8 12 14 16 17 19 20  
38 1 2 4 6 7 8 9 12 14 15 16 18 19 20  
26 17 20  
115 2 3 5 13 16 17 18 19 20  
60 1 2 4 5 6 7 8 10 11 12 13 14 15 16 17 18 19 20  
139 2 4 5 7 8 11 12 13 14 16 20  
3 1 2 4 5 8 9 10 11 16 17 20  
7 2 3 4 9 10 11 14 16  
101  
120 1 5 13 16 18 20  
114 1 2 7 9 10 11 13 14 18 20  
17 4 6 7 8 10 12 15 17  
121  
20 1 2 3 4 5 6 7 8 9 10 11 12 13 14 15 16 17 19 20  
68 1 2 3 5 7 9 10 14 15 16 17 18  
86 1 2 3 4 5 6 7 8 9 11 12 13 14 15 16 17 18 20  
116 3 4 5 8 9 10 12 13 14 15 16 20  
18 1 2 3 5 6 7 8 9 10 11 12 13 14 15 16 17 18  
90 5 8 9 14 17  
45 16 18  
96 1 6 8 12 16 19 20  
81 7  
98 2 6 8 9 13 15 16 17 20  
123 1 2 3 4 5 6 7 8 9 12 13 14 15 16 19 20  
106 7 10 12 19  
55 1 5 8 9 10 11 16 19  
64 1 4 12  
80 5 13 16  
21 9 15 17 18  
61 3 8 9 14 19  
33 1 4 5 8 11 12 13 17  
70 9 16 17 18  
16 2 3 4 6 7 8 9 10 12 13 14 17 19  
75 1 2 4 5 7 10 11 12 15 19 20  
69 1 4 10 13 19  
74 2 3 4 6 8 9 10 14 16 17 19  
10 2 4 9 14 20  
23 1 2 3 5 7 8 9 10 11 13 16 19 20  
6 1 2 4 6 7 9 12 17 18 19 20  
56 5 15 16  
88 5 7 10 12 14  
50  
122 2 4 6 8 9 14 15 16 17 19  
57 4 8 9 10 13 14 18 19  
109 1 2 3 4 5 6 7 8 10 11 12 13 14 15 16 18 19 20  
48 1 3 4 5 6 9 10 11 13 14 15 16 17 18 19 20  
19  
85 1 3 4 9 10 12 14 18 19  
52 1 2 13 17  
4 1 2 3 9 11 13 15 16 17 20  
62 1 2 3 4 5 6 7 8 9 10 11 14 15 16 17 18 20  
40 3 4 5 6 9 12 14 16 17 18 20  
100 1 2 7 11 17 18 20  
137 1 2 3 4 6 8 9 10 13 14 15 18 20  
138 2 3 9 11 17 18 19  
92 1 2 3 4 5 7 8 9 10 11 14 15 16 17 19  
113 3 5 6 9 11 12 15 16 17 18 19 20  
78 2 4 5 10 11 12 13 14 15 16 17 18 19 20  
102 3 4 5 8 10 13 14 16 19 20  
39  
79 20  
54 1 3 4 8 9 10 13 16  
29 1 2 4 5 6 7 8 9 10 15 16 17 20  
128 1 2 3 4 5 6 7 10 11 12 13 14 16 17 18 20  
14 4 8 10 19  
46 1 2 3 4 5 6 7 8 9 10 11 12 13 14 15 16 17 18 20  
89 19  
72 2 6 7 10 12 15 18  
44 2 3 4 5 6 7 8 9 10 11 12 13 14 15 16 17 18 19  
136 2 3 4 6 8 9 10 12 17 18 19 20  
51  
131 2 3 4 5 7 8 10 11 12 13 15 17 18 19  
28  
91 2 3 9 10 13 14 19  
134 1 2 3 4 6 9 10 12 14 15 17 18 20  
58 2 6 9 10 12 13 15 16 17  
36 1 3 4 5 8 9 11 12 13 14 16  
12 1 2 4 5 6 7 8 10 11 13 14 15 18 19 20  
41 7 8 9 13 14 15 18  
27 2 5 11 12 13 16 18  
43 6 10 11 13 16  
83 1 4 7 8 10 11 12 18 19 20  
11 3 14 15 18  
49 7 9 20  
53 3 4 5 6 7 8 9 10 12 14 16 17 19  
107 14  
66 13  
34 7 9 13 17  
112 1 2 3 4 5 6 7 9 10 11 12 13 16 17  
87 4 5 11 13 14 16 17 18  
119 1 2 8 9 11 12 14 15 17 19 20  
9 1 3 5 6 7 8 9 10 12 13 15 17 18 20  
25 2 4 6 7 8 9 10 11 12 13 14 15 16 17 19 20  
32 1 9 12  
129 1 2 4 10 11 12 13 14 19 20  
84  
124 2  
15 2 13 14  
1 2 8 10 11 13  
111 1 3 4 5 6 7 9 10 12 13 14 15 16 17  
31 1 2 3 5 6 7 9 11 12 13 15 17 18 19 20  
37 3 10 13 17  
35 1 2 3 4 5 6 7 8 10 11 13 14 15 16 17 18 19 20  
24 1 2 3 4 5 6 7 8 9 10 13 14 15 16 17 18 19 20  
104 1 2 4 5 6 7 8 9 10 11 12 13 14 15 16 17 19 20  
13 2 4 7 8 9 11 15 17 19  
71 1 3 4 5 6 7 8 9 10 14 15 16 17 18 19  
94 6 10 16  
108 1 2 3 6 11 12 13 14 16 19  
8 1 2 3 5 6 7 8 9 10 11 13 15 16 17 18 19 20  
110 1 2 3 4 5 8 9 11 16 17 18 19  
126 9 13  
67 1 5 9 10 11 15 17  
132 4 7 10 13 18 19 20  
133 1 2 3 4 5 7 9 10 11 12 13 14 15 16 17 18 19 20  
5 1 2 3 5 6 7 8 9 10 11 12 14 15 16 18 19 20  
2 1 3 4 6 7 9 12 14 18  
105 1 2 3 4 5 6 7 8 9 10 11 12 14 16 17 19  
135 1 3 5 6 7 11  
103 2 3 4 5 7 8 9 10 11 12 13 15 18 20  
97 3 5 9 10 13 15 17 19  
76 1 4 5 6 7 8 9 11 12 13 14 15 16 17 18 20  
SIZE OF PROGRAMS (pID SIZE):
1 57.0 
2 95.0 
3 70.0 
4 72.0 
5 95.0 
6 86.0 
7 49.0 
8 87.0 
9 57.0 
10 87.0 
11 77.0 
12 92.0 
13 76.0 
14 52.0 
15 95.0 
16 60.0 
17 99.0 
18 61.0 
19 55.0 
20 97.0 
COST_INSTALL_SERVER_AND_PROGRAMS :
0 4068.686868686869 1.1515151515151516 1.9191919191919191 1.4141414141414141 1.4545454545454546 1.9191919191919191 1.7373737373737375 0.98989898989899 1.7575757575757576 1.1515151515151516 1.7575757575757576 1.5555555555555556 1.8585858585858586 1.5353535353535352 1.0505050505050506 1.9191919191919191 1.2121212121212122 2.0 1.2323232323232323 1.1111111111111112 1.9595959595959596  
73 61.4241426096698 1.7272727272727273 2.878787878787879 2.121212121212121 2.1818181818181817 2.878787878787879 2.606060606060606 1.4848484848484849 2.6363636363636362 1.7272727272727273 2.6363636363636362 2.3333333333333335 2.787878787878788 2.303030303030303 1.5757575757575757 2.878787878787879 1.8181818181818181 3.0 1.8484848484848484 1.6666666666666667 2.9393939393939394  
59 187.6054680332614 1.1515151515151516 1.9191919191919191 1.4141414141414141 1.4545454545454546 1.9191919191919191 1.7373737373737375 0.98989898989899 1.7575757575757576 1.1515151515151516 1.7575757575757576 1.5555555555555556 1.8585858585858586 1.5353535353535352 1.0505050505050506 1.9191919191919191 1.2121212121212122 2.0 1.2323232323232323 1.1111111111111112 1.9595959595959596  
47 205.95964277346854 1.1515151515151516 1.9191919191919191 1.4141414141414141 1.4545454545454546 1.9191919191919191 1.7373737373737375 0.98989898989899 1.7575757575757576 1.1515151515151516 1.7575757575757576 1.5555555555555556 1.8585858585858586 1.5353535353535352 1.0505050505050506 1.9191919191919191 1.2121212121212122 2.0 1.2323232323232323 1.1111111111111112 1.9595959595959596  
42 129.80440300085937 1.1515151515151516 1.9191919191919191 1.4141414141414141 1.4545454545454546 1.9191919191919191 1.7373737373737375 0.98989898989899 1.7575757575757576 1.1515151515151516 1.7575757575757576 1.5555555555555556 1.8585858585858586 1.5353535353535352 1.0505050505050506 1.9191919191919191 1.2121212121212122 2.0 1.2323232323232323 1.1111111111111112 1.9595959595959596  
127 174.4761028846969 1.7272727272727273 2.878787878787879 2.121212121212121 2.1818181818181817 2.878787878787879 2.606060606060606 1.4848484848484849 2.6363636363636362 1.7272727272727273 2.6363636363636362 2.3333333333333335 2.787878787878788 2.303030303030303 1.5757575757575757 2.878787878787879 1.8181818181818181 3.0 1.8484848484848484 1.6666666666666667 2.9393939393939394  
63 299.5967443401946 1.7272727272727273 2.878787878787879 2.121212121212121 2.1818181818181817 2.878787878787879 2.606060606060606 1.4848484848484849 2.6363636363636362 1.7272727272727273 2.6363636363636362 2.3333333333333335 2.787878787878788 2.303030303030303 1.5757575757575757 2.878787878787879 1.8181818181818181 3.0 1.8484848484848484 1.6666666666666667 2.9393939393939394  
30 38.92426512512563 1.7272727272727273 2.878787878787879 2.121212121212121 2.1818181818181817 2.878787878787879 2.606060606060606 1.4848484848484849 2.6363636363636362 1.7272727272727273 2.6363636363636362 2.3333333333333335 2.787878787878788 2.303030303030303 1.5757575757575757 2.878787878787879 1.8181818181818181 3.0 1.8484848484848484 1.6666666666666667 2.9393939393939394  
95 41.820637342900085 1.7272727272727273 2.878787878787879 2.121212121212121 2.1818181818181817 2.878787878787879 2.606060606060606 1.4848484848484849 2.6363636363636362 1.7272727272727273 2.6363636363636362 2.3333333333333335 2.787878787878788 2.303030303030303 1.5757575757575757 2.878787878787879 1.8181818181818181 3.0 1.8484848484848484 1.6666666666666667 2.9393939393939394  
77 329.16548082210323 1.1515151515151516 1.9191919191919191 1.4141414141414141 1.4545454545454546 1.9191919191919191 1.7373737373737375 0.98989898989899 1.7575757575757576 1.1515151515151516 1.7575757575757576 1.5555555555555556 1.8585858585858586 1.5353535353535352 1.0505050505050506 1.9191919191919191 1.2121212121212122 2.0 1.2323232323232323 1.1111111111111112 1.9595959595959596  
22 168.29275416115706 1.1515151515151516 1.9191919191919191 1.4141414141414141 1.4545454545454546 1.9191919191919191 1.7373737373737375 0.98989898989899 1.7575757575757576 1.1515151515151516 1.7575757575757576 1.5555555555555556 1.8585858585858586 1.5353535353535352 1.0505050505050506 1.9191919191919191 1.2121212121212122 2.0 1.2323232323232323 1.1111111111111112 1.9595959595959596  
82 205.11267119046818 1.7272727272727273 2.878787878787879 2.121212121212121 2.1818181818181817 2.878787878787879 2.606060606060606 1.4848484848484849 2.6363636363636362 1.7272727272727273 2.6363636363636362 2.3333333333333335 2.787878787878788 2.303030303030303 1.5757575757575757 2.878787878787879 1.8181818181818181 3.0 1.8484848484848484 1.6666666666666667 2.9393939393939394  
65 227.71513378161697 1.7272727272727273 2.878787878787879 2.121212121212121 2.1818181818181817 2.878787878787879 2.606060606060606 1.4848484848484849 2.6363636363636362 1.7272727272727273 2.6363636363636362 2.3333333333333335 2.787878787878788 2.303030303030303 1.5757575757575757 2.878787878787879 1.8181818181818181 3.0 1.8484848484848484 1.6666666666666667 2.9393939393939394  
117 27.968006018400324 1.1515151515151516 1.9191919191919191 1.4141414141414141 1.4545454545454546 1.9191919191919191 1.7373737373737375 0.98989898989899 1.7575757575757576 1.1515151515151516 1.7575757575757576 1.5555555555555556 1.8585858585858586 1.5353535353535352 1.0505050505050506 1.9191919191919191 1.2121212121212122 2.0 1.2323232323232323 1.1111111111111112 1.9595959595959596  
125 144.66339098705285 1.7272727272727273 2.878787878787879 2.121212121212121 2.1818181818181817 2.878787878787879 2.606060606060606 1.4848484848484849 2.6363636363636362 1.7272727272727273 2.6363636363636362 2.3333333333333335 2.787878787878788 2.303030303030303 1.5757575757575757 2.878787878787879 1.8181818181818181 3.0 1.8484848484848484 1.6666666666666667 2.9393939393939394  
99 20.55903223763035 1.1515151515151516 1.9191919191919191 1.4141414141414141 1.4545454545454546 1.9191919191919191 1.7373737373737375 0.98989898989899 1.7575757575757576 1.1515151515151516 1.7575757575757576 1.5555555555555556 1.8585858585858586 1.5353535353535352 1.0505050505050506 1.9191919191919191 1.2121212121212122 2.0 1.2323232323232323 1.1111111111111112 1.9595959595959596  
118 79.95368784963877 1.7272727272727273 2.878787878787879 2.121212121212121 2.1818181818181817 2.878787878787879 2.606060606060606 1.4848484848484849 2.6363636363636362 1.7272727272727273 2.6363636363636362 2.3333333333333335 2.787878787878788 2.303030303030303 1.5757575757575757 2.878787878787879 1.8181818181818181 3.0 1.8484848484848484 1.6666666666666667 2.9393939393939394  
93 44.99767724206149 1.7272727272727273 2.878787878787879 2.121212121212121 2.1818181818181817 2.878787878787879 2.606060606060606 1.4848484848484849 2.6363636363636362 1.7272727272727273 2.6363636363636362 2.3333333333333335 2.787878787878788 2.303030303030303 1.5757575757575757 2.878787878787879 1.8181818181818181 3.0 1.8484848484848484 1.6666666666666667 2.9393939393939394  
130 120.85066756805219 1.1515151515151516 1.9191919191919191 1.4141414141414141 1.4545454545454546 1.9191919191919191 1.7373737373737375 0.98989898989899 1.7575757575757576 1.1515151515151516 1.7575757575757576 1.5555555555555556 1.8585858585858586 1.5353535353535352 1.0505050505050506 1.9191919191919191 1.2121212121212122 2.0 1.2323232323232323 1.1111111111111112 1.9595959595959596  
38 95.35077714250463 1.1515151515151516 1.9191919191919191 1.4141414141414141 1.4545454545454546 1.9191919191919191 1.7373737373737375 0.98989898989899 1.7575757575757576 1.1515151515151516 1.7575757575757576 1.5555555555555556 1.8585858585858586 1.5353535353535352 1.0505050505050506 1.9191919191919191 1.2121212121212122 2.0 1.2323232323232323 1.1111111111111112 1.9595959595959596  
26 26.77430923640851 1.7272727272727273 2.878787878787879 2.121212121212121 2.1818181818181817 2.878787878787879 2.606060606060606 1.4848484848484849 2.6363636363636362 1.7272727272727273 2.6363636363636362 2.3333333333333335 2.787878787878788 2.303030303030303 1.5757575757575757 2.878787878787879 1.8181818181818181 3.0 1.8484848484848484 1.6666666666666667 2.9393939393939394  
115 80.58673367117234 1.7272727272727273 2.878787878787879 2.121212121212121 2.1818181818181817 2.878787878787879 2.606060606060606 1.4848484848484849 2.6363636363636362 1.7272727272727273 2.6363636363636362 2.3333333333333335 2.787878787878788 2.303030303030303 1.5757575757575757 2.878787878787879 1.8181818181818181 3.0 1.8484848484848484 1.6666666666666667 2.9393939393939394  
60 186.33912630175382 1.7272727272727273 2.878787878787879 2.121212121212121 2.1818181818181817 2.878787878787879 2.606060606060606 1.4848484848484849 2.6363636363636362 1.7272727272727273 2.6363636363636362 2.3333333333333335 2.787878787878788 2.303030303030303 1.5757575757575757 2.878787878787879 1.8181818181818181 3.0 1.8484848484848484 1.6666666666666667 2.9393939393939394  
139 818.0 1.7272727272727273 2.878787878787879 2.121212121212121 2.1818181818181817 2.878787878787879 2.606060606060606 1.4848484848484849 2.6363636363636362 1.7272727272727273 2.6363636363636362 2.3333333333333335 2.787878787878788 2.303030303030303 1.5757575757575757 2.878787878787879 1.8181818181818181 3.0 1.8484848484848484 1.6666666666666667 2.9393939393939394  
3 78.7377001229032 1.1515151515151516 1.9191919191919191 1.4141414141414141 1.4545454545454546 1.9191919191919191 1.7373737373737375 0.98989898989899 1.7575757575757576 1.1515151515151516 1.7575757575757576 1.5555555555555556 1.8585858585858586 1.5353535353535352 1.0505050505050506 1.9191919191919191 1.2121212121212122 2.0 1.2323232323232323 1.1111111111111112 1.9595959595959596  
7 52.134431421764404 1.7272727272727273 2.878787878787879 2.121212121212121 2.1818181818181817 2.878787878787879 2.606060606060606 1.4848484848484849 2.6363636363636362 1.7272727272727273 2.6363636363636362 2.3333333333333335 2.787878787878788 2.303030303030303 1.5757575757575757 2.878787878787879 1.8181818181818181 3.0 1.8484848484848484 1.6666666666666667 2.9393939393939394  
101 42.071588347543354 1.7272727272727273 2.878787878787879 2.121212121212121 2.1818181818181817 2.878787878787879 2.606060606060606 1.4848484848484849 2.6363636363636362 1.7272727272727273 2.6363636363636362 2.3333333333333335 2.787878787878788 2.303030303030303 1.5757575757575757 2.878787878787879 1.8181818181818181 3.0 1.8484848484848484 1.6666666666666667 2.9393939393939394  
120 55.935098289576665 1.7272727272727273 2.878787878787879 2.121212121212121 2.1818181818181817 2.878787878787879 2.606060606060606 1.4848484848484849 2.6363636363636362 1.7272727272727273 2.6363636363636362 2.3333333333333335 2.787878787878788 2.303030303030303 1.5757575757575757 2.878787878787879 1.8181818181818181 3.0 1.8484848484848484 1.6666666666666667 2.9393939393939394  
114 80.1263212514844 1.7272727272727273 2.878787878787879 2.121212121212121 2.1818181818181817 2.878787878787879 2.606060606060606 1.4848484848484849 2.6363636363636362 1.7272727272727273 2.6363636363636362 2.3333333333333335 2.787878787878788 2.303030303030303 1.5757575757575757 2.878787878787879 1.8181818181818181 3.0 1.8484848484848484 1.6666666666666667 2.9393939393939394  
17 123.59256747036834 1.1515151515151516 1.9191919191919191 1.4141414141414141 1.4545454545454546 1.9191919191919191 1.7373737373737375 0.98989898989899 1.7575757575757576 1.1515151515151516 1.7575757575757576 1.5555555555555556 1.8585858585858586 1.5353535353535352 1.0505050505050506 1.9191919191919191 1.2121212121212122 2.0 1.2323232323232323 1.1111111111111112 1.9595959595959596  
121 202.0 1.7272727272727273 2.878787878787879 2.121212121212121 2.1818181818181817 2.878787878787879 2.606060606060606 1.4848484848484849 2.6363636363636362 1.7272727272727273 2.6363636363636362 2.3333333333333335 2.787878787878788 2.303030303030303 1.5757575757575757 2.878787878787879 1.8181818181818181 3.0 1.8484848484848484 1.6666666666666667 2.9393939393939394  
20 108.86419978857383 1.7272727272727273 2.878787878787879 2.121212121212121 2.1818181818181817 2.878787878787879 2.606060606060606 1.4848484848484849 2.6363636363636362 1.7272727272727273 2.6363636363636362 2.3333333333333335 2.787878787878788 2.303030303030303 1.5757575757575757 2.878787878787879 1.8181818181818181 3.0 1.8484848484848484 1.6666666666666667 2.9393939393939394  
68 95.31600076813399 1.7272727272727273 2.878787878787879 2.121212121212121 2.1818181818181817 2.878787878787879 2.606060606060606 1.4848484848484849 2.6363636363636362 1.7272727272727273 2.6363636363636362 2.3333333333333335 2.787878787878788 2.303030303030303 1.5757575757575757 2.878787878787879 1.8181818181818181 3.0 1.8484848484848484 1.6666666666666667 2.9393939393939394  
86 179.93201666791845 1.1515151515151516 1.9191919191919191 1.4141414141414141 1.4545454545454546 1.9191919191919191 1.7373737373737375 0.98989898989899 1.7575757575757576 1.1515151515151516 1.7575757575757576 1.5555555555555556 1.8585858585858586 1.5353535353535352 1.0505050505050506 1.9191919191919191 1.2121212121212122 2.0 1.2323232323232323 1.1111111111111112 1.9595959595959596  
116 164.59689067426848 1.1515151515151516 1.9191919191919191 1.4141414141414141 1.4545454545454546 1.9191919191919191 1.7373737373737375 0.98989898989899 1.7575757575757576 1.1515151515151516 1.7575757575757576 1.5555555555555556 1.8585858585858586 1.5353535353535352 1.0505050505050506 1.9191919191919191 1.2121212121212122 2.0 1.2323232323232323 1.1111111111111112 1.9595959595959596  
18 135.24771102313866 1.7272727272727273 2.878787878787879 2.121212121212121 2.1818181818181817 2.878787878787879 2.606060606060606 1.4848484848484849 2.6363636363636362 1.7272727272727273 2.6363636363636362 2.3333333333333335 2.787878787878788 2.303030303030303 1.5757575757575757 2.878787878787879 1.8181818181818181 3.0 1.8484848484848484 1.6666666666666667 2.9393939393939394  
90 81.17154411789849 1.1515151515151516 1.9191919191919191 1.4141414141414141 1.4545454545454546 1.9191919191919191 1.7373737373737375 0.98989898989899 1.7575757575757576 1.1515151515151516 1.7575757575757576 1.5555555555555556 1.8585858585858586 1.5353535353535352 1.0505050505050506 1.9191919191919191 1.2121212121212122 2.0 1.2323232323232323 1.1111111111111112 1.9595959595959596  
45 15.526565994067441 1.1515151515151516 1.9191919191919191 1.4141414141414141 1.4545454545454546 1.9191919191919191 1.7373737373737375 0.98989898989899 1.7575757575757576 1.1515151515151516 1.7575757575757576 1.5555555555555556 1.8585858585858586 1.5353535353535352 1.0505050505050506 1.9191919191919191 1.2121212121212122 2.0 1.2323232323232323 1.1111111111111112 1.9595959595959596  
96 63.33171189444834 1.1515151515151516 1.9191919191919191 1.4141414141414141 1.4545454545454546 1.9191919191919191 1.7373737373737375 0.98989898989899 1.7575757575757576 1.1515151515151516 1.7575757575757576 1.5555555555555556 1.8585858585858586 1.5353535353535352 1.0505050505050506 1.9191919191919191 1.2121212121212122 2.0 1.2323232323232323 1.1111111111111112 1.9595959595959596  
81 7.097896183072907 1.7272727272727273 2.878787878787879 2.121212121212121 2.1818181818181817 2.878787878787879 2.606060606060606 1.4848484848484849 2.6363636363636362 1.7272727272727273 2.6363636363636362 2.3333333333333335 2.787878787878788 2.303030303030303 1.5757575757575757 2.878787878787879 1.8181818181818181 3.0 1.8484848484848484 1.6666666666666667 2.9393939393939394  
98 58.91292724359818 1.1515151515151516 1.9191919191919191 1.4141414141414141 1.4545454545454546 1.9191919191919191 1.7373737373737375 0.98989898989899 1.7575757575757576 1.1515151515151516 1.7575757575757576 1.5555555555555556 1.8585858585858586 1.5353535353535352 1.0505050505050506 1.9191919191919191 1.2121212121212122 2.0 1.2323232323232323 1.1111111111111112 1.9595959595959596  
123 76.3071376133235 1.1515151515151516 1.9191919191919191 1.4141414141414141 1.4545454545454546 1.9191919191919191 1.7373737373737375 0.98989898989899 1.7575757575757576 1.1515151515151516 1.7575757575757576 1.5555555555555556 1.8585858585858586 1.5353535353535352 1.0505050505050506 1.9191919191919191 1.2121212121212122 2.0 1.2323232323232323 1.1111111111111112 1.9595959595959596  
106 21.73743881800122 1.1515151515151516 1.9191919191919191 1.4141414141414141 1.4545454545454546 1.9191919191919191 1.7373737373737375 0.98989898989899 1.7575757575757576 1.1515151515151516 1.7575757575757576 1.5555555555555556 1.8585858585858586 1.5353535353535352 1.0505050505050506 1.9191919191919191 1.2121212121212122 2.0 1.2323232323232323 1.1111111111111112 1.9595959595959596  
55 153.78498901280844 1.1515151515151516 1.9191919191919191 1.4141414141414141 1.4545454545454546 1.9191919191919191 1.7373737373737375 0.98989898989899 1.7575757575757576 1.1515151515151516 1.7575757575757576 1.5555555555555556 1.8585858585858586 1.5353535353535352 1.0505050505050506 1.9191919191919191 1.2121212121212122 2.0 1.2323232323232323 1.1111111111111112 1.9595959595959596  
64 163.27126096449769 1.7272727272727273 2.878787878787879 2.121212121212121 2.1818181818181817 2.878787878787879 2.606060606060606 1.4848484848484849 2.6363636363636362 1.7272727272727273 2.6363636363636362 2.3333333333333335 2.787878787878788 2.303030303030303 1.5757575757575757 2.878787878787879 1.8181818181818181 3.0 1.8484848484848484 1.6666666666666667 2.9393939393939394  
80 42.576992889150134 1.7272727272727273 2.878787878787879 2.121212121212121 2.1818181818181817 2.878787878787879 2.606060606060606 1.4848484848484849 2.6363636363636362 1.7272727272727273 2.6363636363636362 2.3333333333333335 2.787878787878788 2.303030303030303 1.5757575757575757 2.878787878787879 1.8181818181818181 3.0 1.8484848484848484 1.6666666666666667 2.9393939393939394  
21 184.63239400122552 1.1515151515151516 1.9191919191919191 1.4141414141414141 1.4545454545454546 1.9191919191919191 1.7373737373737375 0.98989898989899 1.7575757575757576 1.1515151515151516 1.7575757575757576 1.5555555555555556 1.8585858585858586 1.5353535353535352 1.0505050505050506 1.9191919191919191 1.2121212121212122 2.0 1.2323232323232323 1.1111111111111112 1.9595959595959596  
61 170.00902696613548 1.1515151515151516 1.9191919191919191 1.4141414141414141 1.4545454545454546 1.9191919191919191 1.7373737373737375 0.98989898989899 1.7575757575757576 1.1515151515151516 1.7575757575757576 1.5555555555555556 1.8585858585858586 1.5353535353535352 1.0505050505050506 1.9191919191919191 1.2121212121212122 2.0 1.2323232323232323 1.1111111111111112 1.9595959595959596  
33 142.92933092793743 1.1515151515151516 1.9191919191919191 1.4141414141414141 1.4545454545454546 1.9191919191919191 1.7373737373737375 0.98989898989899 1.7575757575757576 1.1515151515151516 1.7575757575757576 1.5555555555555556 1.8585858585858586 1.5353535353535352 1.0505050505050506 1.9191919191919191 1.2121212121212122 2.0 1.2323232323232323 1.1111111111111112 1.9595959595959596  
70 52.56607380188754 1.7272727272727273 2.878787878787879 2.121212121212121 2.1818181818181817 2.878787878787879 2.606060606060606 1.4848484848484849 2.6363636363636362 1.7272727272727273 2.6363636363636362 2.3333333333333335 2.787878787878788 2.303030303030303 1.5757575757575757 2.878787878787879 1.8181818181818181 3.0 1.8484848484848484 1.6666666666666667 2.9393939393939394  
16 84.93511044834321 1.1515151515151516 1.9191919191919191 1.4141414141414141 1.4545454545454546 1.9191919191919191 1.7373737373737375 0.98989898989899 1.7575757575757576 1.1515151515151516 1.7575757575757576 1.5555555555555556 1.8585858585858586 1.5353535353535352 1.0505050505050506 1.9191919191919191 1.2121212121212122 2.0 1.2323232323232323 1.1111111111111112 1.9595959595959596  
75 330.6006839874006 1.1515151515151516 1.9191919191919191 1.4141414141414141 1.4545454545454546 1.9191919191919191 1.7373737373737375 0.98989898989899 1.7575757575757576 1.1515151515151516 1.7575757575757576 1.5555555555555556 1.8585858585858586 1.5353535353535352 1.0505050505050506 1.9191919191919191 1.2121212121212122 2.0 1.2323232323232323 1.1111111111111112 1.9595959595959596  
69 102.19798644481256 1.1515151515151516 1.9191919191919191 1.4141414141414141 1.4545454545454546 1.9191919191919191 1.7373737373737375 0.98989898989899 1.7575757575757576 1.1515151515151516 1.7575757575757576 1.5555555555555556 1.8585858585858586 1.5353535353535352 1.0505050505050506 1.9191919191919191 1.2121212121212122 2.0 1.2323232323232323 1.1111111111111112 1.9595959595959596  
74 221.3775397081057 1.1515151515151516 1.9191919191919191 1.4141414141414141 1.4545454545454546 1.9191919191919191 1.7373737373737375 0.98989898989899 1.7575757575757576 1.1515151515151516 1.7575757575757576 1.5555555555555556 1.8585858585858586 1.5353535353535352 1.0505050505050506 1.9191919191919191 1.2121212121212122 2.0 1.2323232323232323 1.1111111111111112 1.9595959595959596  
10 33.17133015066875 1.1515151515151516 1.9191919191919191 1.4141414141414141 1.4545454545454546 1.9191919191919191 1.7373737373737375 0.98989898989899 1.7575757575757576 1.1515151515151516 1.7575757575757576 1.5555555555555556 1.8585858585858586 1.5353535353535352 1.0505050505050506 1.9191919191919191 1.2121212121212122 2.0 1.2323232323232323 1.1111111111111112 1.9595959595959596  
23 177.1838009312949 1.7272727272727273 2.878787878787879 2.121212121212121 2.1818181818181817 2.878787878787879 2.606060606060606 1.4848484848484849 2.6363636363636362 1.7272727272727273 2.6363636363636362 2.3333333333333335 2.787878787878788 2.303030303030303 1.5757575757575757 2.878787878787879 1.8181818181818181 3.0 1.8484848484848484 1.6666666666666667 2.9393939393939394  
6 30.7250508301148 1.7272727272727273 2.878787878787879 2.121212121212121 2.1818181818181817 2.878787878787879 2.606060606060606 1.4848484848484849 2.6363636363636362 1.7272727272727273 2.6363636363636362 2.3333333333333335 2.787878787878788 2.303030303030303 1.5757575757575757 2.878787878787879 1.8181818181818181 3.0 1.8484848484848484 1.6666666666666667 2.9393939393939394  
56 61.52050471924037 1.7272727272727273 2.878787878787879 2.121212121212121 2.1818181818181817 2.878787878787879 2.606060606060606 1.4848484848484849 2.6363636363636362 1.7272727272727273 2.6363636363636362 2.3333333333333335 2.787878787878788 2.303030303030303 1.5757575757575757 2.878787878787879 1.8181818181818181 3.0 1.8484848484848484 1.6666666666666667 2.9393939393939394  
88 72.71389570750208 1.7272727272727273 2.878787878787879 2.121212121212121 2.1818181818181817 2.878787878787879 2.606060606060606 1.4848484848484849 2.6363636363636362 1.7272727272727273 2.6363636363636362 2.3333333333333335 2.787878787878788 2.303030303030303 1.5757575757575757 2.878787878787879 1.8181818181818181 3.0 1.8484848484848484 1.6666666666666667 2.9393939393939394  
50 755.0 1.7272727272727273 2.878787878787879 2.121212121212121 2.1818181818181817 2.878787878787879 2.606060606060606 1.4848484848484849 2.6363636363636362 1.7272727272727273 2.6363636363636362 2.3333333333333335 2.787878787878788 2.303030303030303 1.5757575757575757 2.878787878787879 1.8181818181818181 3.0 1.8484848484848484 1.6666666666666667 2.9393939393939394  
122 45.75261814856986 1.7272727272727273 2.878787878787879 2.121212121212121 2.1818181818181817 2.878787878787879 2.606060606060606 1.4848484848484849 2.6363636363636362 1.7272727272727273 2.6363636363636362 2.3333333333333335 2.787878787878788 2.303030303030303 1.5757575757575757 2.878787878787879 1.8181818181818181 3.0 1.8484848484848484 1.6666666666666667 2.9393939393939394  
57 342.5308733375582 1.1515151515151516 1.9191919191919191 1.4141414141414141 1.4545454545454546 1.9191919191919191 1.7373737373737375 0.98989898989899 1.7575757575757576 1.1515151515151516 1.7575757575757576 1.5555555555555556 1.8585858585858586 1.5353535353535352 1.0505050505050506 1.9191919191919191 1.2121212121212122 2.0 1.2323232323232323 1.1111111111111112 1.9595959595959596  
109 91.08522702758717 1.1515151515151516 1.9191919191919191 1.4141414141414141 1.4545454545454546 1.9191919191919191 1.7373737373737375 0.98989898989899 1.7575757575757576 1.1515151515151516 1.7575757575757576 1.5555555555555556 1.8585858585858586 1.5353535353535352 1.0505050505050506 1.9191919191919191 1.2121212121212122 2.0 1.2323232323232323 1.1111111111111112 1.9595959595959596  
48 140.6298671310192 1.1515151515151516 1.9191919191919191 1.4141414141414141 1.4545454545454546 1.9191919191919191 1.7373737373737375 0.98989898989899 1.7575757575757576 1.1515151515151516 1.7575757575757576 1.5555555555555556 1.8585858585858586 1.5353535353535352 1.0505050505050506 1.9191919191919191 1.2121212121212122 2.0 1.2323232323232323 1.1111111111111112 1.9595959595959596  
19 191.0 1.7272727272727273 2.878787878787879 2.121212121212121 2.1818181818181817 2.878787878787879 2.606060606060606 1.4848484848484849 2.6363636363636362 1.7272727272727273 2.6363636363636362 2.3333333333333335 2.787878787878788 2.303030303030303 1.5757575757575757 2.878787878787879 1.8181818181818181 3.0 1.8484848484848484 1.6666666666666667 2.9393939393939394  
85 252.13573207201296 1.7272727272727273 2.878787878787879 2.121212121212121 2.1818181818181817 2.878787878787879 2.606060606060606 1.4848484848484849 2.6363636363636362 1.7272727272727273 2.6363636363636362 2.3333333333333335 2.787878787878788 2.303030303030303 1.5757575757575757 2.878787878787879 1.8181818181818181 3.0 1.8484848484848484 1.6666666666666667 2.9393939393939394  
52 307.6111643203512 1.7272727272727273 2.878787878787879 2.121212121212121 2.1818181818181817 2.878787878787879 2.606060606060606 1.4848484848484849 2.6363636363636362 1.7272727272727273 2.6363636363636362 2.3333333333333335 2.787878787878788 2.303030303030303 1.5757575757575757 2.878787878787879 1.8181818181818181 3.0 1.8484848484848484 1.6666666666666667 2.9393939393939394  
4 59.63971888013933 1.1515151515151516 1.9191919191919191 1.4141414141414141 1.4545454545454546 1.9191919191919191 1.7373737373737375 0.98989898989899 1.7575757575757576 1.1515151515151516 1.7575757575757576 1.5555555555555556 1.8585858585858586 1.5353535353535352 1.0505050505050506 1.9191919191919191 1.2121212121212122 2.0 1.2323232323232323 1.1111111111111112 1.9595959595959596  
62 278.269732242807 1.7272727272727273 2.878787878787879 2.121212121212121 2.1818181818181817 2.878787878787879 2.606060606060606 1.4848484848484849 2.6363636363636362 1.7272727272727273 2.6363636363636362 2.3333333333333335 2.787878787878788 2.303030303030303 1.5757575757575757 2.878787878787879 1.8181818181818181 3.0 1.8484848484848484 1.6666666666666667 2.9393939393939394  
40 79.26374168785115 1.1515151515151516 1.9191919191919191 1.4141414141414141 1.4545454545454546 1.9191919191919191 1.7373737373737375 0.98989898989899 1.7575757575757576 1.1515151515151516 1.7575757575757576 1.5555555555555556 1.8585858585858586 1.5353535353535352 1.0505050505050506 1.9191919191919191 1.2121212121212122 2.0 1.2323232323232323 1.1111111111111112 1.9595959595959596  
100 57.107998266358166 1.1515151515151516 1.9191919191919191 1.4141414141414141 1.4545454545454546 1.9191919191919191 1.7373737373737375 0.98989898989899 1.7575757575757576 1.1515151515151516 1.7575757575757576 1.5555555555555556 1.8585858585858586 1.5353535353535352 1.0505050505050506 1.9191919191919191 1.2121212121212122 2.0 1.2323232323232323 1.1111111111111112 1.9595959595959596  
137 55.97316655283667 1.7272727272727273 2.878787878787879 2.121212121212121 2.1818181818181817 2.878787878787879 2.606060606060606 1.4848484848484849 2.6363636363636362 1.7272727272727273 2.6363636363636362 2.3333333333333335 2.787878787878788 2.303030303030303 1.5757575757575757 2.878787878787879 1.8181818181818181 3.0 1.8484848484848484 1.6666666666666667 2.9393939393939394  
138 10.61536904021846 1.7272727272727273 2.878787878787879 2.121212121212121 2.1818181818181817 2.878787878787879 2.606060606060606 1.4848484848484849 2.6363636363636362 1.7272727272727273 2.6363636363636362 2.3333333333333335 2.787878787878788 2.303030303030303 1.5757575757575757 2.878787878787879 1.8181818181818181 3.0 1.8484848484848484 1.6666666666666667 2.9393939393939394  
92 175.46947251049448 1.1515151515151516 1.9191919191919191 1.4141414141414141 1.4545454545454546 1.9191919191919191 1.7373737373737375 0.98989898989899 1.7575757575757576 1.1515151515151516 1.7575757575757576 1.5555555555555556 1.8585858585858586 1.5353535353535352 1.0505050505050506 1.9191919191919191 1.2121212121212122 2.0 1.2323232323232323 1.1111111111111112 1.9595959595959596  
113 102.86418681647035 1.1515151515151516 1.9191919191919191 1.4141414141414141 1.4545454545454546 1.9191919191919191 1.7373737373737375 0.98989898989899 1.7575757575757576 1.1515151515151516 1.7575757575757576 1.5555555555555556 1.8585858585858586 1.5353535353535352 1.0505050505050506 1.9191919191919191 1.2121212121212122 2.0 1.2323232323232323 1.1111111111111112 1.9595959595959596  
78 328.5931152270813 1.7272727272727273 2.878787878787879 2.121212121212121 2.1818181818181817 2.878787878787879 2.606060606060606 1.4848484848484849 2.6363636363636362 1.7272727272727273 2.6363636363636362 2.3333333333333335 2.787878787878788 2.303030303030303 1.5757575757575757 2.878787878787879 1.8181818181818181 3.0 1.8484848484848484 1.6666666666666667 2.9393939393939394  
102 44.27413120052807 1.1515151515151516 1.9191919191919191 1.4141414141414141 1.4545454545454546 1.9191919191919191 1.7373737373737375 0.98989898989899 1.7575757575757576 1.1515151515151516 1.7575757575757576 1.5555555555555556 1.8585858585858586 1.5353535353535352 1.0505050505050506 1.9191919191919191 1.2121212121212122 2.0 1.2323232323232323 1.1111111111111112 1.9595959595959596  
39 605.0 1.1515151515151516 1.9191919191919191 1.4141414141414141 1.4545454545454546 1.9191919191919191 1.7373737373737375 0.98989898989899 1.7575757575757576 1.1515151515151516 1.7575757575757576 1.5555555555555556 1.8585858585858586 1.5353535353535352 1.0505050505050506 1.9191919191919191 1.2121212121212122 2.0 1.2323232323232323 1.1111111111111112 1.9595959595959596  
79 19.60890139354699 1.7272727272727273 2.878787878787879 2.121212121212121 2.1818181818181817 2.878787878787879 2.606060606060606 1.4848484848484849 2.6363636363636362 1.7272727272727273 2.6363636363636362 2.3333333333333335 2.787878787878788 2.303030303030303 1.5757575757575757 2.878787878787879 1.8181818181818181 3.0 1.8484848484848484 1.6666666666666667 2.9393939393939394  
54 160.39097663995628 1.1515151515151516 1.9191919191919191 1.4141414141414141 1.4545454545454546 1.9191919191919191 1.7373737373737375 0.98989898989899 1.7575757575757576 1.1515151515151516 1.7575757575757576 1.5555555555555556 1.8585858585858586 1.5353535353535352 1.0505050505050506 1.9191919191919191 1.2121212121212122 2.0 1.2323232323232323 1.1111111111111112 1.9595959595959596  
29 182.05209919062136 1.7272727272727273 2.878787878787879 2.121212121212121 2.1818181818181817 2.878787878787879 2.606060606060606 1.4848484848484849 2.6363636363636362 1.7272727272727273 2.6363636363636362 2.3333333333333335 2.787878787878788 2.303030303030303 1.5757575757575757 2.878787878787879 1.8181818181818181 3.0 1.8484848484848484 1.6666666666666667 2.9393939393939394  
128 54.803200366426566 1.7272727272727273 2.878787878787879 2.121212121212121 2.1818181818181817 2.878787878787879 2.606060606060606 1.4848484848484849 2.6363636363636362 1.7272727272727273 2.6363636363636362 2.3333333333333335 2.787878787878788 2.303030303030303 1.5757575757575757 2.878787878787879 1.8181818181818181 3.0 1.8484848484848484 1.6666666666666667 2.9393939393939394  
14 24.21960309846106 1.7272727272727273 2.878787878787879 2.121212121212121 2.1818181818181817 2.878787878787879 2.606060606060606 1.4848484848484849 2.6363636363636362 1.7272727272727273 2.6363636363636362 2.3333333333333335 2.787878787878788 2.303030303030303 1.5757575757575757 2.878787878787879 1.8181818181818181 3.0 1.8484848484848484 1.6666666666666667 2.9393939393939394  
46 200.1155648350209 1.1515151515151516 1.9191919191919191 1.4141414141414141 1.4545454545454546 1.9191919191919191 1.7373737373737375 0.98989898989899 1.7575757575757576 1.1515151515151516 1.7575757575757576 1.5555555555555556 1.8585858585858586 1.5353535353535352 1.0505050505050506 1.9191919191919191 1.2121212121212122 2.0 1.2323232323232323 1.1111111111111112 1.9595959595959596  
89 92.02676663926617 1.7272727272727273 2.878787878787879 2.121212121212121 2.1818181818181817 2.878787878787879 2.606060606060606 1.4848484848484849 2.6363636363636362 1.7272727272727273 2.6363636363636362 2.3333333333333335 2.787878787878788 2.303030303030303 1.5757575757575757 2.878787878787879 1.8181818181818181 3.0 1.8484848484848484 1.6666666666666667 2.9393939393939394  
72 65.8737082338904 1.1515151515151516 1.9191919191919191 1.4141414141414141 1.4545454545454546 1.9191919191919191 1.7373737373737375 0.98989898989899 1.7575757575757576 1.1515151515151516 1.7575757575757576 1.5555555555555556 1.8585858585858586 1.5353535353535352 1.0505050505050506 1.9191919191919191 1.2121212121212122 2.0 1.2323232323232323 1.1111111111111112 1.9595959595959596  
44 133.1052832664258 1.1515151515151516 1.9191919191919191 1.4141414141414141 1.4545454545454546 1.9191919191919191 1.7373737373737375 0.98989898989899 1.7575757575757576 1.1515151515151516 1.7575757575757576 1.5555555555555556 1.8585858585858586 1.5353535353535352 1.0505050505050506 1.9191919191919191 1.2121212121212122 2.0 1.2323232323232323 1.1111111111111112 1.9595959595959596  
136 26.56099969743204 1.7272727272727273 2.878787878787879 2.121212121212121 2.1818181818181817 2.878787878787879 2.606060606060606 1.4848484848484849 2.6363636363636362 1.7272727272727273 2.6363636363636362 2.3333333333333335 2.787878787878788 2.303030303030303 1.5757575757575757 2.878787878787879 1.8181818181818181 3.0 1.8484848484848484 1.6666666666666667 2.9393939393939394  
51 938.0 1.1515151515151516 1.9191919191919191 1.4141414141414141 1.4545454545454546 1.9191919191919191 1.7373737373737375 0.98989898989899 1.7575757575757576 1.1515151515151516 1.7575757575757576 1.5555555555555556 1.8585858585858586 1.5353535353535352 1.0505050505050506 1.9191919191919191 1.2121212121212122 2.0 1.2323232323232323 1.1111111111111112 1.9595959595959596  
131 122.93159805917585 1.7272727272727273 2.878787878787879 2.121212121212121 2.1818181818181817 2.878787878787879 2.606060606060606 1.4848484848484849 2.6363636363636362 1.7272727272727273 2.6363636363636362 2.3333333333333335 2.787878787878788 2.303030303030303 1.5757575757575757 2.878787878787879 1.8181818181818181 3.0 1.8484848484848484 1.6666666666666667 2.9393939393939394  
28 255.44883944360973 1.1515151515151516 1.9191919191919191 1.4141414141414141 1.4545454545454546 1.9191919191919191 1.7373737373737375 0.98989898989899 1.7575757575757576 1.1515151515151516 1.7575757575757576 1.5555555555555556 1.8585858585858586 1.5353535353535352 1.0505050505050506 1.9191919191919191 1.2121212121212122 2.0 1.2323232323232323 1.1111111111111112 1.9595959595959596  
91 50.33459700573147 1.1515151515151516 1.9191919191919191 1.4141414141414141 1.4545454545454546 1.9191919191919191 1.7373737373737375 0.98989898989899 1.7575757575757576 1.1515151515151516 1.7575757575757576 1.5555555555555556 1.8585858585858586 1.5353535353535352 1.0505050505050506 1.9191919191919191 1.2121212121212122 2.0 1.2323232323232323 1.1111111111111112 1.9595959595959596  
134 97.01489876885702 1.7272727272727273 2.878787878787879 2.121212121212121 2.1818181818181817 2.878787878787879 2.606060606060606 1.4848484848484849 2.6363636363636362 1.7272727272727273 2.6363636363636362 2.3333333333333335 2.787878787878788 2.303030303030303 1.5757575757575757 2.878787878787879 1.8181818181818181 3.0 1.8484848484848484 1.6666666666666667 2.9393939393939394  
58 270.79348905542867 1.7272727272727273 2.878787878787879 2.121212121212121 2.1818181818181817 2.878787878787879 2.606060606060606 1.4848484848484849 2.6363636363636362 1.7272727272727273 2.6363636363636362 2.3333333333333335 2.787878787878788 2.303030303030303 1.5757575757575757 2.878787878787879 1.8181818181818181 3.0 1.8484848484848484 1.6666666666666667 2.9393939393939394  
36 210.47279529173437 1.7272727272727273 2.878787878787879 2.121212121212121 2.1818181818181817 2.878787878787879 2.606060606060606 1.4848484848484849 2.6363636363636362 1.7272727272727273 2.6363636363636362 2.3333333333333335 2.787878787878788 2.303030303030303 1.5757575757575757 2.878787878787879 1.8181818181818181 3.0 1.8484848484848484 1.6666666666666667 2.9393939393939394  
12 48.06454077626613 1.1515151515151516 1.9191919191919191 1.4141414141414141 1.4545454545454546 1.9191919191919191 1.7373737373737375 0.98989898989899 1.7575757575757576 1.1515151515151516 1.7575757575757576 1.5555555555555556 1.8585858585858586 1.5353535353535352 1.0505050505050506 1.9191919191919191 1.2121212121212122 2.0 1.2323232323232323 1.1111111111111112 1.9595959595959596  
41 23.012217484654578 1.1515151515151516 1.9191919191919191 1.4141414141414141 1.4545454545454546 1.9191919191919191 1.7373737373737375 0.98989898989899 1.7575757575757576 1.1515151515151516 1.7575757575757576 1.5555555555555556 1.8585858585858586 1.5353535353535352 1.0505050505050506 1.9191919191919191 1.2121212121212122 2.0 1.2323232323232323 1.1111111111111112 1.9595959595959596  
27 73.19037552030153 1.1515151515151516 1.9191919191919191 1.4141414141414141 1.4545454545454546 1.9191919191919191 1.7373737373737375 0.98989898989899 1.7575757575757576 1.1515151515151516 1.7575757575757576 1.5555555555555556 1.8585858585858586 1.5353535353535352 1.0505050505050506 1.9191919191919191 1.2121212121212122 2.0 1.2323232323232323 1.1111111111111112 1.9595959595959596  
43 91.41479230279518 1.7272727272727273 2.878787878787879 2.121212121212121 2.1818181818181817 2.878787878787879 2.606060606060606 1.4848484848484849 2.6363636363636362 1.7272727272727273 2.6363636363636362 2.3333333333333335 2.787878787878788 2.303030303030303 1.5757575757575757 2.878787878787879 1.8181818181818181 3.0 1.8484848484848484 1.6666666666666667 2.9393939393939394  
83 56.46310841718163 1.1515151515151516 1.9191919191919191 1.4141414141414141 1.4545454545454546 1.9191919191919191 1.7373737373737375 0.98989898989899 1.7575757575757576 1.1515151515151516 1.7575757575757576 1.5555555555555556 1.8585858585858586 1.5353535353535352 1.0505050505050506 1.9191919191919191 1.2121212121212122 2.0 1.2323232323232323 1.1111111111111112 1.9595959595959596  
11 9.843172049829139 1.7272727272727273 2.878787878787879 2.121212121212121 2.1818181818181817 2.878787878787879 2.606060606060606 1.4848484848484849 2.6363636363636362 1.7272727272727273 2.6363636363636362 2.3333333333333335 2.787878787878788 2.303030303030303 1.5757575757575757 2.878787878787879 1.8181818181818181 3.0 1.8484848484848484 1.6666666666666667 2.9393939393939394  
49 27.282584502008167 1.1515151515151516 1.9191919191919191 1.4141414141414141 1.4545454545454546 1.9191919191919191 1.7373737373737375 0.98989898989899 1.7575757575757576 1.1515151515151516 1.7575757575757576 1.5555555555555556 1.8585858585858586 1.5353535353535352 1.0505050505050506 1.9191919191919191 1.2121212121212122 2.0 1.2323232323232323 1.1111111111111112 1.9595959595959596  
53 297.62213619616665 1.1515151515151516 1.9191919191919191 1.4141414141414141 1.4545454545454546 1.9191919191919191 1.7373737373737375 0.98989898989899 1.7575757575757576 1.1515151515151516 1.7575757575757576 1.5555555555555556 1.8585858585858586 1.5353535353535352 1.0505050505050506 1.9191919191919191 1.2121212121212122 2.0 1.2323232323232323 1.1111111111111112 1.9595959595959596  
107 41.46322887855226 1.1515151515151516 1.9191919191919191 1.4141414141414141 1.4545454545454546 1.9191919191919191 1.7373737373737375 0.98989898989899 1.7575757575757576 1.1515151515151516 1.7575757575757576 1.5555555555555556 1.8585858585858586 1.5353535353535352 1.0505050505050506 1.9191919191919191 1.2121212121212122 2.0 1.2323232323232323 1.1111111111111112 1.9595959595959596  
66 147.9171218305804 1.7272727272727273 2.878787878787879 2.121212121212121 2.1818181818181817 2.878787878787879 2.606060606060606 1.4848484848484849 2.6363636363636362 1.7272727272727273 2.6363636363636362 2.3333333333333335 2.787878787878788 2.303030303030303 1.5757575757575757 2.878787878787879 1.8181818181818181 3.0 1.8484848484848484 1.6666666666666667 2.9393939393939394  
34 141.96081077118984 1.1515151515151516 1.9191919191919191 1.4141414141414141 1.4545454545454546 1.9191919191919191 1.7373737373737375 0.98989898989899 1.7575757575757576 1.1515151515151516 1.7575757575757576 1.5555555555555556 1.8585858585858586 1.5353535353535352 1.0505050505050506 1.9191919191919191 1.2121212121212122 2.0 1.2323232323232323 1.1111111111111112 1.9595959595959596  
112 84.20587177117424 1.7272727272727273 2.878787878787879 2.121212121212121 2.1818181818181817 2.878787878787879 2.606060606060606 1.4848484848484849 2.6363636363636362 1.7272727272727273 2.6363636363636362 2.3333333333333335 2.787878787878788 2.303030303030303 1.5757575757575757 2.878787878787879 1.8181818181818181 3.0 1.8484848484848484 1.6666666666666667 2.9393939393939394  
87 74.84859631331125 1.7272727272727273 2.878787878787879 2.121212121212121 2.1818181818181817 2.878787878787879 2.606060606060606 1.4848484848484849 2.6363636363636362 1.7272727272727273 2.6363636363636362 2.3333333333333335 2.787878787878788 2.303030303030303 1.5757575757575757 2.878787878787879 1.8181818181818181 3.0 1.8484848484848484 1.6666666666666667 2.9393939393939394  
119 124.80534966948593 1.1515151515151516 1.9191919191919191 1.4141414141414141 1.4545454545454546 1.9191919191919191 1.7373737373737375 0.98989898989899 1.7575757575757576 1.1515151515151516 1.7575757575757576 1.5555555555555556 1.8585858585858586 1.5353535353535352 1.0505050505050506 1.9191919191919191 1.2121212121212122 2.0 1.2323232323232323 1.1111111111111112 1.9595959595959596  
9 70.86602704505852 1.1515151515151516 1.9191919191919191 1.4141414141414141 1.4545454545454546 1.9191919191919191 1.7373737373737375 0.98989898989899 1.7575757575757576 1.1515151515151516 1.7575757575757576 1.5555555555555556 1.8585858585858586 1.5353535353535352 1.0505050505050506 1.9191919191919191 1.2121212121212122 2.0 1.2323232323232323 1.1111111111111112 1.9595959595959596  
25 256.9268553755512 1.7272727272727273 2.878787878787879 2.121212121212121 2.1818181818181817 2.878787878787879 2.606060606060606 1.4848484848484849 2.6363636363636362 1.7272727272727273 2.6363636363636362 2.3333333333333335 2.787878787878788 2.303030303030303 1.5757575757575757 2.878787878787879 1.8181818181818181 3.0 1.8484848484848484 1.6666666666666667 2.9393939393939394  
32 109.5480013777111 1.1515151515151516 1.9191919191919191 1.4141414141414141 1.4545454545454546 1.9191919191919191 1.7373737373737375 0.98989898989899 1.7575757575757576 1.1515151515151516 1.7575757575757576 1.5555555555555556 1.8585858585858586 1.5353535353535352 1.0505050505050506 1.9191919191919191 1.2121212121212122 2.0 1.2323232323232323 1.1111111111111112 1.9595959595959596  
129 33.648642692933166 1.7272727272727273 2.878787878787879 2.121212121212121 2.1818181818181817 2.878787878787879 2.606060606060606 1.4848484848484849 2.6363636363636362 1.7272727272727273 2.6363636363636362 2.3333333333333335 2.787878787878788 2.303030303030303 1.5757575757575757 2.878787878787879 1.8181818181818181 3.0 1.8484848484848484 1.6666666666666667 2.9393939393939394  
84 636.0 1.7272727272727273 2.878787878787879 2.121212121212121 2.1818181818181817 2.878787878787879 2.606060606060606 1.4848484848484849 2.6363636363636362 1.7272727272727273 2.6363636363636362 2.3333333333333335 2.787878787878788 2.303030303030303 1.5757575757575757 2.878787878787879 1.8181818181818181 3.0 1.8484848484848484 1.6666666666666667 2.9393939393939394  
124 9.365873382931358 1.7272727272727273 2.878787878787879 2.121212121212121 2.1818181818181817 2.878787878787879 2.606060606060606 1.4848484848484849 2.6363636363636362 1.7272727272727273 2.6363636363636362 2.3333333333333335 2.787878787878788 2.303030303030303 1.5757575757575757 2.878787878787879 1.8181818181818181 3.0 1.8484848484848484 1.6666666666666667 2.9393939393939394  
15 57.54707818905906 1.7272727272727273 2.878787878787879 2.121212121212121 2.1818181818181817 2.878787878787879 2.606060606060606 1.4848484848484849 2.6363636363636362 1.7272727272727273 2.6363636363636362 2.3333333333333335 2.787878787878788 2.303030303030303 1.5757575757575757 2.878787878787879 1.8181818181818181 3.0 1.8484848484848484 1.6666666666666667 2.9393939393939394  
1 44.301277617466724 1.7272727272727273 2.878787878787879 2.121212121212121 2.1818181818181817 2.878787878787879 2.606060606060606 1.4848484848484849 2.6363636363636362 1.7272727272727273 2.6363636363636362 2.3333333333333335 2.787878787878788 2.303030303030303 1.5757575757575757 2.878787878787879 1.8181818181818181 3.0 1.8484848484848484 1.6666666666666667 2.9393939393939394  
111 35.96834493815764 1.7272727272727273 2.878787878787879 2.121212121212121 2.1818181818181817 2.878787878787879 2.606060606060606 1.4848484848484849 2.6363636363636362 1.7272727272727273 2.6363636363636362 2.3333333333333335 2.787878787878788 2.303030303030303 1.5757575757575757 2.878787878787879 1.8181818181818181 3.0 1.8484848484848484 1.6666666666666667 2.9393939393939394  
31 220.75842000050756 1.7272727272727273 2.878787878787879 2.121212121212121 2.1818181818181817 2.878787878787879 2.606060606060606 1.4848484848484849 2.6363636363636362 1.7272727272727273 2.6363636363636362 2.3333333333333335 2.787878787878788 2.303030303030303 1.5757575757575757 2.878787878787879 1.8181818181818181 3.0 1.8484848484848484 1.6666666666666667 2.9393939393939394  
37 144.91374741540807 1.1515151515151516 1.9191919191919191 1.4141414141414141 1.4545454545454546 1.9191919191919191 1.7373737373737375 0.98989898989899 1.7575757575757576 1.1515151515151516 1.7575757575757576 1.5555555555555556 1.8585858585858586 1.5353535353535352 1.0505050505050506 1.9191919191919191 1.2121212121212122 2.0 1.2323232323232323 1.1111111111111112 1.9595959595959596  
35 182.43617560175852 1.7272727272727273 2.878787878787879 2.121212121212121 2.1818181818181817 2.878787878787879 2.606060606060606 1.4848484848484849 2.6363636363636362 1.7272727272727273 2.6363636363636362 2.3333333333333335 2.787878787878788 2.303030303030303 1.5757575757575757 2.878787878787879 1.8181818181818181 3.0 1.8484848484848484 1.6666666666666667 2.9393939393939394  
24 306.6448858130091 1.1515151515151516 1.9191919191919191 1.4141414141414141 1.4545454545454546 1.9191919191919191 1.7373737373737375 0.98989898989899 1.7575757575757576 1.1515151515151516 1.7575757575757576 1.5555555555555556 1.8585858585858586 1.5353535353535352 1.0505050505050506 1.9191919191919191 1.2121212121212122 2.0 1.2323232323232323 1.1111111111111112 1.9595959595959596  
104 51.66517353885754 1.1515151515151516 1.9191919191919191 1.4141414141414141 1.4545454545454546 1.9191919191919191 1.7373737373737375 0.98989898989899 1.7575757575757576 1.1515151515151516 1.7575757575757576 1.5555555555555556 1.8585858585858586 1.5353535353535352 1.0505050505050506 1.9191919191919191 1.2121212121212122 2.0 1.2323232323232323 1.1111111111111112 1.9595959595959596  
13 10.252760487424295 1.1515151515151516 1.9191919191919191 1.4141414141414141 1.4545454545454546 1.9191919191919191 1.7373737373737375 0.98989898989899 1.7575757575757576 1.1515151515151516 1.7575757575757576 1.5555555555555556 1.8585858585858586 1.5353535353535352 1.0505050505050506 1.9191919191919191 1.2121212121212122 2.0 1.2323232323232323 1.1111111111111112 1.9595959595959596  
71 107.91703781381462 1.7272727272727273 2.878787878787879 2.121212121212121 2.1818181818181817 2.878787878787879 2.606060606060606 1.4848484848484849 2.6363636363636362 1.7272727272727273 2.6363636363636362 2.3333333333333335 2.787878787878788 2.303030303030303 1.5757575757575757 2.878787878787879 1.8181818181818181 3.0 1.8484848484848484 1.6666666666666667 2.9393939393939394  
94 38.9866292954514 1.1515151515151516 1.9191919191919191 1.4141414141414141 1.4545454545454546 1.9191919191919191 1.7373737373737375 0.98989898989899 1.7575757575757576 1.1515151515151516 1.7575757575757576 1.5555555555555556 1.8585858585858586 1.5353535353535352 1.0505050505050506 1.9191919191919191 1.2121212121212122 2.0 1.2323232323232323 1.1111111111111112 1.9595959595959596  
108 42.41480616423515 1.7272727272727273 2.878787878787879 2.121212121212121 2.1818181818181817 2.878787878787879 2.606060606060606 1.4848484848484849 2.6363636363636362 1.7272727272727273 2.6363636363636362 2.3333333333333335 2.787878787878788 2.303030303030303 1.5757575757575757 2.878787878787879 1.8181818181818181 3.0 1.8484848484848484 1.6666666666666667 2.9393939393939394  
8 74.89837347690865 1.7272727272727273 2.878787878787879 2.121212121212121 2.1818181818181817 2.878787878787879 2.606060606060606 1.4848484848484849 2.6363636363636362 1.7272727272727273 2.6363636363636362 2.3333333333333335 2.787878787878788 2.303030303030303 1.5757575757575757 2.878787878787879 1.8181818181818181 3.0 1.8484848484848484 1.6666666666666667 2.9393939393939394  
110 996.0 1.7272727272727273 2.878787878787879 2.121212121212121 2.1818181818181817 2.878787878787879 2.606060606060606 1.4848484848484849 2.6363636363636362 1.7272727272727273 2.6363636363636362 2.3333333333333335 2.787878787878788 2.303030303030303 1.5757575757575757 2.878787878787879 1.8181818181818181 3.0 1.8484848484848484 1.6666666666666667 2.9393939393939394  
126 182.59168550453487 1.7272727272727273 2.878787878787879 2.121212121212121 2.1818181818181817 2.878787878787879 2.606060606060606 1.4848484848484849 2.6363636363636362 1.7272727272727273 2.6363636363636362 2.3333333333333335 2.787878787878788 2.303030303030303 1.5757575757575757 2.878787878787879 1.8181818181818181 3.0 1.8484848484848484 1.6666666666666667 2.9393939393939394  
67 137.40368300260317 1.7272727272727273 2.878787878787879 2.121212121212121 2.1818181818181817 2.878787878787879 2.606060606060606 1.4848484848484849 2.6363636363636362 1.7272727272727273 2.6363636363636362 2.3333333333333335 2.787878787878788 2.303030303030303 1.5757575757575757 2.878787878787879 1.8181818181818181 3.0 1.8484848484848484 1.6666666666666667 2.9393939393939394  
132 45.37891833390254 1.1515151515151516 1.9191919191919191 1.4141414141414141 1.4545454545454546 1.9191919191919191 1.7373737373737375 0.98989898989899 1.7575757575757576 1.1515151515151516 1.7575757575757576 1.5555555555555556 1.8585858585858586 1.5353535353535352 1.0505050505050506 1.9191919191919191 1.2121212121212122 2.0 1.2323232323232323 1.1111111111111112 1.9595959595959596  
133 102.82741354261574 1.1515151515151516 1.9191919191919191 1.4141414141414141 1.4545454545454546 1.9191919191919191 1.7373737373737375 0.98989898989899 1.7575757575757576 1.1515151515151516 1.7575757575757576 1.5555555555555556 1.8585858585858586 1.5353535353535352 1.0505050505050506 1.9191919191919191 1.2121212121212122 2.0 1.2323232323232323 1.1111111111111112 1.9595959595959596  
5 42.537087994617806 1.1515151515151516 1.9191919191919191 1.4141414141414141 1.4545454545454546 1.9191919191919191 1.7373737373737375 0.98989898989899 1.7575757575757576 1.1515151515151516 1.7575757575757576 1.5555555555555556 1.8585858585858586 1.5353535353535352 1.0505050505050506 1.9191919191919191 1.2121212121212122 2.0 1.2323232323232323 1.1111111111111112 1.9595959595959596  
2 37.49041581688558 1.7272727272727273 2.878787878787879 2.121212121212121 2.1818181818181817 2.878787878787879 2.606060606060606 1.4848484848484849 2.6363636363636362 1.7272727272727273 2.6363636363636362 2.3333333333333335 2.787878787878788 2.303030303030303 1.5757575757575757 2.878787878787879 1.8181818181818181 3.0 1.8484848484848484 1.6666666666666667 2.9393939393939394  
105 32.5959175128378 1.7272727272727273 2.878787878787879 2.121212121212121 2.1818181818181817 2.878787878787879 2.606060606060606 1.4848484848484849 2.6363636363636362 1.7272727272727273 2.6363636363636362 2.3333333333333335 2.787878787878788 2.303030303030303 1.5757575757575757 2.878787878787879 1.8181818181818181 3.0 1.8484848484848484 1.6666666666666667 2.9393939393939394  
135 56.11058574791711 1.7272727272727273 2.878787878787879 2.121212121212121 2.1818181818181817 2.878787878787879 2.606060606060606 1.4848484848484849 2.6363636363636362 1.7272727272727273 2.6363636363636362 2.3333333333333335 2.787878787878788 2.303030303030303 1.5757575757575757 2.878787878787879 1.8181818181818181 3.0 1.8484848484848484 1.6666666666666667 2.9393939393939394  
103 106.30659525588823 1.1515151515151516 1.9191919191919191 1.4141414141414141 1.4545454545454546 1.9191919191919191 1.7373737373737375 0.98989898989899 1.7575757575757576 1.1515151515151516 1.7575757575757576 1.5555555555555556 1.8585858585858586 1.5353535353535352 1.0505050505050506 1.9191919191919191 1.2121212121212122 2.0 1.2323232323232323 1.1111111111111112 1.9595959595959596  
97 129.69665352244252 1.1515151515151516 1.9191919191919191 1.4141414141414141 1.4545454545454546 1.9191919191919191 1.7373737373737375 0.98989898989899 1.7575757575757576 1.1515151515151516 1.7575757575757576 1.5555555555555556 1.8585858585858586 1.5353535353535352 1.0505050505050506 1.9191919191919191 1.2121212121212122 2.0 1.2323232323232323 1.1111111111111112 1.9595959595959596  
76 311.129504941392 1.7272727272727273 2.878787878787879 2.121212121212121 2.1818181818181817 2.878787878787879 2.606060606060606 1.4848484848484849 2.6363636363636362 1.7272727272727273 2.6363636363636362 2.3333333333333335 2.787878787878788 2.303030303030303 1.5757575757575757 2.878787878787879 1.8181818181818181 3.0 1.8484848484848484 1.6666666666666667 2.9393939393939394  
