150 10
TREE NETWORK (nID nID Weight):
1 0 49.0 
80 0 41.0 
2 1 44.0 
107 0 31.0 
12 1 43.0 
108 0 45.0 
119 0 36.0 
57 1 42.0 
13 12 46.0 
62 1 46.0 
81 80 40.0 
82 81 34.0 
124 0 42.0 
125 124 51.0 
83 82 42.0 
99 80 30.0 
84 83 46.0 
87 83 48.0 
14 13 37.0 
36 13 59.0 
74 1 57.0 
120 119 49.0 
88 87 50.0 
37 36 45.0 
15 14 36.0 
109 108 45.0 
16 14 46.0 
3 2 38.0 
45 36 47.0 
38 37 34.0 
93 83 50.0 
17 16 32.0 
110 108 46.0 
111 110 49.0 
97 81 45.0 
89 88 38.0 
141 0 51.0 
39 38 58.0 
128 124 36.0 
85 84 33.0 
44 37 46.0 
98 81 39.0 
58 57 45.0 
5 2 30.0 
75 74 38.0 
63 62 34.0 
126 125 52.0 
59 57 58.0 
102 80 32.0 
6 5 51.0 
66 62 56.0 
114 108 36.0 
48 13 38.0 
142 141 52.0 
112 110 59.0 
67 66 44.0 
49 48 44.0 
143 142 42.0 
11 2 33.0 
70 66 37.0 
32 14 35.0 
18 17 50.0 
23 17 34.0 
33 32 31.0 
76 74 55.0 
94 93 48.0 
86 85 55.0 
54 12 30.0 
40 39 31.0 
115 114 47.0 
100 99 44.0 
116 115 37.0 
117 116 35.0 
8 5 51.0 
26 16 54.0 
71 62 58.0 
41 40 52.0 
34 33 33.0 
55 12 48.0 
68 67 54.0 
46 36 45.0 
90 88 50.0 
135 124 34.0 
129 128 30.0 
10 5 56.0 
28 16 32.0 
146 141 42.0 
147 0 47.0 
61 57 36.0 
35 32 38.0 
52 48 57.0 
19 18 32.0 
121 120 55.0 
101 100 39.0 
64 63 54.0 
9 8 40.0 
144 142 54.0 
25 17 34.0 
4 3 36.0 
103 80 58.0 
127 126 36.0 
20 18 33.0 
130 129 46.0 
122 119 57.0 
56 12 55.0 
72 71 56.0 
79 1 36.0 
73 62 52.0 
42 41 33.0 
136 135 38.0 
21 20 47.0 
95 83 30.0 
78 74 51.0 
30 16 31.0 
123 122 59.0 
137 136 47.0 
65 64 49.0 
22 20 48.0 
131 128 39.0 
96 95 42.0 
50 49 43.0 
140 135 38.0 
92 87 49.0 
29 28 40.0 
24 23 36.0 
138 136 52.0 
145 142 42.0 
118 108 43.0 
148 147 45.0 
139 138 38.0 
31 16 47.0 
47 46 34.0 
133 128 35.0 
104 103 45.0 
91 88 42.0 
77 76 30.0 
105 104 55.0 
60 59 59.0 
27 26 30.0 
69 67 40.0 
113 110 33.0 
132 131 46.0 
7 6 42.0 
53 13 54.0 
106 80 41.0 
43 38 43.0 
51 49 37.0 
134 133 59.0 
149 147 52.0 
PROGRAMS ASSIGNED TO NODES (nID pID1 pID2 ...):
0 1 2 3 4 5 6 7 8 9 10  
29 3 4 5 9 10  
18 1 8  
1 6 7 8  
121 3 4 5 7 8 9  
105 1 2 4 5 7 9 10  
110 1 2 3 5 6 7 9 10  
103  
90 1 2 4 6 10  
69 1 2 4 5 6 7 9  
50 4 5 6 7  
146 4 5  
111 1 3 4 5 7 8 10  
30  
62 1 2 3 4 6 9 10  
64 5 7  
37 1 2 5 6 8  
52 5 6 7 8 9  
120 1 2 5  
112 5 6 9  
14 8  
65 6 7 9 10  
102 1 3 4 5 6 7 8 9 10  
68 1 4 5 6 7 8 10  
132 4 5 7 10  
22 1  
63 3  
87 1 2 3 5 7 8 9 10  
85 3 4 5 10  
140 1 2  
74 1 6  
86 1 6  
35 1 2 3 5 6 7 10  
118 1 2 4 5 6 9 10  
94 1 8 10  
20 3 10  
117 1 2 3 4 5 6 8 9 10  
76 2 3 4 5 6 10  
135 3 4 8 10  
72 1 3 4 5 6 7 8 9  
141 1 3 4 5 7 8 9 10  
24 2 4 6 8  
149 1 2 3 4 5 6 7 9  
27 5  
17 3 6 9 10  
40 1 3 4 5 6 7 8 9  
97 1 2 3 5 6 7 8 9 10  
107 2 4 5 6 7 10  
21 1 2 3 5 6 7 9 10  
100 6 8  
80 1 3 4 7 9  
138 1 2 5 6 7 8 10  
143 1 3 4 10  
89 1 3 4 5 6 7 8 9 10  
19 3 4 5 6 7 9 10  
66 10  
83 3 5  
116  
77 1 2 3 6 10  
79 1 2 3 4 5 7 8 9 10  
125 1 4 7 10  
136 1 6 8 10  
48 2 3 4 5 6 9  
71 1  
56  
96 4  
2 1 3 4 6 8 10  
61 3 6 8  
95 1 2 3 5 6 7 8 9 10  
5 1 3 5  
28 1 2 3 4 5 7 8 9 10  
3 1 3 4 5 6 7 8 9 10  
101 4 8  
9 1 2 3 4 6 7 8 10  
81 7 9  
11 1 2 3 6 8 10  
122 1 2 3 4 5 6 8 9  
126 1 2 5 8  
41 1 4  
31 1 3 5 6 10  
60  
92 1 2 3 4 5 7 8  
129 3 4 5 6 7 8 10  
137  
13 2 3 4 6 9 10  
33 7 8  
53  
23 3 4 5 6 7 9 10  
7 6  
88  
42  
45 3 7 8 10  
36 2 3 8  
130 6  
12 8  
55 1 4 5 6 7 9  
54 1 2 4 6 8 10  
93 4 5 7 8 10  
147 1 3 4 5 6 7 8 10  
4 6 8 9 10  
131 2 3 4  
113  
84  
75 6  
144 1 6 7  
106 3 10  
119 4 6  
124 1 3 4 5 6 7 8 9  
127 1 4 5 6 7 8 9 10  
114 1 2 3 4 7 8 9  
39 1 2 3 8  
44 1 2 3 4 5 6 7 9 10  
58  
148 2 3 4 5 7 8 9 10  
139 1 2 3 4 5 6 7 8 10  
145 2 3 4 5 7 8 9 10  
51 6 7  
6 1 2 3 4 5 6 7 8 10  
73 1 2 3 4 6 7 9 10  
78 2 3 4 6 9 10  
57  
133 4 6 8  
10 3 5 7 8 10  
70 10  
26 1 2 4 7 9 10  
104 2 5 10  
46 1 2 5 6 7 8 10  
34 7 8 10  
43 3  
59 1 4 7 8 9  
47  
98 1 2 3 4 5 6 7 9 10  
99 1 2 3 4 5 8 9 10  
32 3 6 9 10  
134 1 2 3 6 8 9 10  
49 1 2 3 4 5 6 8  
123 7  
142 10  
115 1 2  
16  
67 1 2 3 9  
15 1 2 3 4 5 6 8 9  
108  
109  
91 2 3 6  
38 4  
25 1 3 4 6 7 9  
8 3 5 6 7 8 9 10  
82 2 3 4 7  
128 1 2 3 9 10  
SIZE OF PROGRAMS (pID SIZE):
1 87.0 
2 77.0 
3 48.0 
4 83.0 
5 84.0 
6 97.0 
7 69.0 
8 99.0 
9 56.0 
10 68.0 
COST_INSTALL_SERVER_AND_PROGRAMS :
0 3327.2727272727275 2.6363636363636362 2.3333333333333335 1.4545454545454546 2.515151515151515 2.5454545454545454 2.9393939393939394 2.090909090909091 3.0 1.696969696969697 2.0606060606060606  
29 89.66036732038731 1.7575757575757576 1.5555555555555556 0.9696969696969697 1.6767676767676767 1.696969696969697 1.9595959595959596 1.393939393939394 2.0 1.1313131313131313 1.3737373737373737  
18 201.83467278079644 1.7575757575757576 1.5555555555555556 0.9696969696969697 1.6767676767676767 1.696969696969697 1.9595959595959596 1.393939393939394 2.0 1.1313131313131313 1.3737373737373737  
1 685.0 2.6363636363636362 2.3333333333333335 1.4545454545454546 2.515151515151515 2.5454545454545454 2.9393939393939394 2.090909090909091 3.0 1.696969696969697 2.0606060606060606  
121 27.7944922940199 2.6363636363636362 2.3333333333333335 1.4545454545454546 2.515151515151515 2.5454545454545454 2.9393939393939394 2.090909090909091 3.0 1.696969696969697 2.0606060606060606  
105 65.79370969973932 1.7575757575757576 1.5555555555555556 0.9696969696969697 1.6767676767676767 1.696969696969697 1.9595959595959596 1.393939393939394 2.0 1.1313131313131313 1.3737373737373737  
110 38.91271850818322 1.7575757575757576 1.5555555555555556 0.9696969696969697 1.6767676767676767 1.696969696969697 1.9595959595959596 1.393939393939394 2.0 1.1313131313131313 1.3737373737373737  
103 28.913290004508085 1.7575757575757576 1.5555555555555556 0.9696969696969697 1.6767676767676767 1.696969696969697 1.9595959595959596 1.393939393939394 2.0 1.1313131313131313 1.3737373737373737  
90 101.06720850817338 1.7575757575757576 1.5555555555555556 0.9696969696969697 1.6767676767676767 1.696969696969697 1.9595959595959596 1.393939393939394 2.0 1.1313131313131313 1.3737373737373737  
69 84.18972026931813 1.7575757575757576 1.5555555555555556 0.9696969696969697 1.6767676767676767 1.696969696969697 1.9595959595959596 1.393939393939394 2.0 1.1313131313131313 1.3737373737373737  
50 34.238968480792046 1.7575757575757576 1.5555555555555556 0.9696969696969697 1.6767676767676767 1.696969696969697 1.9595959595959596 1.393939393939394 2.0 1.1313131313131313 1.3737373737373737  
146 3.493459367173741 2.6363636363636362 2.3333333333333335 1.4545454545454546 2.515151515151515 2.5454545454545454 2.9393939393939394 2.090909090909091 3.0 1.696969696969697 2.0606060606060606  
111 28.0423681361569 2.6363636363636362 2.3333333333333335 1.4545454545454546 2.515151515151515 2.5454545454545454 2.9393939393939394 2.090909090909091 3.0 1.696969696969697 2.0606060606060606  
30 312.0 1.7575757575757576 1.5555555555555556 0.9696969696969697 1.6767676767676767 1.696969696969697 1.9595959595959596 1.393939393939394 2.0 1.1313131313131313 1.3737373737373737  
62 36.75159338958836 1.7575757575757576 1.5555555555555556 0.9696969696969697 1.6767676767676767 1.696969696969697 1.9595959595959596 1.393939393939394 2.0 1.1313131313131313 1.3737373737373737  
64 48.55093647853739 1.7575757575757576 1.5555555555555556 0.9696969696969697 1.6767676767676767 1.696969696969697 1.9595959595959596 1.393939393939394 2.0 1.1313131313131313 1.3737373737373737  
37 84.7567536963158 1.7575757575757576 1.5555555555555556 0.9696969696969697 1.6767676767676767 1.696969696969697 1.9595959595959596 1.393939393939394 2.0 1.1313131313131313 1.3737373737373737  
52 68.2965496949617 1.7575757575757576 1.5555555555555556 0.9696969696969697 1.6767676767676767 1.696969696969697 1.9595959595959596 1.393939393939394 2.0 1.1313131313131313 1.3737373737373737  
120 36.23291542822871 1.7575757575757576 1.5555555555555556 0.9696969696969697 1.6767676767676767 1.696969696969697 1.9595959595959596 1.393939393939394 2.0 1.1313131313131313 1.3737373737373737  
112 14.326315594682157 1.7575757575757576 1.5555555555555556 0.9696969696969697 1.6767676767676767 1.696969696969697 1.9595959595959596 1.393939393939394 2.0 1.1313131313131313 1.3737373737373737  
14 68.30373066053681 2.6363636363636362 2.3333333333333335 1.4545454545454546 2.515151515151515 2.5454545454545454 2.9393939393939394 2.090909090909091 3.0 1.696969696969697 2.0606060606060606  
65 22.688011549158656 1.7575757575757576 1.5555555555555556 0.9696969696969697 1.6767676767676767 1.696969696969697 1.9595959595959596 1.393939393939394 2.0 1.1313131313131313 1.3737373737373737  
102 34.25117599830317 2.6363636363636362 2.3333333333333335 1.4545454545454546 2.515151515151515 2.5454545454545454 2.9393939393939394 2.090909090909091 3.0 1.696969696969697 2.0606060606060606  
68 81.29617366831332 2.6363636363636362 2.3333333333333335 1.4545454545454546 2.515151515151515 2.5454545454545454 2.9393939393939394 2.090909090909091 3.0 1.696969696969697 2.0606060606060606  
132 32.5210025623954 2.6363636363636362 2.3333333333333335 1.4545454545454546 2.515151515151515 2.5454545454545454 2.9393939393939394 2.090909090909091 3.0 1.696969696969697 2.0606060606060606  
22 23.57608823305188 2.6363636363636362 2.3333333333333335 1.4545454545454546 2.515151515151515 2.5454545454545454 2.9393939393939394 2.090909090909091 3.0 1.696969696969697 2.0606060606060606  
63 31.383287680042553 2.6363636363636362 2.3333333333333335 1.4545454545454546 2.515151515151515 2.5454545454545454 2.9393939393939394 2.090909090909091 3.0 1.696969696969697 2.0606060606060606  
87 130.66496483940386 2.6363636363636362 2.3333333333333335 1.4545454545454546 2.515151515151515 2.5454545454545454 2.9393939393939394 2.090909090909091 3.0 1.696969696969697 2.0606060606060606  
85 113.54224935995104 2.6363636363636362 2.3333333333333335 1.4545454545454546 2.515151515151515 2.5454545454545454 2.9393939393939394 2.090909090909091 3.0 1.696969696969697 2.0606060606060606  
140 18.04235703142885 1.7575757575757576 1.5555555555555556 0.9696969696969697 1.6767676767676767 1.696969696969697 1.9595959595959596 1.393939393939394 2.0 1.1313131313131313 1.3737373737373737  
74 16.267130839092257 1.7575757575757576 1.5555555555555556 0.9696969696969697 1.6767676767676767 1.696969696969697 1.9595959595959596 1.393939393939394 2.0 1.1313131313131313 1.3737373737373737  
86 46.17409594776563 1.7575757575757576 1.5555555555555556 0.9696969696969697 1.6767676767676767 1.696969696969697 1.9595959595959596 1.393939393939394 2.0 1.1313131313131313 1.3737373737373737  
35 69.44880090068897 2.6363636363636362 2.3333333333333335 1.4545454545454546 2.515151515151515 2.5454545454545454 2.9393939393939394 2.090909090909091 3.0 1.696969696969697 2.0606060606060606  
118 29.727401688153247 2.6363636363636362 2.3333333333333335 1.4545454545454546 2.515151515151515 2.5454545454545454 2.9393939393939394 2.090909090909091 3.0 1.696969696969697 2.0606060606060606  
94 30.718451856776063 1.7575757575757576 1.5555555555555556 0.9696969696969697 1.6767676767676767 1.696969696969697 1.9595959595959596 1.393939393939394 2.0 1.1313131313131313 1.3737373737373737  
20 107.01471637967913 2.6363636363636362 2.3333333333333335 1.4545454545454546 2.515151515151515 2.5454545454545454 2.9393939393939394 2.090909090909091 3.0 1.696969696969697 2.0606060606060606  
117 63.38925818766217 2.6363636363636362 2.3333333333333335 1.4545454545454546 2.515151515151515 2.5454545454545454 2.9393939393939394 2.090909090909091 3.0 1.696969696969697 2.0606060606060606  
76 45.01707983572288 1.7575757575757576 1.5555555555555556 0.9696969696969697 1.6767676767676767 1.696969696969697 1.9595959595959596 1.393939393939394 2.0 1.1313131313131313 1.3737373737373737  
135 14.709499828141926 1.7575757575757576 1.5555555555555556 0.9696969696969697 1.6767676767676767 1.696969696969697 1.9595959595959596 1.393939393939394 2.0 1.1313131313131313 1.3737373737373737  
72 45.462975396102706 2.6363636363636362 2.3333333333333335 1.4545454545454546 2.515151515151515 2.5454545454545454 2.9393939393939394 2.090909090909091 3.0 1.696969696969697 2.0606060606060606  
141 8.759183581054241 1.7575757575757576 1.5555555555555556 0.9696969696969697 1.6767676767676767 1.696969696969697 1.9595959595959596 1.393939393939394 2.0 1.1313131313131313 1.3737373737373737  
24 65.51239989757597 2.6363636363636362 2.3333333333333335 1.4545454545454546 2.515151515151515 2.5454545454545454 2.9393939393939394 2.090909090909091 3.0 1.696969696969697 2.0606060606060606  
149 6.794944953834019 2.6363636363636362 2.3333333333333335 1.4545454545454546 2.515151515151515 2.5454545454545454 2.9393939393939394 2.090909090909091 3.0 1.696969696969697 2.0606060606060606  
27 22.23784670671846 1.7575757575757576 1.5555555555555556 0.9696969696969697 1.6767676767676767 1.696969696969697 1.9595959595959596 1.393939393939394 2.0 1.1313131313131313 1.3737373737373737  
17 103.14531635450243 2.6363636363636362 2.3333333333333335 1.4545454545454546 2.515151515151515 2.5454545454545454 2.9393939393939394 2.090909090909091 3.0 1.696969696969697 2.0606060606060606  
40 170.8189949822873 2.6363636363636362 2.3333333333333335 1.4545454545454546 2.515151515151515 2.5454545454545454 2.9393939393939394 2.090909090909091 3.0 1.696969696969697 2.0606060606060606  
97 62.73492917484883 1.7575757575757576 1.5555555555555556 0.9696969696969697 1.6767676767676767 1.696969696969697 1.9595959595959596 1.393939393939394 2.0 1.1313131313131313 1.3737373737373737  
107 16.27523649526659 1.7575757575757576 1.5555555555555556 0.9696969696969697 1.6767676767676767 1.696969696969697 1.9595959595959596 1.393939393939394 2.0 1.1313131313131313 1.3737373737373737  
21 200.46046426173785 2.6363636363636362 2.3333333333333335 1.4545454545454546 2.515151515151515 2.5454545454545454 2.9393939393939394 2.090909090909091 3.0 1.696969696969697 2.0606060606060606  
100 9.664198077849962 2.6363636363636362 2.3333333333333335 1.4545454545454546 2.515151515151515 2.5454545454545454 2.9393939393939394 2.090909090909091 3.0 1.696969696969697 2.0606060606060606  
80 10.858889036430767 2.6363636363636362 2.3333333333333335 1.4545454545454546 2.515151515151515 2.5454545454545454 2.9393939393939394 2.090909090909091 3.0 1.696969696969697 2.0606060606060606  
138 105.191113041758 1.7575757575757576 1.5555555555555556 0.9696969696969697 1.6767676767676767 1.696969696969697 1.9595959595959596 1.393939393939394 2.0 1.1313131313131313 1.3737373737373737  
143 14.694429576829874 1.7575757575757576 1.5555555555555556 0.9696969696969697 1.6767676767676767 1.696969696969697 1.9595959595959596 1.393939393939394 2.0 1.1313131313131313 1.3737373737373737  
89 97.97369175513214 2.6363636363636362 2.3333333333333335 1.4545454545454546 2.515151515151515 2.5454545454545454 2.9393939393939394 2.090909090909091 3.0 1.696969696969697 2.0606060606060606  
19 127.84060443166784 1.7575757575757576 1.5555555555555556 0.9696969696969697 1.6767676767676767 1.696969696969697 1.9595959595959596 1.393939393939394 2.0 1.1313131313131313 1.3737373737373737  
66 54.484267123505006 1.7575757575757576 1.5555555555555556 0.9696969696969697 1.6767676767676767 1.696969696969697 1.9595959595959596 1.393939393939394 2.0 1.1313131313131313 1.3737373737373737  
83 63.81888478551403 1.7575757575757576 1.5555555555555556 0.9696969696969697 1.6767676767676767 1.696969696969697 1.9595959595959596 1.393939393939394 2.0 1.1313131313131313 1.3737373737373737  
116 83.94521590775747 1.7575757575757576 1.5555555555555556 0.9696969696969697 1.6767676767676767 1.696969696969697 1.9595959595959596 1.393939393939394 2.0 1.1313131313131313 1.3737373737373737  
77 36.15550283232207 2.6363636363636362 2.3333333333333335 1.4545454545454546 2.515151515151515 2.5454545454545454 2.9393939393939394 2.090909090909091 3.0 1.696969696969697 2.0606060606060606  
79 15.748198608917443 1.7575757575757576 1.5555555555555556 0.9696969696969697 1.6767676767676767 1.696969696969697 1.9595959595959596 1.393939393939394 2.0 1.1313131313131313 1.3737373737373737  
125 46.773271562298795 1.7575757575757576 1.5555555555555556 0.9696969696969697 1.6767676767676767 1.696969696969697 1.9595959595959596 1.393939393939394 2.0 1.1313131313131313 1.3737373737373737  
136 87.48007703650366 2.6363636363636362 2.3333333333333335 1.4545454545454546 2.515151515151515 2.5454545454545454 2.9393939393939394 2.090909090909091 3.0 1.696969696969697 2.0606060606060606  
48 46.49173293865467 1.7575757575757576 1.5555555555555556 0.9696969696969697 1.6767676767676767 1.696969696969697 1.9595959595959596 1.393939393939394 2.0 1.1313131313131313 1.3737373737373737  
71 31.82438689296922 2.6363636363636362 2.3333333333333335 1.4545454545454546 2.515151515151515 2.5454545454545454 2.9393939393939394 2.090909090909091 3.0 1.696969696969697 2.0606060606060606  
56 332.0 1.7575757575757576 1.5555555555555556 0.9696969696969697 1.6767676767676767 1.696969696969697 1.9595959595959596 1.393939393939394 2.0 1.1313131313131313 1.3737373737373737  
96 20.391496668692906 1.7575757575757576 1.5555555555555556 0.9696969696969697 1.6767676767676767 1.696969696969697 1.9595959595959596 1.393939393939394 2.0 1.1313131313131313 1.3737373737373737  
2 2.970177857263433 2.6363636363636362 2.3333333333333335 1.4545454545454546 2.515151515151515 2.5454545454545454 2.9393939393939394 2.090909090909091 3.0 1.696969696969697 2.0606060606060606  
61 17.197193751300333 1.7575757575757576 1.5555555555555556 0.9696969696969697 1.6767676767676767 1.696969696969697 1.9595959595959596 1.393939393939394 2.0 1.1313131313131313 1.3737373737373737  
95 111.67562372603926 1.7575757575757576 1.5555555555555556 0.9696969696969697 1.6767676767676767 1.696969696969697 1.9595959595959596 1.393939393939394 2.0 1.1313131313131313 1.3737373737373737  
5 55.93097214929701 1.7575757575757576 1.5555555555555556 0.9696969696969697 1.6767676767676767 1.696969696969697 1.9595959595959596 1.393939393939394 2.0 1.1313131313131313 1.3737373737373737  
28 102.96378057192281 2.6363636363636362 2.3333333333333335 1.4545454545454546 2.515151515151515 2.5454545454545454 2.9393939393939394 2.090909090909091 3.0 1.696969696969697 2.0606060606060606  
3 27.93234568007602 1.7575757575757576 1.5555555555555556 0.9696969696969697 1.6767676767676767 1.696969696969697 1.9595959595959596 1.393939393939394 2.0 1.1313131313131313 1.3737373737373737  
101 28.56658405691332 2.6363636363636362 2.3333333333333335 1.4545454545454546 2.515151515151515 2.5454545454545454 2.9393939393939394 2.090909090909091 3.0 1.696969696969697 2.0606060606060606  
9 83.50576539413514 1.7575757575757576 1.5555555555555556 0.9696969696969697 1.6767676767676767 1.696969696969697 1.9595959595959596 1.393939393939394 2.0 1.1313131313131313 1.3737373737373737  
81 46.86978800209012 1.7575757575757576 1.5555555555555556 0.9696969696969697 1.6767676767676767 1.696969696969697 1.9595959595959596 1.393939393939394 2.0 1.1313131313131313 1.3737373737373737  
11 41.154123075163405 2.6363636363636362 2.3333333333333335 1.4545454545454546 2.515151515151515 2.5454545454545454 2.9393939393939394 2.090909090909091 3.0 1.696969696969697 2.0606060606060606  
122 40.61317728742042 1.7575757575757576 1.5555555555555556 0.9696969696969697 1.6767676767676767 1.696969696969697 1.9595959595959596 1.393939393939394 2.0 1.1313131313131313 1.3737373737373737  
126 57.18175357384338 2.6363636363636362 2.3333333333333335 1.4545454545454546 2.515151515151515 2.5454545454545454 2.9393939393939394 2.090909090909091 3.0 1.696969696969697 2.0606060606060606  
41 23.04807801598576 2.6363636363636362 2.3333333333333335 1.4545454545454546 2.515151515151515 2.5454545454545454 2.9393939393939394 2.090909090909091 3.0 1.696969696969697 2.0606060606060606  
31 34.75419050605044 1.7575757575757576 1.5555555555555556 0.9696969696969697 1.6767676767676767 1.696969696969697 1.9595959595959596 1.393939393939394 2.0 1.1313131313131313 1.3737373737373737  
60 743.0 1.7575757575757576 1.5555555555555556 0.9696969696969697 1.6767676767676767 1.696969696969697 1.9595959595959596 1.393939393939394 2.0 1.1313131313131313 1.3737373737373737  
92 104.9505028740772 2.6363636363636362 2.3333333333333335 1.4545454545454546 2.515151515151515 2.5454545454545454 2.9393939393939394 2.090909090909091 3.0 1.696969696969697 2.0606060606060606  
129 51.88281502759041 2.6363636363636362 2.3333333333333335 1.4545454545454546 2.515151515151515 2.5454545454545454 2.9393939393939394 2.090909090909091 3.0 1.696969696969697 2.0606060606060606  
137 203.0 2.6363636363636362 2.3333333333333335 1.4545454545454546 2.515151515151515 2.5454545454545454 2.9393939393939394 2.090909090909091 3.0 1.696969696969697 2.0606060606060606  
13 77.80384561398436 1.7575757575757576 1.5555555555555556 0.9696969696969697 1.6767676767676767 1.696969696969697 1.9595959595959596 1.393939393939394 2.0 1.1313131313131313 1.3737373737373737  
33 38.3351271800378 2.6363636363636362 2.3333333333333335 1.4545454545454546 2.515151515151515 2.5454545454545454 2.9393939393939394 2.090909090909091 3.0 1.696969696969697 2.0606060606060606  
53 286.0 1.7575757575757576 1.5555555555555556 0.9696969696969697 1.6767676767676767 1.696969696969697 1.9595959595959596 1.393939393939394 2.0 1.1313131313131313 1.3737373737373737  
23 194.8446976605811 1.7575757575757576 1.5555555555555556 0.9696969696969697 1.6767676767676767 1.696969696969697 1.9595959595959596 1.393939393939394 2.0 1.1313131313131313 1.3737373737373737  
7 18.132340130665614 1.7575757575757576 1.5555555555555556 0.9696969696969697 1.6767676767676767 1.696969696969697 1.9595959595959596 1.393939393939394 2.0 1.1313131313131313 1.3737373737373737  
88 102.13869578148284 2.6363636363636362 2.3333333333333335 1.4545454545454546 2.515151515151515 2.5454545454545454 2.9393939393939394 2.090909090909091 3.0 1.696969696969697 2.0606060606060606  
42 698.0 1.7575757575757576 1.5555555555555556 0.9696969696969697 1.6767676767676767 1.696969696969697 1.9595959595959596 1.393939393939394 2.0 1.1313131313131313 1.3737373737373737  
45 31.130813118827298 2.6363636363636362 2.3333333333333335 1.4545454545454546 2.515151515151515 2.5454545454545454 2.9393939393939394 2.090909090909091 3.0 1.696969696969697 2.0606060606060606  
36 37.08006722960564 1.7575757575757576 1.5555555555555556 0.9696969696969697 1.6767676767676767 1.696969696969697 1.9595959595959596 1.393939393939394 2.0 1.1313131313131313 1.3737373737373737  
130 15.839910185987355 1.7575757575757576 1.5555555555555556 0.9696969696969697 1.6767676767676767 1.696969696969697 1.9595959595959596 1.393939393939394 2.0 1.1313131313131313 1.3737373737373737  
12 47.64024054528475 2.6363636363636362 2.3333333333333335 1.4545454545454546 2.515151515151515 2.5454545454545454 2.9393939393939394 2.090909090909091 3.0 1.696969696969697 2.0606060606060606  
55 37.18915132426878 1.7575757575757576 1.5555555555555556 0.9696969696969697 1.6767676767676767 1.696969696969697 1.9595959595959596 1.393939393939394 2.0 1.1313131313131313 1.3737373737373737  
54 39.14715933453291 1.7575757575757576 1.5555555555555556 0.9696969696969697 1.6767676767676767 1.696969696969697 1.9595959595959596 1.393939393939394 2.0 1.1313131313131313 1.3737373737373737  
93 84.73602773661469 1.7575757575757576 1.5555555555555556 0.9696969696969697 1.6767676767676767 1.696969696969697 1.9595959595959596 1.393939393939394 2.0 1.1313131313131313 1.3737373737373737  
147 14.966479950652975 2.6363636363636362 2.3333333333333335 1.4545454545454546 2.515151515151515 2.5454545454545454 2.9393939393939394 2.090909090909091 3.0 1.696969696969697 2.0606060606060606  
4 30.633106802073364 2.6363636363636362 2.3333333333333335 1.4545454545454546 2.515151515151515 2.5454545454545454 2.9393939393939394 2.090909090909091 3.0 1.696969696969697 2.0606060606060606  
131 42.24400604218589 1.7575757575757576 1.5555555555555556 0.9696969696969697 1.6767676767676767 1.696969696969697 1.9595959595959596 1.393939393939394 2.0 1.1313131313131313 1.3737373737373737  
113 689.0 1.7575757575757576 1.5555555555555556 0.9696969696969697 1.6767676767676767 1.696969696969697 1.9595959595959596 1.393939393939394 2.0 1.1313131313131313 1.3737373737373737  
84 89.7895395389512 1.7575757575757576 1.5555555555555556 0.9696969696969697 1.6767676767676767 1.696969696969697 1.9595959595959596 1.393939393939394 2.0 1.1313131313131313 1.3737373737373737  
75 8.821177145791362 2.6363636363636362 2.3333333333333335 1.4545454545454546 2.515151515151515 2.5454545454545454 2.9393939393939394 2.090909090909091 3.0 1.696969696969697 2.0606060606060606  
144 18.546809412582242 1.7575757575757576 1.5555555555555556 0.9696969696969697 1.6767676767676767 1.696969696969697 1.9595959595959596 1.393939393939394 2.0 1.1313131313131313 1.3737373737373737  
106 7.152581346761243 1.7575757575757576 1.5555555555555556 0.9696969696969697 1.6767676767676767 1.696969696969697 1.9595959595959596 1.393939393939394 2.0 1.1313131313131313 1.3737373737373737  
119 8.416600187224855 2.6363636363636362 2.3333333333333335 1.4545454545454546 2.515151515151515 2.5454545454545454 2.9393939393939394 2.090909090909091 3.0 1.696969696969697 2.0606060606060606  
124 13.24441589915551 2.6363636363636362 2.3333333333333335 1.4545454545454546 2.515151515151515 2.5454545454545454 2.9393939393939394 2.090909090909091 3.0 1.696969696969697 2.0606060606060606  
127 80.75255967126208 2.6363636363636362 2.3333333333333335 1.4545454545454546 2.515151515151515 2.5454545454545454 2.9393939393939394 2.090909090909091 3.0 1.696969696969697 2.0606060606060606  
114 18.527025654652224 2.6363636363636362 2.3333333333333335 1.4545454545454546 2.515151515151515 2.5454545454545454 2.9393939393939394 2.090909090909091 3.0 1.696969696969697 2.0606060606060606  
39 105.23121882110004 2.6363636363636362 2.3333333333333335 1.4545454545454546 2.515151515151515 2.5454545454545454 2.9393939393939394 2.090909090909091 3.0 1.696969696969697 2.0606060606060606  
44 94.63906623351815 1.7575757575757576 1.5555555555555556 0.9696969696969697 1.6767676767676767 1.696969696969697 1.9595959595959596 1.393939393939394 2.0 1.1313131313131313 1.3737373737373737  
58 914.0 1.7575757575757576 1.5555555555555556 0.9696969696969697 1.6767676767676767 1.696969696969697 1.9595959595959596 1.393939393939394 2.0 1.1313131313131313 1.3737373737373737  
148 36.84448406982286 2.6363636363636362 2.3333333333333335 1.4545454545454546 2.515151515151515 2.5454545454545454 2.9393939393939394 2.090909090909091 3.0 1.696969696969697 2.0606060606060606  
139 66.45161841201762 2.6363636363636362 2.3333333333333335 1.4545454545454546 2.515151515151515 2.5454545454545454 2.9393939393939394 2.090909090909091 3.0 1.696969696969697 2.0606060606060606  
145 26.510883004269278 1.7575757575757576 1.5555555555555556 0.9696969696969697 1.6767676767676767 1.696969696969697 1.9595959595959596 1.393939393939394 2.0 1.1313131313131313 1.3737373737373737  
51 24.423340864653664 2.6363636363636362 2.3333333333333335 1.4545454545454546 2.515151515151515 2.5454545454545454 2.9393939393939394 2.090909090909091 3.0 1.696969696969697 2.0606060606060606  
6 82.59174978651666 2.6363636363636362 2.3333333333333335 1.4545454545454546 2.515151515151515 2.5454545454545454 2.9393939393939394 2.090909090909091 3.0 1.696969696969697 2.0606060606060606  
73 41.896692318636134 1.7575757575757576 1.5555555555555556 0.9696969696969697 1.6767676767676767 1.696969696969697 1.9595959595959596 1.393939393939394 2.0 1.1313131313131313 1.3737373737373737  
78 37.95285596046338 1.7575757575757576 1.5555555555555556 0.9696969696969697 1.6767676767676767 1.696969696969697 1.9595959595959596 1.393939393939394 2.0 1.1313131313131313 1.3737373737373737  
57 29.69342378103361 1.7575757575757576 1.5555555555555556 0.9696969696969697 1.6767676767676767 1.696969696969697 1.9595959595959596 1.393939393939394 2.0 1.1313131313131313 1.3737373737373737  
133 40.47954740632932 1.7575757575757576 1.5555555555555556 0.9696969696969697 1.6767676767676767 1.696969696969697 1.9595959595959596 1.393939393939394 2.0 1.1313131313131313 1.3737373737373737  
10 44.956643260428805 2.6363636363636362 2.3333333333333335 1.4545454545454546 2.515151515151515 2.5454545454545454 2.9393939393939394 2.090909090909091 3.0 1.696969696969697 2.0606060606060606  
70 5.906934405597026 2.6363636363636362 2.3333333333333335 1.4545454545454546 2.515151515151515 2.5454545454545454 2.9393939393939394 2.090909090909091 3.0 1.696969696969697 2.0606060606060606  
26 86.99460772441707 1.7575757575757576 1.5555555555555556 0.9696969696969697 1.6767676767676767 1.696969696969697 1.9595959595959596 1.393939393939394 2.0 1.1313131313131313 1.3737373737373737  
104 24.2084440984082 2.6363636363636362 2.3333333333333335 1.4545454545454546 2.515151515151515 2.5454545454545454 2.9393939393939394 2.090909090909091 3.0 1.696969696969697 2.0606060606060606  
46 68.54259430704711 1.7575757575757576 1.5555555555555556 0.9696969696969697 1.6767676767676767 1.696969696969697 1.9595959595959596 1.393939393939394 2.0 1.1313131313131313 1.3737373737373737  
34 39.81773174759027 2.6363636363636362 2.3333333333333335 1.4545454545454546 2.515151515151515 2.5454545454545454 2.9393939393939394 2.090909090909091 3.0 1.696969696969697 2.0606060606060606  
43 8.484129154248032 2.6363636363636362 2.3333333333333335 1.4545454545454546 2.515151515151515 2.5454545454545454 2.9393939393939394 2.090909090909091 3.0 1.696969696969697 2.0606060606060606  
59 22.10871078624684 1.7575757575757576 1.5555555555555556 0.9696969696969697 1.6767676767676767 1.696969696969697 1.9595959595959596 1.393939393939394 2.0 1.1313131313131313 1.3737373737373737  
47 807.0 2.6363636363636362 2.3333333333333335 1.4545454545454546 2.515151515151515 2.5454545454545454 2.9393939393939394 2.090909090909091 3.0 1.696969696969697 2.0606060606060606  
98 61.19470696853714 1.7575757575757576 1.5555555555555556 0.9696969696969697 1.6767676767676767 1.696969696969697 1.9595959595959596 1.393939393939394 2.0 1.1313131313131313 1.3737373737373737  
99 61.211353223095664 1.7575757575757576 1.5555555555555556 0.9696969696969697 1.6767676767676767 1.696969696969697 1.9595959595959596 1.393939393939394 2.0 1.1313131313131313 1.3737373737373737  
32 75.68174532466458 2.6363636363636362 2.3333333333333335 1.4545454545454546 2.515151515151515 2.5454545454545454 2.9393939393939394 2.090909090909091 3.0 1.696969696969697 2.0606060606060606  
134 29.399736027101508 2.6363636363636362 2.3333333333333335 1.4545454545454546 2.515151515151515 2.5454545454545454 2.9393939393939394 2.090909090909091 3.0 1.696969696969697 2.0606060606060606  
49 107.70559202396507 1.7575757575757576 1.5555555555555556 0.9696969696969697 1.6767676767676767 1.696969696969697 1.9595959595959596 1.393939393939394 2.0 1.1313131313131313 1.3737373737373737  
123 6.320063610793905 1.7575757575757576 1.5555555555555556 0.9696969696969697 1.6767676767676767 1.696969696969697 1.9595959595959596 1.393939393939394 2.0 1.1313131313131313 1.3737373737373737  
142 12.36918784715342 1.7575757575757576 1.5555555555555556 0.9696969696969697 1.6767676767676767 1.696969696969697 1.9595959595959596 1.393939393939394 2.0 1.1313131313131313 1.3737373737373737  
115 27.215427347625933 1.7575757575757576 1.5555555555555556 0.9696969696969697 1.6767676767676767 1.696969696969697 1.9595959595959596 1.393939393939394 2.0 1.1313131313131313 1.3737373737373737  
16 117.90480883532453 1.7575757575757576 1.5555555555555556 0.9696969696969697 1.6767676767676767 1.696969696969697 1.9595959595959596 1.393939393939394 2.0 1.1313131313131313 1.3737373737373737  
67 65.8220634160256 2.6363636363636362 2.3333333333333335 1.4545454545454546 2.515151515151515 2.5454545454545454 2.9393939393939394 2.090909090909091 3.0 1.696969696969697 2.0606060606060606  
15 62.8396865998526 1.7575757575757576 1.5555555555555556 0.9696969696969697 1.6767676767676767 1.696969696969697 1.9595959595959596 1.393939393939394 2.0 1.1313131313131313 1.3737373737373737  
108 8.334007693807473 2.6363636363636362 2.3333333333333335 1.4545454545454546 2.515151515151515 2.5454545454545454 2.9393939393939394 2.090909090909091 3.0 1.696969696969697 2.0606060606060606  
109 611.0 1.7575757575757576 1.5555555555555556 0.9696969696969697 1.6767676767676767 1.696969696969697 1.9595959595959596 1.393939393939394 2.0 1.1313131313131313 1.3737373737373737  
91 47.979992257641555 2.6363636363636362 2.3333333333333335 1.4545454545454546 2.515151515151515 2.5454545454545454 2.9393939393939394 2.090909090909091 3.0 1.696969696969697 2.0606060606060606  
38 77.52268871217532 1.7575757575757576 1.5555555555555556 0.9696969696969697 1.6767676767676767 1.696969696969697 1.9595959595959596 1.393939393939394 2.0 1.1313131313131313 1.3737373737373737  
25 103.76066975289108 2.6363636363636362 2.3333333333333335 1.4545454545454546 2.515151515151515 2.5454545454545454 2.9393939393939394 2.090909090909091 3.0 1.696969696969697 2.0606060606060606  
8 77.70018913926651 1.7575757575757576 1.5555555555555556 0.9696969696969697 1.6767676767676767 1.696969696969697 1.9595959595959596 1.393939393939394 2.0 1.1313131313131313 1.3737373737373737  
82 54.56074239600677 1.7575757575757576 1.5555555555555556 0.9696969696969697 1.6767676767676767 1.696969696969697 1.9595959595959596 1.393939393939394 2.0 1.1313131313131313 1.3737373737373737  
128 17.1652830660337 1.7575757575757576 1.5555555555555556 0.9696969696969697 1.6767676767676767 1.696969696969697 1.9595959595959596 1.393939393939394 2.0 1.1313131313131313 1.3737373737373737  
