90 40
TREE NETWORK (nID nID Weight):
1 0 55.0 
2 1 56.0 
9 0 54.0 
3 2 52.0 
10 9 39.0 
53 0 56.0 
54 53 36.0 
62 53 38.0 
11 10 58.0 
7 1 38.0 
63 62 36.0 
72 62 52.0 
44 9 34.0 
12 11 57.0 
13 12 51.0 
47 9 53.0 
14 13 43.0 
64 63 52.0 
48 47 37.0 
6 2 38.0 
73 72 37.0 
68 63 41.0 
31 10 43.0 
32 31 43.0 
33 31 31.0 
75 72 57.0 
34 33 34.0 
74 73 33.0 
84 0 34.0 
65 64 59.0 
21 11 34.0 
45 44 37.0 
22 21 59.0 
66 64 51.0 
37 33 38.0 
85 84 34.0 
38 37 58.0 
55 54 34.0 
76 75 45.0 
69 63 35.0 
70 69 51.0 
4 3 55.0 
83 53 41.0 
57 54 42.0 
49 48 35.0 
42 31 59.0 
40 33 51.0 
58 57 56.0 
78 72 48.0 
59 57 34.0 
15 14 59.0 
61 57 54.0 
27 11 34.0 
30 11 41.0 
28 27 41.0 
8 1 37.0 
50 49 32.0 
29 28 54.0 
51 47 31.0 
79 72 46.0 
20 12 42.0 
41 40 52.0 
16 14 45.0 
17 16 43.0 
80 79 44.0 
60 59 57.0 
46 45 36.0 
86 85 40.0 
43 31 47.0 
23 22 52.0 
89 0 33.0 
52 47 30.0 
82 62 37.0 
56 55 54.0 
71 63 46.0 
5 4 52.0 
24 23 45.0 
26 21 44.0 
67 64 33.0 
39 38 38.0 
19 13 42.0 
35 34 36.0 
36 34 56.0 
81 72 59.0 
77 75 53.0 
87 86 33.0 
25 23 48.0 
88 85 59.0 
18 16 43.0 
PROGRAMS ASSIGNED TO NODES (nID pID1 pID2 ...):
0 1 2 3 4 5 6 7 8 9 10 11 12 13 14 15 16 17 18 19 20 21 22 23 24 25 26 27 28 29 30 31 32 33 34 35 36 37 38 39 40  
25 1 2 3 6 7 8 9 12 13 14 15 17 19 20 21 23 24 25 26 28 29 30 32 34 36 37 39  
89 9 30  
18 1 3 8 9 11 18 20 22 23 27 31 32 33 34 40  
55 5 14  
61 1 3 4 5 6 7 8 10 15 16 17 18 19 20 22 24 27 28 29 32 36 37 40  
72 1 5 6 7 10 11 13 15 17 21 25 31 39  
40 1 2 3 4 5 6 7 8 9 10 11 12 13 14 15 16 17 18 19 21 22 23 24 25 26 27 30 31 32 34 35 36 37 38 39 40  
33 3 4 5 14 18 19 22 25 26 27 32 35 38  
59 1 11 16 17 22 31 33  
48 4  
77 2 3 5 9 14 16 22 23 25 29 30 31 32 34 36 37 40  
9 1 2 3 4 5 6 7 11 12 13 14 15 16 17 19 21 23 29 30 32 33 34 35 37 38 39 40  
50 4 6 8 9 10 11 12 13 14 18 20 23 24 25 26 27 28 30 35 36 37 40  
63 1 3 6 12 17 24 34 36 37 39 40  
69 1 2 3 4 5 6 7 8 9 10 11 12 13 14 16 17 18 19 20 21 22 23 24 25 26 27 28 29 30 31 32 33 34 35 36 37 38 39 40  
12 17 23 33  
58 1 2 3 4 5 6 7 8 9 10 11 12 13 14 15 16 17 18 19 20 21 22 23 25 26 27 28 29 30 31 32 33 34 35 36 37 38 40  
70 2 8 11 13 20 28 34  
65 1 2 3 4 5 6 7 8 9 10 11 12 13 14 15 16 17 18 19 20 21 22 23 24 26 27 28 29 30 31 32 33 34 35 36 37 38 39 40  
45 1 3 4 6 7 8 9 10 14 16 18 19 20 23 25 26 27 28 30 31 32 33 35 36 37 39 40  
74 1 2 5 6 7 8 10 11 12 13 14 15 17 19 21 22 23 25 26 27 29 30 31 32 33 34 35 36 37 38 40  
13 2 3 6 8 11 14 15 16 17 19 20 21 22 23 24 25 26 27 28 29 31 32 33 35 36 37 38  
62 3 4 6 9 10 11 13 14 15 16 18 21 22 23 24 25 27 29 30 34 35 37 39 40  
2 1 2 3 5 7 8 9 11 13 14 16 19 21 23 24 28 29 30 31 35 36 37 38 40  
29 1 2 3 4 5 6 7 8 9 11 12 13 14 15 16 17 18 19 20 21 22 23 24 25 26 27 28 29 30 32 33 34 35 37 38 39 40  
47 1 2 5 14 19 24 25 27 28 30 36 40  
79 1 2 4 6 7 8 9 10 11 14 15 16 18 19 20 21 22 23 26 27 28 29 31 33 35 36 37 39  
80 1 2 6 8 9 10 11 12 14 17 18 19 20 21 22 23 24 26 27 28 29 30 31 32 34 35 36 38 40  
85  
11 2 3 4 5 6 8 9 10 11 12 13 14 15 16 17 19 20 22 24 25 26 27 28 29 32 33 36 38 39  
35 19  
3 11 19 23 26 34 37  
67 2 3 6 11 16 21 25 29 31 32 36 37  
76 1 2 3 4 5 6 7 8 9 10 11 12 13 15 16 17 18 19 20 21 22 23 24 25 26 27 28 31 32 33 34 35 36 37 38 39 40  
6  
43 1 12 35  
86 1 3 4 5 6 7 9 10 11 12 13 14 15 16 17 18 19 20 21 22 23 24 25 26 27 28 29 31 32 33 34 35 36 37 38 39 40  
46 3 5 7 10 11 14 15 17 20 23 25 31 33 35 36 38  
83 3 4 5 7 8 9 10 11 12 14 16 17 20 21 23 28 29 34 35  
21 5 6 15 18 21 24 25 39  
87 4 7 9 12 14 16 19 20 24 26 27 35  
64 4 5 6 9 10 11 14 15 16 20 26 27 29 34 37 39  
16 1 2 3 5 6 7 8 9 10 12 14 15 16 17 18 19 20 21 22 23 24 25 26 30 31 32 33 34 35 36 37 38 39 40  
44 6 17 21 26 27 35 39  
10 1 3 4 6 7 8 10 11 12 13 14 16 17 18 19 20 21 22 23 24 25 26 27 28 29 30 32 33 34 35 36 37 38 40  
32 1 2 3 5 8 9 10 12 13 15 16 17 18 19 20 22 23 24 25 27 30 31 32 34 35 36 38 39 40  
66 1 2 3 4 5 6 7 8 9 10 12 13 14 15 16 17 18 19 20 21 22 23 24 25 26 27 28 29 30 31 32 33 34 35 36 37 38 39 40  
41 2 4 6 7 8 10 12 13 14 16 19 20 22 24 26 29 30 31 32 34 35 38 39  
56 2 6 7 8 10 11 12 13 14 15 16 17 19 20 22 26 27 29 30 35 37 38 39 40  
71 2 3 4 6 8 9 11 12 14 15 16 17 18 22 23 24 26 27 29 30 31 34 35 37 40  
22 10 12 27  
28 1 2 3 4 5 6 8 9 10 11 14 15 16 17 18 19 21 23 24 27 28 29 30 31 32 33 34 35 36 37 38 39 40  
19 1 4 7 8 11 12 13 14 15 16 17 18 19 20 21 22 25 26 27 28 29 31 32 33 35 36 37 38 39 40  
1 1 2 3 4 5 6 7 8 11 12 13 14 16 17 18 19 20 21 22 23 24 25 26 27 28 31 32 33 34 35 36 37 38 39 40  
17 1 2 3 4 5 6 7 9 10 11 13 14 15 16 17 18 19 20 22 23 24 25 26 27 28 29 30 31 32 33 34 36 37 38 39 40  
15 5 11 20 21 33 38  
30 2 4 7 8 9 10 12 14 15 16 18 19 22 25 27 28 32 33 34 35 37 38 40  
27 1 3 6 9 11 12 13 14 17 18 19 20 25 26 27 28 29 30 32 33 35 36 37 38 39  
4 2 4 5 8 10 11 12 13 15 16 17 18 19 21 22 23 24 26 29 30 32 35 36 37 38 39  
49 4 7 9 10 11 15 16 19 24 29 33 39  
53 1 2 3 4 5 6 7 8 9 10 11 13 14 15 16 17 18 19 20 21 22 23 25 26 27 28 29 30 31 32 33 34 35 36 37 38 40  
73 2 3 9 28 31 37  
42 7 12 15 19 32 34 35 37 38  
68 1 2 3 6 7 8 9 11 12 14 15 16 17 18 19 20 21 22 23 24 25 26 27 28 29 30 31 32 33 35 36 37 38 39 40  
81 1 3 4 8 10 11 12 13 14 16 17 18 19 21 22 23 24 25 26 27 28 29 30 31 32 34 35 40  
31 1 2 3 4 5 6 7 8 9 10 11 12 13 14 15 16 17 18 19 20 21 22 23 25 26 27 28 29 30 31 32 33 34 35 36 37 38 39 40  
23 4 5 6 7 8 11 14 16 17 19 20 26 30 32 37 38 39  
20 1 2 4 5 7 8 10 11 12 13 16 17 19 20 21 22 24 27 30 31 32 33 34 35 36 38 39 40  
37 6 7 9 10 15 18 21 23 25 26 27 38  
5 2 3 4 6 7 9 10 11 12 13 14 15 16 17 18 19 21 23 24 25 28 29 30 31 32 33 34 35 36 37 39 40  
60 1 2 3 7 9 10 12 16 19 20 21 25 27 28 29 30 31 32 33 35 37 40  
54 7 8 13 27 31 39  
75 1 3 4 5 7 8 9 10 11 12 13 15 17 19 20 23 24 25 28 30 35 36 37 40  
34 2 5 6 7 8 9 10 13 14 15 16 18 21 25 27 28 29 30 31 35 37 38 40  
84 14 16 18 19 20 24 29 33 37  
26 1 2 3 4 5 6 8 9 12 13 14 15 16 18 21 23 24 25 26 27 30 31 33 34 35 36 39 40  
38 1 2 4 5 6 7 8 9 10 11 12 13 14 15 16 19 20 21 23 25 26 27 28 29 30 31 33 34 35 38 39 40  
82 1 3 8 9 13 15 16 22 23 34  
24 1 2 4 7 9 10 11 13 17 18 19 24 26 27 28 30 31 33 37  
51 1 2 4 5 6 9 10 11 12 13 14 15 16 17 19 20 21 22 23 24 25 26 27 29 30 31 32 33 34 35 36 37 38 39 40  
7 2 5 8 13 17 26 28 30 37  
39 1 3 6 7 10 12 13 16 17 20 21 22 25 26 27 28 29 32 33 34 35 36 37 38 40  
14 1 2 4 5 7 8 9 11 12 13 15 16 19 21 23 24 26 27 31 32 35 36 39 40  
88 2 3 4 5 6 7 8 9 10 11 12 13 14 15 16 17 18 19 20 21 22 23 24 25 26 27 28 29 30 31 32 33 34 35 36 37 38 39 40  
78 1 2 3 4 5 6 7 8 9 10 11 12 13 14 16 17 18 19 20 21 22 23 24 25 26 27 28 29 30 31 32 33 34 35 36 37 38 39 40  
36 1 2 3 4 7 8 9 10 11 12 13 17 18 20 22 25 26 28 30 32 33 34 35 38 39 40  
52 3 5 7 15 17 20 22 25 27 33 35  
57 2 3 5 6 8 9 10 14 15 16 17 18 25 26 27 28 30 32 35 39  
8 2 8 11 32  
SIZE OF PROGRAMS (pID SIZE):
1 66.0 
2 56.0 
3 53.0 
4 53.0 
5 53.0 
6 80.0 
7 54.0 
8 62.0 
9 51.0 
10 47.0 
11 46.0 
12 85.0 
13 66.0 
14 75.0 
15 45.0 
16 50.0 
17 47.0 
18 43.0 
19 48.0 
20 89.0 
21 97.0 
22 74.0 
23 55.0 
24 57.0 
25 72.0 
26 54.0 
27 90.0 
28 63.0 
29 70.0 
30 78.0 
31 75.0 
32 47.0 
33 44.0 
34 60.0 
35 86.0 
36 66.0 
37 79.0 
38 59.0 
39 75.0 
40 53.0 
COST_INSTALL_SERVER_AND_PROGRAMS :
0 8803.092783505152 2.0412371134020617 1.731958762886598 1.6391752577319587 1.6391752577319587 1.6391752577319587 2.4742268041237114 1.6701030927835052 1.9175257731958764 1.577319587628866 1.4536082474226804 1.422680412371134 2.6288659793814433 2.0412371134020617 2.3195876288659796 1.3917525773195876 1.5463917525773196 1.4536082474226804 1.3298969072164948 1.4845360824742269 2.752577319587629 3.0 2.288659793814433 1.7010309278350515 1.7628865979381443 2.2268041237113403 1.6701030927835052 2.783505154639175 1.9484536082474226 2.1649484536082473 2.4123711340206184 2.3195876288659796 1.4536082474226804 1.3608247422680413 1.8556701030927836 2.6597938144329896 2.0412371134020617 2.443298969072165 1.824742268041237 2.3195876288659796 1.6391752577319587  
25 393.64410011283286 2.0412371134020617 1.731958762886598 1.6391752577319587 1.6391752577319587 1.6391752577319587 2.4742268041237114 1.6701030927835052 1.9175257731958764 1.577319587628866 1.4536082474226804 1.422680412371134 2.6288659793814433 2.0412371134020617 2.3195876288659796 1.3917525773195876 1.5463917525773196 1.4536082474226804 1.3298969072164948 1.4845360824742269 2.752577319587629 3.0 2.288659793814433 1.7010309278350515 1.7628865979381443 2.2268041237113403 1.6701030927835052 2.783505154639175 1.9484536082474226 2.1649484536082473 2.4123711340206184 2.3195876288659796 1.4536082474226804 1.3608247422680413 1.8556701030927836 2.6597938144329896 2.0412371134020617 2.443298969072165 1.824742268041237 2.3195876288659796 1.6391752577319587  
89 3.212170816386236 2.0412371134020617 1.731958762886598 1.6391752577319587 1.6391752577319587 1.6391752577319587 2.4742268041237114 1.6701030927835052 1.9175257731958764 1.577319587628866 1.4536082474226804 1.422680412371134 2.6288659793814433 2.0412371134020617 2.3195876288659796 1.3917525773195876 1.5463917525773196 1.4536082474226804 1.3298969072164948 1.4845360824742269 2.752577319587629 3.0 2.288659793814433 1.7010309278350515 1.7628865979381443 2.2268041237113403 1.6701030927835052 2.783505154639175 1.9484536082474226 2.1649484536082473 2.4123711340206184 2.3195876288659796 1.4536082474226804 1.3608247422680413 1.8556701030927836 2.6597938144329896 2.0412371134020617 2.443298969072165 1.824742268041237 2.3195876288659796 1.6391752577319587  
18 172.7244672043864 1.3608247422680413 1.1546391752577319 1.092783505154639 1.092783505154639 1.092783505154639 1.6494845360824741 1.1134020618556701 1.2783505154639174 1.0515463917525774 0.9690721649484536 0.9484536082474226 1.7525773195876289 1.3608247422680413 1.5463917525773196 0.9278350515463918 1.0309278350515463 0.9690721649484536 0.8865979381443299 0.9896907216494846 1.8350515463917525 2.0 1.5257731958762886 1.134020618556701 1.175257731958763 1.4845360824742269 1.1134020618556701 1.8556701030927836 1.2989690721649485 1.443298969072165 1.6082474226804124 1.5463917525773196 0.9690721649484536 0.9072164948453608 1.2371134020618557 1.7731958762886597 1.3608247422680413 1.6288659793814433 1.2164948453608246 1.5463917525773196 1.092783505154639  
55 125.1013477204388 1.3608247422680413 1.1546391752577319 1.092783505154639 1.092783505154639 1.092783505154639 1.6494845360824741 1.1134020618556701 1.2783505154639174 1.0515463917525774 0.9690721649484536 0.9484536082474226 1.7525773195876289 1.3608247422680413 1.5463917525773196 0.9278350515463918 1.0309278350515463 0.9690721649484536 0.8865979381443299 0.9896907216494846 1.8350515463917525 2.0 1.5257731958762886 1.134020618556701 1.175257731958763 1.4845360824742269 1.1134020618556701 1.8556701030927836 1.2989690721649485 1.443298969072165 1.6082474226804124 1.5463917525773196 0.9690721649484536 0.9072164948453608 1.2371134020618557 1.7731958762886597 1.3608247422680413 1.6288659793814433 1.2164948453608246 1.5463917525773196 1.092783505154639  
61 129.8145227752699 1.3608247422680413 1.1546391752577319 1.092783505154639 1.092783505154639 1.092783505154639 1.6494845360824741 1.1134020618556701 1.2783505154639174 1.0515463917525774 0.9690721649484536 0.9484536082474226 1.7525773195876289 1.3608247422680413 1.5463917525773196 0.9278350515463918 1.0309278350515463 0.9690721649484536 0.8865979381443299 0.9896907216494846 1.8350515463917525 2.0 1.5257731958762886 1.134020618556701 1.175257731958763 1.4845360824742269 1.1134020618556701 1.8556701030927836 1.2989690721649485 1.443298969072165 1.6082474226804124 1.5463917525773196 0.9690721649484536 0.9072164948453608 1.2371134020618557 1.7731958762886597 1.3608247422680413 1.6288659793814433 1.2164948453608246 1.5463917525773196 1.092783505154639  
72 189.75507009699226 1.3608247422680413 1.1546391752577319 1.092783505154639 1.092783505154639 1.092783505154639 1.6494845360824741 1.1134020618556701 1.2783505154639174 1.0515463917525774 0.9690721649484536 0.9484536082474226 1.7525773195876289 1.3608247422680413 1.5463917525773196 0.9278350515463918 1.0309278350515463 0.9690721649484536 0.8865979381443299 0.9896907216494846 1.8350515463917525 2.0 1.5257731958762886 1.134020618556701 1.175257731958763 1.4845360824742269 1.1134020618556701 1.8556701030927836 1.2989690721649485 1.443298969072165 1.6082474226804124 1.5463917525773196 0.9690721649484536 0.9072164948453608 1.2371134020618557 1.7731958762886597 1.3608247422680413 1.6288659793814433 1.2164948453608246 1.5463917525773196 1.092783505154639  
40 366.9383025286861 1.3608247422680413 1.1546391752577319 1.092783505154639 1.092783505154639 1.092783505154639 1.6494845360824741 1.1134020618556701 1.2783505154639174 1.0515463917525774 0.9690721649484536 0.9484536082474226 1.7525773195876289 1.3608247422680413 1.5463917525773196 0.9278350515463918 1.0309278350515463 0.9690721649484536 0.8865979381443299 0.9896907216494846 1.8350515463917525 2.0 1.5257731958762886 1.134020618556701 1.175257731958763 1.4845360824742269 1.1134020618556701 1.8556701030927836 1.2989690721649485 1.443298969072165 1.6082474226804124 1.5463917525773196 0.9690721649484536 0.9072164948453608 1.2371134020618557 1.7731958762886597 1.3608247422680413 1.6288659793814433 1.2164948453608246 1.5463917525773196 1.092783505154639  
33 195.99774255646776 2.0412371134020617 1.731958762886598 1.6391752577319587 1.6391752577319587 1.6391752577319587 2.4742268041237114 1.6701030927835052 1.9175257731958764 1.577319587628866 1.4536082474226804 1.422680412371134 2.6288659793814433 2.0412371134020617 2.3195876288659796 1.3917525773195876 1.5463917525773196 1.4536082474226804 1.3298969072164948 1.4845360824742269 2.752577319587629 3.0 2.288659793814433 1.7010309278350515 1.7628865979381443 2.2268041237113403 1.6701030927835052 2.783505154639175 1.9484536082474226 2.1649484536082473 2.4123711340206184 2.3195876288659796 1.4536082474226804 1.3608247422680413 1.8556701030927836 2.6597938144329896 2.0412371134020617 2.443298969072165 1.824742268041237 2.3195876288659796 1.6391752577319587  
59 135.62719083487997 2.0412371134020617 1.731958762886598 1.6391752577319587 1.6391752577319587 1.6391752577319587 2.4742268041237114 1.6701030927835052 1.9175257731958764 1.577319587628866 1.4536082474226804 1.422680412371134 2.6288659793814433 2.0412371134020617 2.3195876288659796 1.3917525773195876 1.5463917525773196 1.4536082474226804 1.3298969072164948 1.4845360824742269 2.752577319587629 3.0 2.288659793814433 1.7010309278350515 1.7628865979381443 2.2268041237113403 1.6701030927835052 2.783505154639175 1.9484536082474226 2.1649484536082473 2.4123711340206184 2.3195876288659796 1.4536082474226804 1.3608247422680413 1.8556701030927836 2.6597938144329896 2.0412371134020617 2.443298969072165 1.824742268041237 2.3195876288659796 1.6391752577319587  
48 150.93900561524626 1.3608247422680413 1.1546391752577319 1.092783505154639 1.092783505154639 1.092783505154639 1.6494845360824741 1.1134020618556701 1.2783505154639174 1.0515463917525774 0.9690721649484536 0.9484536082474226 1.7525773195876289 1.3608247422680413 1.5463917525773196 0.9278350515463918 1.0309278350515463 0.9690721649484536 0.8865979381443299 0.9896907216494846 1.8350515463917525 2.0 1.5257731958762886 1.134020618556701 1.175257731958763 1.4845360824742269 1.1134020618556701 1.8556701030927836 1.2989690721649485 1.443298969072165 1.6082474226804124 1.5463917525773196 0.9690721649484536 0.9072164948453608 1.2371134020618557 1.7731958762886597 1.3608247422680413 1.6288659793814433 1.2164948453608246 1.5463917525773196 1.092783505154639  
77 102.34619628570827 2.0412371134020617 1.731958762886598 1.6391752577319587 1.6391752577319587 1.6391752577319587 2.4742268041237114 1.6701030927835052 1.9175257731958764 1.577319587628866 1.4536082474226804 1.422680412371134 2.6288659793814433 2.0412371134020617 2.3195876288659796 1.3917525773195876 1.5463917525773196 1.4536082474226804 1.3298969072164948 1.4845360824742269 2.752577319587629 3.0 2.288659793814433 1.7010309278350515 1.7628865979381443 2.2268041237113403 1.6701030927835052 2.783505154639175 1.9484536082474226 2.1649484536082473 2.4123711340206184 2.3195876288659796 1.4536082474226804 1.3608247422680413 1.8556701030927836 2.6597938144329896 2.0412371134020617 2.443298969072165 1.824742268041237 2.3195876288659796 1.6391752577319587  
9 5.106436146033374 1.3608247422680413 1.1546391752577319 1.092783505154639 1.092783505154639 1.092783505154639 1.6494845360824741 1.1134020618556701 1.2783505154639174 1.0515463917525774 0.9690721649484536 0.9484536082474226 1.7525773195876289 1.3608247422680413 1.5463917525773196 0.9278350515463918 1.0309278350515463 0.9690721649484536 0.8865979381443299 0.9896907216494846 1.8350515463917525 2.0 1.5257731958762886 1.134020618556701 1.175257731958763 1.4845360824742269 1.1134020618556701 1.8556701030927836 1.2989690721649485 1.443298969072165 1.6082474226804124 1.5463917525773196 0.9690721649484536 0.9072164948453608 1.2371134020618557 1.7731958762886597 1.3608247422680413 1.6288659793814433 1.2164948453608246 1.5463917525773196 1.092783505154639  
50 119.43395224064798 1.3608247422680413 1.1546391752577319 1.092783505154639 1.092783505154639 1.092783505154639 1.6494845360824741 1.1134020618556701 1.2783505154639174 1.0515463917525774 0.9690721649484536 0.9484536082474226 1.7525773195876289 1.3608247422680413 1.5463917525773196 0.9278350515463918 1.0309278350515463 0.9690721649484536 0.8865979381443299 0.9896907216494846 1.8350515463917525 2.0 1.5257731958762886 1.134020618556701 1.175257731958763 1.4845360824742269 1.1134020618556701 1.8556701030927836 1.2989690721649485 1.443298969072165 1.6082474226804124 1.5463917525773196 0.9690721649484536 0.9072164948453608 1.2371134020618557 1.7731958762886597 1.3608247422680413 1.6288659793814433 1.2164948453608246 1.5463917525773196 1.092783505154639  
63 195.02091298479485 2.0412371134020617 1.731958762886598 1.6391752577319587 1.6391752577319587 1.6391752577319587 2.4742268041237114 1.6701030927835052 1.9175257731958764 1.577319587628866 1.4536082474226804 1.422680412371134 2.6288659793814433 2.0412371134020617 2.3195876288659796 1.3917525773195876 1.5463917525773196 1.4536082474226804 1.3298969072164948 1.4845360824742269 2.752577319587629 3.0 2.288659793814433 1.7010309278350515 1.7628865979381443 2.2268041237113403 1.6701030927835052 2.783505154639175 1.9484536082474226 2.1649484536082473 2.4123711340206184 2.3195876288659796 1.4536082474226804 1.3608247422680413 1.8556701030927836 2.6597938144329896 2.0412371134020617 2.443298969072165 1.824742268041237 2.3195876288659796 1.6391752577319587  
69 312.64487025332824 2.0412371134020617 1.731958762886598 1.6391752577319587 1.6391752577319587 1.6391752577319587 2.4742268041237114 1.6701030927835052 1.9175257731958764 1.577319587628866 1.4536082474226804 1.422680412371134 2.6288659793814433 2.0412371134020617 2.3195876288659796 1.3917525773195876 1.5463917525773196 1.4536082474226804 1.3298969072164948 1.4845360824742269 2.752577319587629 3.0 2.288659793814433 1.7010309278350515 1.7628865979381443 2.2268041237113403 1.6701030927835052 2.783505154639175 1.9484536082474226 2.1649484536082473 2.4123711340206184 2.3195876288659796 1.4536082474226804 1.3608247422680413 1.8556701030927836 2.6597938144329896 2.0412371134020617 2.443298969072165 1.824742268041237 2.3195876288659796 1.6391752577319587  
12 254.61494602193616 1.3608247422680413 1.1546391752577319 1.092783505154639 1.092783505154639 1.092783505154639 1.6494845360824741 1.1134020618556701 1.2783505154639174 1.0515463917525774 0.9690721649484536 0.9484536082474226 1.7525773195876289 1.3608247422680413 1.5463917525773196 0.9278350515463918 1.0309278350515463 0.9690721649484536 0.8865979381443299 0.9896907216494846 1.8350515463917525 2.0 1.5257731958762886 1.134020618556701 1.175257731958763 1.4845360824742269 1.1134020618556701 1.8556701030927836 1.2989690721649485 1.443298969072165 1.6082474226804124 1.5463917525773196 0.9690721649484536 0.9072164948453608 1.2371134020618557 1.7731958762886597 1.3608247422680413 1.6288659793814433 1.2164948453608246 1.5463917525773196 1.092783505154639  
58 144.17960167821315 2.0412371134020617 1.731958762886598 1.6391752577319587 1.6391752577319587 1.6391752577319587 2.4742268041237114 1.6701030927835052 1.9175257731958764 1.577319587628866 1.4536082474226804 1.422680412371134 2.6288659793814433 2.0412371134020617 2.3195876288659796 1.3917525773195876 1.5463917525773196 1.4536082474226804 1.3298969072164948 1.4845360824742269 2.752577319587629 3.0 2.288659793814433 1.7010309278350515 1.7628865979381443 2.2268041237113403 1.6701030927835052 2.783505154639175 1.9484536082474226 2.1649484536082473 2.4123711340206184 2.3195876288659796 1.4536082474226804 1.3608247422680413 1.8556701030927836 2.6597938144329896 2.0412371134020617 2.443298969072165 1.824742268041237 2.3195876288659796 1.6391752577319587  
70 61.15664445589785 2.0412371134020617 1.731958762886598 1.6391752577319587 1.6391752577319587 1.6391752577319587 2.4742268041237114 1.6701030927835052 1.9175257731958764 1.577319587628866 1.4536082474226804 1.422680412371134 2.6288659793814433 2.0412371134020617 2.3195876288659796 1.3917525773195876 1.5463917525773196 1.4536082474226804 1.3298969072164948 1.4845360824742269 2.752577319587629 3.0 2.288659793814433 1.7010309278350515 1.7628865979381443 2.2268041237113403 1.6701030927835052 2.783505154639175 1.9484536082474226 2.1649484536082473 2.4123711340206184 2.3195876288659796 1.4536082474226804 1.3608247422680413 1.8556701030927836 2.6597938144329896 2.0412371134020617 2.443298969072165 1.824742268041237 2.3195876288659796 1.6391752577319587  
65 390.4871576884581 1.3608247422680413 1.1546391752577319 1.092783505154639 1.092783505154639 1.092783505154639 1.6494845360824741 1.1134020618556701 1.2783505154639174 1.0515463917525774 0.9690721649484536 0.9484536082474226 1.7525773195876289 1.3608247422680413 1.5463917525773196 0.9278350515463918 1.0309278350515463 0.9690721649484536 0.8865979381443299 0.9896907216494846 1.8350515463917525 2.0 1.5257731958762886 1.134020618556701 1.175257731958763 1.4845360824742269 1.1134020618556701 1.8556701030927836 1.2989690721649485 1.443298969072165 1.6082474226804124 1.5463917525773196 0.9690721649484536 0.9072164948453608 1.2371134020618557 1.7731958762886597 1.3608247422680413 1.6288659793814433 1.2164948453608246 1.5463917525773196 1.092783505154639  
45 217.9747639366656 1.3608247422680413 1.1546391752577319 1.092783505154639 1.092783505154639 1.092783505154639 1.6494845360824741 1.1134020618556701 1.2783505154639174 1.0515463917525774 0.9690721649484536 0.9484536082474226 1.7525773195876289 1.3608247422680413 1.5463917525773196 0.9278350515463918 1.0309278350515463 0.9690721649484536 0.8865979381443299 0.9896907216494846 1.8350515463917525 2.0 1.5257731958762886 1.134020618556701 1.175257731958763 1.4845360824742269 1.1134020618556701 1.8556701030927836 1.2989690721649485 1.443298969072165 1.6082474226804124 1.5463917525773196 0.9690721649484536 0.9072164948453608 1.2371134020618557 1.7731958762886597 1.3608247422680413 1.6288659793814433 1.2164948453608246 1.5463917525773196 1.092783505154639  
74 206.03883348813972 1.3608247422680413 1.1546391752577319 1.092783505154639 1.092783505154639 1.092783505154639 1.6494845360824741 1.1134020618556701 1.2783505154639174 1.0515463917525774 0.9690721649484536 0.9484536082474226 1.7525773195876289 1.3608247422680413 1.5463917525773196 0.9278350515463918 1.0309278350515463 0.9690721649484536 0.8865979381443299 0.9896907216494846 1.8350515463917525 2.0 1.5257731958762886 1.134020618556701 1.175257731958763 1.4845360824742269 1.1134020618556701 1.8556701030927836 1.2989690721649485 1.443298969072165 1.6082474226804124 1.5463917525773196 0.9690721649484536 0.9072164948453608 1.2371134020618557 1.7731958762886597 1.3608247422680413 1.6288659793814433 1.2164948453608246 1.5463917525773196 1.092783505154639  
13 265.3269814071987 2.0412371134020617 1.731958762886598 1.6391752577319587 1.6391752577319587 1.6391752577319587 2.4742268041237114 1.6701030927835052 1.9175257731958764 1.577319587628866 1.4536082474226804 1.422680412371134 2.6288659793814433 2.0412371134020617 2.3195876288659796 1.3917525773195876 1.5463917525773196 1.4536082474226804 1.3298969072164948 1.4845360824742269 2.752577319587629 3.0 2.288659793814433 1.7010309278350515 1.7628865979381443 2.2268041237113403 1.6701030927835052 2.783505154639175 1.9484536082474226 2.1649484536082473 2.4123711340206184 2.3195876288659796 1.4536082474226804 1.3608247422680413 1.8556701030927836 2.6597938144329896 2.0412371134020617 2.443298969072165 1.824742268041237 2.3195876288659796 1.6391752577319587  
62 130.8458085104986 1.3608247422680413 1.1546391752577319 1.092783505154639 1.092783505154639 1.092783505154639 1.6494845360824741 1.1134020618556701 1.2783505154639174 1.0515463917525774 0.9690721649484536 0.9484536082474226 1.7525773195876289 1.3608247422680413 1.5463917525773196 0.9278350515463918 1.0309278350515463 0.9690721649484536 0.8865979381443299 0.9896907216494846 1.8350515463917525 2.0 1.5257731958762886 1.134020618556701 1.175257731958763 1.4845360824742269 1.1134020618556701 1.8556701030927836 1.2989690721649485 1.443298969072165 1.6082474226804124 1.5463917525773196 0.9690721649484536 0.9072164948453608 1.2371134020618557 1.7731958762886597 1.3608247422680413 1.6288659793814433 1.2164948453608246 1.5463917525773196 1.092783505154639  
2 51.982720223549485 1.3608247422680413 1.1546391752577319 1.092783505154639 1.092783505154639 1.092783505154639 1.6494845360824741 1.1134020618556701 1.2783505154639174 1.0515463917525774 0.9690721649484536 0.9484536082474226 1.7525773195876289 1.3608247422680413 1.5463917525773196 0.9278350515463918 1.0309278350515463 0.9690721649484536 0.8865979381443299 0.9896907216494846 1.8350515463917525 2.0 1.5257731958762886 1.134020618556701 1.175257731958763 1.4845360824742269 1.1134020618556701 1.8556701030927836 1.2989690721649485 1.443298969072165 1.6082474226804124 1.5463917525773196 0.9690721649484536 0.9072164948453608 1.2371134020618557 1.7731958762886597 1.3608247422680413 1.6288659793814433 1.2164948453608246 1.5463917525773196 1.092783505154639  
29 252.8257901028744 2.0412371134020617 1.731958762886598 1.6391752577319587 1.6391752577319587 1.6391752577319587 2.4742268041237114 1.6701030927835052 1.9175257731958764 1.577319587628866 1.4536082474226804 1.422680412371134 2.6288659793814433 2.0412371134020617 2.3195876288659796 1.3917525773195876 1.5463917525773196 1.4536082474226804 1.3298969072164948 1.4845360824742269 2.752577319587629 3.0 2.288659793814433 1.7010309278350515 1.7628865979381443 2.2268041237113403 1.6701030927835052 2.783505154639175 1.9484536082474226 2.1649484536082473 2.4123711340206184 2.3195876288659796 1.4536082474226804 1.3608247422680413 1.8556701030927836 2.6597938144329896 2.0412371134020617 2.443298969072165 1.824742268041237 2.3195876288659796 1.6391752577319587  
47 27.029835063457497 2.0412371134020617 1.731958762886598 1.6391752577319587 1.6391752577319587 1.6391752577319587 2.4742268041237114 1.6701030927835052 1.9175257731958764 1.577319587628866 1.4536082474226804 1.422680412371134 2.6288659793814433 2.0412371134020617 2.3195876288659796 1.3917525773195876 1.5463917525773196 1.4536082474226804 1.3298969072164948 1.4845360824742269 2.752577319587629 3.0 2.288659793814433 1.7010309278350515 1.7628865979381443 2.2268041237113403 1.6701030927835052 2.783505154639175 1.9484536082474226 2.1649484536082473 2.4123711340206184 2.3195876288659796 1.4536082474226804 1.3608247422680413 1.8556701030927836 2.6597938144329896 2.0412371134020617 2.443298969072165 1.824742268041237 2.3195876288659796 1.6391752577319587  
79 171.6629864580131 1.3608247422680413 1.1546391752577319 1.092783505154639 1.092783505154639 1.092783505154639 1.6494845360824741 1.1134020618556701 1.2783505154639174 1.0515463917525774 0.9690721649484536 0.9484536082474226 1.7525773195876289 1.3608247422680413 1.5463917525773196 0.9278350515463918 1.0309278350515463 0.9690721649484536 0.8865979381443299 0.9896907216494846 1.8350515463917525 2.0 1.5257731958762886 1.134020618556701 1.175257731958763 1.4845360824742269 1.1134020618556701 1.8556701030927836 1.2989690721649485 1.443298969072165 1.6082474226804124 1.5463917525773196 0.9690721649484536 0.9072164948453608 1.2371134020618557 1.7731958762886597 1.3608247422680413 1.6288659793814433 1.2164948453608246 1.5463917525773196 1.092783505154639  
80 138.66650094903443 2.0412371134020617 1.731958762886598 1.6391752577319587 1.6391752577319587 1.6391752577319587 2.4742268041237114 1.6701030927835052 1.9175257731958764 1.577319587628866 1.4536082474226804 1.422680412371134 2.6288659793814433 2.0412371134020617 2.3195876288659796 1.3917525773195876 1.5463917525773196 1.4536082474226804 1.3298969072164948 1.4845360824742269 2.752577319587629 3.0 2.288659793814433 1.7010309278350515 1.7628865979381443 2.2268041237113403 1.6701030927835052 2.783505154639175 1.9484536082474226 2.1649484536082473 2.4123711340206184 2.3195876288659796 1.4536082474226804 1.3608247422680413 1.8556701030927836 2.6597938144329896 2.0412371134020617 2.443298969072165 1.824742268041237 2.3195876288659796 1.6391752577319587  
85 166.80665545213563 2.0412371134020617 1.731958762886598 1.6391752577319587 1.6391752577319587 1.6391752577319587 2.4742268041237114 1.6701030927835052 1.9175257731958764 1.577319587628866 1.4536082474226804 1.422680412371134 2.6288659793814433 2.0412371134020617 2.3195876288659796 1.3917525773195876 1.5463917525773196 1.4536082474226804 1.3298969072164948 1.4845360824742269 2.752577319587629 3.0 2.288659793814433 1.7010309278350515 1.7628865979381443 2.2268041237113403 1.6701030927835052 2.783505154639175 1.9484536082474226 2.1649484536082473 2.4123711340206184 2.3195876288659796 1.4536082474226804 1.3608247422680413 1.8556701030927836 2.6597938144329896 2.0412371134020617 2.443298969072165 1.824742268041237 2.3195876288659796 1.6391752577319587  
11 130.17999199647625 1.3608247422680413 1.1546391752577319 1.092783505154639 1.092783505154639 1.092783505154639 1.6494845360824741 1.1134020618556701 1.2783505154639174 1.0515463917525774 0.9690721649484536 0.9484536082474226 1.7525773195876289 1.3608247422680413 1.5463917525773196 0.9278350515463918 1.0309278350515463 0.9690721649484536 0.8865979381443299 0.9896907216494846 1.8350515463917525 2.0 1.5257731958762886 1.134020618556701 1.175257731958763 1.4845360824742269 1.1134020618556701 1.8556701030927836 1.2989690721649485 1.443298969072165 1.6082474226804124 1.5463917525773196 0.9690721649484536 0.9072164948453608 1.2371134020618557 1.7731958762886597 1.3608247422680413 1.6288659793814433 1.2164948453608246 1.5463917525773196 1.092783505154639  
35 8.88312527857794 1.3608247422680413 1.1546391752577319 1.092783505154639 1.092783505154639 1.092783505154639 1.6494845360824741 1.1134020618556701 1.2783505154639174 1.0515463917525774 0.9690721649484536 0.9484536082474226 1.7525773195876289 1.3608247422680413 1.5463917525773196 0.9278350515463918 1.0309278350515463 0.9690721649484536 0.8865979381443299 0.9896907216494846 1.8350515463917525 2.0 1.5257731958762886 1.134020618556701 1.175257731958763 1.4845360824742269 1.1134020618556701 1.8556701030927836 1.2989690721649485 1.443298969072165 1.6082474226804124 1.5463917525773196 0.9690721649484536 0.9072164948453608 1.2371134020618557 1.7731958762886597 1.3608247422680413 1.6288659793814433 1.2164948453608246 1.5463917525773196 1.092783505154639  
3 108.90333304948848 2.0412371134020617 1.731958762886598 1.6391752577319587 1.6391752577319587 1.6391752577319587 2.4742268041237114 1.6701030927835052 1.9175257731958764 1.577319587628866 1.4536082474226804 1.422680412371134 2.6288659793814433 2.0412371134020617 2.3195876288659796 1.3917525773195876 1.5463917525773196 1.4536082474226804 1.3298969072164948 1.4845360824742269 2.752577319587629 3.0 2.288659793814433 1.7010309278350515 1.7628865979381443 2.2268041237113403 1.6701030927835052 2.783505154639175 1.9484536082474226 2.1649484536082473 2.4123711340206184 2.3195876288659796 1.4536082474226804 1.3608247422680413 1.8556701030927836 2.6597938144329896 2.0412371134020617 2.443298969072165 1.824742268041237 2.3195876288659796 1.6391752577319587  
67 79.61990022025319 2.0412371134020617 1.731958762886598 1.6391752577319587 1.6391752577319587 1.6391752577319587 2.4742268041237114 1.6701030927835052 1.9175257731958764 1.577319587628866 1.4536082474226804 1.422680412371134 2.6288659793814433 2.0412371134020617 2.3195876288659796 1.3917525773195876 1.5463917525773196 1.4536082474226804 1.3298969072164948 1.4845360824742269 2.752577319587629 3.0 2.288659793814433 1.7010309278350515 1.7628865979381443 2.2268041237113403 1.6701030927835052 2.783505154639175 1.9484536082474226 2.1649484536082473 2.4123711340206184 2.3195876288659796 1.4536082474226804 1.3608247422680413 1.8556701030927836 2.6597938144329896 2.0412371134020617 2.443298969072165 1.824742268041237 2.3195876288659796 1.6391752577319587  
76 221.91094579157016 1.3608247422680413 1.1546391752577319 1.092783505154639 1.092783505154639 1.092783505154639 1.6494845360824741 1.1134020618556701 1.2783505154639174 1.0515463917525774 0.9690721649484536 0.9484536082474226 1.7525773195876289 1.3608247422680413 1.5463917525773196 0.9278350515463918 1.0309278350515463 0.9690721649484536 0.8865979381443299 0.9896907216494846 1.8350515463917525 2.0 1.5257731958762886 1.134020618556701 1.175257731958763 1.4845360824742269 1.1134020618556701 1.8556701030927836 1.2989690721649485 1.443298969072165 1.6082474226804124 1.5463917525773196 0.9690721649484536 0.9072164948453608 1.2371134020618557 1.7731958762886597 1.3608247422680413 1.6288659793814433 1.2164948453608246 1.5463917525773196 1.092783505154639  
6 1095.0 1.3608247422680413 1.1546391752577319 1.092783505154639 1.092783505154639 1.092783505154639 1.6494845360824741 1.1134020618556701 1.2783505154639174 1.0515463917525774 0.9690721649484536 0.9484536082474226 1.7525773195876289 1.3608247422680413 1.5463917525773196 0.9278350515463918 1.0309278350515463 0.9690721649484536 0.8865979381443299 0.9896907216494846 1.8350515463917525 2.0 1.5257731958762886 1.134020618556701 1.175257731958763 1.4845360824742269 1.1134020618556701 1.8556701030927836 1.2989690721649485 1.443298969072165 1.6082474226804124 1.5463917525773196 0.9690721649484536 0.9072164948453608 1.2371134020618557 1.7731958762886597 1.3608247422680413 1.6288659793814433 1.2164948453608246 1.5463917525773196 1.092783505154639  
43 21.072443356957606 2.0412371134020617 1.731958762886598 1.6391752577319587 1.6391752577319587 1.6391752577319587 2.4742268041237114 1.6701030927835052 1.9175257731958764 1.577319587628866 1.4536082474226804 1.422680412371134 2.6288659793814433 2.0412371134020617 2.3195876288659796 1.3917525773195876 1.5463917525773196 1.4536082474226804 1.3298969072164948 1.4845360824742269 2.752577319587629 3.0 2.288659793814433 1.7010309278350515 1.7628865979381443 2.2268041237113403 1.6701030927835052 2.783505154639175 1.9484536082474226 2.1649484536082473 2.4123711340206184 2.3195876288659796 1.4536082474226804 1.3608247422680413 1.8556701030927836 2.6597938144329896 2.0412371134020617 2.443298969072165 1.824742268041237 2.3195876288659796 1.6391752577319587  
86 145.1031696983028 2.0412371134020617 1.731958762886598 1.6391752577319587 1.6391752577319587 1.6391752577319587 2.4742268041237114 1.6701030927835052 1.9175257731958764 1.577319587628866 1.4536082474226804 1.422680412371134 2.6288659793814433 2.0412371134020617 2.3195876288659796 1.3917525773195876 1.5463917525773196 1.4536082474226804 1.3298969072164948 1.4845360824742269 2.752577319587629 3.0 2.288659793814433 1.7010309278350515 1.7628865979381443 2.2268041237113403 1.6701030927835052 2.783505154639175 1.9484536082474226 2.1649484536082473 2.4123711340206184 2.3195876288659796 1.4536082474226804 1.3608247422680413 1.8556701030927836 2.6597938144329896 2.0412371134020617 2.443298969072165 1.824742268041237 2.3195876288659796 1.6391752577319587  
46 94.63547771021734 2.0412371134020617 1.731958762886598 1.6391752577319587 1.6391752577319587 1.6391752577319587 2.4742268041237114 1.6701030927835052 1.9175257731958764 1.577319587628866 1.4536082474226804 1.422680412371134 2.6288659793814433 2.0412371134020617 2.3195876288659796 1.3917525773195876 1.5463917525773196 1.4536082474226804 1.3298969072164948 1.4845360824742269 2.752577319587629 3.0 2.288659793814433 1.7010309278350515 1.7628865979381443 2.2268041237113403 1.6701030927835052 2.783505154639175 1.9484536082474226 2.1649484536082473 2.4123711340206184 2.3195876288659796 1.4536082474226804 1.3608247422680413 1.8556701030927836 2.6597938144329896 2.0412371134020617 2.443298969072165 1.824742268041237 2.3195876288659796 1.6391752577319587  
83 37.826995063340114 1.3608247422680413 1.1546391752577319 1.092783505154639 1.092783505154639 1.092783505154639 1.6494845360824741 1.1134020618556701 1.2783505154639174 1.0515463917525774 0.9690721649484536 0.9484536082474226 1.7525773195876289 1.3608247422680413 1.5463917525773196 0.9278350515463918 1.0309278350515463 0.9690721649484536 0.8865979381443299 0.9896907216494846 1.8350515463917525 2.0 1.5257731958762886 1.134020618556701 1.175257731958763 1.4845360824742269 1.1134020618556701 1.8556701030927836 1.2989690721649485 1.443298969072165 1.6082474226804124 1.5463917525773196 0.9690721649484536 0.9072164948453608 1.2371134020618557 1.7731958762886597 1.3608247422680413 1.6288659793814433 1.2164948453608246 1.5463917525773196 1.092783505154639  
21 146.4504934453096 1.3608247422680413 1.1546391752577319 1.092783505154639 1.092783505154639 1.092783505154639 1.6494845360824741 1.1134020618556701 1.2783505154639174 1.0515463917525774 0.9690721649484536 0.9484536082474226 1.7525773195876289 1.3608247422680413 1.5463917525773196 0.9278350515463918 1.0309278350515463 0.9690721649484536 0.8865979381443299 0.9896907216494846 1.8350515463917525 2.0 1.5257731958762886 1.134020618556701 1.175257731958763 1.4845360824742269 1.1134020618556701 1.8556701030927836 1.2989690721649485 1.443298969072165 1.6082474226804124 1.5463917525773196 0.9690721649484536 0.9072164948453608 1.2371134020618557 1.7731958762886597 1.3608247422680413 1.6288659793814433 1.2164948453608246 1.5463917525773196 1.092783505154639  
87 133.20375465977992 1.3608247422680413 1.1546391752577319 1.092783505154639 1.092783505154639 1.092783505154639 1.6494845360824741 1.1134020618556701 1.2783505154639174 1.0515463917525774 0.9690721649484536 0.9484536082474226 1.7525773195876289 1.3608247422680413 1.5463917525773196 0.9278350515463918 1.0309278350515463 0.9690721649484536 0.8865979381443299 0.9896907216494846 1.8350515463917525 2.0 1.5257731958762886 1.134020618556701 1.175257731958763 1.4845360824742269 1.1134020618556701 1.8556701030927836 1.2989690721649485 1.443298969072165 1.6082474226804124 1.5463917525773196 0.9690721649484536 0.9072164948453608 1.2371134020618557 1.7731958762886597 1.3608247422680413 1.6288659793814433 1.2164948453608246 1.5463917525773196 1.092783505154639  
64 359.15991220546664 2.0412371134020617 1.731958762886598 1.6391752577319587 1.6391752577319587 1.6391752577319587 2.4742268041237114 1.6701030927835052 1.9175257731958764 1.577319587628866 1.4536082474226804 1.422680412371134 2.6288659793814433 2.0412371134020617 2.3195876288659796 1.3917525773195876 1.5463917525773196 1.4536082474226804 1.3298969072164948 1.4845360824742269 2.752577319587629 3.0 2.288659793814433 1.7010309278350515 1.7628865979381443 2.2268041237113403 1.6701030927835052 2.783505154639175 1.9484536082474226 2.1649484536082473 2.4123711340206184 2.3195876288659796 1.4536082474226804 1.3608247422680413 1.8556701030927836 2.6597938144329896 2.0412371134020617 2.443298969072165 1.824742268041237 2.3195876288659796 1.6391752577319587  
16 439.16403889690787 2.0412371134020617 1.731958762886598 1.6391752577319587 1.6391752577319587 1.6391752577319587 2.4742268041237114 1.6701030927835052 1.9175257731958764 1.577319587628866 1.4536082474226804 1.422680412371134 2.6288659793814433 2.0412371134020617 2.3195876288659796 1.3917525773195876 1.5463917525773196 1.4536082474226804 1.3298969072164948 1.4845360824742269 2.752577319587629 3.0 2.288659793814433 1.7010309278350515 1.7628865979381443 2.2268041237113403 1.6701030927835052 2.783505154639175 1.9484536082474226 2.1649484536082473 2.4123711340206184 2.3195876288659796 1.4536082474226804 1.3608247422680413 1.8556701030927836 2.6597938144329896 2.0412371134020617 2.443298969072165 1.824742268041237 2.3195876288659796 1.6391752577319587  
44 167.15014785740192 2.0412371134020617 1.731958762886598 1.6391752577319587 1.6391752577319587 1.6391752577319587 2.4742268041237114 1.6701030927835052 1.9175257731958764 1.577319587628866 1.4536082474226804 1.422680412371134 2.6288659793814433 2.0412371134020617 2.3195876288659796 1.3917525773195876 1.5463917525773196 1.4536082474226804 1.3298969072164948 1.4845360824742269 2.752577319587629 3.0 2.288659793814433 1.7010309278350515 1.7628865979381443 2.2268041237113403 1.6701030927835052 2.783505154639175 1.9484536082474226 2.1649484536082473 2.4123711340206184 2.3195876288659796 1.4536082474226804 1.3608247422680413 1.8556701030927836 2.6597938144329896 2.0412371134020617 2.443298969072165 1.824742268041237 2.3195876288659796 1.6391752577319587  
10 65.05810563745584 1.3608247422680413 1.1546391752577319 1.092783505154639 1.092783505154639 1.092783505154639 1.6494845360824741 1.1134020618556701 1.2783505154639174 1.0515463917525774 0.9690721649484536 0.9484536082474226 1.7525773195876289 1.3608247422680413 1.5463917525773196 0.9278350515463918 1.0309278350515463 0.9690721649484536 0.8865979381443299 0.9896907216494846 1.8350515463917525 2.0 1.5257731958762886 1.134020618556701 1.175257731958763 1.4845360824742269 1.1134020618556701 1.8556701030927836 1.2989690721649485 1.443298969072165 1.6082474226804124 1.5463917525773196 0.9690721649484536 0.9072164948453608 1.2371134020618557 1.7731958762886597 1.3608247422680413 1.6288659793814433 1.2164948453608246 1.5463917525773196 1.092783505154639  
32 183.50632911664607 1.3608247422680413 1.1546391752577319 1.092783505154639 1.092783505154639 1.092783505154639 1.6494845360824741 1.1134020618556701 1.2783505154639174 1.0515463917525774 0.9690721649484536 0.9484536082474226 1.7525773195876289 1.3608247422680413 1.5463917525773196 0.9278350515463918 1.0309278350515463 0.9690721649484536 0.8865979381443299 0.9896907216494846 1.8350515463917525 2.0 1.5257731958762886 1.134020618556701 1.175257731958763 1.4845360824742269 1.1134020618556701 1.8556701030927836 1.2989690721649485 1.443298969072165 1.6082474226804124 1.5463917525773196 0.9690721649484536 0.9072164948453608 1.2371134020618557 1.7731958762886597 1.3608247422680413 1.6288659793814433 1.2164948453608246 1.5463917525773196 1.092783505154639  
66 381.504799588284 2.0412371134020617 1.731958762886598 1.6391752577319587 1.6391752577319587 1.6391752577319587 2.4742268041237114 1.6701030927835052 1.9175257731958764 1.577319587628866 1.4536082474226804 1.422680412371134 2.6288659793814433 2.0412371134020617 2.3195876288659796 1.3917525773195876 1.5463917525773196 1.4536082474226804 1.3298969072164948 1.4845360824742269 2.752577319587629 3.0 2.288659793814433 1.7010309278350515 1.7628865979381443 2.2268041237113403 1.6701030927835052 2.783505154639175 1.9484536082474226 2.1649484536082473 2.4123711340206184 2.3195876288659796 1.4536082474226804 1.3608247422680413 1.8556701030927836 2.6597938144329896 2.0412371134020617 2.443298969072165 1.824742268041237 2.3195876288659796 1.6391752577319587  
41 237.47601976683302 2.0412371134020617 1.731958762886598 1.6391752577319587 1.6391752577319587 1.6391752577319587 2.4742268041237114 1.6701030927835052 1.9175257731958764 1.577319587628866 1.4536082474226804 1.422680412371134 2.6288659793814433 2.0412371134020617 2.3195876288659796 1.3917525773195876 1.5463917525773196 1.4536082474226804 1.3298969072164948 1.4845360824742269 2.752577319587629 3.0 2.288659793814433 1.7010309278350515 1.7628865979381443 2.2268041237113403 1.6701030927835052 2.783505154639175 1.9484536082474226 2.1649484536082473 2.4123711340206184 2.3195876288659796 1.4536082474226804 1.3608247422680413 1.8556701030927836 2.6597938144329896 2.0412371134020617 2.443298969072165 1.824742268041237 2.3195876288659796 1.6391752577319587  
56 137.5795870087877 2.0412371134020617 1.731958762886598 1.6391752577319587 1.6391752577319587 1.6391752577319587 2.4742268041237114 1.6701030927835052 1.9175257731958764 1.577319587628866 1.4536082474226804 1.422680412371134 2.6288659793814433 2.0412371134020617 2.3195876288659796 1.3917525773195876 1.5463917525773196 1.4536082474226804 1.3298969072164948 1.4845360824742269 2.752577319587629 3.0 2.288659793814433 1.7010309278350515 1.7628865979381443 2.2268041237113403 1.6701030927835052 2.783505154639175 1.9484536082474226 2.1649484536082473 2.4123711340206184 2.3195876288659796 1.4536082474226804 1.3608247422680413 1.8556701030927836 2.6597938144329896 2.0412371134020617 2.443298969072165 1.824742268041237 2.3195876288659796 1.6391752577319587  
71 163.9732356238878 1.3608247422680413 1.1546391752577319 1.092783505154639 1.092783505154639 1.092783505154639 1.6494845360824741 1.1134020618556701 1.2783505154639174 1.0515463917525774 0.9690721649484536 0.9484536082474226 1.7525773195876289 1.3608247422680413 1.5463917525773196 0.9278350515463918 1.0309278350515463 0.9690721649484536 0.8865979381443299 0.9896907216494846 1.8350515463917525 2.0 1.5257731958762886 1.134020618556701 1.175257731958763 1.4845360824742269 1.1134020618556701 1.8556701030927836 1.2989690721649485 1.443298969072165 1.6082474226804124 1.5463917525773196 0.9690721649484536 0.9072164948453608 1.2371134020618557 1.7731958762886597 1.3608247422680413 1.6288659793814433 1.2164948453608246 1.5463917525773196 1.092783505154639  
22 216.78189283654393 2.0412371134020617 1.731958762886598 1.6391752577319587 1.6391752577319587 1.6391752577319587 2.4742268041237114 1.6701030927835052 1.9175257731958764 1.577319587628866 1.4536082474226804 1.422680412371134 2.6288659793814433 2.0412371134020617 2.3195876288659796 1.3917525773195876 1.5463917525773196 1.4536082474226804 1.3298969072164948 1.4845360824742269 2.752577319587629 3.0 2.288659793814433 1.7010309278350515 1.7628865979381443 2.2268041237113403 1.6701030927835052 2.783505154639175 1.9484536082474226 2.1649484536082473 2.4123711340206184 2.3195876288659796 1.4536082474226804 1.3608247422680413 1.8556701030927836 2.6597938144329896 2.0412371134020617 2.443298969072165 1.824742268041237 2.3195876288659796 1.6391752577319587  
28 397.7811605937422 2.0412371134020617 1.731958762886598 1.6391752577319587 1.6391752577319587 1.6391752577319587 2.4742268041237114 1.6701030927835052 1.9175257731958764 1.577319587628866 1.4536082474226804 1.422680412371134 2.6288659793814433 2.0412371134020617 2.3195876288659796 1.3917525773195876 1.5463917525773196 1.4536082474226804 1.3298969072164948 1.4845360824742269 2.752577319587629 3.0 2.288659793814433 1.7010309278350515 1.7628865979381443 2.2268041237113403 1.6701030927835052 2.783505154639175 1.9484536082474226 2.1649484536082473 2.4123711340206184 2.3195876288659796 1.4536082474226804 1.3608247422680413 1.8556701030927836 2.6597938144329896 2.0412371134020617 2.443298969072165 1.824742268041237 2.3195876288659796 1.6391752577319587  
19 294.012541235771 1.3608247422680413 1.1546391752577319 1.092783505154639 1.092783505154639 1.092783505154639 1.6494845360824741 1.1134020618556701 1.2783505154639174 1.0515463917525774 0.9690721649484536 0.9484536082474226 1.7525773195876289 1.3608247422680413 1.5463917525773196 0.9278350515463918 1.0309278350515463 0.9690721649484536 0.8865979381443299 0.9896907216494846 1.8350515463917525 2.0 1.5257731958762886 1.134020618556701 1.175257731958763 1.4845360824742269 1.1134020618556701 1.8556701030927836 1.2989690721649485 1.443298969072165 1.6082474226804124 1.5463917525773196 0.9690721649484536 0.9072164948453608 1.2371134020618557 1.7731958762886597 1.3608247422680413 1.6288659793814433 1.2164948453608246 1.5463917525773196 1.092783505154639  
1 975.0 2.0412371134020617 1.731958762886598 1.6391752577319587 1.6391752577319587 1.6391752577319587 2.4742268041237114 1.6701030927835052 1.9175257731958764 1.577319587628866 1.4536082474226804 1.422680412371134 2.6288659793814433 2.0412371134020617 2.3195876288659796 1.3917525773195876 1.5463917525773196 1.4536082474226804 1.3298969072164948 1.4845360824742269 2.752577319587629 3.0 2.288659793814433 1.7010309278350515 1.7628865979381443 2.2268041237113403 1.6701030927835052 2.783505154639175 1.9484536082474226 2.1649484536082473 2.4123711340206184 2.3195876288659796 1.4536082474226804 1.3608247422680413 1.8556701030927836 2.6597938144329896 2.0412371134020617 2.443298969072165 1.824742268041237 2.3195876288659796 1.6391752577319587  
17 575.6716623348705 1.3608247422680413 1.1546391752577319 1.092783505154639 1.092783505154639 1.092783505154639 1.6494845360824741 1.1134020618556701 1.2783505154639174 1.0515463917525774 0.9690721649484536 0.9484536082474226 1.7525773195876289 1.3608247422680413 1.5463917525773196 0.9278350515463918 1.0309278350515463 0.9690721649484536 0.8865979381443299 0.9896907216494846 1.8350515463917525 2.0 1.5257731958762886 1.134020618556701 1.175257731958763 1.4845360824742269 1.1134020618556701 1.8556701030927836 1.2989690721649485 1.443298969072165 1.6082474226804124 1.5463917525773196 0.9690721649484536 0.9072164948453608 1.2371134020618557 1.7731958762886597 1.3608247422680413 1.6288659793814433 1.2164948453608246 1.5463917525773196 1.092783505154639  
15 59.55799426259006 1.3608247422680413 1.1546391752577319 1.092783505154639 1.092783505154639 1.092783505154639 1.6494845360824741 1.1134020618556701 1.2783505154639174 1.0515463917525774 0.9690721649484536 0.9484536082474226 1.7525773195876289 1.3608247422680413 1.5463917525773196 0.9278350515463918 1.0309278350515463 0.9690721649484536 0.8865979381443299 0.9896907216494846 1.8350515463917525 2.0 1.5257731958762886 1.134020618556701 1.175257731958763 1.4845360824742269 1.1134020618556701 1.8556701030927836 1.2989690721649485 1.443298969072165 1.6082474226804124 1.5463917525773196 0.9690721649484536 0.9072164948453608 1.2371134020618557 1.7731958762886597 1.3608247422680413 1.6288659793814433 1.2164948453608246 1.5463917525773196 1.092783505154639  
30 142.73058739388603 2.0412371134020617 1.731958762886598 1.6391752577319587 1.6391752577319587 1.6391752577319587 2.4742268041237114 1.6701030927835052 1.9175257731958764 1.577319587628866 1.4536082474226804 1.422680412371134 2.6288659793814433 2.0412371134020617 2.3195876288659796 1.3917525773195876 1.5463917525773196 1.4536082474226804 1.3298969072164948 1.4845360824742269 2.752577319587629 3.0 2.288659793814433 1.7010309278350515 1.7628865979381443 2.2268041237113403 1.6701030927835052 2.783505154639175 1.9484536082474226 2.1649484536082473 2.4123711340206184 2.3195876288659796 1.4536082474226804 1.3608247422680413 1.8556701030927836 2.6597938144329896 2.0412371134020617 2.443298969072165 1.824742268041237 2.3195876288659796 1.6391752577319587  
27 132.96877932129908 2.0412371134020617 1.731958762886598 1.6391752577319587 1.6391752577319587 1.6391752577319587 2.4742268041237114 1.6701030927835052 1.9175257731958764 1.577319587628866 1.4536082474226804 1.422680412371134 2.6288659793814433 2.0412371134020617 2.3195876288659796 1.3917525773195876 1.5463917525773196 1.4536082474226804 1.3298969072164948 1.4845360824742269 2.752577319587629 3.0 2.288659793814433 1.7010309278350515 1.7628865979381443 2.2268041237113403 1.6701030927835052 2.783505154639175 1.9484536082474226 2.1649484536082473 2.4123711340206184 2.3195876288659796 1.4536082474226804 1.3608247422680413 1.8556701030927836 2.6597938144329896 2.0412371134020617 2.443298969072165 1.824742268041237 2.3195876288659796 1.6391752577319587  
4 218.65471786508135 2.0412371134020617 1.731958762886598 1.6391752577319587 1.6391752577319587 1.6391752577319587 2.4742268041237114 1.6701030927835052 1.9175257731958764 1.577319587628866 1.4536082474226804 1.422680412371134 2.6288659793814433 2.0412371134020617 2.3195876288659796 1.3917525773195876 1.5463917525773196 1.4536082474226804 1.3298969072164948 1.4845360824742269 2.752577319587629 3.0 2.288659793814433 1.7010309278350515 1.7628865979381443 2.2268041237113403 1.6701030927835052 2.783505154639175 1.9484536082474226 2.1649484536082473 2.4123711340206184 2.3195876288659796 1.4536082474226804 1.3608247422680413 1.8556701030927836 2.6597938144329896 2.0412371134020617 2.443298969072165 1.824742268041237 2.3195876288659796 1.6391752577319587  
49 208.76033333412676 2.0412371134020617 1.731958762886598 1.6391752577319587 1.6391752577319587 1.6391752577319587 2.4742268041237114 1.6701030927835052 1.9175257731958764 1.577319587628866 1.4536082474226804 1.422680412371134 2.6288659793814433 2.0412371134020617 2.3195876288659796 1.3917525773195876 1.5463917525773196 1.4536082474226804 1.3298969072164948 1.4845360824742269 2.752577319587629 3.0 2.288659793814433 1.7010309278350515 1.7628865979381443 2.2268041237113403 1.6701030927835052 2.783505154639175 1.9484536082474226 2.1649484536082473 2.4123711340206184 2.3195876288659796 1.4536082474226804 1.3608247422680413 1.8556701030927836 2.6597938144329896 2.0412371134020617 2.443298969072165 1.824742268041237 2.3195876288659796 1.6391752577319587  
53 42.75919115113085 2.0412371134020617 1.731958762886598 1.6391752577319587 1.6391752577319587 1.6391752577319587 2.4742268041237114 1.6701030927835052 1.9175257731958764 1.577319587628866 1.4536082474226804 1.422680412371134 2.6288659793814433 2.0412371134020617 2.3195876288659796 1.3917525773195876 1.5463917525773196 1.4536082474226804 1.3298969072164948 1.4845360824742269 2.752577319587629 3.0 2.288659793814433 1.7010309278350515 1.7628865979381443 2.2268041237113403 1.6701030927835052 2.783505154639175 1.9484536082474226 2.1649484536082473 2.4123711340206184 2.3195876288659796 1.4536082474226804 1.3608247422680413 1.8556701030927836 2.6597938144329896 2.0412371134020617 2.443298969072165 1.824742268041237 2.3195876288659796 1.6391752577319587  
73 209.40727262416462 2.0412371134020617 1.731958762886598 1.6391752577319587 1.6391752577319587 1.6391752577319587 2.4742268041237114 1.6701030927835052 1.9175257731958764 1.577319587628866 1.4536082474226804 1.422680412371134 2.6288659793814433 2.0412371134020617 2.3195876288659796 1.3917525773195876 1.5463917525773196 1.4536082474226804 1.3298969072164948 1.4845360824742269 2.752577319587629 3.0 2.288659793814433 1.7010309278350515 1.7628865979381443 2.2268041237113403 1.6701030927835052 2.783505154639175 1.9484536082474226 2.1649484536082473 2.4123711340206184 2.3195876288659796 1.4536082474226804 1.3608247422680413 1.8556701030927836 2.6597938144329896 2.0412371134020617 2.443298969072165 1.824742268041237 2.3195876288659796 1.6391752577319587  
42 33.34342795476199 1.3608247422680413 1.1546391752577319 1.092783505154639 1.092783505154639 1.092783505154639 1.6494845360824741 1.1134020618556701 1.2783505154639174 1.0515463917525774 0.9690721649484536 0.9484536082474226 1.7525773195876289 1.3608247422680413 1.5463917525773196 0.9278350515463918 1.0309278350515463 0.9690721649484536 0.8865979381443299 0.9896907216494846 1.8350515463917525 2.0 1.5257731958762886 1.134020618556701 1.175257731958763 1.4845360824742269 1.1134020618556701 1.8556701030927836 1.2989690721649485 1.443298969072165 1.6082474226804124 1.5463917525773196 0.9690721649484536 0.9072164948453608 1.2371134020618557 1.7731958762886597 1.3608247422680413 1.6288659793814433 1.2164948453608246 1.5463917525773196 1.092783505154639  
68 243.31363837673808 2.0412371134020617 1.731958762886598 1.6391752577319587 1.6391752577319587 1.6391752577319587 2.4742268041237114 1.6701030927835052 1.9175257731958764 1.577319587628866 1.4536082474226804 1.422680412371134 2.6288659793814433 2.0412371134020617 2.3195876288659796 1.3917525773195876 1.5463917525773196 1.4536082474226804 1.3298969072164948 1.4845360824742269 2.752577319587629 3.0 2.288659793814433 1.7010309278350515 1.7628865979381443 2.2268041237113403 1.6701030927835052 2.783505154639175 1.9484536082474226 2.1649484536082473 2.4123711340206184 2.3195876288659796 1.4536082474226804 1.3608247422680413 1.8556701030927836 2.6597938144329896 2.0412371134020617 2.443298969072165 1.824742268041237 2.3195876288659796 1.6391752577319587  
81 166.70411964603406 1.3608247422680413 1.1546391752577319 1.092783505154639 1.092783505154639 1.092783505154639 1.6494845360824741 1.1134020618556701 1.2783505154639174 1.0515463917525774 0.9690721649484536 0.9484536082474226 1.7525773195876289 1.3608247422680413 1.5463917525773196 0.9278350515463918 1.0309278350515463 0.9690721649484536 0.8865979381443299 0.9896907216494846 1.8350515463917525 2.0 1.5257731958762886 1.134020618556701 1.175257731958763 1.4845360824742269 1.1134020618556701 1.8556701030927836 1.2989690721649485 1.443298969072165 1.6082474226804124 1.5463917525773196 0.9690721649484536 0.9072164948453608 1.2371134020618557 1.7731958762886597 1.3608247422680413 1.6288659793814433 1.2164948453608246 1.5463917525773196 1.092783505154639  
31 122.720849920873 1.3608247422680413 1.1546391752577319 1.092783505154639 1.092783505154639 1.092783505154639 1.6494845360824741 1.1134020618556701 1.2783505154639174 1.0515463917525774 0.9690721649484536 0.9484536082474226 1.7525773195876289 1.3608247422680413 1.5463917525773196 0.9278350515463918 1.0309278350515463 0.9690721649484536 0.8865979381443299 0.9896907216494846 1.8350515463917525 2.0 1.5257731958762886 1.134020618556701 1.175257731958763 1.4845360824742269 1.1134020618556701 1.8556701030927836 1.2989690721649485 1.443298969072165 1.6082474226804124 1.5463917525773196 0.9690721649484536 0.9072164948453608 1.2371134020618557 1.7731958762886597 1.3608247422680413 1.6288659793814433 1.2164948453608246 1.5463917525773196 1.092783505154639  
23 409.68929820782506 1.3608247422680413 1.1546391752577319 1.092783505154639 1.092783505154639 1.092783505154639 1.6494845360824741 1.1134020618556701 1.2783505154639174 1.0515463917525774 0.9690721649484536 0.9484536082474226 1.7525773195876289 1.3608247422680413 1.5463917525773196 0.9278350515463918 1.0309278350515463 0.9690721649484536 0.8865979381443299 0.9896907216494846 1.8350515463917525 2.0 1.5257731958762886 1.134020618556701 1.175257731958763 1.4845360824742269 1.1134020618556701 1.8556701030927836 1.2989690721649485 1.443298969072165 1.6082474226804124 1.5463917525773196 0.9690721649484536 0.9072164948453608 1.2371134020618557 1.7731958762886597 1.3608247422680413 1.6288659793814433 1.2164948453608246 1.5463917525773196 1.092783505154639  
20 202.662207776002 2.0412371134020617 1.731958762886598 1.6391752577319587 1.6391752577319587 1.6391752577319587 2.4742268041237114 1.6701030927835052 1.9175257731958764 1.577319587628866 1.4536082474226804 1.422680412371134 2.6288659793814433 2.0412371134020617 2.3195876288659796 1.3917525773195876 1.5463917525773196 1.4536082474226804 1.3298969072164948 1.4845360824742269 2.752577319587629 3.0 2.288659793814433 1.7010309278350515 1.7628865979381443 2.2268041237113403 1.6701030927835052 2.783505154639175 1.9484536082474226 2.1649484536082473 2.4123711340206184 2.3195876288659796 1.4536082474226804 1.3608247422680413 1.8556701030927836 2.6597938144329896 2.0412371134020617 2.443298969072165 1.824742268041237 2.3195876288659796 1.6391752577319587  
37 340.55369669072905 1.3608247422680413 1.1546391752577319 1.092783505154639 1.092783505154639 1.092783505154639 1.6494845360824741 1.1134020618556701 1.2783505154639174 1.0515463917525774 0.9690721649484536 0.9484536082474226 1.7525773195876289 1.3608247422680413 1.5463917525773196 0.9278350515463918 1.0309278350515463 0.9690721649484536 0.8865979381443299 0.9896907216494846 1.8350515463917525 2.0 1.5257731958762886 1.134020618556701 1.175257731958763 1.4845360824742269 1.1134020618556701 1.8556701030927836 1.2989690721649485 1.443298969072165 1.6082474226804124 1.5463917525773196 0.9690721649484536 0.9072164948453608 1.2371134020618557 1.7731958762886597 1.3608247422680413 1.6288659793814433 1.2164948453608246 1.5463917525773196 1.092783505154639  
5 267.4418295667452 2.0412371134020617 1.731958762886598 1.6391752577319587 1.6391752577319587 1.6391752577319587 2.4742268041237114 1.6701030927835052 1.9175257731958764 1.577319587628866 1.4536082474226804 1.422680412371134 2.6288659793814433 2.0412371134020617 2.3195876288659796 1.3917525773195876 1.5463917525773196 1.4536082474226804 1.3298969072164948 1.4845360824742269 2.752577319587629 3.0 2.288659793814433 1.7010309278350515 1.7628865979381443 2.2268041237113403 1.6701030927835052 2.783505154639175 1.9484536082474226 2.1649484536082473 2.4123711340206184 2.3195876288659796 1.4536082474226804 1.3608247422680413 1.8556701030927836 2.6597938144329896 2.0412371134020617 2.443298969072165 1.824742268041237 2.3195876288659796 1.6391752577319587  
60 125.01197595339603 1.3608247422680413 1.1546391752577319 1.092783505154639 1.092783505154639 1.092783505154639 1.6494845360824741 1.1134020618556701 1.2783505154639174 1.0515463917525774 0.9690721649484536 0.9484536082474226 1.7525773195876289 1.3608247422680413 1.5463917525773196 0.9278350515463918 1.0309278350515463 0.9690721649484536 0.8865979381443299 0.9896907216494846 1.8350515463917525 2.0 1.5257731958762886 1.134020618556701 1.175257731958763 1.4845360824742269 1.1134020618556701 1.8556701030927836 1.2989690721649485 1.443298969072165 1.6082474226804124 1.5463917525773196 0.9690721649484536 0.9072164948453608 1.2371134020618557 1.7731958762886597 1.3608247422680413 1.6288659793814433 1.2164948453608246 1.5463917525773196 1.092783505154639  
54 61.75959356962556 2.0412371134020617 1.731958762886598 1.6391752577319587 1.6391752577319587 1.6391752577319587 2.4742268041237114 1.6701030927835052 1.9175257731958764 1.577319587628866 1.4536082474226804 1.422680412371134 2.6288659793814433 2.0412371134020617 2.3195876288659796 1.3917525773195876 1.5463917525773196 1.4536082474226804 1.3298969072164948 1.4845360824742269 2.752577319587629 3.0 2.288659793814433 1.7010309278350515 1.7628865979381443 2.2268041237113403 1.6701030927835052 2.783505154639175 1.9484536082474226 2.1649484536082473 2.4123711340206184 2.3195876288659796 1.4536082474226804 1.3608247422680413 1.8556701030927836 2.6597938144329896 2.0412371134020617 2.443298969072165 1.824742268041237 2.3195876288659796 1.6391752577319587  
75 296.93270954030584 1.3608247422680413 1.1546391752577319 1.092783505154639 1.092783505154639 1.092783505154639 1.6494845360824741 1.1134020618556701 1.2783505154639174 1.0515463917525774 0.9690721649484536 0.9484536082474226 1.7525773195876289 1.3608247422680413 1.5463917525773196 0.9278350515463918 1.0309278350515463 0.9690721649484536 0.8865979381443299 0.9896907216494846 1.8350515463917525 2.0 1.5257731958762886 1.134020618556701 1.175257731958763 1.4845360824742269 1.1134020618556701 1.8556701030927836 1.2989690721649485 1.443298969072165 1.6082474226804124 1.5463917525773196 0.9690721649484536 0.9072164948453608 1.2371134020618557 1.7731958762886597 1.3608247422680413 1.6288659793814433 1.2164948453608246 1.5463917525773196 1.092783505154639  
34 297.77778444527667 1.3608247422680413 1.1546391752577319 1.092783505154639 1.092783505154639 1.092783505154639 1.6494845360824741 1.1134020618556701 1.2783505154639174 1.0515463917525774 0.9690721649484536 0.9484536082474226 1.7525773195876289 1.3608247422680413 1.5463917525773196 0.9278350515463918 1.0309278350515463 0.9690721649484536 0.8865979381443299 0.9896907216494846 1.8350515463917525 2.0 1.5257731958762886 1.134020618556701 1.175257731958763 1.4845360824742269 1.1134020618556701 1.8556701030927836 1.2989690721649485 1.443298969072165 1.6082474226804124 1.5463917525773196 0.9690721649484536 0.9072164948453608 1.2371134020618557 1.7731958762886597 1.3608247422680413 1.6288659793814433 1.2164948453608246 1.5463917525773196 1.092783505154639  
84 101.92397267897704 2.0412371134020617 1.731958762886598 1.6391752577319587 1.6391752577319587 1.6391752577319587 2.4742268041237114 1.6701030927835052 1.9175257731958764 1.577319587628866 1.4536082474226804 1.422680412371134 2.6288659793814433 2.0412371134020617 2.3195876288659796 1.3917525773195876 1.5463917525773196 1.4536082474226804 1.3298969072164948 1.4845360824742269 2.752577319587629 3.0 2.288659793814433 1.7010309278350515 1.7628865979381443 2.2268041237113403 1.6701030927835052 2.783505154639175 1.9484536082474226 2.1649484536082473 2.4123711340206184 2.3195876288659796 1.4536082474226804 1.3608247422680413 1.8556701030927836 2.6597938144329896 2.0412371134020617 2.443298969072165 1.824742268041237 2.3195876288659796 1.6391752577319587  
26 227.3818103614571 2.0412371134020617 1.731958762886598 1.6391752577319587 1.6391752577319587 1.6391752577319587 2.4742268041237114 1.6701030927835052 1.9175257731958764 1.577319587628866 1.4536082474226804 1.422680412371134 2.6288659793814433 2.0412371134020617 2.3195876288659796 1.3917525773195876 1.5463917525773196 1.4536082474226804 1.3298969072164948 1.4845360824742269 2.752577319587629 3.0 2.288659793814433 1.7010309278350515 1.7628865979381443 2.2268041237113403 1.6701030927835052 2.783505154639175 1.9484536082474226 2.1649484536082473 2.4123711340206184 2.3195876288659796 1.4536082474226804 1.3608247422680413 1.8556701030927836 2.6597938144329896 2.0412371134020617 2.443298969072165 1.824742268041237 2.3195876288659796 1.6391752577319587  
38 374.07389898732634 1.3608247422680413 1.1546391752577319 1.092783505154639 1.092783505154639 1.092783505154639 1.6494845360824741 1.1134020618556701 1.2783505154639174 1.0515463917525774 0.9690721649484536 0.9484536082474226 1.7525773195876289 1.3608247422680413 1.5463917525773196 0.9278350515463918 1.0309278350515463 0.9690721649484536 0.8865979381443299 0.9896907216494846 1.8350515463917525 2.0 1.5257731958762886 1.134020618556701 1.175257731958763 1.4845360824742269 1.1134020618556701 1.8556701030927836 1.2989690721649485 1.443298969072165 1.6082474226804124 1.5463917525773196 0.9690721649484536 0.9072164948453608 1.2371134020618557 1.7731958762886597 1.3608247422680413 1.6288659793814433 1.2164948453608246 1.5463917525773196 1.092783505154639  
82 25.1975969376621 1.3608247422680413 1.1546391752577319 1.092783505154639 1.092783505154639 1.092783505154639 1.6494845360824741 1.1134020618556701 1.2783505154639174 1.0515463917525774 0.9690721649484536 0.9484536082474226 1.7525773195876289 1.3608247422680413 1.5463917525773196 0.9278350515463918 1.0309278350515463 0.9690721649484536 0.8865979381443299 0.9896907216494846 1.8350515463917525 2.0 1.5257731958762886 1.134020618556701 1.175257731958763 1.4845360824742269 1.1134020618556701 1.8556701030927836 1.2989690721649485 1.443298969072165 1.6082474226804124 1.5463917525773196 0.9690721649484536 0.9072164948453608 1.2371134020618557 1.7731958762886597 1.3608247422680413 1.6288659793814433 1.2164948453608246 1.5463917525773196 1.092783505154639  
24 246.12386288760706 2.0412371134020617 1.731958762886598 1.6391752577319587 1.6391752577319587 1.6391752577319587 2.4742268041237114 1.6701030927835052 1.9175257731958764 1.577319587628866 1.4536082474226804 1.422680412371134 2.6288659793814433 2.0412371134020617 2.3195876288659796 1.3917525773195876 1.5463917525773196 1.4536082474226804 1.3298969072164948 1.4845360824742269 2.752577319587629 3.0 2.288659793814433 1.7010309278350515 1.7628865979381443 2.2268041237113403 1.6701030927835052 2.783505154639175 1.9484536082474226 2.1649484536082473 2.4123711340206184 2.3195876288659796 1.4536082474226804 1.3608247422680413 1.8556701030927836 2.6597938144329896 2.0412371134020617 2.443298969072165 1.824742268041237 2.3195876288659796 1.6391752577319587  
51 238.03284517424223 2.0412371134020617 1.731958762886598 1.6391752577319587 1.6391752577319587 1.6391752577319587 2.4742268041237114 1.6701030927835052 1.9175257731958764 1.577319587628866 1.4536082474226804 1.422680412371134 2.6288659793814433 2.0412371134020617 2.3195876288659796 1.3917525773195876 1.5463917525773196 1.4536082474226804 1.3298969072164948 1.4845360824742269 2.752577319587629 3.0 2.288659793814433 1.7010309278350515 1.7628865979381443 2.2268041237113403 1.6701030927835052 2.783505154639175 1.9484536082474226 2.1649484536082473 2.4123711340206184 2.3195876288659796 1.4536082474226804 1.3608247422680413 1.8556701030927836 2.6597938144329896 2.0412371134020617 2.443298969072165 1.824742268041237 2.3195876288659796 1.6391752577319587  
7 36.35885746477163 1.3608247422680413 1.1546391752577319 1.092783505154639 1.092783505154639 1.092783505154639 1.6494845360824741 1.1134020618556701 1.2783505154639174 1.0515463917525774 0.9690721649484536 0.9484536082474226 1.7525773195876289 1.3608247422680413 1.5463917525773196 0.9278350515463918 1.0309278350515463 0.9690721649484536 0.8865979381443299 0.9896907216494846 1.8350515463917525 2.0 1.5257731958762886 1.134020618556701 1.175257731958763 1.4845360824742269 1.1134020618556701 1.8556701030927836 1.2989690721649485 1.443298969072165 1.6082474226804124 1.5463917525773196 0.9690721649484536 0.9072164948453608 1.2371134020618557 1.7731958762886597 1.3608247422680413 1.6288659793814433 1.2164948453608246 1.5463917525773196 1.092783505154639  
39 272.937020899237 2.0412371134020617 1.731958762886598 1.6391752577319587 1.6391752577319587 1.6391752577319587 2.4742268041237114 1.6701030927835052 1.9175257731958764 1.577319587628866 1.4536082474226804 1.422680412371134 2.6288659793814433 2.0412371134020617 2.3195876288659796 1.3917525773195876 1.5463917525773196 1.4536082474226804 1.3298969072164948 1.4845360824742269 2.752577319587629 3.0 2.288659793814433 1.7010309278350515 1.7628865979381443 2.2268041237113403 1.6701030927835052 2.783505154639175 1.9484536082474226 2.1649484536082473 2.4123711340206184 2.3195876288659796 1.4536082474226804 1.3608247422680413 1.8556701030927836 2.6597938144329896 2.0412371134020617 2.443298969072165 1.824742268041237 2.3195876288659796 1.6391752577319587  
14 306.65466193412664 2.0412371134020617 1.731958762886598 1.6391752577319587 1.6391752577319587 1.6391752577319587 2.4742268041237114 1.6701030927835052 1.9175257731958764 1.577319587628866 1.4536082474226804 1.422680412371134 2.6288659793814433 2.0412371134020617 2.3195876288659796 1.3917525773195876 1.5463917525773196 1.4536082474226804 1.3298969072164948 1.4845360824742269 2.752577319587629 3.0 2.288659793814433 1.7010309278350515 1.7628865979381443 2.2268041237113403 1.6701030927835052 2.783505154639175 1.9484536082474226 2.1649484536082473 2.4123711340206184 2.3195876288659796 1.4536082474226804 1.3608247422680413 1.8556701030927836 2.6597938144329896 2.0412371134020617 2.443298969072165 1.824742268041237 2.3195876288659796 1.6391752577319587  
88 282.06705780042677 2.0412371134020617 1.731958762886598 1.6391752577319587 1.6391752577319587 1.6391752577319587 2.4742268041237114 1.6701030927835052 1.9175257731958764 1.577319587628866 1.4536082474226804 1.422680412371134 2.6288659793814433 2.0412371134020617 2.3195876288659796 1.3917525773195876 1.5463917525773196 1.4536082474226804 1.3298969072164948 1.4845360824742269 2.752577319587629 3.0 2.288659793814433 1.7010309278350515 1.7628865979381443 2.2268041237113403 1.6701030927835052 2.783505154639175 1.9484536082474226 2.1649484536082473 2.4123711340206184 2.3195876288659796 1.4536082474226804 1.3608247422680413 1.8556701030927836 2.6597938144329896 2.0412371134020617 2.443298969072165 1.824742268041237 2.3195876288659796 1.6391752577319587  
78 175.14960461396083 2.0412371134020617 1.731958762886598 1.6391752577319587 1.6391752577319587 1.6391752577319587 2.4742268041237114 1.6701030927835052 1.9175257731958764 1.577319587628866 1.4536082474226804 1.422680412371134 2.6288659793814433 2.0412371134020617 2.3195876288659796 1.3917525773195876 1.5463917525773196 1.4536082474226804 1.3298969072164948 1.4845360824742269 2.752577319587629 3.0 2.288659793814433 1.7010309278350515 1.7628865979381443 2.2268041237113403 1.6701030927835052 2.783505154639175 1.9484536082474226 2.1649484536082473 2.4123711340206184 2.3195876288659796 1.4536082474226804 1.3608247422680413 1.8556701030927836 2.6597938144329896 2.0412371134020617 2.443298969072165 1.824742268041237 2.3195876288659796 1.6391752577319587  
36 266.5141294562308 2.0412371134020617 1.731958762886598 1.6391752577319587 1.6391752577319587 1.6391752577319587 2.4742268041237114 1.6701030927835052 1.9175257731958764 1.577319587628866 1.4536082474226804 1.422680412371134 2.6288659793814433 2.0412371134020617 2.3195876288659796 1.3917525773195876 1.5463917525773196 1.4536082474226804 1.3298969072164948 1.4845360824742269 2.752577319587629 3.0 2.288659793814433 1.7010309278350515 1.7628865979381443 2.2268041237113403 1.6701030927835052 2.783505154639175 1.9484536082474226 2.1649484536082473 2.4123711340206184 2.3195876288659796 1.4536082474226804 1.3608247422680413 1.8556701030927836 2.6597938144329896 2.0412371134020617 2.443298969072165 1.824742268041237 2.3195876288659796 1.6391752577319587  
52 66.04373400445667 1.3608247422680413 1.1546391752577319 1.092783505154639 1.092783505154639 1.092783505154639 1.6494845360824741 1.1134020618556701 1.2783505154639174 1.0515463917525774 0.9690721649484536 0.9484536082474226 1.7525773195876289 1.3608247422680413 1.5463917525773196 0.9278350515463918 1.0309278350515463 0.9690721649484536 0.8865979381443299 0.9896907216494846 1.8350515463917525 2.0 1.5257731958762886 1.134020618556701 1.175257731958763 1.4845360824742269 1.1134020618556701 1.8556701030927836 1.2989690721649485 1.443298969072165 1.6082474226804124 1.5463917525773196 0.9690721649484536 0.9072164948453608 1.2371134020618557 1.7731958762886597 1.3608247422680413 1.6288659793814433 1.2164948453608246 1.5463917525773196 1.092783505154639  
57 247.31659905182624 1.3608247422680413 1.1546391752577319 1.092783505154639 1.092783505154639 1.092783505154639 1.6494845360824741 1.1134020618556701 1.2783505154639174 1.0515463917525774 0.9690721649484536 0.9484536082474226 1.7525773195876289 1.3608247422680413 1.5463917525773196 0.9278350515463918 1.0309278350515463 0.9690721649484536 0.8865979381443299 0.9896907216494846 1.8350515463917525 2.0 1.5257731958762886 1.134020618556701 1.175257731958763 1.4845360824742269 1.1134020618556701 1.8556701030927836 1.2989690721649485 1.443298969072165 1.6082474226804124 1.5463917525773196 0.9690721649484536 0.9072164948453608 1.2371134020618557 1.7731958762886597 1.3608247422680413 1.6288659793814433 1.2164948453608246 1.5463917525773196 1.092783505154639  
8 13.41070358491343 2.0412371134020617 1.731958762886598 1.6391752577319587 1.6391752577319587 1.6391752577319587 2.4742268041237114 1.6701030927835052 1.9175257731958764 1.577319587628866 1.4536082474226804 1.422680412371134 2.6288659793814433 2.0412371134020617 2.3195876288659796 1.3917525773195876 1.5463917525773196 1.4536082474226804 1.3298969072164948 1.4845360824742269 2.752577319587629 3.0 2.288659793814433 1.7010309278350515 1.7628865979381443 2.2268041237113403 1.6701030927835052 2.783505154639175 1.9484536082474226 2.1649484536082473 2.4123711340206184 2.3195876288659796 1.4536082474226804 1.3608247422680413 1.8556701030927836 2.6597938144329896 2.0412371134020617 2.443298969072165 1.824742268041237 2.3195876288659796 1.6391752577319587  
