160 20
TREE NETWORK (nID nID Weight):
1 0 34.0 
2 1 41.0 
66 0 41.0 
3 1 53.0 
25 1 52.0 
32 1 40.0 
26 25 39.0 
27 26 44.0 
47 1 40.0 
48 47 42.0 
67 66 40.0 
68 67 42.0 
69 68 33.0 
70 69 58.0 
120 66 44.0 
112 68 40.0 
72 69 42.0 
73 72 54.0 
84 72 37.0 
91 72 35.0 
141 0 45.0 
142 141 31.0 
85 84 55.0 
86 85 57.0 
4 3 49.0 
49 48 57.0 
126 66 55.0 
59 47 57.0 
33 32 32.0 
74 73 51.0 
50 49 51.0 
127 126 45.0 
9 3 32.0 
81 73 36.0 
152 141 42.0 
118 67 41.0 
61 1 56.0 
121 120 49.0 
19 3 44.0 
123 120 40.0 
75 74 41.0 
99 69 31.0 
113 112 50.0 
143 142 58.0 
128 127 48.0 
64 1 47.0 
83 73 42.0 
51 49 45.0 
5 4 35.0 
76 75 37.0 
89 85 39.0 
145 142 48.0 
52 51 52.0 
54 51 37.0 
56 51 59.0 
28 25 34.0 
94 72 32.0 
157 0 55.0 
77 76 32.0 
119 67 41.0 
155 141 54.0 
96 72 53.0 
100 99 55.0 
34 33 58.0 
102 69 52.0 
95 94 53.0 
6 4 30.0 
134 127 56.0 
10 9 48.0 
65 64 55.0 
11 10 36.0 
79 74 54.0 
146 142 45.0 
60 59 41.0 
87 86 32.0 
109 69 33.0 
36 33 38.0 
124 120 30.0 
129 128 31.0 
38 33 32.0 
103 102 57.0 
115 112 49.0 
131 128 53.0 
57 48 39.0 
122 121 53.0 
92 91 38.0 
39 38 44.0 
35 34 48.0 
13 9 44.0 
158 157 39.0 
20 3 47.0 
90 85 58.0 
110 69 45.0 
111 69 42.0 
93 92 48.0 
137 126 56.0 
149 142 34.0 
14 13 38.0 
29 25 59.0 
116 115 59.0 
21 20 47.0 
41 38 34.0 
24 3 49.0 
135 127 45.0 
150 149 51.0 
97 96 32.0 
147 146 49.0 
46 33 41.0 
58 48 39.0 
104 102 49.0 
138 137 36.0 
105 104 31.0 
31 25 36.0 
23 20 45.0 
37 36 38.0 
53 52 57.0 
159 158 58.0 
16 13 45.0 
144 143 43.0 
88 87 37.0 
108 102 37.0 
62 61 54.0 
153 152 37.0 
22 21 35.0 
15 14 38.0 
154 153 58.0 
12 10 40.0 
98 96 36.0 
133 128 54.0 
130 129 40.0 
17 16 30.0 
78 75 30.0 
82 81 41.0 
107 104 45.0 
80 74 44.0 
106 105 59.0 
42 38 43.0 
63 61 41.0 
30 29 37.0 
136 127 55.0 
132 131 43.0 
148 147 30.0 
71 70 37.0 
43 42 32.0 
151 149 48.0 
101 100 59.0 
44 43 30.0 
139 137 57.0 
18 16 30.0 
117 115 30.0 
45 38 43.0 
140 66 49.0 
7 4 53.0 
125 124 52.0 
40 39 59.0 
8 7 35.0 
55 54 52.0 
156 155 53.0 
114 113 33.0 
PROGRAMS ASSIGNED TO NODES (nID pID1 pID2 ...):
0 1 2 3 4 5 6 7 8 9 10 11 12 13 14 15 16 17 18 19 20  
127 1 5 7 10 12  
31 14 15 17 19  
79  
100 6 10 11 20  
155 1 2 3 4 5 6 7 8 9 11 12 13 14 15 16 17 18 19 20  
20 1 2 3 4 5 6 7 8 10 11 13 14 15 16 17 19 20  
64  
36 2 6 7 8 12 13 14 15 16 17  
33 4 5 7 9 11 13 14 15 18 20  
101 1 4 11 16 18 19 20  
153 1 2 3 4 5 7 9 10 11 12 13 16 17 18 19 20  
7  
13  
65 2 4 7 11 19  
87 1 2 3 4 5 6 7 8 9 10 11 12 14 15 16 17 18 19 20  
121 1 6 8 9 11 12 14 17 20  
78 2 4 5 6 8 9 10 11 13 14 15 16 17 18 19 20  
88 1 2 5 7 8 9 10 13 14 15 18 19 20  
124 10 11 15 19 20  
71 2 3 5 6 7 9 10 11 12 13 15 16 17 18 19 20  
158 1  
96 8 11 12 15 16 17 20  
70 1 8 10 16  
12 2 3 4 12 14 17  
157 2 6 7 10 15  
122 2 4 5 7 8 9 10 13 14 15 16 17 18 19 20  
115 6 7 10 16 20  
151 5 6 11 15 19  
109 7 10 12 13 15  
143 9  
27 2 5 15 17 20  
28 5 10 11 17  
139 5  
145 1 3 4 5 8 11 12 19  
148 4 5 9 10 12 15 16 17 20  
15 1 3 4 5 7 8 9 11 13 15 17 18  
10 3 6 9 11 16 19  
3 1 3 4 5 6 8 9 10 11 13 15 16 17 18 19 20  
72 16 19  
111 3 4 6 9 10 14 17 18 19 20  
23 7 8 14 19  
104 1 2 3 4 5 6 7 9 10 12 13 15 17 19  
91 15  
55 3 4 7 10 13 17 18  
95 1 2 3 5 6 7 8 9 11 12 13 15 16 17 18 19 20  
93 1 2 3 4 5 6 7 8 9 10 14 15 16 17 18 19 20  
119 1 2 3 4 6 7 9 10 11 12 13 15 16 17 18 19 20  
66 1 2 3 4 6 7 8 9 10 11 12 13 14 15 16 19  
138 6 10  
18 6  
25 1 2 4 7 8 9 13 15 17 18 19  
85 1 6 7 15 16 17  
84 1 2 3 4 5 6 7 8 10 11 12 13 14 15 16 18 19  
126 1 2 3 4 5 7 8 10 12 13 14 15 16 17 18 19 20  
47 6 7 9 11 17 20  
107 2 3 6 7 8 9 10 12 14 15 16 17 18 19 20  
48 1 2 3 4 5 6 8 9 11 12 13 14 15 16 17 18 19 20  
35 2 7 9 10 13 14 15 17 20  
133 1 2 3 4 5 6 7 8 9 10 11 12 14 16 17 18 19 20  
81 1 3 4 9 11 13 15 16 19 20  
154 5 7 9 10 12 16 18  
56 1 2 3 4 5 7 9 10 11 12 13 14 16 17 18 20  
83 1 2 3 4 5 6 7 9 10 12 13 14 15 16 17 18  
129 9 19  
22 11  
42 1 2 3 6 7 8 9 10 11 12 13 14 15 16 17 18 19 20  
14 11 13 14 16  
53 1 2 4 5 6 8 9 11 12 13 17 18 20  
43 1 2 12  
102 4 13 14 15 17 19  
136 4 8 13  
29 1 2 3 4 7 8 9 10 14 15 16 17 18 19 20  
58 1 2 3 4 5 6 7 8 9 10 11 12 13 14 15 18 19 20  
110  
140 1 2 4 5 6 8 9 10 11 12 14 15 17 18 20  
44 9 12  
114 2 3 5 15 16 17 19  
21 1 2 3 4 5 7 8 9 11 12 13 14 16 20  
74 2 3 4 5 6 10 13 15 16 17 18 19 20  
134 2 3 4 8 9 10 12 14 15 18  
50 1 10 16 19  
108 1 2 3 4 5 6 7 9 11 12 13 14 15 16 17 18 19 20  
24 1 5 10 17  
51 1 3 7 8 9 10 11 12 14 16 17 18 20  
8 1 3 4 6 7 8 9 10 11 12 13 14 15 16 17 18 19 20  
135 4 7 10 11 14  
125 1 2 3 4 8 13 14  
98 1 3 4 5 6 7 8 10 11 12 13 14 15 16 17 18 19 20  
118 1 3  
90 1 2 7 9 12 19 20  
17  
82 1 2 3 4 5 6 7 8 9 10 11 12 13 14 15 16 17 18 19  
75 1 3 5 6 7 8 11 12 13 16 19  
77  
89  
159 2 4 5 6 7 8 9 11 12 13 14 15 16 17 19 20  
63 5 6 8 11 12 15 17 19  
16 1 4 13 15 16 17  
45 1 5 6 9 10 11 12 13 14 15 16 19 20  
19 1 2 3 4 5 6 7 8 9 10 11 12 13 14 15 16 17 18 19  
146 3 5 10 12 14 17 18 20  
103 1 2 3 4 5 6 8 10 13 14 15 16  
99 1 3 6 7 10 13 14 16 18 20  
37 2 3 5 8 9 12 13 14 15 17 19 20  
2 2 3  
4 7 8 11 12 13 15 17 19 20  
152 4 5 6 8 9 10 14 16 18 20  
141 2 4 8 14 15 17 18  
26 1 2 3 4 5 7 8 11 12 13 14 15 16 17 18 19 20  
112 1 2 3 4 5 6 7 8 9 10 11 12 14 15 16 17 18 19 20  
1 4 8 17 20  
128 9 11 12  
150 1 2 4 5 11 16 20  
49 2 4 9 10 11 12 19  
59 3 4 5 6 12 14 16 18  
52 14  
116 1 2 3 6 9 10 12 13 14 15 17 19 20  
61 16 20  
5 6 18  
105 2 4 6 7 9 11 12 14 16 17 18 19 20  
32 4 5 6 7 10 14 15 16 17 18 19 20  
149 11  
6 2 3 4 5 9 10 11 13 14 17 19  
131 1 2 3 4 5 6 7 8 10 11 12 13 15 16 17 18 19 20  
80 1 2 3 4 5 7 8 9 11 12 13 14 15 17 18 20  
41 6  
68 1 2 3 4 6 9 11 12 17 18  
147 1 2 3 10 13 16 20  
144 1 2 3 4 5 6 8 9 10 11 12 13 14 16 17 18 19 20  
113 2 7 10 13 15  
54 4 5 7 11 12 17  
130 19  
94 1 2 5 6 11 14 16 18 20  
142 8 12 13 15 17 18  
120 1 2 3 4 8 9 11 12 15 16 18 19 20  
11 1 12  
97 1 2 3 5 6 7 8 9 12 13 14 15 17 18  
137 4 6 15 16  
67 1 2 3 4 5 6 9 10 12 13 15 16 17 18 19 20  
106 1 2 3 4 5 6 7 10 12 14 15 17 18 19  
123 1 2 3 4 5 6 7 8 9 11 13 15 16 18 19 20  
39 1 3 4 7 8 9 10 11 12 13 14 15 16 18 19 20  
62 1 3 4 9 11 14 17  
86 3 4 5 6 7 9 10 11 15 17 19 20  
30 3 11 14 15 16 18 19 20  
34  
73 1 2 4 6 7 9 13 16 17 19  
9 1 2 3 4 5 6 7 9 10 11 12 13 14 15 16 17 18 19 20  
57 4  
117 1 4 5 6 8 10 11 13 14 17 20  
38 1 2 7 8 9 10 12 13 16 17 18  
40 1 2 4 6 12 14 15 17 19  
69 2  
76 2 4 5 8 9 12 14 16 17 20  
156 1 2 3 5 6 8 9 10 11 12 13 14 15 16 18  
92 1 2 3 4 5 6 7 9 10 11 12 13 14 15 17 18 20  
132 1 2 3 4 5 7 8 10 13 14 15 18 20  
60 1 3 4 5 9 12 17 19 20  
46 1 2 3 5 11  
SIZE OF PROGRAMS (pID SIZE):
1 58.0 
2 55.0 
3 72.0 
4 56.0 
5 63.0 
6 90.0 
7 51.0 
8 99.0 
9 41.0 
10 62.0 
11 80.0 
12 86.0 
13 56.0 
14 68.0 
15 89.0 
16 83.0 
17 71.0 
18 54.0 
19 69.0 
20 63.0 
COST_INSTALL_SERVER_AND_PROGRAMS :
0 5139.393939393938 1.7575757575757576 1.6666666666666667 2.1818181818181817 1.696969696969697 1.9090909090909092 2.727272727272727 1.5454545454545454 3.0 1.2424242424242424 1.878787878787879 2.4242424242424243 2.606060606060606 1.696969696969697 2.0606060606060606 2.696969696969697 2.515151515151515 2.1515151515151514 1.6363636363636365 2.090909090909091 1.9090909090909092  
127 138.3984030923812 1.1717171717171717 1.1111111111111112 1.4545454545454546 1.1313131313131313 1.2727272727272727 1.8181818181818181 1.0303030303030303 2.0 0.8282828282828283 1.2525252525252526 1.6161616161616161 1.7373737373737375 1.1313131313131313 1.3737373737373737 1.797979797979798 1.6767676767676767 1.4343434343434343 1.0909090909090908 1.393939393939394 1.2727272727272727  
31 18.120518942010825 1.1717171717171717 1.1111111111111112 1.4545454545454546 1.1313131313131313 1.2727272727272727 1.8181818181818181 1.0303030303030303 2.0 0.8282828282828283 1.2525252525252526 1.6161616161616161 1.7373737373737375 1.1313131313131313 1.3737373737373737 1.797979797979798 1.6767676767676767 1.4343434343434343 1.0909090909090908 1.393939393939394 1.2727272727272727  
79 757.0 1.1717171717171717 1.1111111111111112 1.4545454545454546 1.1313131313131313 1.2727272727272727 1.8181818181818181 1.0303030303030303 2.0 0.8282828282828283 1.2525252525252526 1.6161616161616161 1.7373737373737375 1.1313131313131313 1.3737373737373737 1.797979797979798 1.6767676767676767 1.4343434343434343 1.0909090909090908 1.393939393939394 1.2727272727272727  
100 159.04578167784527 1.1717171717171717 1.1111111111111112 1.4545454545454546 1.1313131313131313 1.2727272727272727 1.8181818181818181 1.0303030303030303 2.0 0.8282828282828283 1.2525252525252526 1.6161616161616161 1.7373737373737375 1.1313131313131313 1.3737373737373737 1.797979797979798 1.6767676767676767 1.4343434343434343 1.0909090909090908 1.393939393939394 1.2727272727272727  
155 91.42824049309304 1.7575757575757576 1.6666666666666667 2.1818181818181817 1.696969696969697 1.9090909090909092 2.727272727272727 1.5454545454545454 3.0 1.2424242424242424 1.878787878787879 2.4242424242424243 2.606060606060606 1.696969696969697 2.0606060606060606 2.696969696969697 2.515151515151515 2.1515151515151514 1.6363636363636365 2.090909090909091 1.9090909090909092  
20 102.39985868739619 1.1717171717171717 1.1111111111111112 1.4545454545454546 1.1313131313131313 1.2727272727272727 1.8181818181818181 1.0303030303030303 2.0 0.8282828282828283 1.2525252525252526 1.6161616161616161 1.7373737373737375 1.1313131313131313 1.3737373737373737 1.797979797979798 1.6767676767676767 1.4343434343434343 1.0909090909090908 1.393939393939394 1.2727272727272727  
64 12.343805854890025 1.7575757575757576 1.6666666666666667 2.1818181818181817 1.696969696969697 1.9090909090909092 2.727272727272727 1.5454545454545454 3.0 1.2424242424242424 1.878787878787879 2.4242424242424243 2.606060606060606 1.696969696969697 2.0606060606060606 2.696969696969697 2.515151515151515 2.1515151515151514 1.6363636363636365 2.090909090909091 1.9090909090909092  
36 178.962471438381 1.1717171717171717 1.1111111111111112 1.4545454545454546 1.1313131313131313 1.2727272727272727 1.8181818181818181 1.0303030303030303 2.0 0.8282828282828283 1.2525252525252526 1.6161616161616161 1.7373737373737375 1.1313131313131313 1.3737373737373737 1.797979797979798 1.6767676767676767 1.4343434343434343 1.0909090909090908 1.393939393939394 1.2727272727272727  
33 139.68279091463398 1.7575757575757576 1.6666666666666667 2.1818181818181817 1.696969696969697 1.9090909090909092 2.727272727272727 1.5454545454545454 3.0 1.2424242424242424 1.878787878787879 2.4242424242424243 2.606060606060606 1.696969696969697 2.0606060606060606 2.696969696969697 2.515151515151515 2.1515151515151514 1.6363636363636365 2.090909090909091 1.9090909090909092  
101 74.87106222428835 1.1717171717171717 1.1111111111111112 1.4545454545454546 1.1313131313131313 1.2727272727272727 1.8181818181818181 1.0303030303030303 2.0 0.8282828282828283 1.2525252525252526 1.6161616161616161 1.7373737373737375 1.1313131313131313 1.3737373737373737 1.797979797979798 1.6767676767676767 1.4343434343434343 1.0909090909090908 1.393939393939394 1.2727272727272727  
153 53.59905363059911 1.7575757575757576 1.6666666666666667 2.1818181818181817 1.696969696969697 1.9090909090909092 2.727272727272727 1.5454545454545454 3.0 1.2424242424242424 1.878787878787879 2.4242424242424243 2.606060606060606 1.696969696969697 2.0606060606060606 2.696969696969697 2.515151515151515 2.1515151515151514 1.6363636363636365 2.090909090909091 1.9090909090909092  
7 137.22238547669377 1.7575757575757576 1.6666666666666667 2.1818181818181817 1.696969696969697 1.9090909090909092 2.727272727272727 1.5454545454545454 3.0 1.2424242424242424 1.878787878787879 2.4242424242424243 2.606060606060606 1.696969696969697 2.0606060606060606 2.696969696969697 2.515151515151515 2.1515151515151514 1.6363636363636365 2.090909090909091 1.9090909090909092  
13 151.1311218597837 1.1717171717171717 1.1111111111111112 1.4545454545454546 1.1313131313131313 1.2727272727272727 1.8181818181818181 1.0303030303030303 2.0 0.8282828282828283 1.2525252525252526 1.6161616161616161 1.7373737373737375 1.1313131313131313 1.3737373737373737 1.797979797979798 1.6767676767676767 1.4343434343434343 1.0909090909090908 1.393939393939394 1.2727272727272727  
65 16.567688214265136 1.1717171717171717 1.1111111111111112 1.4545454545454546 1.1313131313131313 1.2727272727272727 1.8181818181818181 1.0303030303030303 2.0 0.8282828282828283 1.2525252525252526 1.6161616161616161 1.7373737373737375 1.1313131313131313 1.3737373737373737 1.797979797979798 1.6767676767676767 1.4343434343434343 1.0909090909090908 1.393939393939394 1.2727272727272727  
87 322.7619805908366 1.1717171717171717 1.1111111111111112 1.4545454545454546 1.1313131313131313 1.2727272727272727 1.8181818181818181 1.0303030303030303 2.0 0.8282828282828283 1.2525252525252526 1.6161616161616161 1.7373737373737375 1.1313131313131313 1.3737373737373737 1.797979797979798 1.6767676767676767 1.4343434343434343 1.0909090909090908 1.393939393939394 1.2727272727272727  
121 83.26913953807991 1.7575757575757576 1.6666666666666667 2.1818181818181817 1.696969696969697 1.9090909090909092 2.727272727272727 1.5454545454545454 3.0 1.2424242424242424 1.878787878787879 2.4242424242424243 2.606060606060606 1.696969696969697 2.0606060606060606 2.696969696969697 2.515151515151515 2.1515151515151514 1.6363636363636365 2.090909090909091 1.9090909090909092  
78 202.1910764525677 1.7575757575757576 1.6666666666666667 2.1818181818181817 1.696969696969697 1.9090909090909092 2.727272727272727 1.5454545454545454 3.0 1.2424242424242424 1.878787878787879 2.4242424242424243 2.606060606060606 1.696969696969697 2.0606060606060606 2.696969696969697 2.515151515151515 2.1515151515151514 1.6363636363636365 2.090909090909091 1.9090909090909092  
88 274.43830386192974 1.1717171717171717 1.1111111111111112 1.4545454545454546 1.1313131313131313 1.2727272727272727 1.8181818181818181 1.0303030303030303 2.0 0.8282828282828283 1.2525252525252526 1.6161616161616161 1.7373737373737375 1.1313131313131313 1.3737373737373737 1.797979797979798 1.6767676767676767 1.4343434343434343 1.0909090909090908 1.393939393939394 1.2727272727272727  
124 75.30375397920811 1.7575757575757576 1.6666666666666667 2.1818181818181817 1.696969696969697 1.9090909090909092 2.727272727272727 1.5454545454545454 3.0 1.2424242424242424 1.878787878787879 2.4242424242424243 2.606060606060606 1.696969696969697 2.0606060606060606 2.696969696969697 2.515151515151515 2.1515151515151514 1.6363636363636365 2.090909090909091 1.9090909090909092  
71 203.92789864124538 1.1717171717171717 1.1111111111111112 1.4545454545454546 1.1313131313131313 1.2727272727272727 1.8181818181818181 1.0303030303030303 2.0 0.8282828282828283 1.2525252525252526 1.6161616161616161 1.7373737373737375 1.1313131313131313 1.3737373737373737 1.797979797979798 1.6767676767676767 1.4343434343434343 1.0909090909090908 1.393939393939394 1.2727272727272727  
158 34.750980796670405 1.7575757575757576 1.6666666666666667 2.1818181818181817 1.696969696969697 1.9090909090909092 2.727272727272727 1.5454545454545454 3.0 1.2424242424242424 1.878787878787879 2.4242424242424243 2.606060606060606 1.696969696969697 2.0606060606060606 2.696969696969697 2.515151515151515 2.1515151515151514 1.6363636363636365 2.090909090909091 1.9090909090909092  
96 318.9247814442406 1.1717171717171717 1.1111111111111112 1.4545454545454546 1.1313131313131313 1.2727272727272727 1.8181818181818181 1.0303030303030303 2.0 0.8282828282828283 1.2525252525252526 1.6161616161616161 1.7373737373737375 1.1313131313131313 1.3737373737373737 1.797979797979798 1.6767676767676767 1.4343434343434343 1.0909090909090908 1.393939393939394 1.2727272727272727  
70 210.93039909304258 1.1717171717171717 1.1111111111111112 1.4545454545454546 1.1313131313131313 1.2727272727272727 1.8181818181818181 1.0303030303030303 2.0 0.8282828282828283 1.2525252525252526 1.6161616161616161 1.7373737373737375 1.1313131313131313 1.3737373737373737 1.797979797979798 1.6767676767676767 1.4343434343434343 1.0909090909090908 1.393939393939394 1.2727272727272727  
12 68.23761903718123 1.1717171717171717 1.1111111111111112 1.4545454545454546 1.1313131313131313 1.2727272727272727 1.8181818181818181 1.0303030303030303 2.0 0.8282828282828283 1.2525252525252526 1.6161616161616161 1.7373737373737375 1.1313131313131313 1.3737373737373737 1.797979797979798 1.6767676767676767 1.4343434343434343 1.0909090909090908 1.393939393939394 1.2727272727272727  
157 28.917937427454625 1.1717171717171717 1.1111111111111112 1.4545454545454546 1.1313131313131313 1.2727272727272727 1.8181818181818181 1.0303030303030303 2.0 0.8282828282828283 1.2525252525252526 1.6161616161616161 1.7373737373737375 1.1313131313131313 1.3737373737373737 1.797979797979798 1.6767676767676767 1.4343434343434343 1.0909090909090908 1.393939393939394 1.2727272727272727  
122 119.72354105246059 1.7575757575757576 1.6666666666666667 2.1818181818181817 1.696969696969697 1.9090909090909092 2.727272727272727 1.5454545454545454 3.0 1.2424242424242424 1.878787878787879 2.4242424242424243 2.606060606060606 1.696969696969697 2.0606060606060606 2.696969696969697 2.515151515151515 2.1515151515151514 1.6363636363636365 2.090909090909091 1.9090909090909092  
115 212.22115626778188 1.7575757575757576 1.6666666666666667 2.1818181818181817 1.696969696969697 1.9090909090909092 2.727272727272727 1.5454545454545454 3.0 1.2424242424242424 1.878787878787879 2.4242424242424243 2.606060606060606 1.696969696969697 2.0606060606060606 2.696969696969697 2.515151515151515 2.1515151515151514 1.6363636363636365 2.090909090909091 1.9090909090909092  
151 28.694109848464738 1.7575757575757576 1.6666666666666667 2.1818181818181817 1.696969696969697 1.9090909090909092 2.727272727272727 1.5454545454545454 3.0 1.2424242424242424 1.878787878787879 2.4242424242424243 2.606060606060606 1.696969696969697 2.0606060606060606 2.696969696969697 2.515151515151515 2.1515151515151514 1.6363636363636365 2.090909090909091 1.9090909090909092  
109 71.084181647804 1.1717171717171717 1.1111111111111112 1.4545454545454546 1.1313131313131313 1.2727272727272727 1.8181818181818181 1.0303030303030303 2.0 0.8282828282828283 1.2525252525252526 1.6161616161616161 1.7373737373737375 1.1313131313131313 1.3737373737373737 1.797979797979798 1.6767676767676767 1.4343434343434343 1.0909090909090908 1.393939393939394 1.2727272727272727  
143 72.57210774552756 1.7575757575757576 1.6666666666666667 2.1818181818181817 1.696969696969697 1.9090909090909092 2.727272727272727 1.5454545454545454 3.0 1.2424242424242424 1.878787878787879 2.4242424242424243 2.606060606060606 1.696969696969697 2.0606060606060606 2.696969696969697 2.515151515151515 2.1515151515151514 1.6363636363636365 2.090909090909091 1.9090909090909092  
27 40.92135926038078 1.1717171717171717 1.1111111111111112 1.4545454545454546 1.1313131313131313 1.2727272727272727 1.8181818181818181 1.0303030303030303 2.0 0.8282828282828283 1.2525252525252526 1.6161616161616161 1.7373737373737375 1.1313131313131313 1.3737373737373737 1.797979797979798 1.6767676767676767 1.4343434343434343 1.0909090909090908 1.393939393939394 1.2727272727272727  
28 22.758189298064288 1.1717171717171717 1.1111111111111112 1.4545454545454546 1.1313131313131313 1.2727272727272727 1.8181818181818181 1.0303030303030303 2.0 0.8282828282828283 1.2525252525252526 1.6161616161616161 1.7373737373737375 1.1313131313131313 1.3737373737373737 1.797979797979798 1.6767676767676767 1.4343434343434343 1.0909090909090908 1.393939393939394 1.2727272727272727  
139 5.336331221787639 1.1717171717171717 1.1111111111111112 1.4545454545454546 1.1313131313131313 1.2727272727272727 1.8181818181818181 1.0303030303030303 2.0 0.8282828282828283 1.2525252525252526 1.6161616161616161 1.7373737373737375 1.1313131313131313 1.3737373737373737 1.797979797979798 1.6767676767676767 1.4343434343434343 1.0909090909090908 1.393939393939394 1.2727272727272727  
145 35.377275385369224 1.7575757575757576 1.6666666666666667 2.1818181818181817 1.696969696969697 1.9090909090909092 2.727272727272727 1.5454545454545454 3.0 1.2424242424242424 1.878787878787879 2.4242424242424243 2.606060606060606 1.696969696969697 2.0606060606060606 2.696969696969697 2.515151515151515 2.1515151515151514 1.6363636363636365 2.090909090909091 1.9090909090909092  
148 77.102404595909 1.7575757575757576 1.6666666666666667 2.1818181818181817 1.696969696969697 1.9090909090909092 2.727272727272727 1.5454545454545454 3.0 1.2424242424242424 1.878787878787879 2.4242424242424243 2.606060606060606 1.696969696969697 2.0606060606060606 2.696969696969697 2.515151515151515 2.1515151515151514 1.6363636363636365 2.090909090909091 1.9090909090909092  
15 162.0353542085743 1.1717171717171717 1.1111111111111112 1.4545454545454546 1.1313131313131313 1.2727272727272727 1.8181818181818181 1.0303030303030303 2.0 0.8282828282828283 1.2525252525252526 1.6161616161616161 1.7373737373737375 1.1313131313131313 1.3737373737373737 1.797979797979798 1.6767676767676767 1.4343434343434343 1.0909090909090908 1.393939393939394 1.2727272727272727  
10 118.38373477769754 1.1717171717171717 1.1111111111111112 1.4545454545454546 1.1313131313131313 1.2727272727272727 1.8181818181818181 1.0303030303030303 2.0 0.8282828282828283 1.2525252525252526 1.6161616161616161 1.7373737373737375 1.1313131313131313 1.3737373737373737 1.797979797979798 1.6767676767676767 1.4343434343434343 1.0909090909090908 1.393939393939394 1.2727272727272727  
3 51.247314288123235 1.7575757575757576 1.6666666666666667 2.1818181818181817 1.696969696969697 1.9090909090909092 2.727272727272727 1.5454545454545454 3.0 1.2424242424242424 1.878787878787879 2.4242424242424243 2.606060606060606 1.696969696969697 2.0606060606060606 2.696969696969697 2.515151515151515 2.1515151515151514 1.6363636363636365 2.090909090909091 1.9090909090909092  
72 126.40052212325338 1.7575757575757576 1.6666666666666667 2.1818181818181817 1.696969696969697 1.9090909090909092 2.727272727272727 1.5454545454545454 3.0 1.2424242424242424 1.878787878787879 2.4242424242424243 2.606060606060606 1.696969696969697 2.0606060606060606 2.696969696969697 2.515151515151515 2.1515151515151514 1.6363636363636365 2.090909090909091 1.9090909090909092  
111 124.6009456009173 1.7575757575757576 1.6666666666666667 2.1818181818181817 1.696969696969697 1.9090909090909092 2.727272727272727 1.5454545454545454 3.0 1.2424242424242424 1.878787878787879 2.4242424242424243 2.606060606060606 1.696969696969697 2.0606060606060606 2.696969696969697 2.515151515151515 2.1515151515151514 1.6363636363636365 2.090909090909091 1.9090909090909092  
23 34.37481184672759 1.1717171717171717 1.1111111111111112 1.4545454545454546 1.1313131313131313 1.2727272727272727 1.8181818181818181 1.0303030303030303 2.0 0.8282828282828283 1.2525252525252526 1.6161616161616161 1.7373737373737375 1.1313131313131313 1.3737373737373737 1.797979797979798 1.6767676767676767 1.4343434343434343 1.0909090909090908 1.393939393939394 1.2727272727272727  
104 128.97766384092012 1.7575757575757576 1.6666666666666667 2.1818181818181817 1.696969696969697 1.9090909090909092 2.727272727272727 1.5454545454545454 3.0 1.2424242424242424 1.878787878787879 2.4242424242424243 2.606060606060606 1.696969696969697 2.0606060606060606 2.696969696969697 2.515151515151515 2.1515151515151514 1.6363636363636365 2.090909090909091 1.9090909090909092  
91 282.22171412634225 1.1717171717171717 1.1111111111111112 1.4545454545454546 1.1313131313131313 1.2727272727272727 1.8181818181818181 1.0303030303030303 2.0 0.8282828282828283 1.2525252525252526 1.6161616161616161 1.7373737373737375 1.1313131313131313 1.3737373737373737 1.797979797979798 1.6767676767676767 1.4343434343434343 1.0909090909090908 1.393939393939394 1.2727272727272727  
55 68.59049031835224 1.7575757575757576 1.6666666666666667 2.1818181818181817 1.696969696969697 1.9090909090909092 2.727272727272727 1.5454545454545454 3.0 1.2424242424242424 1.878787878787879 2.4242424242424243 2.606060606060606 1.696969696969697 2.0606060606060606 2.696969696969697 2.515151515151515 2.1515151515151514 1.6363636363636365 2.090909090909091 1.9090909090909092  
95 190.69128110098177 1.1717171717171717 1.1111111111111112 1.4545454545454546 1.1313131313131313 1.2727272727272727 1.8181818181818181 1.0303030303030303 2.0 0.8282828282828283 1.2525252525252526 1.6161616161616161 1.7373737373737375 1.1313131313131313 1.3737373737373737 1.797979797979798 1.6767676767676767 1.4343434343434343 1.0909090909090908 1.393939393939394 1.2727272727272727  
93 373.2787383020105 1.7575757575757576 1.6666666666666667 2.1818181818181817 1.696969696969697 1.9090909090909092 2.727272727272727 1.5454545454545454 3.0 1.2424242424242424 1.878787878787879 2.4242424242424243 2.606060606060606 1.696969696969697 2.0606060606060606 2.696969696969697 2.515151515151515 2.1515151515151514 1.6363636363636365 2.090909090909091 1.9090909090909092  
119 49.39810586905909 1.7575757575757576 1.6666666666666667 2.1818181818181817 1.696969696969697 1.9090909090909092 2.727272727272727 1.5454545454545454 3.0 1.2424242424242424 1.878787878787879 2.4242424242424243 2.606060606060606 1.696969696969697 2.0606060606060606 2.696969696969697 2.515151515151515 2.1515151515151514 1.6363636363636365 2.090909090909091 1.9090909090909092  
66 28.926857069654254 1.7575757575757576 1.6666666666666667 2.1818181818181817 1.696969696969697 1.9090909090909092 2.727272727272727 1.5454545454545454 3.0 1.2424242424242424 1.878787878787879 2.4242424242424243 2.606060606060606 1.696969696969697 2.0606060606060606 2.696969696969697 2.515151515151515 2.1515151515151514 1.6363636363636365 2.090909090909091 1.9090909090909092  
138 12.29708264449543 1.1717171717171717 1.1111111111111112 1.4545454545454546 1.1313131313131313 1.2727272727272727 1.8181818181818181 1.0303030303030303 2.0 0.8282828282828283 1.2525252525252526 1.6161616161616161 1.7373737373737375 1.1313131313131313 1.3737373737373737 1.797979797979798 1.6767676767676767 1.4343434343434343 1.0909090909090908 1.393939393939394 1.2727272727272727  
18 20.21053022414546 1.7575757575757576 1.6666666666666667 2.1818181818181817 1.696969696969697 1.9090909090909092 2.727272727272727 1.5454545454545454 3.0 1.2424242424242424 1.878787878787879 2.4242424242424243 2.606060606060606 1.696969696969697 2.0606060606060606 2.696969696969697 2.515151515151515 2.1515151515151514 1.6363636363636365 2.090909090909091 1.9090909090909092  
25 40.67232622928064 1.7575757575757576 1.6666666666666667 2.1818181818181817 1.696969696969697 1.9090909090909092 2.727272727272727 1.5454545454545454 3.0 1.2424242424242424 1.878787878787879 2.4242424242424243 2.606060606060606 1.696969696969697 2.0606060606060606 2.696969696969697 2.515151515151515 2.1515151515151514 1.6363636363636365 2.090909090909091 1.9090909090909092  
85 334.3300067332836 1.7575757575757576 1.6666666666666667 2.1818181818181817 1.696969696969697 1.9090909090909092 2.727272727272727 1.5454545454545454 3.0 1.2424242424242424 1.878787878787879 2.4242424242424243 2.606060606060606 1.696969696969697 2.0606060606060606 2.696969696969697 2.515151515151515 2.1515151515151514 1.6363636363636365 2.090909090909091 1.9090909090909092  
84 278.68523189898156 1.1717171717171717 1.1111111111111112 1.4545454545454546 1.1313131313131313 1.2727272727272727 1.8181818181818181 1.0303030303030303 2.0 0.8282828282828283 1.2525252525252526 1.6161616161616161 1.7373737373737375 1.1313131313131313 1.3737373737373737 1.797979797979798 1.6767676767676767 1.4343434343434343 1.0909090909090908 1.393939393939394 1.2727272727272727  
126 29.263191840980586 1.1717171717171717 1.1111111111111112 1.4545454545454546 1.1313131313131313 1.2727272727272727 1.8181818181818181 1.0303030303030303 2.0 0.8282828282828283 1.2525252525252526 1.6161616161616161 1.7373737373737375 1.1313131313131313 1.3737373737373737 1.797979797979798 1.6767676767676767 1.4343434343434343 1.0909090909090908 1.393939393939394 1.2727272727272727  
47 59.17571143731688 1.1717171717171717 1.1111111111111112 1.4545454545454546 1.1313131313131313 1.2727272727272727 1.8181818181818181 1.0303030303030303 2.0 0.8282828282828283 1.2525252525252526 1.6161616161616161 1.7373737373737375 1.1313131313131313 1.3737373737373737 1.797979797979798 1.6767676767676767 1.4343434343434343 1.0909090909090908 1.393939393939394 1.2727272727272727  
107 195.22376068823928 1.7575757575757576 1.6666666666666667 2.1818181818181817 1.696969696969697 1.9090909090909092 2.727272727272727 1.5454545454545454 3.0 1.2424242424242424 1.878787878787879 2.4242424242424243 2.606060606060606 1.696969696969697 2.0606060606060606 2.696969696969697 2.515151515151515 2.1515151515151514 1.6363636363636365 2.090909090909091 1.9090909090909092  
48 80.72847935326465 1.7575757575757576 1.6666666666666667 2.1818181818181817 1.696969696969697 1.9090909090909092 2.727272727272727 1.5454545454545454 3.0 1.2424242424242424 1.878787878787879 2.4242424242424243 2.606060606060606 1.696969696969697 2.0606060606060606 2.696969696969697 2.515151515151515 2.1515151515151514 1.6363636363636365 2.090909090909091 1.9090909090909092  
35 91.76925478130485 1.7575757575757576 1.6666666666666667 2.1818181818181817 1.696969696969697 1.9090909090909092 2.727272727272727 1.5454545454545454 3.0 1.2424242424242424 1.878787878787879 2.4242424242424243 2.606060606060606 1.696969696969697 2.0606060606060606 2.696969696969697 2.515151515151515 2.1515151515151514 1.6363636363636365 2.090909090909091 1.9090909090909092  
133 146.55487962299313 1.7575757575757576 1.6666666666666667 2.1818181818181817 1.696969696969697 1.9090909090909092 2.727272727272727 1.5454545454545454 3.0 1.2424242424242424 1.878787878787879 2.4242424242424243 2.606060606060606 1.696969696969697 2.0606060606060606 2.696969696969697 2.515151515151515 2.1515151515151514 1.6363636363636365 2.090909090909091 1.9090909090909092  
81 243.36450506864375 1.7575757575757576 1.6666666666666667 2.1818181818181817 1.696969696969697 1.9090909090909092 2.727272727272727 1.5454545454545454 3.0 1.2424242424242424 1.878787878787879 2.4242424242424243 2.606060606060606 1.696969696969697 2.0606060606060606 2.696969696969697 2.515151515151515 2.1515151515151514 1.6363636363636365 2.090909090909091 1.9090909090909092  
154 43.978256097296736 1.7575757575757576 1.6666666666666667 2.1818181818181817 1.696969696969697 1.9090909090909092 2.727272727272727 1.5454545454545454 3.0 1.2424242424242424 1.878787878787879 2.4242424242424243 2.606060606060606 1.696969696969697 2.0606060606060606 2.696969696969697 2.515151515151515 2.1515151515151514 1.6363636363636365 2.090909090909091 1.9090909090909092  
56 133.42565211857308 1.7575757575757576 1.6666666666666667 2.1818181818181817 1.696969696969697 1.9090909090909092 2.727272727272727 1.5454545454545454 3.0 1.2424242424242424 1.878787878787879 2.4242424242424243 2.606060606060606 1.696969696969697 2.0606060606060606 2.696969696969697 2.515151515151515 2.1515151515151514 1.6363636363636365 2.090909090909091 1.9090909090909092  
83 227.76451630258055 1.7575757575757576 1.6666666666666667 2.1818181818181817 1.696969696969697 1.9090909090909092 2.727272727272727 1.5454545454545454 3.0 1.2424242424242424 1.878787878787879 2.4242424242424243 2.606060606060606 1.696969696969697 2.0606060606060606 2.696969696969697 2.515151515151515 2.1515151515151514 1.6363636363636365 2.090909090909091 1.9090909090909092  
129 15.10026631176832 1.7575757575757576 1.6666666666666667 2.1818181818181817 1.696969696969697 1.9090909090909092 2.727272727272727 1.5454545454545454 3.0 1.2424242424242424 1.878787878787879 2.4242424242424243 2.606060606060606 1.696969696969697 2.0606060606060606 2.696969696969697 2.515151515151515 2.1515151515151514 1.6363636363636365 2.090909090909091 1.9090909090909092  
22 7.231249747435256 1.7575757575757576 1.6666666666666667 2.1818181818181817 1.696969696969697 1.9090909090909092 2.727272727272727 1.5454545454545454 3.0 1.2424242424242424 1.878787878787879 2.4242424242424243 2.606060606060606 1.696969696969697 2.0606060606060606 2.696969696969697 2.515151515151515 2.1515151515151514 1.6363636363636365 2.090909090909091 1.9090909090909092  
42 230.6990663893365 1.7575757575757576 1.6666666666666667 2.1818181818181817 1.696969696969697 1.9090909090909092 2.727272727272727 1.5454545454545454 3.0 1.2424242424242424 1.878787878787879 2.4242424242424243 2.606060606060606 1.696969696969697 2.0606060606060606 2.696969696969697 2.515151515151515 2.1515151515151514 1.6363636363636365 2.090909090909091 1.9090909090909092  
14 135.44188021308668 1.1717171717171717 1.1111111111111112 1.4545454545454546 1.1313131313131313 1.2727272727272727 1.8181818181818181 1.0303030303030303 2.0 0.8282828282828283 1.2525252525252526 1.6161616161616161 1.7373737373737375 1.1313131313131313 1.3737373737373737 1.797979797979798 1.6767676767676767 1.4343434343434343 1.0909090909090908 1.393939393939394 1.2727272727272727  
53 210.45105881521192 1.7575757575757576 1.6666666666666667 2.1818181818181817 1.696969696969697 1.9090909090909092 2.727272727272727 1.5454545454545454 3.0 1.2424242424242424 1.878787878787879 2.4242424242424243 2.606060606060606 1.696969696969697 2.0606060606060606 2.696969696969697 2.515151515151515 2.1515151515151514 1.6363636363636365 2.090909090909091 1.9090909090909092  
43 55.353297701322504 1.1717171717171717 1.1111111111111112 1.4545454545454546 1.1313131313131313 1.2727272727272727 1.8181818181818181 1.0303030303030303 2.0 0.8282828282828283 1.2525252525252526 1.6161616161616161 1.7373737373737375 1.1313131313131313 1.3737373737373737 1.797979797979798 1.6767676767676767 1.4343434343434343 1.0909090909090908 1.393939393939394 1.2727272727272727  
102 215.92074006335002 1.7575757575757576 1.6666666666666667 2.1818181818181817 1.696969696969697 1.9090909090909092 2.727272727272727 1.5454545454545454 3.0 1.2424242424242424 1.878787878787879 2.4242424242424243 2.606060606060606 1.696969696969697 2.0606060606060606 2.696969696969697 2.515151515151515 2.1515151515151514 1.6363636363636365 2.090909090909091 1.9090909090909092  
136 17.52555757959927 1.1717171717171717 1.1111111111111112 1.4545454545454546 1.1313131313131313 1.2727272727272727 1.8181818181818181 1.0303030303030303 2.0 0.8282828282828283 1.2525252525252526 1.6161616161616161 1.7373737373737375 1.1313131313131313 1.3737373737373737 1.797979797979798 1.6767676767676767 1.4343434343434343 1.0909090909090908 1.393939393939394 1.2727272727272727  
29 60.305787121447054 1.1717171717171717 1.1111111111111112 1.4545454545454546 1.1313131313131313 1.2727272727272727 1.8181818181818181 1.0303030303030303 2.0 0.8282828282828283 1.2525252525252526 1.6161616161616161 1.7373737373737375 1.1313131313131313 1.3737373737373737 1.797979797979798 1.6767676767676767 1.4343434343434343 1.0909090909090908 1.393939393939394 1.2727272727272727  
58 95.39040759130482 1.1717171717171717 1.1111111111111112 1.4545454545454546 1.1313131313131313 1.2727272727272727 1.8181818181818181 1.0303030303030303 2.0 0.8282828282828283 1.2525252525252526 1.6161616161616161 1.7373737373737375 1.1313131313131313 1.3737373737373737 1.797979797979798 1.6767676767676767 1.4343434343434343 1.0909090909090908 1.393939393939394 1.2727272727272727  
110 390.0 1.1717171717171717 1.1111111111111112 1.4545454545454546 1.1313131313131313 1.2727272727272727 1.8181818181818181 1.0303030303030303 2.0 0.8282828282828283 1.2525252525252526 1.6161616161616161 1.7373737373737375 1.1313131313131313 1.3737373737373737 1.797979797979798 1.6767676767676767 1.4343434343434343 1.0909090909090908 1.393939393939394 1.2727272727272727  
140 68.08734866119424 1.1717171717171717 1.1111111111111112 1.4545454545454546 1.1313131313131313 1.2727272727272727 1.8181818181818181 1.0303030303030303 2.0 0.8282828282828283 1.2525252525252526 1.6161616161616161 1.7373737373737375 1.1313131313131313 1.3737373737373737 1.797979797979798 1.6767676767676767 1.4343434343434343 1.0909090909090908 1.393939393939394 1.2727272727272727  
44 28.996968655853422 1.1717171717171717 1.1111111111111112 1.4545454545454546 1.1313131313131313 1.2727272727272727 1.8181818181818181 1.0303030303030303 2.0 0.8282828282828283 1.2525252525252526 1.6161616161616161 1.7373737373737375 1.1313131313131313 1.3737373737373737 1.797979797979798 1.6767676767676767 1.4343434343434343 1.0909090909090908 1.393939393939394 1.2727272727272727  
114 110.39820244298008 1.1717171717171717 1.1111111111111112 1.4545454545454546 1.1313131313131313 1.2727272727272727 1.8181818181818181 1.0303030303030303 2.0 0.8282828282828283 1.2525252525252526 1.6161616161616161 1.7373737373737375 1.1313131313131313 1.3737373737373737 1.797979797979798 1.6767676767676767 1.4343434343434343 1.0909090909090908 1.393939393939394 1.2727272727272727  
21 47.97256440058962 1.7575757575757576 1.6666666666666667 2.1818181818181817 1.696969696969697 1.9090909090909092 2.727272727272727 1.5454545454545454 3.0 1.2424242424242424 1.878787878787879 2.4242424242424243 2.606060606060606 1.696969696969697 2.0606060606060606 2.696969696969697 2.515151515151515 2.1515151515151514 1.6363636363636365 2.090909090909091 1.9090909090909092  
74 363.64894471559415 1.1717171717171717 1.1111111111111112 1.4545454545454546 1.1313131313131313 1.2727272727272727 1.8181818181818181 1.0303030303030303 2.0 0.8282828282828283 1.2525252525252526 1.6161616161616161 1.7373737373737375 1.1313131313131313 1.3737373737373737 1.797979797979798 1.6767676767676767 1.4343434343434343 1.0909090909090908 1.393939393939394 1.2727272727272727  
134 59.31880711243103 1.7575757575757576 1.6666666666666667 2.1818181818181817 1.696969696969697 1.9090909090909092 2.727272727272727 1.5454545454545454 3.0 1.2424242424242424 1.878787878787879 2.4242424242424243 2.606060606060606 1.696969696969697 2.0606060606060606 2.696969696969697 2.515151515151515 2.1515151515151514 1.6363636363636365 2.090909090909091 1.9090909090909092  
50 43.197632033021875 1.1717171717171717 1.1111111111111112 1.4545454545454546 1.1313131313131313 1.2727272727272727 1.8181818181818181 1.0303030303030303 2.0 0.8282828282828283 1.2525252525252526 1.6161616161616161 1.7373737373737375 1.1313131313131313 1.3737373737373737 1.797979797979798 1.6767676767676767 1.4343434343434343 1.0909090909090908 1.393939393939394 1.2727272727272727  
108 118.8767696663791 1.7575757575757576 1.6666666666666667 2.1818181818181817 1.696969696969697 1.9090909090909092 2.727272727272727 1.5454545454545454 3.0 1.2424242424242424 1.878787878787879 2.4242424242424243 2.606060606060606 1.696969696969697 2.0606060606060606 2.696969696969697 2.515151515151515 2.1515151515151514 1.6363636363636365 2.090909090909091 1.9090909090909092  
24 23.57454808876823 1.7575757575757576 1.6666666666666667 2.1818181818181817 1.696969696969697 1.9090909090909092 2.727272727272727 1.5454545454545454 3.0 1.2424242424242424 1.878787878787879 2.4242424242424243 2.606060606060606 1.696969696969697 2.0606060606060606 2.696969696969697 2.515151515151515 2.1515151515151514 1.6363636363636365 2.090909090909091 1.9090909090909092  
51 158.24140453613293 1.7575757575757576 1.6666666666666667 2.1818181818181817 1.696969696969697 1.9090909090909092 2.727272727272727 1.5454545454545454 3.0 1.2424242424242424 1.878787878787879 2.4242424242424243 2.606060606060606 1.696969696969697 2.0606060606060606 2.696969696969697 2.515151515151515 2.1515151515151514 1.6363636363636365 2.090909090909091 1.9090909090909092  
8 210.51892457877474 1.1717171717171717 1.1111111111111112 1.4545454545454546 1.1313131313131313 1.2727272727272727 1.8181818181818181 1.0303030303030303 2.0 0.8282828282828283 1.2525252525252526 1.6161616161616161 1.7373737373737375 1.1313131313131313 1.3737373737373737 1.797979797979798 1.6767676767676767 1.4343434343434343 1.0909090909090908 1.393939393939394 1.2727272727272727  
135 27.7317215853281 1.7575757575757576 1.6666666666666667 2.1818181818181817 1.696969696969697 1.9090909090909092 2.727272727272727 1.5454545454545454 3.0 1.2424242424242424 1.878787878787879 2.4242424242424243 2.606060606060606 1.696969696969697 2.0606060606060606 2.696969696969697 2.515151515151515 2.1515151515151514 1.6363636363636365 2.090909090909091 1.9090909090909092  
125 47.525956174349425 1.1717171717171717 1.1111111111111112 1.4545454545454546 1.1313131313131313 1.2727272727272727 1.8181818181818181 1.0303030303030303 2.0 0.8282828282828283 1.2525252525252526 1.6161616161616161 1.7373737373737375 1.1313131313131313 1.3737373737373737 1.797979797979798 1.6767676767676767 1.4343434343434343 1.0909090909090908 1.393939393939394 1.2727272727272727  
98 198.30440833616638 1.7575757575757576 1.6666666666666667 2.1818181818181817 1.696969696969697 1.9090909090909092 2.727272727272727 1.5454545454545454 3.0 1.2424242424242424 1.878787878787879 2.4242424242424243 2.606060606060606 1.696969696969697 2.0606060606060606 2.696969696969697 2.515151515151515 2.1515151515151514 1.6363636363636365 2.090909090909091 1.9090909090909092  
118 6.809523487912813 1.1717171717171717 1.1111111111111112 1.4545454545454546 1.1313131313131313 1.2727272727272727 1.8181818181818181 1.0303030303030303 2.0 0.8282828282828283 1.2525252525252526 1.6161616161616161 1.7373737373737375 1.1313131313131313 1.3737373737373737 1.797979797979798 1.6767676767676767 1.4343434343434343 1.0909090909090908 1.393939393939394 1.2727272727272727  
90 54.60094437520141 1.1717171717171717 1.1111111111111112 1.4545454545454546 1.1313131313131313 1.2727272727272727 1.8181818181818181 1.0303030303030303 2.0 0.8282828282828283 1.2525252525252526 1.6161616161616161 1.7373737373737375 1.1313131313131313 1.3737373737373737 1.797979797979798 1.6767676767676767 1.4343434343434343 1.0909090909090908 1.393939393939394 1.2727272727272727  
17 440.0 1.7575757575757576 1.6666666666666667 2.1818181818181817 1.696969696969697 1.9090909090909092 2.727272727272727 1.5454545454545454 3.0 1.2424242424242424 1.878787878787879 2.4242424242424243 2.606060606060606 1.696969696969697 2.0606060606060606 2.696969696969697 2.515151515151515 2.1515151515151514 1.6363636363636365 2.090909090909091 1.9090909090909092  
82 275.090497870909 1.1717171717171717 1.1111111111111112 1.4545454545454546 1.1313131313131313 1.2727272727272727 1.8181818181818181 1.0303030303030303 2.0 0.8282828282828283 1.2525252525252526 1.6161616161616161 1.7373737373737375 1.1313131313131313 1.3737373737373737 1.797979797979798 1.6767676767676767 1.4343434343434343 1.0909090909090908 1.393939393939394 1.2727272727272727  
75 427.26485922233445 1.1717171717171717 1.1111111111111112 1.4545454545454546 1.1313131313131313 1.2727272727272727 1.8181818181818181 1.0303030303030303 2.0 0.8282828282828283 1.2525252525252526 1.6161616161616161 1.7373737373737375 1.1313131313131313 1.3737373737373737 1.797979797979798 1.6767676767676767 1.4343434343434343 1.0909090909090908 1.393939393939394 1.2727272727272727  
77 928.0 1.1717171717171717 1.1111111111111112 1.4545454545454546 1.1313131313131313 1.2727272727272727 1.8181818181818181 1.0303030303030303 2.0 0.8282828282828283 1.2525252525252526 1.6161616161616161 1.7373737373737375 1.1313131313131313 1.3737373737373737 1.797979797979798 1.6767676767676767 1.4343434343434343 1.0909090909090908 1.393939393939394 1.2727272727272727  
89 812.0 1.7575757575757576 1.6666666666666667 2.1818181818181817 1.696969696969697 1.9090909090909092 2.727272727272727 1.5454545454545454 3.0 1.2424242424242424 1.878787878787879 2.4242424242424243 2.606060606060606 1.696969696969697 2.0606060606060606 2.696969696969697 2.515151515151515 2.1515151515151514 1.6363636363636365 2.090909090909091 1.9090909090909092  
159 47.692104717951736 1.1717171717171717 1.1111111111111112 1.4545454545454546 1.1313131313131313 1.2727272727272727 1.8181818181818181 1.0303030303030303 2.0 0.8282828282828283 1.2525252525252526 1.6161616161616161 1.7373737373737375 1.1313131313131313 1.3737373737373737 1.797979797979798 1.6767676767676767 1.4343434343434343 1.0909090909090908 1.393939393939394 1.2727272727272727  
63 70.51017793333864 1.7575757575757576 1.6666666666666667 2.1818181818181817 1.696969696969697 1.9090909090909092 2.727272727272727 1.5454545454545454 3.0 1.2424242424242424 1.878787878787879 2.4242424242424243 2.606060606060606 1.696969696969697 2.0606060606060606 2.696969696969697 2.515151515151515 2.1515151515151514 1.6363636363636365 2.090909090909091 1.9090909090909092  
16 43.206428607230336 1.1717171717171717 1.1111111111111112 1.4545454545454546 1.1313131313131313 1.2727272727272727 1.8181818181818181 1.0303030303030303 2.0 0.8282828282828283 1.2525252525252526 1.6161616161616161 1.7373737373737375 1.1313131313131313 1.3737373737373737 1.797979797979798 1.6767676767676767 1.4343434343434343 1.0909090909090908 1.393939393939394 1.2727272727272727  
45 197.68276327195497 1.7575757575757576 1.6666666666666667 2.1818181818181817 1.696969696969697 1.9090909090909092 2.727272727272727 1.5454545454545454 3.0 1.2424242424242424 1.878787878787879 2.4242424242424243 2.606060606060606 1.696969696969697 2.0606060606060606 2.696969696969697 2.515151515151515 2.1515151515151514 1.6363636363636365 2.090909090909091 1.9090909090909092  
19 129.76196983734928 1.1717171717171717 1.1111111111111112 1.4545454545454546 1.1313131313131313 1.2727272727272727 1.8181818181818181 1.0303030303030303 2.0 0.8282828282828283 1.2525252525252526 1.6161616161616161 1.7373737373737375 1.1313131313131313 1.3737373737373737 1.797979797979798 1.6767676767676767 1.4343434343434343 1.0909090909090908 1.393939393939394 1.2727272727272727  
146 45.71129703594521 1.1717171717171717 1.1111111111111112 1.4545454545454546 1.1313131313131313 1.2727272727272727 1.8181818181818181 1.0303030303030303 2.0 0.8282828282828283 1.2525252525252526 1.6161616161616161 1.7373737373737375 1.1313131313131313 1.3737373737373737 1.797979797979798 1.6767676767676767 1.4343434343434343 1.0909090909090908 1.393939393939394 1.2727272727272727  
103 153.80843957573865 1.1717171717171717 1.1111111111111112 1.4545454545454546 1.1313131313131313 1.2727272727272727 1.8181818181818181 1.0303030303030303 2.0 0.8282828282828283 1.2525252525252526 1.6161616161616161 1.7373737373737375 1.1313131313131313 1.3737373737373737 1.797979797979798 1.6767676767676767 1.4343434343434343 1.0909090909090908 1.393939393939394 1.2727272727272727  
99 143.23225327433653 1.1717171717171717 1.1111111111111112 1.4545454545454546 1.1313131313131313 1.2727272727272727 1.8181818181818181 1.0303030303030303 2.0 0.8282828282828283 1.2525252525252526 1.6161616161616161 1.7373737373737375 1.1313131313131313 1.3737373737373737 1.797979797979798 1.6767676767676767 1.4343434343434343 1.0909090909090908 1.393939393939394 1.2727272727272727  
37 85.87867357412865 1.1717171717171717 1.1111111111111112 1.4545454545454546 1.1313131313131313 1.2727272727272727 1.8181818181818181 1.0303030303030303 2.0 0.8282828282828283 1.2525252525252526 1.6161616161616161 1.7373737373737375 1.1313131313131313 1.3737373737373737 1.797979797979798 1.6767676767676767 1.4343434343434343 1.0909090909090908 1.393939393939394 1.2727272727272727  
2 5.958471838675462 1.7575757575757576 1.6666666666666667 2.1818181818181817 1.696969696969697 1.9090909090909092 2.727272727272727 1.5454545454545454 3.0 1.2424242424242424 1.878787878787879 2.4242424242424243 2.606060606060606 1.696969696969697 2.0606060606060606 2.696969696969697 2.515151515151515 2.1515151515151514 1.6363636363636365 2.090909090909091 1.9090909090909092  
4 114.84891273296309 1.7575757575757576 1.6666666666666667 2.1818181818181817 1.696969696969697 1.9090909090909092 2.727272727272727 1.5454545454545454 3.0 1.2424242424242424 1.878787878787879 2.4242424242424243 2.606060606060606 1.696969696969697 2.0606060606060606 2.696969696969697 2.515151515151515 2.1515151515151514 1.6363636363636365 2.090909090909091 1.9090909090909092  
152 65.7227944448375 1.7575757575757576 1.6666666666666667 2.1818181818181817 1.696969696969697 1.9090909090909092 2.727272727272727 1.5454545454545454 3.0 1.2424242424242424 1.878787878787879 2.4242424242424243 2.606060606060606 1.696969696969697 2.0606060606060606 2.696969696969697 2.515151515151515 2.1515151515151514 1.6363636363636365 2.090909090909091 1.9090909090909092  
141 31.437307731840846 1.1717171717171717 1.1111111111111112 1.4545454545454546 1.1313131313131313 1.2727272727272727 1.8181818181818181 1.0303030303030303 2.0 0.8282828282828283 1.2525252525252526 1.6161616161616161 1.7373737373737375 1.1313131313131313 1.3737373737373737 1.797979797979798 1.6767676767676767 1.4343434343434343 1.0909090909090908 1.393939393939394 1.2727272727272727  
26 97.03348898938162 1.1717171717171717 1.1111111111111112 1.4545454545454546 1.1313131313131313 1.2727272727272727 1.8181818181818181 1.0303030303030303 2.0 0.8282828282828283 1.2525252525252526 1.6161616161616161 1.7373737373737375 1.1313131313131313 1.3737373737373737 1.797979797979798 1.6767676767676767 1.4343434343434343 1.0909090909090908 1.393939393939394 1.2727272727272727  
112 175.8120583767502 1.7575757575757576 1.6666666666666667 2.1818181818181817 1.696969696969697 1.9090909090909092 2.727272727272727 1.5454545454545454 3.0 1.2424242424242424 1.878787878787879 2.4242424242424243 2.606060606060606 1.696969696969697 2.0606060606060606 2.696969696969697 2.515151515151515 2.1515151515151514 1.6363636363636365 2.090909090909091 1.9090909090909092  
1 29.17544519563082 1.1717171717171717 1.1111111111111112 1.4545454545454546 1.1313131313131313 1.2727272727272727 1.8181818181818181 1.0303030303030303 2.0 0.8282828282828283 1.2525252525252526 1.6161616161616161 1.7373737373737375 1.1313131313131313 1.3737373737373737 1.797979797979798 1.6767676767676767 1.4343434343434343 1.0909090909090908 1.393939393939394 1.2727272727272727  
128 97.72767242760276 1.1717171717171717 1.1111111111111112 1.4545454545454546 1.1313131313131313 1.2727272727272727 1.8181818181818181 1.0303030303030303 2.0 0.8282828282828283 1.2525252525252526 1.6161616161616161 1.7373737373737375 1.1313131313131313 1.3737373737373737 1.797979797979798 1.6767676767676767 1.4343434343434343 1.0909090909090908 1.393939393939394 1.2727272727272727  
150 72.10236906479095 1.1717171717171717 1.1111111111111112 1.4545454545454546 1.1313131313131313 1.2727272727272727 1.8181818181818181 1.0303030303030303 2.0 0.8282828282828283 1.2525252525252526 1.6161616161616161 1.7373737373737375 1.1313131313131313 1.3737373737373737 1.797979797979798 1.6767676767676767 1.4343434343434343 1.0909090909090908 1.393939393939394 1.2727272727272727  
49 78.27650789993028 1.7575757575757576 1.6666666666666667 2.1818181818181817 1.696969696969697 1.9090909090909092 2.727272727272727 1.5454545454545454 3.0 1.2424242424242424 1.878787878787879 2.4242424242424243 2.606060606060606 1.696969696969697 2.0606060606060606 2.696969696969697 2.515151515151515 2.1515151515151514 1.6363636363636365 2.090909090909091 1.9090909090909092  
59 52.38826588050353 1.1717171717171717 1.1111111111111112 1.4545454545454546 1.1313131313131313 1.2727272727272727 1.8181818181818181 1.0303030303030303 2.0 0.8282828282828283 1.2525252525252526 1.6161616161616161 1.7373737373737375 1.1313131313131313 1.3737373737373737 1.797979797979798 1.6767676767676767 1.4343434343434343 1.0909090909090908 1.393939393939394 1.2727272727272727  
52 172.37442354289098 1.1717171717171717 1.1111111111111112 1.4545454545454546 1.1313131313131313 1.2727272727272727 1.8181818181818181 1.0303030303030303 2.0 0.8282828282828283 1.2525252525252526 1.6161616161616161 1.7373737373737375 1.1313131313131313 1.3737373737373737 1.797979797979798 1.6767676767676767 1.4343434343434343 1.0909090909090908 1.393939393939394 1.2727272727272727  
116 151.47067011312544 1.7575757575757576 1.6666666666666667 2.1818181818181817 1.696969696969697 1.9090909090909092 2.727272727272727 1.5454545454545454 3.0 1.2424242424242424 1.878787878787879 2.4242424242424243 2.606060606060606 1.696969696969697 2.0606060606060606 2.696969696969697 2.515151515151515 2.1515151515151514 1.6363636363636365 2.090909090909091 1.9090909090909092  
61 40.727581551350525 1.7575757575757576 1.6666666666666667 2.1818181818181817 1.696969696969697 1.9090909090909092 2.727272727272727 1.5454545454545454 3.0 1.2424242424242424 1.878787878787879 2.4242424242424243 2.606060606060606 1.696969696969697 2.0606060606060606 2.696969696969697 2.515151515151515 2.1515151515151514 1.6363636363636365 2.090909090909091 1.9090909090909092  
5 9.903549209799078 1.7575757575757576 1.6666666666666667 2.1818181818181817 1.696969696969697 1.9090909090909092 2.727272727272727 1.5454545454545454 3.0 1.2424242424242424 1.878787878787879 2.4242424242424243 2.606060606060606 1.696969696969697 2.0606060606060606 2.696969696969697 2.515151515151515 2.1515151515151514 1.6363636363636365 2.090909090909091 1.9090909090909092  
105 180.30087648270208 1.7575757575757576 1.6666666666666667 2.1818181818181817 1.696969696969697 1.9090909090909092 2.727272727272727 1.5454545454545454 3.0 1.2424242424242424 1.878787878787879 2.4242424242424243 2.606060606060606 1.696969696969697 2.0606060606060606 2.696969696969697 2.515151515151515 2.1515151515151514 1.6363636363636365 2.090909090909091 1.9090909090909092  
32 34.08290114041104 1.1717171717171717 1.1111111111111112 1.4545454545454546 1.1313131313131313 1.2727272727272727 1.8181818181818181 1.0303030303030303 2.0 0.8282828282828283 1.2525252525252526 1.6161616161616161 1.7373737373737375 1.1313131313131313 1.3737373737373737 1.797979797979798 1.6767676767676767 1.4343434343434343 1.0909090909090908 1.393939393939394 1.2727272727272727  
149 55.511959498311754 1.7575757575757576 1.6666666666666667 2.1818181818181817 1.696969696969697 1.9090909090909092 2.727272727272727 1.5454545454545454 3.0 1.2424242424242424 1.878787878787879 2.4242424242424243 2.606060606060606 1.696969696969697 2.0606060606060606 2.696969696969697 2.515151515151515 2.1515151515151514 1.6363636363636365 2.090909090909091 1.9090909090909092  
6 98.11685734049513 1.7575757575757576 1.6666666666666667 2.1818181818181817 1.696969696969697 1.9090909090909092 2.727272727272727 1.5454545454545454 3.0 1.2424242424242424 1.878787878787879 2.4242424242424243 2.606060606060606 1.696969696969697 2.0606060606060606 2.696969696969697 2.515151515151515 2.1515151515151514 1.6363636363636365 2.090909090909091 1.9090909090909092  
131 113.39292854036185 1.7575757575757576 1.6666666666666667 2.1818181818181817 1.696969696969697 1.9090909090909092 2.727272727272727 1.5454545454545454 3.0 1.2424242424242424 1.878787878787879 2.4242424242424243 2.606060606060606 1.696969696969697 2.0606060606060606 2.696969696969697 2.515151515151515 2.1515151515151514 1.6363636363636365 2.090909090909091 1.9090909090909092  
80 162.02059580208382 1.1717171717171717 1.1111111111111112 1.4545454545454546 1.1313131313131313 1.2727272727272727 1.8181818181818181 1.0303030303030303 2.0 0.8282828282828283 1.2525252525252526 1.6161616161616161 1.7373737373737375 1.1313131313131313 1.3737373737373737 1.797979797979798 1.6767676767676767 1.4343434343434343 1.0909090909090908 1.393939393939394 1.2727272727272727  
41 19.066130322506652 1.7575757575757576 1.6666666666666667 2.1818181818181817 1.696969696969697 1.9090909090909092 2.727272727272727 1.5454545454545454 3.0 1.2424242424242424 1.878787878787879 2.4242424242424243 2.606060606060606 1.696969696969697 2.0606060606060606 2.696969696969697 2.515151515151515 2.1515151515151514 1.6363636363636365 2.090909090909091 1.9090909090909092  
68 89.92024519868657 1.7575757575757576 1.6666666666666667 2.1818181818181817 1.696969696969697 1.9090909090909092 2.727272727272727 1.5454545454545454 3.0 1.2424242424242424 1.878787878787879 2.4242424242424243 2.606060606060606 1.696969696969697 2.0606060606060606 2.696969696969697 2.515151515151515 2.1515151515151514 1.6363636363636365 2.090909090909091 1.9090909090909092  
147 91.2311581873 1.1717171717171717 1.1111111111111112 1.4545454545454546 1.1313131313131313 1.2727272727272727 1.8181818181818181 1.0303030303030303 2.0 0.8282828282828283 1.2525252525252526 1.6161616161616161 1.7373737373737375 1.1313131313131313 1.3737373737373737 1.797979797979798 1.6767676767676767 1.4343434343434343 1.0909090909090908 1.393939393939394 1.2727272727272727  
144 174.8505867756693 1.7575757575757576 1.6666666666666667 2.1818181818181817 1.696969696969697 1.9090909090909092 2.727272727272727 1.5454545454545454 3.0 1.2424242424242424 1.878787878787879 2.4242424242424243 2.606060606060606 1.696969696969697 2.0606060606060606 2.696969696969697 2.515151515151515 2.1515151515151514 1.6363636363636365 2.090909090909091 1.9090909090909092  
113 106.90060637497216 1.7575757575757576 1.6666666666666667 2.1818181818181817 1.696969696969697 1.9090909090909092 2.727272727272727 1.5454545454545454 3.0 1.2424242424242424 1.878787878787879 2.4242424242424243 2.606060606060606 1.696969696969697 2.0606060606060606 2.696969696969697 2.515151515151515 2.1515151515151514 1.6363636363636365 2.090909090909091 1.9090909090909092  
54 119.35241042516907 1.7575757575757576 1.6666666666666667 2.1818181818181817 1.696969696969697 1.9090909090909092 2.727272727272727 1.5454545454545454 3.0 1.2424242424242424 1.878787878787879 2.4242424242424243 2.606060606060606 1.696969696969697 2.0606060606060606 2.696969696969697 2.515151515151515 2.1515151515151514 1.6363636363636365 2.090909090909091 1.9090909090909092  
130 11.264983699497568 1.7575757575757576 1.6666666666666667 2.1818181818181817 1.696969696969697 1.9090909090909092 2.727272727272727 1.5454545454545454 3.0 1.2424242424242424 1.878787878787879 2.4242424242424243 2.606060606060606 1.696969696969697 2.0606060606060606 2.696969696969697 2.515151515151515 2.1515151515151514 1.6363636363636365 2.090909090909091 1.9090909090909092  
94 151.36939883275747 1.1717171717171717 1.1111111111111112 1.4545454545454546 1.1313131313131313 1.2727272727272727 1.8181818181818181 1.0303030303030303 2.0 0.8282828282828283 1.2525252525252526 1.6161616161616161 1.7373737373737375 1.1313131313131313 1.3737373737373737 1.797979797979798 1.6767676767676767 1.4343434343434343 1.0909090909090908 1.393939393939394 1.2727272727272727  
142 77.28689305421109 1.7575757575757576 1.6666666666666667 2.1818181818181817 1.696969696969697 1.9090909090909092 2.727272727272727 1.5454545454545454 3.0 1.2424242424242424 1.878787878787879 2.4242424242424243 2.606060606060606 1.696969696969697 2.0606060606060606 2.696969696969697 2.515151515151515 2.1515151515151514 1.6363636363636365 2.090909090909091 1.9090909090909092  
120 29.158103423731195 1.1717171717171717 1.1111111111111112 1.4545454545454546 1.1313131313131313 1.2727272727272727 1.8181818181818181 1.0303030303030303 2.0 0.8282828282828283 1.2525252525252526 1.6161616161616161 1.7373737373737375 1.1313131313131313 1.3737373737373737 1.797979797979798 1.6767676767676767 1.4343434343434343 1.0909090909090908 1.393939393939394 1.2727272727272727  
11 31.176218793512685 1.1717171717171717 1.1111111111111112 1.4545454545454546 1.1313131313131313 1.2727272727272727 1.8181818181818181 1.0303030303030303 2.0 0.8282828282828283 1.2525252525252526 1.6161616161616161 1.7373737373737375 1.1313131313131313 1.3737373737373737 1.797979797979798 1.6767676767676767 1.4343434343434343 1.0909090909090908 1.393939393939394 1.2727272727272727  
97 162.00602803441618 1.7575757575757576 1.6666666666666667 2.1818181818181817 1.696969696969697 1.9090909090909092 2.727272727272727 1.5454545454545454 3.0 1.2424242424242424 1.878787878787879 2.4242424242424243 2.606060606060606 1.696969696969697 2.0606060606060606 2.696969696969697 2.515151515151515 2.1515151515151514 1.6363636363636365 2.090909090909091 1.9090909090909092  
137 38.79009519477545 1.7575757575757576 1.6666666666666667 2.1818181818181817 1.696969696969697 1.9090909090909092 2.727272727272727 1.5454545454545454 3.0 1.2424242424242424 1.878787878787879 2.4242424242424243 2.606060606060606 1.696969696969697 2.0606060606060606 2.696969696969697 2.515151515151515 2.1515151515151514 1.6363636363636365 2.090909090909091 1.9090909090909092  
67 19.96192852861529 1.7575757575757576 1.6666666666666667 2.1818181818181817 1.696969696969697 1.9090909090909092 2.727272727272727 1.5454545454545454 3.0 1.2424242424242424 1.878787878787879 2.4242424242424243 2.606060606060606 1.696969696969697 2.0606060606060606 2.696969696969697 2.515151515151515 2.1515151515151514 1.6363636363636365 2.090909090909091 1.9090909090909092  
106 145.58625811483148 1.1717171717171717 1.1111111111111112 1.4545454545454546 1.1313131313131313 1.2727272727272727 1.8181818181818181 1.0303030303030303 2.0 0.8282828282828283 1.2525252525252526 1.6161616161616161 1.7373737373737375 1.1313131313131313 1.3737373737373737 1.797979797979798 1.6767676767676767 1.4343434343434343 1.0909090909090908 1.393939393939394 1.2727272727272727  
123 55.222619115289675 1.7575757575757576 1.6666666666666667 2.1818181818181817 1.696969696969697 1.9090909090909092 2.727272727272727 1.5454545454545454 3.0 1.2424242424242424 1.878787878787879 2.4242424242424243 2.606060606060606 1.696969696969697 2.0606060606060606 2.696969696969697 2.515151515151515 2.1515151515151514 1.6363636363636365 2.090909090909091 1.9090909090909092  
39 278.1553933105421 1.7575757575757576 1.6666666666666667 2.1818181818181817 1.696969696969697 1.9090909090909092 2.727272727272727 1.5454545454545454 3.0 1.2424242424242424 1.878787878787879 2.4242424242424243 2.606060606060606 1.696969696969697 2.0606060606060606 2.696969696969697 2.515151515151515 2.1515151515151514 1.6363636363636365 2.090909090909091 1.9090909090909092  
62 17.8717959006216 1.7575757575757576 1.6666666666666667 2.1818181818181817 1.696969696969697 1.9090909090909092 2.727272727272727 1.5454545454545454 3.0 1.2424242424242424 1.878787878787879 2.4242424242424243 2.606060606060606 1.696969696969697 2.0606060606060606 2.696969696969697 2.515151515151515 2.1515151515151514 1.6363636363636365 2.090909090909091 1.9090909090909092  
86 388.90136908455355 1.1717171717171717 1.1111111111111112 1.4545454545454546 1.1313131313131313 1.2727272727272727 1.8181818181818181 1.0303030303030303 2.0 0.8282828282828283 1.2525252525252526 1.6161616161616161 1.7373737373737375 1.1313131313131313 1.3737373737373737 1.797979797979798 1.6767676767676767 1.4343434343434343 1.0909090909090908 1.393939393939394 1.2727272727272727  
30 84.99330074450364 1.1717171717171717 1.1111111111111112 1.4545454545454546 1.1313131313131313 1.2727272727272727 1.8181818181818181 1.0303030303030303 2.0 0.8282828282828283 1.2525252525252526 1.6161616161616161 1.7373737373737375 1.1313131313131313 1.3737373737373737 1.797979797979798 1.6767676767676767 1.4343434343434343 1.0909090909090908 1.393939393939394 1.2727272727272727  
34 49.54544091200585 1.7575757575757576 1.6666666666666667 2.1818181818181817 1.696969696969697 1.9090909090909092 2.727272727272727 1.5454545454545454 3.0 1.2424242424242424 1.878787878787879 2.4242424242424243 2.606060606060606 1.696969696969697 2.0606060606060606 2.696969696969697 2.515151515151515 2.1515151515151514 1.6363636363636365 2.090909090909091 1.9090909090909092  
73 228.28767481481032 1.1717171717171717 1.1111111111111112 1.4545454545454546 1.1313131313131313 1.2727272727272727 1.8181818181818181 1.0303030303030303 2.0 0.8282828282828283 1.2525252525252526 1.6161616161616161 1.7373737373737375 1.1313131313131313 1.3737373737373737 1.797979797979798 1.6767676767676767 1.4343434343434343 1.0909090909090908 1.393939393939394 1.2727272727272727  
9 120.67666866081015 1.1717171717171717 1.1111111111111112 1.4545454545454546 1.1313131313131313 1.2727272727272727 1.8181818181818181 1.0303030303030303 2.0 0.8282828282828283 1.2525252525252526 1.6161616161616161 1.7373737373737375 1.1313131313131313 1.3737373737373737 1.797979797979798 1.6767676767676767 1.4343434343434343 1.0909090909090908 1.393939393939394 1.2727272727272727  
57 4.723097885533106 1.1717171717171717 1.1111111111111112 1.4545454545454546 1.1313131313131313 1.2727272727272727 1.8181818181818181 1.0303030303030303 2.0 0.8282828282828283 1.2525252525252526 1.6161616161616161 1.7373737373737375 1.1313131313131313 1.3737373737373737 1.797979797979798 1.6767676767676767 1.4343434343434343 1.0909090909090908 1.393939393939394 1.2727272727272727  
117 108.40990088579312 1.7575757575757576 1.6666666666666667 2.1818181818181817 1.696969696969697 1.9090909090909092 2.727272727272727 1.5454545454545454 3.0 1.2424242424242424 1.878787878787879 2.4242424242424243 2.606060606060606 1.696969696969697 2.0606060606060606 2.696969696969697 2.515151515151515 2.1515151515151514 1.6363636363636365 2.090909090909091 1.9090909090909092  
38 164.46172682710127 1.1717171717171717 1.1111111111111112 1.4545454545454546 1.1313131313131313 1.2727272727272727 1.8181818181818181 1.0303030303030303 2.0 0.8282828282828283 1.2525252525252526 1.6161616161616161 1.7373737373737375 1.1313131313131313 1.3737373737373737 1.797979797979798 1.6767676767676767 1.4343434343434343 1.0909090909090908 1.393939393939394 1.2727272727272727  
40 144.05100887442345 1.1717171717171717 1.1111111111111112 1.4545454545454546 1.1313131313131313 1.2727272727272727 1.8181818181818181 1.0303030303030303 2.0 0.8282828282828283 1.2525252525252526 1.6161616161616161 1.7373737373737375 1.1313131313131313 1.3737373737373737 1.797979797979798 1.6767676767676767 1.4343434343434343 1.0909090909090908 1.393939393939394 1.2727272727272727  
69 117.26650112112826 1.1717171717171717 1.1111111111111112 1.4545454545454546 1.1313131313131313 1.2727272727272727 1.8181818181818181 1.0303030303030303 2.0 0.8282828282828283 1.2525252525252526 1.6161616161616161 1.7373737373737375 1.1313131313131313 1.3737373737373737 1.797979797979798 1.6767676767676767 1.4343434343434343 1.0909090909090908 1.393939393939394 1.2727272727272727  
76 142.63186285654223 1.1717171717171717 1.1111111111111112 1.4545454545454546 1.1313131313131313 1.2727272727272727 1.8181818181818181 1.0303030303030303 2.0 0.8282828282828283 1.2525252525252526 1.6161616161616161 1.7373737373737375 1.1313131313131313 1.3737373737373737 1.797979797979798 1.6767676767676767 1.4343434343434343 1.0909090909090908 1.393939393939394 1.2727272727272727  
156 87.58658365159432 1.1717171717171717 1.1111111111111112 1.4545454545454546 1.1313131313131313 1.2727272727272727 1.8181818181818181 1.0303030303030303 2.0 0.8282828282828283 1.2525252525252526 1.6161616161616161 1.7373737373737375 1.1313131313131313 1.3737373737373737 1.797979797979798 1.6767676767676767 1.4343434343434343 1.0909090909090908 1.393939393939394 1.2727272727272727  
92 344.3252407659544 1.1717171717171717 1.1111111111111112 1.4545454545454546 1.1313131313131313 1.2727272727272727 1.8181818181818181 1.0303030303030303 2.0 0.8282828282828283 1.2525252525252526 1.6161616161616161 1.7373737373737375 1.1313131313131313 1.3737373737373737 1.797979797979798 1.6767676767676767 1.4343434343434343 1.0909090909090908 1.393939393939394 1.2727272727272727  
132 124.24884793177651 1.7575757575757576 1.6666666666666667 2.1818181818181817 1.696969696969697 1.9090909090909092 2.727272727272727 1.5454545454545454 3.0 1.2424242424242424 1.878787878787879 2.4242424242424243 2.606060606060606 1.696969696969697 2.0606060606060606 2.696969696969697 2.515151515151515 2.1515151515151514 1.6363636363636365 2.090909090909091 1.9090909090909092  
60 43.97166498522497 1.1717171717171717 1.1111111111111112 1.4545454545454546 1.1313131313131313 1.2727272727272727 1.8181818181818181 1.0303030303030303 2.0 0.8282828282828283 1.2525252525252526 1.6161616161616161 1.7373737373737375 1.1313131313131313 1.3737373737373737 1.797979797979798 1.6767676767676767 1.4343434343434343 1.0909090909090908 1.393939393939394 1.2727272727272727  
46 52.26384446159508 1.7575757575757576 1.6666666666666667 2.1818181818181817 1.696969696969697 1.9090909090909092 2.727272727272727 1.5454545454545454 3.0 1.2424242424242424 1.878787878787879 2.4242424242424243 2.606060606060606 1.696969696969697 2.0606060606060606 2.696969696969697 2.515151515151515 2.1515151515151514 1.6363636363636365 2.090909090909091 1.9090909090909092  
