200 30
TREE NETWORK (nID nID Weight):
1 0 49.0 
33 0 44.0 
2 1 53.0 
90 0 42.0 
34 33 38.0 
91 90 51.0 
35 34 55.0 
185 90 58.0 
92 91 34.0 
93 92 35.0 
36 35 32.0 
7 1 43.0 
154 92 43.0 
164 91 32.0 
94 93 40.0 
95 94 40.0 
79 33 57.0 
96 95 53.0 
97 96 33.0 
186 185 30.0 
126 93 58.0 
165 164 38.0 
45 35 37.0 
98 97 52.0 
46 45 58.0 
173 91 44.0 
80 33 53.0 
66 35 41.0 
195 0 45.0 
103 96 35.0 
81 80 39.0 
127 126 59.0 
128 127 36.0 
196 195 52.0 
47 46 32.0 
104 103 45.0 
8 7 31.0 
9 8 43.0 
25 1 55.0 
146 126 45.0 
157 92 43.0 
99 98 55.0 
48 47 58.0 
87 33 33.0 
15 7 31.0 
168 164 46.0 
129 127 54.0 
150 93 47.0 
105 104 55.0 
17 7 57.0 
77 34 43.0 
23 7 37.0 
53 47 55.0 
67 66 45.0 
59 45 57.0 
111 103 34.0 
158 157 45.0 
107 104 44.0 
130 127 31.0 
137 127 47.0 
112 111 55.0 
169 168 56.0 
18 17 31.0 
54 53 51.0 
37 36 31.0 
116 103 32.0 
108 107 34.0 
69 66 51.0 
82 81 58.0 
113 112 38.0 
24 23 34.0 
3 2 32.0 
39 36 33.0 
118 103 45.0 
110 104 36.0 
65 45 46.0 
181 91 30.0 
182 181 40.0 
32 1 53.0 
19 18 46.0 
161 92 41.0 
84 81 48.0 
78 34 41.0 
119 94 38.0 
4 2 52.0 
26 25 44.0 
27 25 43.0 
106 105 46.0 
49 48 45.0 
184 91 31.0 
187 186 49.0 
120 119 43.0 
140 127 46.0 
76 35 45.0 
174 173 45.0 
5 4 48.0 
68 67 52.0 
144 127 34.0 
60 59 43.0 
180 173 30.0 
28 27 53.0 
100 99 59.0 
40 39 30.0 
85 81 30.0 
175 174 54.0 
10 9 51.0 
50 49 45.0 
190 185 59.0 
43 39 44.0 
38 37 32.0 
125 94 44.0 
12 8 36.0 
197 195 50.0 
70 69 54.0 
51 49 39.0 
71 69 55.0 
109 107 53.0 
147 146 53.0 
159 158 41.0 
151 150 43.0 
122 119 47.0 
83 82 59.0 
170 168 43.0 
72 69 58.0 
131 130 52.0 
29 28 48.0 
41 40 32.0 
121 120 49.0 
73 72 30.0 
30 29 58.0 
176 175 35.0 
132 131 46.0 
141 140 50.0 
88 87 35.0 
177 176 45.0 
124 119 57.0 
138 137 47.0 
89 87 57.0 
133 132 48.0 
192 90 52.0 
171 170 30.0 
160 159 57.0 
166 165 54.0 
149 146 32.0 
11 9 46.0 
189 186 33.0 
191 185 33.0 
101 98 38.0 
148 147 55.0 
13 8 43.0 
86 80 57.0 
198 0 59.0 
56 47 52.0 
199 0 41.0 
188 187 32.0 
52 48 41.0 
152 151 36.0 
139 138 37.0 
74 69 59.0 
14 13 38.0 
44 36 38.0 
61 59 54.0 
117 116 55.0 
123 122 31.0 
183 182 58.0 
57 56 52.0 
155 154 46.0 
20 19 52.0 
172 171 58.0 
102 101 52.0 
31 29 42.0 
156 155 56.0 
145 144 48.0 
42 40 43.0 
135 131 37.0 
75 69 33.0 
178 176 58.0 
193 192 49.0 
134 132 33.0 
62 61 42.0 
64 59 37.0 
63 62 58.0 
142 140 55.0 
179 176 31.0 
58 47 45.0 
55 54 43.0 
136 131 43.0 
153 93 48.0 
22 17 43.0 
6 5 47.0 
21 18 40.0 
167 166 33.0 
114 111 55.0 
143 140 31.0 
16 15 54.0 
162 161 46.0 
163 92 59.0 
115 111 55.0 
194 193 58.0 
PROGRAMS ASSIGNED TO NODES (nID pID1 pID2 ...):
0 1 2 3 4 5 6 7 8 9 10 11 12 13 14 15 16 17 18 19 20 21 22 23 24 25 26 27 28 29 30  
18 2 5 7 8 9 13 17 19 21 30  
179 16 28  
68 22 23 26  
137 7 12 20 22  
148 2 4 6 7 8 10 11 12 13 14 16 18 19 20 22 23 24  
131 2 12 18 21 25 28  
162 8 11 12 13 16 22 24 25 26 27 28  
142 4 7 9 10 16 17 18 19 20 21 22 24 25 27 29  
7 3 5 6 7 10 14 17 18 20 25 29  
103 2 3 4 8 11 12 13 20 21 28 30  
180 1 2 3 4 5 6 7 8 9 12 13 14 15 16 17 18 19 20 21 22 23 24 25 26 27 28 29 30  
14 3 4 8 14 21 27 30  
187 7 12 18 26  
174 1 4 7 12 15 16 19 23 25 27  
182 1 6 7 10 11 13 14 15 17 19 20 22 23 26 28 29 30  
175 2 5 6 10 11 12 17 19 21 25 27 28 30  
133 2 4 7 8 12 17 19 25 26 29  
44 2 4 6 9 10 14 15 20 25 28 30  
24 1 3 6 8 10 11 13 18 19 20 21 23 26 28 29 30  
96 2 6 7 8 10 11 12 13 14 16 17 18 19 20 23 24 25 27  
8 1 2 3 4 5 6 7 8 9 10 11 12 13 14 15 16 17 18 19 20 21 22 23 25 26 27 28 29 30  
170 1 5 8 11 13 17 18 19 20 25  
126 1 2 3 5 6 7 8 10 11 12 13 14 15 16 17 18 20 21 22 24 25 28 29 30  
113 7 13 22  
152 2 3 5 9 18 19 20 22 24 30  
156 1 5 7 10 11 16 18 19 24 27 30  
143 1 4 6 7 8 9 10 12 13 14 15 17 18 19 20 21 22 24 26 27 28 30  
15 2 4 5 6 7 10 11 13 14 15 16 18 21 22 23 24 25 26 27 28 29 30  
122 3 4 5 6 7 8 9 10 11 12 13 15 16 17 18 20 23 24 25 28 29  
40 13 17 18 27  
144 3 4 6 7 8 12 20 21 22 24 25 27 28 29  
118 1 2 3 5 7 10 11 12 14 16 19 20 21 23 24 25 27 29  
151 2 3 4 6 7 10 12 13 14 16 17 21 24 25 26 27 28 29  
70 1 2 3 4 5 6 7 8 9 10 12 15 16 19 21 24 25 26 28 29  
11 1 2 3 4 5 6 7 8 9 10 12 13 14 15 16 17 18 20 21 22 23 24 25 26 27 28 29 30  
56 1 6 8 9 10 12 14 17 18 19 20 22 23 25 26 27 30  
61 1 3 5 9 13 14 18 21 22 23 25 26 27 28 29  
66 1 10 14 22 25 26 29  
109 2 4 5 6 7 9 10 11 13 14 17 18 20 22 24 27 28 30  
159 4 6 7 11 12 13 16 19 20 22 24 27  
166 2 3 4 5 6 7 8 10 11 12 14 15 16 18 20 21 22 23 25 26 27 29  
16 12 22  
42 1 4 5 6 7 8 9 10 13 14 16 19 20 22 24 26 27 28 29 30  
27  
184 1 2 5 7 8 10 12 13 14 15 16 19 20 24 27  
127 3 6 7 10 16 17 18 19 20 21 22 23 24 25 26 28 29  
192 4 16 17 23 24 26 30  
119 3 8 12 21 29  
147 1 3 4 5 6 7 8 10 11 13 14 18 21 22 26  
171 2 3 5 12 17 21 24 25 29  
155 2 3 4 13 24 26 29  
188 18 24  
154 1 2 3 4 5 6 7 8 9 10 11 12 13 14 15 17 18 19 20 21 22 23 24 25 26 27 28 29 30  
3 3 5 10 16 22  
2 1 2 3 4 5 6 7 9 10 11 12 13 14 15 16 17 18 19 20 21 22 23 24 25 26 27 28 29 30  
129  
73 4 5 6 9 11 12 13 14 16 17 18 20 22 23 24 25 26 27 29 30  
146 2 5 8 10 13 15 18 19 21 22 23 25 26  
99 4  
77 1 2 3 5 7 8 9 10 11 13 15 16 18 19 20 22 23 24 25 26 28 29 30  
53 2 3 4 5 6 7 8 10 11 12 13 14 15 16 17 18 19 20 21 22 23 24 25 28 29 30  
31 1 2 5 7 8 10 11 12 15 16 18 19 21 23 25 26 28  
63 3 8 10 17 19 22 24 30  
72 1 2 3 4 5 6 8 9 10 11 12 13 14 15 16 17 18 20 21 22 26 27 28 29 30  
50 22 24  
160 2 4 6 9 10 25 30  
67 5 6 8 12 18 20 21 22 23 24 25  
145 1 2 3 5 6 7 8 11 12 14 16 17 19 20 21 22 24 25 26 27 28 29 30  
110 1 3 4 7 8 9 10 11 14 15 17 18 19 20 24 25 26 27 28  
169 1 2 6 7 9 10 12 16 18 21 26  
125 12 20 25 28  
120 3 9 11 15 17 19 21 25 29  
30 1 2 5 7 9 10 11 12 13 16 17 18 19 22 23 25  
29 4 5 7 8 9 11 13 14 17 18 22 23 25 26 28 30  
59 1 2 3 4 5 6 7 8 9 10 11 12 13 14 15 16 17 19 20 22 23 24 25 26 28 29 30  
86 2 3 4 6 8 9 10 11 14 16 17 20 21 23 26 27 28  
183 1 5 10 12 13 14 16 17 18 19 20 21 24 26 27 28 30  
35 1 4 5 7 8 10 11 12 13 14 15 18 19 20 22 23 24 25 29 30  
79 7 8 15  
65 7 8 10 15 21 25  
149 3 6 15 19 26  
39 1 2 3 4 9 10 12 13 14 15 16 17 18 19 20 21 22 23 24 25 26 27 28 29 30  
116 1 14 20 22 27 28  
74 3 4 6 7 8 10 11 12 13 14 15 16 17 18 19 20 21 22 23 24 26 29 30  
43 1 10 12 13 16 20 21 30  
84 1 5 7 9 10 11 12 17 19 20 21 22 23 24 26 27 28 29 30  
194 3 4 6 7 9 10 11 16 17 21 24 25 29  
168 2 3 4 7 8 9 13 15 16 21 23 24 25 28 29  
76 1 2 3 5 6 7 8 9 10 11 12 13 14 15 16 17 18 19 20 21 22 24 25 26 27 28 29  
5 17 27  
21 1 2 3 4 5 6 8 9 10 11 12 13 14 15 16 17 18 19 20 21 22 23 24 25 26 27 29 30  
115 2 3 8 10 13 18 22 26 27 29 30  
104 1 17 22 23 28  
95 1 4 6 15 21 22 24 25 28  
47 1 3 4 5 7 8 9 11 13 15 16 17 18 19 20 21 22 23 24 25 27 28 30  
198 7 9 10 12 14 17 19 21 22 24 30  
139 2 4 5 6 8 9 10 11 12 14 15 19 21 22 23 24 25 26 27 29  
112 5 14 15 18 22 26 28 30  
6 1 2 3 4 7 8 9 12 13 14 15 16 17 18 19 20 21 22 23 25 26 27 28  
60 1 3 6 7 9 10 12 13 14 15 16 17 18 20 21 22 24 25 27 28  
28 11 17 20 22  
134 1 4 5 7 8 9 16 17 18 23 28  
158 1 5 6 7 8 10 11 12 18 19 20 24 25 26 27 28 29 30  
1 4 8 9 12 14 20 24 28 30  
153 1 4 6 8 9 10 13 14 16 19 21 22 23 24 26 27 28 29 30  
81 1 2 3 7 8 9 12 13 17 18 20 21 22 23 25 26 29 30  
197 1 2 3 4 5 6 7 8 9 10 11 12 13 14 15 16 18 22 24 26 27 28 29 30  
185 2 4 5 7 8 9 10 11 12 15 16 17 18 19 21 22 23 26 27 28 29  
102 7 11 12 18 22 23 28  
51 1 4 6 7 8 9 10 11 13 15 16 17 19 20 22 23 24 25 26 28 29 30  
196 1 3 4 5 7 8 9 10 11 12 13 15 18 20 21 22 23 24 25 27 29 30  
80 1 5 6 9 10 11 12 15 16 17 18 19 20 25 26 27 29 30  
55 1 2 3 4 5 6 7 8 9 10 11 12 13 15 17 18 20 21 22 23 24 25 26 27 28 29  
101 1 2 3 4 5 6 8 10 11 12 13 14 16 17 18 20 23 24 26 27 29 30  
62 10 18 20 22 28 29 30  
49 6 8 16 17 20 21 26 28 30  
141 2 5 7 8 9 10 11 12 13 14 16 26 30  
83 1 2 3 4 5 6 7 8 9 10 11 13 14 15 17 18 19 20 21 22 24 25 26 27 28 29 30  
111 1 2 3 4 5 6 8 9 10 11 12 13 15 16 17 18 19 21 22 23 24 25 26 28 29 30  
167 1 3 4 6 7 9 10 11 13 14 15 16 17 19 21 22 23 24 25 26 27 28 29 30  
45 1 2 3 4 6 8 9 10 11 12 13 14 15 16 17 19 20 22 23 24 25 26 27 28 29 30  
165 1 2 4 6 7 9 10 12 14 16 17 20 21 22 24 25 28 29  
100 3 4 16 18 21  
71 1 2 4 6 7 8 11 12 13 14 15 16 17 18 19 20 22 23 24 26 27 28 29 30  
177 2 3 5 6 9 10 14 15 18 19 23 27 28  
105 1 3 4 5 6 7 9 10 12 13 14 16 17 18 19 20 21 22 23 24 26 27 28 29 30  
4 3 4 8 9 11 14 16 19 25 28 29  
140 2 5 6 7 8 12 13 15 16 17 20 21 22 23 24 25 26 29 30  
136 1 3 7 8 10 12 17 20 22 24 25 26  
181 6 7 11 12 13 15 16 17 20 21 24 25 28 30  
186 26  
98 3 4 5 8 10 11 12 13 14 16 17 20 24 25 27 28 29  
114 1 2 4 6 7 17 28 29  
82 1 8 9 10 14 19 21 24 25 27 29 30  
22 1 2 3 4 6 7 8 9 10 11 12 13 14 15 16 17 18 19 20 21 22 23 24 25 26 27 28 29 30  
20 1 2 6 8 14 24 25 26  
121 3 4 8 9 10 12 13 14 16 20 23 24 25 27 29 30  
32 3 4 5 8 9 11 12 17 18 20 21 23 24 25 28  
48 6  
52 1 2 11 14 20 25 26  
10 2 16 18 24  
124 2 3 9 27  
107 1 2 3 4 5 6 8 9 10 11 12 13 14 16 17 19 21 22 23 24 25 26 28  
97 23  
150 1 2 3 4 5 6 7 8 9 11 12 13 14 16 20 21 22 23 25 26 27 28 30  
128 2 3 7 10 11 16 17 19 21 25 28 30  
94 1 2 4 5 6 8 9 10 11 13 14 15 16 17 19 20 21 22 23 24 25 26 27 28 29 30  
172 1 2 3 4 5 6 8 10 11 12 13 14 15 16 17 18 19 20 21 22 23 24 25 26 27 28 29 30  
91 1 2 3 4 7 10 13 16 17 19 20 21 22 23 24 25 27 28 29  
12 1 3 10 11 14 24 27 28  
54 1 2 3 4 5 6 7 8 9 10 11 12 13 14 16 17 18 19 20 21 22 23 24 25 26 27 28 29 30  
37 1 2 3 4 7 8 10 11 13 15 17 18 20 23 29 30  
87 2 5 6 7 11 14 17 24 26 27 28 30  
17 2 7 8 9 10 14 15 17 18 19 20 21 22 24 25 26 27 28 29 30  
41 2 3 4 5 6 7 8 12 13 14 15 16 17 19 20 21 22 23 24 25 26 27 29 30  
130 1 2 3 5 6 7 8 9 10 11 12 13 14 15 16 18 19 20 21 22 23 25 26 27 28 30  
13 7 8 12 16  
108 1 2 3 4 7 9 12 13 14 18 19 21 23 24 25 27 29 30  
178 1 2 3 4 5 6 7 8 9 10 11 12 13 14 15 16 17 18 19 20 21 23 24 25 26 27 28 29 30  
33 1 2 3 4 5 8 9 10 11 12 15 16 19 20 21 22 23 24 26 27 28 29  
89 3 7 13 14 15 21 30  
199 11 14 20  
57 5 10 12 13 15 16 17 18 20 23 24 25 26 27  
138 1 2 3 4 6 7 8 9 11 12 13 14 15 16 17 18 19 20 22 24 25 26 27 29 30  
92 2 3 4 5 6 7 8 9 10 12 14 15 17 18 19 20 21 24 25 26 28 29  
58 1 2 3 4 5 6 7 8 9 10 11 12 13 14 15 16 17 18 19 20 21 22 24 25 26 27 28 29 30  
38 10 11  
190 1 2 3 4 5 6 7 8 9 10 11 12 13 15 18 19 20 22 27 30  
36 1 2 5 6 7 8 9 10 12 15 16 17 18 19 20 21 22 25 26 27 28 29 30  
132 10 11 15 21 22 26 27  
46 13 20  
195 1 3 4 5 6 7 9 10 11 12 13 14 17 18 19 21 22 23 24 26 27 28 29 30  
85 1 5 7 8 9 10 11 14 22 24 25 29  
135 1 7 10 22  
90 5 6 7 12 15 16 18 28 30  
9 1 2 3 5 6 8 9 10 11 13 14 15 18 21 23 24 25 26 28 29 30  
157  
173 1 19  
64 2 3 5 6 7 8 9 11 13 15 16 18 23 24 27 28  
191 2 3 4 5 6 7 8 10 11 12 14 15 17 18 20 21 25 26 28 29  
189 4 6 12 14 16 17 19 21 22 26 29  
161 3 6 8 18 19 22 25 27 29 30  
106 4  
19 2 3 4 5 6 7 8 9 10 11 12 13 14 15 17 18 19 20 21 25 26 27 29 30  
193 2 3 6 8 10 11 12 13 14 15 16 17 18 20 21 22 23 24 25 26 27 28 29  
26 1 2 3 4 5 6 7 9 10 11 12 13 14 15 17 18 19 22 23 24 25 26 27 28 29 30  
164 7 8 14 17 19 22 26 27 28 30  
23 2 3 4 5 6 7 8 11 12 14 15 18 19 20 21 22 23 24 26 27 28 30  
117 1 2 3 4 5 6 7 8 9 10 11 12 13 14 16 17 18 19 20 21 22 23 24 25 26 27 28 30  
93 3 4 9 10 11 13 16 17 19 23 24 26 27 29  
78 1 3 4 5 7 8 9 10 11 12 14 15 17 18 19 25 26 28 29  
88 2 4 5 7 8 9 10 11 12 14 15 16 18 20 21 22 23 24 25 26 30  
25 7 8 29  
176 1 2 3 4 7 9 11 12 13 14 15 16 17 18 20 21 22 23 24 25 27 28 29  
75 1 2 3 7 10 12 14 18 19 21 23 24 26 29  
34 1 2 3 4 5 6 7 8 9 10 12 13 15 16 17 18 19 20 21 22 23 24 25 26 27 28 29 30  
123 1 2 3 4 5 7 8 9 11 12 16 17 18 19 20 22 23 25 26 27  
163  
69 3 4 7 9 10 13 17 22 23 24 25 26 28  
SIZE OF PROGRAMS (pID SIZE):
1 81.0 
2 57.0 
3 80.0 
4 85.0 
5 95.0 
6 86.0 
7 95.0 
8 61.0 
9 73.0 
10 69.0 
11 54.0 
12 58.0 
13 45.0 
14 64.0 
15 94.0 
16 89.0 
17 50.0 
18 96.0 
19 42.0 
20 85.0 
21 70.0 
22 57.0 
23 56.0 
24 93.0 
25 58.0 
26 94.0 
27 72.0 
28 81.0 
29 46.0 
30 96.0 
COST_INSTALL_SERVER_AND_PROGRAMS :
0 7818.75 2.53125 1.78125 2.5 2.65625 2.96875 2.6875 2.96875 1.90625 2.28125 2.15625 1.6875 1.8125 1.40625 2.0 2.9375 2.78125 1.5625 3.0 1.3125 2.65625 2.1875 1.78125 1.75 2.90625 1.8125 2.9375 2.25 2.53125 1.4375 3.0  
18 198.6716433294645 2.53125 1.78125 2.5 2.65625 2.96875 2.6875 2.96875 1.90625 2.28125 2.15625 1.6875 1.8125 1.40625 2.0 2.9375 2.78125 1.5625 3.0 1.3125 2.65625 2.1875 1.78125 1.75 2.90625 1.8125 2.9375 2.25 2.53125 1.4375 3.0  
179 27.521591719331877 2.53125 1.78125 2.5 2.65625 2.96875 2.6875 2.96875 1.90625 2.28125 2.15625 1.6875 1.8125 1.40625 2.0 2.9375 2.78125 1.5625 3.0 1.3125 2.65625 2.1875 1.78125 1.75 2.90625 1.8125 2.9375 2.25 2.53125 1.4375 3.0  
68 28.52909524777626 2.53125 1.78125 2.5 2.65625 2.96875 2.6875 2.96875 1.90625 2.28125 2.15625 1.6875 1.8125 1.40625 2.0 2.9375 2.78125 1.5625 3.0 1.3125 2.65625 2.1875 1.78125 1.75 2.90625 1.8125 2.9375 2.25 2.53125 1.4375 3.0  
137 477.90563554433606 1.6875 1.1875 1.6666666666666667 1.7708333333333333 1.9791666666666667 1.7916666666666667 1.9791666666666667 1.2708333333333333 1.5208333333333333 1.4375 1.125 1.2083333333333333 0.9375 1.3333333333333333 1.9583333333333333 1.8541666666666667 1.0416666666666667 2.0 0.875 1.7708333333333333 1.4583333333333333 1.1875 1.1666666666666667 1.9375 1.2083333333333333 1.9583333333333333 1.5 1.6875 0.9583333333333334 2.0  
148 223.13044310145378 2.53125 1.78125 2.5 2.65625 2.96875 2.6875 2.96875 1.90625 2.28125 2.15625 1.6875 1.8125 1.40625 2.0 2.9375 2.78125 1.5625 3.0 1.3125 2.65625 2.1875 1.78125 1.75 2.90625 1.8125 2.9375 2.25 2.53125 1.4375 3.0  
131 406.6906935834267 1.6875 1.1875 1.6666666666666667 1.7708333333333333 1.9791666666666667 1.7916666666666667 1.9791666666666667 1.2708333333333333 1.5208333333333333 1.4375 1.125 1.2083333333333333 0.9375 1.3333333333333333 1.9583333333333333 1.8541666666666667 1.0416666666666667 2.0 0.875 1.7708333333333333 1.4583333333333333 1.1875 1.1666666666666667 1.9375 1.2083333333333333 1.9583333333333333 1.5 1.6875 0.9583333333333334 2.0  
162 132.86626977948026 2.53125 1.78125 2.5 2.65625 2.96875 2.6875 2.96875 1.90625 2.28125 2.15625 1.6875 1.8125 1.40625 2.0 2.9375 2.78125 1.5625 3.0 1.3125 2.65625 2.1875 1.78125 1.75 2.90625 1.8125 2.9375 2.25 2.53125 1.4375 3.0  
142 230.77678460075484 2.53125 1.78125 2.5 2.65625 2.96875 2.6875 2.96875 1.90625 2.28125 2.15625 1.6875 1.8125 1.40625 2.0 2.9375 2.78125 1.5625 3.0 1.3125 2.65625 2.1875 1.78125 1.75 2.90625 1.8125 2.9375 2.25 2.53125 1.4375 3.0  
7 144.91687589410856 1.6875 1.1875 1.6666666666666667 1.7708333333333333 1.9791666666666667 1.7916666666666667 1.9791666666666667 1.2708333333333333 1.5208333333333333 1.4375 1.125 1.2083333333333333 0.9375 1.3333333333333333 1.9583333333333333 1.8541666666666667 1.0416666666666667 2.0 0.875 1.7708333333333333 1.4583333333333333 1.1875 1.1666666666666667 1.9375 1.2083333333333333 1.9583333333333333 1.5 1.6875 0.9583333333333334 2.0  
103 603.4034476919379 1.6875 1.1875 1.6666666666666667 1.7708333333333333 1.9791666666666667 1.7916666666666667 1.9791666666666667 1.2708333333333333 1.5208333333333333 1.4375 1.125 1.2083333333333333 0.9375 1.3333333333333333 1.9583333333333333 1.8541666666666667 1.0416666666666667 2.0 0.875 1.7708333333333333 1.4583333333333333 1.1875 1.1666666666666667 1.9375 1.2083333333333333 1.9583333333333333 1.5 1.6875 0.9583333333333334 2.0  
180 236.3660033231185 1.6875 1.1875 1.6666666666666667 1.7708333333333333 1.9791666666666667 1.7916666666666667 1.9791666666666667 1.2708333333333333 1.5208333333333333 1.4375 1.125 1.2083333333333333 0.9375 1.3333333333333333 1.9583333333333333 1.8541666666666667 1.0416666666666667 2.0 0.875 1.7708333333333333 1.4583333333333333 1.1875 1.1666666666666667 1.9375 1.2083333333333333 1.9583333333333333 1.5 1.6875 0.9583333333333334 2.0  
14 61.64039894429398 2.53125 1.78125 2.5 2.65625 2.96875 2.6875 2.96875 1.90625 2.28125 2.15625 1.6875 1.8125 1.40625 2.0 2.9375 2.78125 1.5625 3.0 1.3125 2.65625 2.1875 1.78125 1.75 2.90625 1.8125 2.9375 2.25 2.53125 1.4375 3.0  
187 31.768340120227524 1.6875 1.1875 1.6666666666666667 1.7708333333333333 1.9791666666666667 1.7916666666666667 1.9791666666666667 1.2708333333333333 1.5208333333333333 1.4375 1.125 1.2083333333333333 0.9375 1.3333333333333333 1.9583333333333333 1.8541666666666667 1.0416666666666667 2.0 0.875 1.7708333333333333 1.4583333333333333 1.1875 1.1666666666666667 1.9375 1.2083333333333333 1.9583333333333333 1.5 1.6875 0.9583333333333334 2.0  
174 222.3065675923055 1.6875 1.1875 1.6666666666666667 1.7708333333333333 1.9791666666666667 1.7916666666666667 1.9791666666666667 1.2708333333333333 1.5208333333333333 1.4375 1.125 1.2083333333333333 0.9375 1.3333333333333333 1.9583333333333333 1.8541666666666667 1.0416666666666667 2.0 0.875 1.7708333333333333 1.4583333333333333 1.1875 1.1666666666666667 1.9375 1.2083333333333333 1.9583333333333333 1.5 1.6875 0.9583333333333334 2.0  
182 170.37071075388357 2.53125 1.78125 2.5 2.65625 2.96875 2.6875 2.96875 1.90625 2.28125 2.15625 1.6875 1.8125 1.40625 2.0 2.9375 2.78125 1.5625 3.0 1.3125 2.65625 2.1875 1.78125 1.75 2.90625 1.8125 2.9375 2.25 2.53125 1.4375 3.0  
175 252.23684508743227 1.6875 1.1875 1.6666666666666667 1.7708333333333333 1.9791666666666667 1.7916666666666667 1.9791666666666667 1.2708333333333333 1.5208333333333333 1.4375 1.125 1.2083333333333333 0.9375 1.3333333333333333 1.9583333333333333 1.8541666666666667 1.0416666666666667 2.0 0.875 1.7708333333333333 1.4583333333333333 1.1875 1.1666666666666667 1.9375 1.2083333333333333 1.9583333333333333 1.5 1.6875 0.9583333333333334 2.0  
133 205.80517936662895 1.6875 1.1875 1.6666666666666667 1.7708333333333333 1.9791666666666667 1.7916666666666667 1.9791666666666667 1.2708333333333333 1.5208333333333333 1.4375 1.125 1.2083333333333333 0.9375 1.3333333333333333 1.9583333333333333 1.8541666666666667 1.0416666666666667 2.0 0.875 1.7708333333333333 1.4583333333333333 1.1875 1.1666666666666667 1.9375 1.2083333333333333 1.9583333333333333 1.5 1.6875 0.9583333333333334 2.0  
44 100.9463346837794 2.53125 1.78125 2.5 2.65625 2.96875 2.6875 2.96875 1.90625 2.28125 2.15625 1.6875 1.8125 1.40625 2.0 2.9375 2.78125 1.5625 3.0 1.3125 2.65625 2.1875 1.78125 1.75 2.90625 1.8125 2.9375 2.25 2.53125 1.4375 3.0  
24 129.5235376472514 2.53125 1.78125 2.5 2.65625 2.96875 2.6875 2.96875 1.90625 2.28125 2.15625 1.6875 1.8125 1.40625 2.0 2.9375 2.78125 1.5625 3.0 1.3125 2.65625 2.1875 1.78125 1.75 2.90625 1.8125 2.9375 2.25 2.53125 1.4375 3.0  
96 540.5628929948914 1.6875 1.1875 1.6666666666666667 1.7708333333333333 1.9791666666666667 1.7916666666666667 1.9791666666666667 1.2708333333333333 1.5208333333333333 1.4375 1.125 1.2083333333333333 0.9375 1.3333333333333333 1.9583333333333333 1.8541666666666667 1.0416666666666667 2.0 0.875 1.7708333333333333 1.4583333333333333 1.1875 1.1666666666666667 1.9375 1.2083333333333333 1.9583333333333333 1.5 1.6875 0.9583333333333334 2.0  
8 176.88218824745553 2.53125 1.78125 2.5 2.65625 2.96875 2.6875 2.96875 1.90625 2.28125 2.15625 1.6875 1.8125 1.40625 2.0 2.9375 2.78125 1.5625 3.0 1.3125 2.65625 2.1875 1.78125 1.75 2.90625 1.8125 2.9375 2.25 2.53125 1.4375 3.0  
170 353.4035383937137 2.53125 1.78125 2.5 2.65625 2.96875 2.6875 2.96875 1.90625 2.28125 2.15625 1.6875 1.8125 1.40625 2.0 2.9375 2.78125 1.5625 3.0 1.3125 2.65625 2.1875 1.78125 1.75 2.90625 1.8125 2.9375 2.25 2.53125 1.4375 3.0  
126 347.5474542147374 1.6875 1.1875 1.6666666666666667 1.7708333333333333 1.9791666666666667 1.7916666666666667 1.9791666666666667 1.2708333333333333 1.5208333333333333 1.4375 1.125 1.2083333333333333 0.9375 1.3333333333333333 1.9583333333333333 1.8541666666666667 1.0416666666666667 2.0 0.875 1.7708333333333333 1.4583333333333333 1.1875 1.1666666666666667 1.9375 1.2083333333333333 1.9583333333333333 1.5 1.6875 0.9583333333333334 2.0  
113 87.28469498493172 2.53125 1.78125 2.5 2.65625 2.96875 2.6875 2.96875 1.90625 2.28125 2.15625 1.6875 1.8125 1.40625 2.0 2.9375 2.78125 1.5625 3.0 1.3125 2.65625 2.1875 1.78125 1.75 2.90625 1.8125 2.9375 2.25 2.53125 1.4375 3.0  
152 183.67035988717163 2.53125 1.78125 2.5 2.65625 2.96875 2.6875 2.96875 1.90625 2.28125 2.15625 1.6875 1.8125 1.40625 2.0 2.9375 2.78125 1.5625 3.0 1.3125 2.65625 2.1875 1.78125 1.75 2.90625 1.8125 2.9375 2.25 2.53125 1.4375 3.0  
156 144.1188512617295 1.6875 1.1875 1.6666666666666667 1.7708333333333333 1.9791666666666667 1.7916666666666667 1.9791666666666667 1.2708333333333333 1.5208333333333333 1.4375 1.125 1.2083333333333333 0.9375 1.3333333333333333 1.9583333333333333 1.8541666666666667 1.0416666666666667 2.0 0.875 1.7708333333333333 1.4583333333333333 1.1875 1.1666666666666667 1.9375 1.2083333333333333 1.9583333333333333 1.5 1.6875 0.9583333333333334 2.0  
143 404.8117163768588 1.6875 1.1875 1.6666666666666667 1.7708333333333333 1.9791666666666667 1.7916666666666667 1.9791666666666667 1.2708333333333333 1.5208333333333333 1.4375 1.125 1.2083333333333333 0.9375 1.3333333333333333 1.9583333333333333 1.8541666666666667 1.0416666666666667 2.0 0.875 1.7708333333333333 1.4583333333333333 1.1875 1.1666666666666667 1.9375 1.2083333333333333 1.9583333333333333 1.5 1.6875 0.9583333333333334 2.0  
15 83.77837683474206 2.53125 1.78125 2.5 2.65625 2.96875 2.6875 2.96875 1.90625 2.28125 2.15625 1.6875 1.8125 1.40625 2.0 2.9375 2.78125 1.5625 3.0 1.3125 2.65625 2.1875 1.78125 1.75 2.90625 1.8125 2.9375 2.25 2.53125 1.4375 3.0  
122 289.59294489395324 2.53125 1.78125 2.5 2.65625 2.96875 2.6875 2.96875 1.90625 2.28125 2.15625 1.6875 1.8125 1.40625 2.0 2.9375 2.78125 1.5625 3.0 1.3125 2.65625 2.1875 1.78125 1.75 2.90625 1.8125 2.9375 2.25 2.53125 1.4375 3.0  
40 447.45203182093127 1.6875 1.1875 1.6666666666666667 1.7708333333333333 1.9791666666666667 1.7916666666666667 1.9791666666666667 1.2708333333333333 1.5208333333333333 1.4375 1.125 1.2083333333333333 0.9375 1.3333333333333333 1.9583333333333333 1.8541666666666667 1.0416666666666667 2.0 0.875 1.7708333333333333 1.4583333333333333 1.1875 1.1666666666666667 1.9375 1.2083333333333333 1.9583333333333333 1.5 1.6875 0.9583333333333334 2.0  
144 210.92268745866303 2.53125 1.78125 2.5 2.65625 2.96875 2.6875 2.96875 1.90625 2.28125 2.15625 1.6875 1.8125 1.40625 2.0 2.9375 2.78125 1.5625 3.0 1.3125 2.65625 2.1875 1.78125 1.75 2.90625 1.8125 2.9375 2.25 2.53125 1.4375 3.0  
118 236.9900964240157 2.53125 1.78125 2.5 2.65625 2.96875 2.6875 2.96875 1.90625 2.28125 2.15625 1.6875 1.8125 1.40625 2.0 2.9375 2.78125 1.5625 3.0 1.3125 2.65625 2.1875 1.78125 1.75 2.90625 1.8125 2.9375 2.25 2.53125 1.4375 3.0  
151 287.8174115314613 1.6875 1.1875 1.6666666666666667 1.7708333333333333 1.9791666666666667 1.7916666666666667 1.9791666666666667 1.2708333333333333 1.5208333333333333 1.4375 1.125 1.2083333333333333 0.9375 1.3333333333333333 1.9583333333333333 1.8541666666666667 1.0416666666666667 2.0 0.875 1.7708333333333333 1.4583333333333333 1.1875 1.1666666666666667 1.9375 1.2083333333333333 1.9583333333333333 1.5 1.6875 0.9583333333333334 2.0  
70 192.2527679713607 1.6875 1.1875 1.6666666666666667 1.7708333333333333 1.9791666666666667 1.7916666666666667 1.9791666666666667 1.2708333333333333 1.5208333333333333 1.4375 1.125 1.2083333333333333 0.9375 1.3333333333333333 1.9583333333333333 1.8541666666666667 1.0416666666666667 2.0 0.875 1.7708333333333333 1.4583333333333333 1.1875 1.1666666666666667 1.9375 1.2083333333333333 1.9583333333333333 1.5 1.6875 0.9583333333333334 2.0  
11 360.3428146862729 2.53125 1.78125 2.5 2.65625 2.96875 2.6875 2.96875 1.90625 2.28125 2.15625 1.6875 1.8125 1.40625 2.0 2.9375 2.78125 1.5625 3.0 1.3125 2.65625 2.1875 1.78125 1.75 2.90625 1.8125 2.9375 2.25 2.53125 1.4375 3.0  
56 337.0645258906971 2.53125 1.78125 2.5 2.65625 2.96875 2.6875 2.96875 1.90625 2.28125 2.15625 1.6875 1.8125 1.40625 2.0 2.9375 2.78125 1.5625 3.0 1.3125 2.65625 2.1875 1.78125 1.75 2.90625 1.8125 2.9375 2.25 2.53125 1.4375 3.0  
61 236.8661271953306 2.53125 1.78125 2.5 2.65625 2.96875 2.6875 2.96875 1.90625 2.28125 2.15625 1.6875 1.8125 1.40625 2.0 2.9375 2.78125 1.5625 3.0 1.3125 2.65625 2.1875 1.78125 1.75 2.90625 1.8125 2.9375 2.25 2.53125 1.4375 3.0  
66 172.8974614904066 1.6875 1.1875 1.6666666666666667 1.7708333333333333 1.9791666666666667 1.7916666666666667 1.9791666666666667 1.2708333333333333 1.5208333333333333 1.4375 1.125 1.2083333333333333 0.9375 1.3333333333333333 1.9583333333333333 1.8541666666666667 1.0416666666666667 2.0 0.875 1.7708333333333333 1.4583333333333333 1.1875 1.1666666666666667 1.9375 1.2083333333333333 1.9583333333333333 1.5 1.6875 0.9583333333333334 2.0  
109 333.0180300569901 1.6875 1.1875 1.6666666666666667 1.7708333333333333 1.9791666666666667 1.7916666666666667 1.9791666666666667 1.2708333333333333 1.5208333333333333 1.4375 1.125 1.2083333333333333 0.9375 1.3333333333333333 1.9583333333333333 1.8541666666666667 1.0416666666666667 2.0 0.875 1.7708333333333333 1.4583333333333333 1.1875 1.1666666666666667 1.9375 1.2083333333333333 1.9583333333333333 1.5 1.6875 0.9583333333333334 2.0  
159 155.04562606344166 1.6875 1.1875 1.6666666666666667 1.7708333333333333 1.9791666666666667 1.7916666666666667 1.9791666666666667 1.2708333333333333 1.5208333333333333 1.4375 1.125 1.2083333333333333 0.9375 1.3333333333333333 1.9583333333333333 1.8541666666666667 1.0416666666666667 2.0 0.875 1.7708333333333333 1.4583333333333333 1.1875 1.1666666666666667 1.9375 1.2083333333333333 1.9583333333333333 1.5 1.6875 0.9583333333333334 2.0  
166 301.87073342437094 1.6875 1.1875 1.6666666666666667 1.7708333333333333 1.9791666666666667 1.7916666666666667 1.9791666666666667 1.2708333333333333 1.5208333333333333 1.4375 1.125 1.2083333333333333 0.9375 1.3333333333333333 1.9583333333333333 1.8541666666666667 1.0416666666666667 2.0 0.875 1.7708333333333333 1.4583333333333333 1.1875 1.1666666666666667 1.9375 1.2083333333333333 1.9583333333333333 1.5 1.6875 0.9583333333333334 2.0  
16 13.91238474444176 1.6875 1.1875 1.6666666666666667 1.7708333333333333 1.9791666666666667 1.7916666666666667 1.9791666666666667 1.2708333333333333 1.5208333333333333 1.4375 1.125 1.2083333333333333 0.9375 1.3333333333333333 1.9583333333333333 1.8541666666666667 1.0416666666666667 2.0 0.875 1.7708333333333333 1.4583333333333333 1.1875 1.1666666666666667 1.9375 1.2083333333333333 1.9583333333333333 1.5 1.6875 0.9583333333333334 2.0  
42 394.5370628521158 1.6875 1.1875 1.6666666666666667 1.7708333333333333 1.9791666666666667 1.7916666666666667 1.9791666666666667 1.2708333333333333 1.5208333333333333 1.4375 1.125 1.2083333333333333 0.9375 1.3333333333333333 1.9583333333333333 1.8541666666666667 1.0416666666666667 2.0 0.875 1.7708333333333333 1.4583333333333333 1.1875 1.1666666666666667 1.9375 1.2083333333333333 1.9583333333333333 1.5 1.6875 0.9583333333333334 2.0  
27 141.47283172166848 2.53125 1.78125 2.5 2.65625 2.96875 2.6875 2.96875 1.90625 2.28125 2.15625 1.6875 1.8125 1.40625 2.0 2.9375 2.78125 1.5625 3.0 1.3125 2.65625 2.1875 1.78125 1.75 2.90625 1.8125 2.9375 2.25 2.53125 1.4375 3.0  
184 80.3506018101283 2.53125 1.78125 2.5 2.65625 2.96875 2.6875 2.96875 1.90625 2.28125 2.15625 1.6875 1.8125 1.40625 2.0 2.9375 2.78125 1.5625 3.0 1.3125 2.65625 2.1875 1.78125 1.75 2.90625 1.8125 2.9375 2.25 2.53125 1.4375 3.0  
127 280.4719916096193 1.6875 1.1875 1.6666666666666667 1.7708333333333333 1.9791666666666667 1.7916666666666667 1.9791666666666667 1.2708333333333333 1.5208333333333333 1.4375 1.125 1.2083333333333333 0.9375 1.3333333333333333 1.9583333333333333 1.8541666666666667 1.0416666666666667 2.0 0.875 1.7708333333333333 1.4583333333333333 1.1875 1.1666666666666667 1.9375 1.2083333333333333 1.9583333333333333 1.5 1.6875 0.9583333333333334 2.0  
192 65.86283376799675 1.6875 1.1875 1.6666666666666667 1.7708333333333333 1.9791666666666667 1.7916666666666667 1.9791666666666667 1.2708333333333333 1.5208333333333333 1.4375 1.125 1.2083333333333333 0.9375 1.3333333333333333 1.9583333333333333 1.8541666666666667 1.0416666666666667 2.0 0.875 1.7708333333333333 1.4583333333333333 1.1875 1.1666666666666667 1.9375 1.2083333333333333 1.9583333333333333 1.5 1.6875 0.9583333333333334 2.0  
119 453.2604451836042 2.53125 1.78125 2.5 2.65625 2.96875 2.6875 2.96875 1.90625 2.28125 2.15625 1.6875 1.8125 1.40625 2.0 2.9375 2.78125 1.5625 3.0 1.3125 2.65625 2.1875 1.78125 1.75 2.90625 1.8125 2.9375 2.25 2.53125 1.4375 3.0  
147 211.71721503984173 1.6875 1.1875 1.6666666666666667 1.7708333333333333 1.9791666666666667 1.7916666666666667 1.9791666666666667 1.2708333333333333 1.5208333333333333 1.4375 1.125 1.2083333333333333 0.9375 1.3333333333333333 1.9583333333333333 1.8541666666666667 1.0416666666666667 2.0 0.875 1.7708333333333333 1.4583333333333333 1.1875 1.1666666666666667 1.9375 1.2083333333333333 1.9583333333333333 1.5 1.6875 0.9583333333333334 2.0  
171 233.97406640214086 2.53125 1.78125 2.5 2.65625 2.96875 2.6875 2.96875 1.90625 2.28125 2.15625 1.6875 1.8125 1.40625 2.0 2.9375 2.78125 1.5625 3.0 1.3125 2.65625 2.1875 1.78125 1.75 2.90625 1.8125 2.9375 2.25 2.53125 1.4375 3.0  
155 118.8528914084051 2.53125 1.78125 2.5 2.65625 2.96875 2.6875 2.96875 1.90625 2.28125 2.15625 1.6875 1.8125 1.40625 2.0 2.9375 2.78125 1.5625 3.0 1.3125 2.65625 2.1875 1.78125 1.75 2.90625 1.8125 2.9375 2.25 2.53125 1.4375 3.0  
188 27.64216775321947 2.53125 1.78125 2.5 2.65625 2.96875 2.6875 2.96875 1.90625 2.28125 2.15625 1.6875 1.8125 1.40625 2.0 2.9375 2.78125 1.5625 3.0 1.3125 2.65625 2.1875 1.78125 1.75 2.90625 1.8125 2.9375 2.25 2.53125 1.4375 3.0  
154 163.27132067952368 1.6875 1.1875 1.6666666666666667 1.7708333333333333 1.9791666666666667 1.7916666666666667 1.9791666666666667 1.2708333333333333 1.5208333333333333 1.4375 1.125 1.2083333333333333 0.9375 1.3333333333333333 1.9583333333333333 1.8541666666666667 1.0416666666666667 2.0 0.875 1.7708333333333333 1.4583333333333333 1.1875 1.1666666666666667 1.9375 1.2083333333333333 1.9583333333333333 1.5 1.6875 0.9583333333333334 2.0  
3 25.180733567020802 2.53125 1.78125 2.5 2.65625 2.96875 2.6875 2.96875 1.90625 2.28125 2.15625 1.6875 1.8125 1.40625 2.0 2.9375 2.78125 1.5625 3.0 1.3125 2.65625 2.1875 1.78125 1.75 2.90625 1.8125 2.9375 2.25 2.53125 1.4375 3.0  
2 23.774048747366656 2.53125 1.78125 2.5 2.65625 2.96875 2.6875 2.96875 1.90625 2.28125 2.15625 1.6875 1.8125 1.40625 2.0 2.9375 2.78125 1.5625 3.0 1.3125 2.65625 2.1875 1.78125 1.75 2.90625 1.8125 2.9375 2.25 2.53125 1.4375 3.0  
129 575.0 2.53125 1.78125 2.5 2.65625 2.96875 2.6875 2.96875 1.90625 2.28125 2.15625 1.6875 1.8125 1.40625 2.0 2.9375 2.78125 1.5625 3.0 1.3125 2.65625 2.1875 1.78125 1.75 2.90625 1.8125 2.9375 2.25 2.53125 1.4375 3.0  
73 258.3436907087915 2.53125 1.78125 2.5 2.65625 2.96875 2.6875 2.96875 1.90625 2.28125 2.15625 1.6875 1.8125 1.40625 2.0 2.9375 2.78125 1.5625 3.0 1.3125 2.65625 2.1875 1.78125 1.75 2.90625 1.8125 2.9375 2.25 2.53125 1.4375 3.0  
146 273.3229245830711 2.53125 1.78125 2.5 2.65625 2.96875 2.6875 2.96875 1.90625 2.28125 2.15625 1.6875 1.8125 1.40625 2.0 2.9375 2.78125 1.5625 3.0 1.3125 2.65625 2.1875 1.78125 1.75 2.90625 1.8125 2.9375 2.25 2.53125 1.4375 3.0  
99 81.80166073926381 2.53125 1.78125 2.5 2.65625 2.96875 2.6875 2.96875 1.90625 2.28125 2.15625 1.6875 1.8125 1.40625 2.0 2.9375 2.78125 1.5625 3.0 1.3125 2.65625 2.1875 1.78125 1.75 2.90625 1.8125 2.9375 2.25 2.53125 1.4375 3.0  
77 68.38619133241684 2.53125 1.78125 2.5 2.65625 2.96875 2.6875 2.96875 1.90625 2.28125 2.15625 1.6875 1.8125 1.40625 2.0 2.9375 2.78125 1.5625 3.0 1.3125 2.65625 2.1875 1.78125 1.75 2.90625 1.8125 2.9375 2.25 2.53125 1.4375 3.0  
53 342.20876146457107 2.53125 1.78125 2.5 2.65625 2.96875 2.6875 2.96875 1.90625 2.28125 2.15625 1.6875 1.8125 1.40625 2.0 2.9375 2.78125 1.5625 3.0 1.3125 2.65625 2.1875 1.78125 1.75 2.90625 1.8125 2.9375 2.25 2.53125 1.4375 3.0  
31 244.14590482488305 1.6875 1.1875 1.6666666666666667 1.7708333333333333 1.9791666666666667 1.7916666666666667 1.9791666666666667 1.2708333333333333 1.5208333333333333 1.4375 1.125 1.2083333333333333 0.9375 1.3333333333333333 1.9583333333333333 1.8541666666666667 1.0416666666666667 2.0 0.875 1.7708333333333333 1.4583333333333333 1.1875 1.1666666666666667 1.9375 1.2083333333333333 1.9583333333333333 1.5 1.6875 0.9583333333333334 2.0  
63 96.53297203255516 2.53125 1.78125 2.5 2.65625 2.96875 2.6875 2.96875 1.90625 2.28125 2.15625 1.6875 1.8125 1.40625 2.0 2.9375 2.78125 1.5625 3.0 1.3125 2.65625 2.1875 1.78125 1.75 2.90625 1.8125 2.9375 2.25 2.53125 1.4375 3.0  
72 292.5981312168094 2.53125 1.78125 2.5 2.65625 2.96875 2.6875 2.96875 1.90625 2.28125 2.15625 1.6875 1.8125 1.40625 2.0 2.9375 2.78125 1.5625 3.0 1.3125 2.65625 2.1875 1.78125 1.75 2.90625 1.8125 2.9375 2.25 2.53125 1.4375 3.0  
50 19.862704113074127 2.53125 1.78125 2.5 2.65625 2.96875 2.6875 2.96875 1.90625 2.28125 2.15625 1.6875 1.8125 1.40625 2.0 2.9375 2.78125 1.5625 3.0 1.3125 2.65625 2.1875 1.78125 1.75 2.90625 1.8125 2.9375 2.25 2.53125 1.4375 3.0  
160 99.48088840924062 2.53125 1.78125 2.5 2.65625 2.96875 2.6875 2.96875 1.90625 2.28125 2.15625 1.6875 1.8125 1.40625 2.0 2.9375 2.78125 1.5625 3.0 1.3125 2.65625 2.1875 1.78125 1.75 2.90625 1.8125 2.9375 2.25 2.53125 1.4375 3.0  
67 160.3371275299539 2.53125 1.78125 2.5 2.65625 2.96875 2.6875 2.96875 1.90625 2.28125 2.15625 1.6875 1.8125 1.40625 2.0 2.9375 2.78125 1.5625 3.0 1.3125 2.65625 2.1875 1.78125 1.75 2.90625 1.8125 2.9375 2.25 2.53125 1.4375 3.0  
145 494.53649326414416 2.53125 1.78125 2.5 2.65625 2.96875 2.6875 2.96875 1.90625 2.28125 2.15625 1.6875 1.8125 1.40625 2.0 2.9375 2.78125 1.5625 3.0 1.3125 2.65625 2.1875 1.78125 1.75 2.90625 1.8125 2.9375 2.25 2.53125 1.4375 3.0  
110 458.1524049201412 1.6875 1.1875 1.6666666666666667 1.7708333333333333 1.9791666666666667 1.7916666666666667 1.9791666666666667 1.2708333333333333 1.5208333333333333 1.4375 1.125 1.2083333333333333 0.9375 1.3333333333333333 1.9583333333333333 1.8541666666666667 1.0416666666666667 2.0 0.875 1.7708333333333333 1.4583333333333333 1.1875 1.1666666666666667 1.9375 1.2083333333333333 1.9583333333333333 1.5 1.6875 0.9583333333333334 2.0  
169 72.44215856652121 2.53125 1.78125 2.5 2.65625 2.96875 2.6875 2.96875 1.90625 2.28125 2.15625 1.6875 1.8125 1.40625 2.0 2.9375 2.78125 1.5625 3.0 1.3125 2.65625 2.1875 1.78125 1.75 2.90625 1.8125 2.9375 2.25 2.53125 1.4375 3.0  
125 31.96383584330502 2.53125 1.78125 2.5 2.65625 2.96875 2.6875 2.96875 1.90625 2.28125 2.15625 1.6875 1.8125 1.40625 2.0 2.9375 2.78125 1.5625 3.0 1.3125 2.65625 2.1875 1.78125 1.75 2.90625 1.8125 2.9375 2.25 2.53125 1.4375 3.0  
120 328.45597862429054 2.53125 1.78125 2.5 2.65625 2.96875 2.6875 2.96875 1.90625 2.28125 2.15625 1.6875 1.8125 1.40625 2.0 2.9375 2.78125 1.5625 3.0 1.3125 2.65625 2.1875 1.78125 1.75 2.90625 1.8125 2.9375 2.25 2.53125 1.4375 3.0  
30 116.110744434167 2.53125 1.78125 2.5 2.65625 2.96875 2.6875 2.96875 1.90625 2.28125 2.15625 1.6875 1.8125 1.40625 2.0 2.9375 2.78125 1.5625 3.0 1.3125 2.65625 2.1875 1.78125 1.75 2.90625 1.8125 2.9375 2.25 2.53125 1.4375 3.0  
29 178.67816384690863 1.6875 1.1875 1.6666666666666667 1.7708333333333333 1.9791666666666667 1.7916666666666667 1.9791666666666667 1.2708333333333333 1.5208333333333333 1.4375 1.125 1.2083333333333333 0.9375 1.3333333333333333 1.9583333333333333 1.8541666666666667 1.0416666666666667 2.0 0.875 1.7708333333333333 1.4583333333333333 1.1875 1.1666666666666667 1.9375 1.2083333333333333 1.9583333333333333 1.5 1.6875 0.9583333333333334 2.0  
59 243.33787786416212 1.6875 1.1875 1.6666666666666667 1.7708333333333333 1.9791666666666667 1.7916666666666667 1.9791666666666667 1.2708333333333333 1.5208333333333333 1.4375 1.125 1.2083333333333333 0.9375 1.3333333333333333 1.9583333333333333 1.8541666666666667 1.0416666666666667 2.0 0.875 1.7708333333333333 1.4583333333333333 1.1875 1.1666666666666667 1.9375 1.2083333333333333 1.9583333333333333 1.5 1.6875 0.9583333333333334 2.0  
86 84.72087920271878 2.53125 1.78125 2.5 2.65625 2.96875 2.6875 2.96875 1.90625 2.28125 2.15625 1.6875 1.8125 1.40625 2.0 2.9375 2.78125 1.5625 3.0 1.3125 2.65625 2.1875 1.78125 1.75 2.90625 1.8125 2.9375 2.25 2.53125 1.4375 3.0  
183 239.086321138377 1.6875 1.1875 1.6666666666666667 1.7708333333333333 1.9791666666666667 1.7916666666666667 1.9791666666666667 1.2708333333333333 1.5208333333333333 1.4375 1.125 1.2083333333333333 0.9375 1.3333333333333333 1.9583333333333333 1.8541666666666667 1.0416666666666667 2.0 0.875 1.7708333333333333 1.4583333333333333 1.1875 1.1666666666666667 1.9375 1.2083333333333333 1.9583333333333333 1.5 1.6875 0.9583333333333334 2.0  
35 178.3772418390679 1.6875 1.1875 1.6666666666666667 1.7708333333333333 1.9791666666666667 1.7916666666666667 1.9791666666666667 1.2708333333333333 1.5208333333333333 1.4375 1.125 1.2083333333333333 0.9375 1.3333333333333333 1.9583333333333333 1.8541666666666667 1.0416666666666667 2.0 0.875 1.7708333333333333 1.4583333333333333 1.1875 1.1666666666666667 1.9375 1.2083333333333333 1.9583333333333333 1.5 1.6875 0.9583333333333334 2.0  
79 8.82908002271944 2.53125 1.78125 2.5 2.65625 2.96875 2.6875 2.96875 1.90625 2.28125 2.15625 1.6875 1.8125 1.40625 2.0 2.9375 2.78125 1.5625 3.0 1.3125 2.65625 2.1875 1.78125 1.75 2.90625 1.8125 2.9375 2.25 2.53125 1.4375 3.0  
65 30.14590132838276 2.53125 1.78125 2.5 2.65625 2.96875 2.6875 2.96875 1.90625 2.28125 2.15625 1.6875 1.8125 1.40625 2.0 2.9375 2.78125 1.5625 3.0 1.3125 2.65625 2.1875 1.78125 1.75 2.90625 1.8125 2.9375 2.25 2.53125 1.4375 3.0  
149 47.79425552914824 1.6875 1.1875 1.6666666666666667 1.7708333333333333 1.9791666666666667 1.7916666666666667 1.9791666666666667 1.2708333333333333 1.5208333333333333 1.4375 1.125 1.2083333333333333 0.9375 1.3333333333333333 1.9583333333333333 1.8541666666666667 1.0416666666666667 2.0 0.875 1.7708333333333333 1.4583333333333333 1.1875 1.1666666666666667 1.9375 1.2083333333333333 1.9583333333333333 1.5 1.6875 0.9583333333333334 2.0  
39 226.9243731938961 2.53125 1.78125 2.5 2.65625 2.96875 2.6875 2.96875 1.90625 2.28125 2.15625 1.6875 1.8125 1.40625 2.0 2.9375 2.78125 1.5625 3.0 1.3125 2.65625 2.1875 1.78125 1.75 2.90625 1.8125 2.9375 2.25 2.53125 1.4375 3.0  
116 540.9061211879597 2.53125 1.78125 2.5 2.65625 2.96875 2.6875 2.96875 1.90625 2.28125 2.15625 1.6875 1.8125 1.40625 2.0 2.9375 2.78125 1.5625 3.0 1.3125 2.65625 2.1875 1.78125 1.75 2.90625 1.8125 2.9375 2.25 2.53125 1.4375 3.0  
74 313.8219129015477 1.6875 1.1875 1.6666666666666667 1.7708333333333333 1.9791666666666667 1.7916666666666667 1.9791666666666667 1.2708333333333333 1.5208333333333333 1.4375 1.125 1.2083333333333333 0.9375 1.3333333333333333 1.9583333333333333 1.8541666666666667 1.0416666666666667 2.0 0.875 1.7708333333333333 1.4583333333333333 1.1875 1.1666666666666667 1.9375 1.2083333333333333 1.9583333333333333 1.5 1.6875 0.9583333333333334 2.0  
43 116.18239409274061 1.6875 1.1875 1.6666666666666667 1.7708333333333333 1.9791666666666667 1.7916666666666667 1.9791666666666667 1.2708333333333333 1.5208333333333333 1.4375 1.125 1.2083333333333333 0.9375 1.3333333333333333 1.9583333333333333 1.8541666666666667 1.0416666666666667 2.0 0.875 1.7708333333333333 1.4583333333333333 1.1875 1.1666666666666667 1.9375 1.2083333333333333 1.9583333333333333 1.5 1.6875 0.9583333333333334 2.0  
84 63.94825680785505 2.53125 1.78125 2.5 2.65625 2.96875 2.6875 2.96875 1.90625 2.28125 2.15625 1.6875 1.8125 1.40625 2.0 2.9375 2.78125 1.5625 3.0 1.3125 2.65625 2.1875 1.78125 1.75 2.90625 1.8125 2.9375 2.25 2.53125 1.4375 3.0  
194 79.53879730087878 1.6875 1.1875 1.6666666666666667 1.7708333333333333 1.9791666666666667 1.7916666666666667 1.9791666666666667 1.2708333333333333 1.5208333333333333 1.4375 1.125 1.2083333333333333 0.9375 1.3333333333333333 1.9583333333333333 1.8541666666666667 1.0416666666666667 2.0 0.875 1.7708333333333333 1.4583333333333333 1.1875 1.1666666666666667 1.9375 1.2083333333333333 1.9583333333333333 1.5 1.6875 0.9583333333333334 2.0  
168 303.33391460918835 2.53125 1.78125 2.5 2.65625 2.96875 2.6875 2.96875 1.90625 2.28125 2.15625 1.6875 1.8125 1.40625 2.0 2.9375 2.78125 1.5625 3.0 1.3125 2.65625 2.1875 1.78125 1.75 2.90625 1.8125 2.9375 2.25 2.53125 1.4375 3.0  
76 239.69676576564132 1.6875 1.1875 1.6666666666666667 1.7708333333333333 1.9791666666666667 1.7916666666666667 1.9791666666666667 1.2708333333333333 1.5208333333333333 1.4375 1.125 1.2083333333333333 0.9375 1.3333333333333333 1.9583333333333333 1.8541666666666667 1.0416666666666667 2.0 0.875 1.7708333333333333 1.4583333333333333 1.1875 1.1666666666666667 1.9375 1.2083333333333333 1.9583333333333333 1.5 1.6875 0.9583333333333334 2.0  
5 61.886719881540444 2.53125 1.78125 2.5 2.65625 2.96875 2.6875 2.96875 1.90625 2.28125 2.15625 1.6875 1.8125 1.40625 2.0 2.9375 2.78125 1.5625 3.0 1.3125 2.65625 2.1875 1.78125 1.75 2.90625 1.8125 2.9375 2.25 2.53125 1.4375 3.0  
21 353.76910493923407 1.6875 1.1875 1.6666666666666667 1.7708333333333333 1.9791666666666667 1.7916666666666667 1.9791666666666667 1.2708333333333333 1.5208333333333333 1.4375 1.125 1.2083333333333333 0.9375 1.3333333333333333 1.9583333333333333 1.8541666666666667 1.0416666666666667 2.0 0.875 1.7708333333333333 1.4583333333333333 1.1875 1.1666666666666667 1.9375 1.2083333333333333 1.9583333333333333 1.5 1.6875 0.9583333333333334 2.0  
115 205.20289183518952 2.53125 1.78125 2.5 2.65625 2.96875 2.6875 2.96875 1.90625 2.28125 2.15625 1.6875 1.8125 1.40625 2.0 2.9375 2.78125 1.5625 3.0 1.3125 2.65625 2.1875 1.78125 1.75 2.90625 1.8125 2.9375 2.25 2.53125 1.4375 3.0  
104 346.7319528187551 2.53125 1.78125 2.5 2.65625 2.96875 2.6875 2.96875 1.90625 2.28125 2.15625 1.6875 1.8125 1.40625 2.0 2.9375 2.78125 1.5625 3.0 1.3125 2.65625 2.1875 1.78125 1.75 2.90625 1.8125 2.9375 2.25 2.53125 1.4375 3.0  
95 496.17493447232164 1.6875 1.1875 1.6666666666666667 1.7708333333333333 1.9791666666666667 1.7916666666666667 1.9791666666666667 1.2708333333333333 1.5208333333333333 1.4375 1.125 1.2083333333333333 0.9375 1.3333333333333333 1.9583333333333333 1.8541666666666667 1.0416666666666667 2.0 0.875 1.7708333333333333 1.4583333333333333 1.1875 1.1666666666666667 1.9375 1.2083333333333333 1.9583333333333333 1.5 1.6875 0.9583333333333334 2.0  
47 510.0903635281111 1.6875 1.1875 1.6666666666666667 1.7708333333333333 1.9791666666666667 1.7916666666666667 1.9791666666666667 1.2708333333333333 1.5208333333333333 1.4375 1.125 1.2083333333333333 0.9375 1.3333333333333333 1.9583333333333333 1.8541666666666667 1.0416666666666667 2.0 0.875 1.7708333333333333 1.4583333333333333 1.1875 1.1666666666666667 1.9375 1.2083333333333333 1.9583333333333333 1.5 1.6875 0.9583333333333334 2.0  
198 574.0 1.6875 1.1875 1.6666666666666667 1.7708333333333333 1.9791666666666667 1.7916666666666667 1.9791666666666667 1.2708333333333333 1.5208333333333333 1.4375 1.125 1.2083333333333333 0.9375 1.3333333333333333 1.9583333333333333 1.8541666666666667 1.0416666666666667 2.0 0.875 1.7708333333333333 1.4583333333333333 1.1875 1.1666666666666667 1.9375 1.2083333333333333 1.9583333333333333 1.5 1.6875 0.9583333333333334 2.0  
139 421.67233071251036 1.6875 1.1875 1.6666666666666667 1.7708333333333333 1.9791666666666667 1.7916666666666667 1.9791666666666667 1.2708333333333333 1.5208333333333333 1.4375 1.125 1.2083333333333333 0.9375 1.3333333333333333 1.9583333333333333 1.8541666666666667 1.0416666666666667 2.0 0.875 1.7708333333333333 1.4583333333333333 1.1875 1.1666666666666667 1.9375 1.2083333333333333 1.9583333333333333 1.5 1.6875 0.9583333333333334 2.0  
112 204.810006417715 1.6875 1.1875 1.6666666666666667 1.7708333333333333 1.9791666666666667 1.7916666666666667 1.9791666666666667 1.2708333333333333 1.5208333333333333 1.4375 1.125 1.2083333333333333 0.9375 1.3333333333333333 1.9583333333333333 1.8541666666666667 1.0416666666666667 2.0 0.875 1.7708333333333333 1.4583333333333333 1.1875 1.1666666666666667 1.9375 1.2083333333333333 1.9583333333333333 1.5 1.6875 0.9583333333333334 2.0  
6 143.25573550314317 2.53125 1.78125 2.5 2.65625 2.96875 2.6875 2.96875 1.90625 2.28125 2.15625 1.6875 1.8125 1.40625 2.0 2.9375 2.78125 1.5625 3.0 1.3125 2.65625 2.1875 1.78125 1.75 2.90625 1.8125 2.9375 2.25 2.53125 1.4375 3.0  
60 287.032487588885 1.6875 1.1875 1.6666666666666667 1.7708333333333333 1.9791666666666667 1.7916666666666667 1.9791666666666667 1.2708333333333333 1.5208333333333333 1.4375 1.125 1.2083333333333333 0.9375 1.3333333333333333 1.9583333333333333 1.8541666666666667 1.0416666666666667 2.0 0.875 1.7708333333333333 1.4583333333333333 1.1875 1.1666666666666667 1.9375 1.2083333333333333 1.9583333333333333 1.5 1.6875 0.9583333333333334 2.0  
28 126.3809973734304 2.53125 1.78125 2.5 2.65625 2.96875 2.6875 2.96875 1.90625 2.28125 2.15625 1.6875 1.8125 1.40625 2.0 2.9375 2.78125 1.5625 3.0 1.3125 2.65625 2.1875 1.78125 1.75 2.90625 1.8125 2.9375 2.25 2.53125 1.4375 3.0  
134 149.58021600208062 1.6875 1.1875 1.6666666666666667 1.7708333333333333 1.9791666666666667 1.7916666666666667 1.9791666666666667 1.2708333333333333 1.5208333333333333 1.4375 1.125 1.2083333333333333 0.9375 1.3333333333333333 1.9583333333333333 1.8541666666666667 1.0416666666666667 2.0 0.875 1.7708333333333333 1.4583333333333333 1.1875 1.1666666666666667 1.9375 1.2083333333333333 1.9583333333333333 1.5 1.6875 0.9583333333333334 2.0  
158 221.13445278979918 2.53125 1.78125 2.5 2.65625 2.96875 2.6875 2.96875 1.90625 2.28125 2.15625 1.6875 1.8125 1.40625 2.0 2.9375 2.78125 1.5625 3.0 1.3125 2.65625 2.1875 1.78125 1.75 2.90625 1.8125 2.9375 2.25 2.53125 1.4375 3.0  
1 20.487488842846652 2.53125 1.78125 2.5 2.65625 2.96875 2.6875 2.96875 1.90625 2.28125 2.15625 1.6875 1.8125 1.40625 2.0 2.9375 2.78125 1.5625 3.0 1.3125 2.65625 2.1875 1.78125 1.75 2.90625 1.8125 2.9375 2.25 2.53125 1.4375 3.0  
153 156.30461222874456 2.53125 1.78125 2.5 2.65625 2.96875 2.6875 2.96875 1.90625 2.28125 2.15625 1.6875 1.8125 1.40625 2.0 2.9375 2.78125 1.5625 3.0 1.3125 2.65625 2.1875 1.78125 1.75 2.90625 1.8125 2.9375 2.25 2.53125 1.4375 3.0  
81 98.03617588548343 2.53125 1.78125 2.5 2.65625 2.96875 2.6875 2.96875 1.90625 2.28125 2.15625 1.6875 1.8125 1.40625 2.0 2.9375 2.78125 1.5625 3.0 1.3125 2.65625 2.1875 1.78125 1.75 2.90625 1.8125 2.9375 2.25 2.53125 1.4375 3.0  
197 50.89122754693629 2.53125 1.78125 2.5 2.65625 2.96875 2.6875 2.96875 1.90625 2.28125 2.15625 1.6875 1.8125 1.40625 2.0 2.9375 2.78125 1.5625 3.0 1.3125 2.65625 2.1875 1.78125 1.75 2.90625 1.8125 2.9375 2.25 2.53125 1.4375 3.0  
185 104.30030666406365 1.6875 1.1875 1.6666666666666667 1.7708333333333333 1.9791666666666667 1.7916666666666667 1.9791666666666667 1.2708333333333333 1.5208333333333333 1.4375 1.125 1.2083333333333333 0.9375 1.3333333333333333 1.9583333333333333 1.8541666666666667 1.0416666666666667 2.0 0.875 1.7708333333333333 1.4583333333333333 1.1875 1.1666666666666667 1.9375 1.2083333333333333 1.9583333333333333 1.5 1.6875 0.9583333333333334 2.0  
102 164.66649290903462 2.53125 1.78125 2.5 2.65625 2.96875 2.6875 2.96875 1.90625 2.28125 2.15625 1.6875 1.8125 1.40625 2.0 2.9375 2.78125 1.5625 3.0 1.3125 2.65625 2.1875 1.78125 1.75 2.90625 1.8125 2.9375 2.25 2.53125 1.4375 3.0  
51 483.5622373205674 1.6875 1.1875 1.6666666666666667 1.7708333333333333 1.9791666666666667 1.7916666666666667 1.9791666666666667 1.2708333333333333 1.5208333333333333 1.4375 1.125 1.2083333333333333 0.9375 1.3333333333333333 1.9583333333333333 1.8541666666666667 1.0416666666666667 2.0 0.875 1.7708333333333333 1.4583333333333333 1.1875 1.1666666666666667 1.9375 1.2083333333333333 1.9583333333333333 1.5 1.6875 0.9583333333333334 2.0  
196 68.09075737253539 1.6875 1.1875 1.6666666666666667 1.7708333333333333 1.9791666666666667 1.7916666666666667 1.9791666666666667 1.2708333333333333 1.5208333333333333 1.4375 1.125 1.2083333333333333 0.9375 1.3333333333333333 1.9583333333333333 1.8541666666666667 1.0416666666666667 2.0 0.875 1.7708333333333333 1.4583333333333333 1.1875 1.1666666666666667 1.9375 1.2083333333333333 1.9583333333333333 1.5 1.6875 0.9583333333333334 2.0  
80 67.92551944008844 1.6875 1.1875 1.6666666666666667 1.7708333333333333 1.9791666666666667 1.7916666666666667 1.9791666666666667 1.2708333333333333 1.5208333333333333 1.4375 1.125 1.2083333333333333 0.9375 1.3333333333333333 1.9583333333333333 1.8541666666666667 1.0416666666666667 2.0 0.875 1.7708333333333333 1.4583333333333333 1.1875 1.1666666666666667 1.9375 1.2083333333333333 1.9583333333333333 1.5 1.6875 0.9583333333333334 2.0  
55 321.75280576079024 1.6875 1.1875 1.6666666666666667 1.7708333333333333 1.9791666666666667 1.7916666666666667 1.9791666666666667 1.2708333333333333 1.5208333333333333 1.4375 1.125 1.2083333333333333 0.9375 1.3333333333333333 1.9583333333333333 1.8541666666666667 1.0416666666666667 2.0 0.875 1.7708333333333333 1.4583333333333333 1.1875 1.1666666666666667 1.9375 1.2083333333333333 1.9583333333333333 1.5 1.6875 0.9583333333333334 2.0  
101 548.7742496454266 2.53125 1.78125 2.5 2.65625 2.96875 2.6875 2.96875 1.90625 2.28125 2.15625 1.6875 1.8125 1.40625 2.0 2.9375 2.78125 1.5625 3.0 1.3125 2.65625 2.1875 1.78125 1.75 2.90625 1.8125 2.9375 2.25 2.53125 1.4375 3.0  
62 212.7997073668382 1.6875 1.1875 1.6666666666666667 1.7708333333333333 1.9791666666666667 1.7916666666666667 1.9791666666666667 1.2708333333333333 1.5208333333333333 1.4375 1.125 1.2083333333333333 0.9375 1.3333333333333333 1.9583333333333333 1.8541666666666667 1.0416666666666667 2.0 0.875 1.7708333333333333 1.4583333333333333 1.1875 1.1666666666666667 1.9375 1.2083333333333333 1.9583333333333333 1.5 1.6875 0.9583333333333334 2.0  
49 227.28175149796292 1.6875 1.1875 1.6666666666666667 1.7708333333333333 1.9791666666666667 1.7916666666666667 1.9791666666666667 1.2708333333333333 1.5208333333333333 1.4375 1.125 1.2083333333333333 0.9375 1.3333333333333333 1.9583333333333333 1.8541666666666667 1.0416666666666667 2.0 0.875 1.7708333333333333 1.4583333333333333 1.1875 1.1666666666666667 1.9375 1.2083333333333333 1.9583333333333333 1.5 1.6875 0.9583333333333334 2.0  
141 122.53530244629886 1.6875 1.1875 1.6666666666666667 1.7708333333333333 1.9791666666666667 1.7916666666666667 1.9791666666666667 1.2708333333333333 1.5208333333333333 1.4375 1.125 1.2083333333333333 0.9375 1.3333333333333333 1.9583333333333333 1.8541666666666667 1.0416666666666667 2.0 0.875 1.7708333333333333 1.4583333333333333 1.1875 1.1666666666666667 1.9375 1.2083333333333333 1.9583333333333333 1.5 1.6875 0.9583333333333334 2.0  
83 216.01990185097816 2.53125 1.78125 2.5 2.65625 2.96875 2.6875 2.96875 1.90625 2.28125 2.15625 1.6875 1.8125 1.40625 2.0 2.9375 2.78125 1.5625 3.0 1.3125 2.65625 2.1875 1.78125 1.75 2.90625 1.8125 2.9375 2.25 2.53125 1.4375 3.0  
111 373.8434603462058 1.6875 1.1875 1.6666666666666667 1.7708333333333333 1.9791666666666667 1.7916666666666667 1.9791666666666667 1.2708333333333333 1.5208333333333333 1.4375 1.125 1.2083333333333333 0.9375 1.3333333333333333 1.9583333333333333 1.8541666666666667 1.0416666666666667 2.0 0.875 1.7708333333333333 1.4583333333333333 1.1875 1.1666666666666667 1.9375 1.2083333333333333 1.9583333333333333 1.5 1.6875 0.9583333333333334 2.0  
167 219.48364593159513 1.6875 1.1875 1.6666666666666667 1.7708333333333333 1.9791666666666667 1.7916666666666667 1.9791666666666667 1.2708333333333333 1.5208333333333333 1.4375 1.125 1.2083333333333333 0.9375 1.3333333333333333 1.9583333333333333 1.8541666666666667 1.0416666666666667 2.0 0.875 1.7708333333333333 1.4583333333333333 1.1875 1.1666666666666667 1.9375 1.2083333333333333 1.9583333333333333 1.5 1.6875 0.9583333333333334 2.0  
45 150.62775300633135 2.53125 1.78125 2.5 2.65625 2.96875 2.6875 2.96875 1.90625 2.28125 2.15625 1.6875 1.8125 1.40625 2.0 2.9375 2.78125 1.5625 3.0 1.3125 2.65625 2.1875 1.78125 1.75 2.90625 1.8125 2.9375 2.25 2.53125 1.4375 3.0  
165 252.11696325795631 1.6875 1.1875 1.6666666666666667 1.7708333333333333 1.9791666666666667 1.7916666666666667 1.9791666666666667 1.2708333333333333 1.5208333333333333 1.4375 1.125 1.2083333333333333 0.9375 1.3333333333333333 1.9583333333333333 1.8541666666666667 1.0416666666666667 2.0 0.875 1.7708333333333333 1.4583333333333333 1.1875 1.1666666666666667 1.9375 1.2083333333333333 1.9583333333333333 1.5 1.6875 0.9583333333333334 2.0  
100 130.1592321900507 1.6875 1.1875 1.6666666666666667 1.7708333333333333 1.9791666666666667 1.7916666666666667 1.9791666666666667 1.2708333333333333 1.5208333333333333 1.4375 1.125 1.2083333333333333 0.9375 1.3333333333333333 1.9583333333333333 1.8541666666666667 1.0416666666666667 2.0 0.875 1.7708333333333333 1.4583333333333333 1.1875 1.1666666666666667 1.9375 1.2083333333333333 1.9583333333333333 1.5 1.6875 0.9583333333333334 2.0  
71 158.43229020459597 1.6875 1.1875 1.6666666666666667 1.7708333333333333 1.9791666666666667 1.7916666666666667 1.9791666666666667 1.2708333333333333 1.5208333333333333 1.4375 1.125 1.2083333333333333 0.9375 1.3333333333333333 1.9583333333333333 1.8541666666666667 1.0416666666666667 2.0 0.875 1.7708333333333333 1.4583333333333333 1.1875 1.1666666666666667 1.9375 1.2083333333333333 1.9583333333333333 1.5 1.6875 0.9583333333333334 2.0  
177 174.02467285326853 1.6875 1.1875 1.6666666666666667 1.7708333333333333 1.9791666666666667 1.7916666666666667 1.9791666666666667 1.2708333333333333 1.5208333333333333 1.4375 1.125 1.2083333333333333 0.9375 1.3333333333333333 1.9583333333333333 1.8541666666666667 1.0416666666666667 2.0 0.875 1.7708333333333333 1.4583333333333333 1.1875 1.1666666666666667 1.9375 1.2083333333333333 1.9583333333333333 1.5 1.6875 0.9583333333333334 2.0  
105 348.9307086604941 2.53125 1.78125 2.5 2.65625 2.96875 2.6875 2.96875 1.90625 2.28125 2.15625 1.6875 1.8125 1.40625 2.0 2.9375 2.78125 1.5625 3.0 1.3125 2.65625 2.1875 1.78125 1.75 2.90625 1.8125 2.9375 2.25 2.53125 1.4375 3.0  
4 117.62837513097011 1.6875 1.1875 1.6666666666666667 1.7708333333333333 1.9791666666666667 1.7916666666666667 1.9791666666666667 1.2708333333333333 1.5208333333333333 1.4375 1.125 1.2083333333333333 0.9375 1.3333333333333333 1.9583333333333333 1.8541666666666667 1.0416666666666667 2.0 0.875 1.7708333333333333 1.4583333333333333 1.1875 1.1666666666666667 1.9375 1.2083333333333333 1.9583333333333333 1.5 1.6875 0.9583333333333334 2.0  
140 463.6681977885215 1.6875 1.1875 1.6666666666666667 1.7708333333333333 1.9791666666666667 1.7916666666666667 1.9791666666666667 1.2708333333333333 1.5208333333333333 1.4375 1.125 1.2083333333333333 0.9375 1.3333333333333333 1.9583333333333333 1.8541666666666667 1.0416666666666667 2.0 0.875 1.7708333333333333 1.4583333333333333 1.1875 1.1666666666666667 1.9375 1.2083333333333333 1.9583333333333333 1.5 1.6875 0.9583333333333334 2.0  
136 204.2097087195418 2.53125 1.78125 2.5 2.65625 2.96875 2.6875 2.96875 1.90625 2.28125 2.15625 1.6875 1.8125 1.40625 2.0 2.9375 2.78125 1.5625 3.0 1.3125 2.65625 2.1875 1.78125 1.75 2.90625 1.8125 2.9375 2.25 2.53125 1.4375 3.0  
181 214.07898347253052 1.6875 1.1875 1.6666666666666667 1.7708333333333333 1.9791666666666667 1.7916666666666667 1.9791666666666667 1.2708333333333333 1.5208333333333333 1.4375 1.125 1.2083333333333333 0.9375 1.3333333333333333 1.9583333333333333 1.8541666666666667 1.0416666666666667 2.0 0.875 1.7708333333333333 1.4583333333333333 1.1875 1.1666666666666667 1.9375 1.2083333333333333 1.9583333333333333 1.5 1.6875 0.9583333333333334 2.0  
186 84.31506277765742 1.6875 1.1875 1.6666666666666667 1.7708333333333333 1.9791666666666667 1.7916666666666667 1.9791666666666667 1.2708333333333333 1.5208333333333333 1.4375 1.125 1.2083333333333333 0.9375 1.3333333333333333 1.9583333333333333 1.8541666666666667 1.0416666666666667 2.0 0.875 1.7708333333333333 1.4583333333333333 1.1875 1.1666666666666667 1.9375 1.2083333333333333 1.9583333333333333 1.5 1.6875 0.9583333333333334 2.0  
98 622.1303162476303 1.6875 1.1875 1.6666666666666667 1.7708333333333333 1.9791666666666667 1.7916666666666667 1.9791666666666667 1.2708333333333333 1.5208333333333333 1.4375 1.125 1.2083333333333333 0.9375 1.3333333333333333 1.9583333333333333 1.8541666666666667 1.0416666666666667 2.0 0.875 1.7708333333333333 1.4583333333333333 1.1875 1.1666666666666667 1.9375 1.2083333333333333 1.9583333333333333 1.5 1.6875 0.9583333333333334 2.0  
114 96.87831274058095 2.53125 1.78125 2.5 2.65625 2.96875 2.6875 2.96875 1.90625 2.28125 2.15625 1.6875 1.8125 1.40625 2.0 2.9375 2.78125 1.5625 3.0 1.3125 2.65625 2.1875 1.78125 1.75 2.90625 1.8125 2.9375 2.25 2.53125 1.4375 3.0  
82 139.10550929460135 1.6875 1.1875 1.6666666666666667 1.7708333333333333 1.9791666666666667 1.7916666666666667 1.9791666666666667 1.2708333333333333 1.5208333333333333 1.4375 1.125 1.2083333333333333 0.9375 1.3333333333333333 1.9583333333333333 1.8541666666666667 1.0416666666666667 2.0 0.875 1.7708333333333333 1.4583333333333333 1.1875 1.1666666666666667 1.9375 1.2083333333333333 1.9583333333333333 1.5 1.6875 0.9583333333333334 2.0  
22 127.29856416058587 1.6875 1.1875 1.6666666666666667 1.7708333333333333 1.9791666666666667 1.7916666666666667 1.9791666666666667 1.2708333333333333 1.5208333333333333 1.4375 1.125 1.2083333333333333 0.9375 1.3333333333333333 1.9583333333333333 1.8541666666666667 1.0416666666666667 2.0 0.875 1.7708333333333333 1.4583333333333333 1.1875 1.1666666666666667 1.9375 1.2083333333333333 1.9583333333333333 1.5 1.6875 0.9583333333333334 2.0  
20 103.73170446895625 2.53125 1.78125 2.5 2.65625 2.96875 2.6875 2.96875 1.90625 2.28125 2.15625 1.6875 1.8125 1.40625 2.0 2.9375 2.78125 1.5625 3.0 1.3125 2.65625 2.1875 1.78125 1.75 2.90625 1.8125 2.9375 2.25 2.53125 1.4375 3.0  
121 254.6241114624613 2.53125 1.78125 2.5 2.65625 2.96875 2.6875 2.96875 1.90625 2.28125 2.15625 1.6875 1.8125 1.40625 2.0 2.9375 2.78125 1.5625 3.0 1.3125 2.65625 2.1875 1.78125 1.75 2.90625 1.8125 2.9375 2.25 2.53125 1.4375 3.0  
32 565.0 2.53125 1.78125 2.5 2.65625 2.96875 2.6875 2.96875 1.90625 2.28125 2.15625 1.6875 1.8125 1.40625 2.0 2.9375 2.78125 1.5625 3.0 1.3125 2.65625 2.1875 1.78125 1.75 2.90625 1.8125 2.9375 2.25 2.53125 1.4375 3.0  
48 399.33254969051626 1.6875 1.1875 1.6666666666666667 1.7708333333333333 1.9791666666666667 1.7916666666666667 1.9791666666666667 1.2708333333333333 1.5208333333333333 1.4375 1.125 1.2083333333333333 0.9375 1.3333333333333333 1.9583333333333333 1.8541666666666667 1.0416666666666667 2.0 0.875 1.7708333333333333 1.4583333333333333 1.1875 1.1666666666666667 1.9375 1.2083333333333333 1.9583333333333333 1.5 1.6875 0.9583333333333334 2.0  
52 142.34900299960665 1.6875 1.1875 1.6666666666666667 1.7708333333333333 1.9791666666666667 1.7916666666666667 1.9791666666666667 1.2708333333333333 1.5208333333333333 1.4375 1.125 1.2083333333333333 0.9375 1.3333333333333333 1.9583333333333333 1.8541666666666667 1.0416666666666667 2.0 0.875 1.7708333333333333 1.4583333333333333 1.1875 1.1666666666666667 1.9375 1.2083333333333333 1.9583333333333333 1.5 1.6875 0.9583333333333334 2.0  
10 59.2750570957001 2.53125 1.78125 2.5 2.65625 2.96875 2.6875 2.96875 1.90625 2.28125 2.15625 1.6875 1.8125 1.40625 2.0 2.9375 2.78125 1.5625 3.0 1.3125 2.65625 2.1875 1.78125 1.75 2.90625 1.8125 2.9375 2.25 2.53125 1.4375 3.0  
124 46.86066426037258 2.53125 1.78125 2.5 2.65625 2.96875 2.6875 2.96875 1.90625 2.28125 2.15625 1.6875 1.8125 1.40625 2.0 2.9375 2.78125 1.5625 3.0 1.3125 2.65625 2.1875 1.78125 1.75 2.90625 1.8125 2.9375 2.25 2.53125 1.4375 3.0  
107 584.7761266623138 1.6875 1.1875 1.6666666666666667 1.7708333333333333 1.9791666666666667 1.7916666666666667 1.9791666666666667 1.2708333333333333 1.5208333333333333 1.4375 1.125 1.2083333333333333 0.9375 1.3333333333333333 1.9583333333333333 1.8541666666666667 1.0416666666666667 2.0 0.875 1.7708333333333333 1.4583333333333333 1.1875 1.1666666666666667 1.9375 1.2083333333333333 1.9583333333333333 1.5 1.6875 0.9583333333333334 2.0  
97 301.0727088483052 1.6875 1.1875 1.6666666666666667 1.7708333333333333 1.9791666666666667 1.7916666666666667 1.9791666666666667 1.2708333333333333 1.5208333333333333 1.4375 1.125 1.2083333333333333 0.9375 1.3333333333333333 1.9583333333333333 1.8541666666666667 1.0416666666666667 2.0 0.875 1.7708333333333333 1.4583333333333333 1.1875 1.1666666666666667 1.9375 1.2083333333333333 1.9583333333333333 1.5 1.6875 0.9583333333333334 2.0  
150 324.3795761106884 2.53125 1.78125 2.5 2.65625 2.96875 2.6875 2.96875 1.90625 2.28125 2.15625 1.6875 1.8125 1.40625 2.0 2.9375 2.78125 1.5625 3.0 1.3125 2.65625 2.1875 1.78125 1.75 2.90625 1.8125 2.9375 2.25 2.53125 1.4375 3.0  
128 208.98813481331246 1.6875 1.1875 1.6666666666666667 1.7708333333333333 1.9791666666666667 1.7916666666666667 1.9791666666666667 1.2708333333333333 1.5208333333333333 1.4375 1.125 1.2083333333333333 0.9375 1.3333333333333333 1.9583333333333333 1.8541666666666667 1.0416666666666667 2.0 0.875 1.7708333333333333 1.4583333333333333 1.1875 1.1666666666666667 1.9375 1.2083333333333333 1.9583333333333333 1.5 1.6875 0.9583333333333334 2.0  
94 322.7742356484381 2.53125 1.78125 2.5 2.65625 2.96875 2.6875 2.96875 1.90625 2.28125 2.15625 1.6875 1.8125 1.40625 2.0 2.9375 2.78125 1.5625 3.0 1.3125 2.65625 2.1875 1.78125 1.75 2.90625 1.8125 2.9375 2.25 2.53125 1.4375 3.0  
172 535.5443351093861 1.6875 1.1875 1.6666666666666667 1.7708333333333333 1.9791666666666667 1.7916666666666667 1.9791666666666667 1.2708333333333333 1.5208333333333333 1.4375 1.125 1.2083333333333333 0.9375 1.3333333333333333 1.9583333333333333 1.8541666666666667 1.0416666666666667 2.0 0.875 1.7708333333333333 1.4583333333333333 1.1875 1.1666666666666667 1.9375 1.2083333333333333 1.9583333333333333 1.5 1.6875 0.9583333333333334 2.0  
91 22.09793099559547 2.53125 1.78125 2.5 2.65625 2.96875 2.6875 2.96875 1.90625 2.28125 2.15625 1.6875 1.8125 1.40625 2.0 2.9375 2.78125 1.5625 3.0 1.3125 2.65625 2.1875 1.78125 1.75 2.90625 1.8125 2.9375 2.25 2.53125 1.4375 3.0  
12 53.817883309472 1.6875 1.1875 1.6666666666666667 1.7708333333333333 1.9791666666666667 1.7916666666666667 1.9791666666666667 1.2708333333333333 1.5208333333333333 1.4375 1.125 1.2083333333333333 0.9375 1.3333333333333333 1.9583333333333333 1.8541666666666667 1.0416666666666667 2.0 0.875 1.7708333333333333 1.4583333333333333 1.1875 1.1666666666666667 1.9375 1.2083333333333333 1.9583333333333333 1.5 1.6875 0.9583333333333334 2.0  
54 398.76923129084275 1.6875 1.1875 1.6666666666666667 1.7708333333333333 1.9791666666666667 1.7916666666666667 1.9791666666666667 1.2708333333333333 1.5208333333333333 1.4375 1.125 1.2083333333333333 0.9375 1.3333333333333333 1.9583333333333333 1.8541666666666667 1.0416666666666667 2.0 0.875 1.7708333333333333 1.4583333333333333 1.1875 1.1666666666666667 1.9375 1.2083333333333333 1.9583333333333333 1.5 1.6875 0.9583333333333334 2.0  
37 142.17781377967665 1.6875 1.1875 1.6666666666666667 1.7708333333333333 1.9791666666666667 1.7916666666666667 1.9791666666666667 1.2708333333333333 1.5208333333333333 1.4375 1.125 1.2083333333333333 0.9375 1.3333333333333333 1.9583333333333333 1.8541666666666667 1.0416666666666667 2.0 0.875 1.7708333333333333 1.4583333333333333 1.1875 1.1666666666666667 1.9375 1.2083333333333333 1.9583333333333333 1.5 1.6875 0.9583333333333334 2.0  
87 63.92092369149081 1.6875 1.1875 1.6666666666666667 1.7708333333333333 1.9791666666666667 1.7916666666666667 1.9791666666666667 1.2708333333333333 1.5208333333333333 1.4375 1.125 1.2083333333333333 0.9375 1.3333333333333333 1.9583333333333333 1.8541666666666667 1.0416666666666667 2.0 0.875 1.7708333333333333 1.4583333333333333 1.1875 1.1666666666666667 1.9375 1.2083333333333333 1.9583333333333333 1.5 1.6875 0.9583333333333334 2.0  
17 187.04599432618048 1.6875 1.1875 1.6666666666666667 1.7708333333333333 1.9791666666666667 1.7916666666666667 1.9791666666666667 1.2708333333333333 1.5208333333333333 1.4375 1.125 1.2083333333333333 0.9375 1.3333333333333333 1.9583333333333333 1.8541666666666667 1.0416666666666667 2.0 0.875 1.7708333333333333 1.4583333333333333 1.1875 1.1666666666666667 1.9375 1.2083333333333333 1.9583333333333333 1.5 1.6875 0.9583333333333334 2.0  
41 494.38706872922376 2.53125 1.78125 2.5 2.65625 2.96875 2.6875 2.96875 1.90625 2.28125 2.15625 1.6875 1.8125 1.40625 2.0 2.9375 2.78125 1.5625 3.0 1.3125 2.65625 2.1875 1.78125 1.75 2.90625 1.8125 2.9375 2.25 2.53125 1.4375 3.0  
130 284.2093225212709 1.6875 1.1875 1.6666666666666667 1.7708333333333333 1.9791666666666667 1.7916666666666667 1.9791666666666667 1.2708333333333333 1.5208333333333333 1.4375 1.125 1.2083333333333333 0.9375 1.3333333333333333 1.9583333333333333 1.8541666666666667 1.0416666666666667 2.0 0.875 1.7708333333333333 1.4583333333333333 1.1875 1.1666666666666667 1.9375 1.2083333333333333 1.9583333333333333 1.5 1.6875 0.9583333333333334 2.0  
13 97.56257818221634 1.6875 1.1875 1.6666666666666667 1.7708333333333333 1.9791666666666667 1.7916666666666667 1.9791666666666667 1.2708333333333333 1.5208333333333333 1.4375 1.125 1.2083333333333333 0.9375 1.3333333333333333 1.9583333333333333 1.8541666666666667 1.0416666666666667 2.0 0.875 1.7708333333333333 1.4583333333333333 1.1875 1.1666666666666667 1.9375 1.2083333333333333 1.9583333333333333 1.5 1.6875 0.9583333333333334 2.0  
108 435.5421284928806 2.53125 1.78125 2.5 2.65625 2.96875 2.6875 2.96875 1.90625 2.28125 2.15625 1.6875 1.8125 1.40625 2.0 2.9375 2.78125 1.5625 3.0 1.3125 2.65625 2.1875 1.78125 1.75 2.90625 1.8125 2.9375 2.25 2.53125 1.4375 3.0  
178 277.62304243020697 1.6875 1.1875 1.6666666666666667 1.7708333333333333 1.9791666666666667 1.7916666666666667 1.9791666666666667 1.2708333333333333 1.5208333333333333 1.4375 1.125 1.2083333333333333 0.9375 1.3333333333333333 1.9583333333333333 1.8541666666666667 1.0416666666666667 2.0 0.875 1.7708333333333333 1.4583333333333333 1.1875 1.1666666666666667 1.9375 1.2083333333333333 1.9583333333333333 1.5 1.6875 0.9583333333333334 2.0  
33 55.34021469841426 1.6875 1.1875 1.6666666666666667 1.7708333333333333 1.9791666666666667 1.7916666666666667 1.9791666666666667 1.2708333333333333 1.5208333333333333 1.4375 1.125 1.2083333333333333 0.9375 1.3333333333333333 1.9583333333333333 1.8541666666666667 1.0416666666666667 2.0 0.875 1.7708333333333333 1.4583333333333333 1.1875 1.1666666666666667 1.9375 1.2083333333333333 1.9583333333333333 1.5 1.6875 0.9583333333333334 2.0  
89 25.736183672420403 1.6875 1.1875 1.6666666666666667 1.7708333333333333 1.9791666666666667 1.7916666666666667 1.9791666666666667 1.2708333333333333 1.5208333333333333 1.4375 1.125 1.2083333333333333 0.9375 1.3333333333333333 1.9583333333333333 1.8541666666666667 1.0416666666666667 2.0 0.875 1.7708333333333333 1.4583333333333333 1.1875 1.1666666666666667 1.9375 1.2083333333333333 1.9583333333333333 1.5 1.6875 0.9583333333333334 2.0  
199 5.660470292330648 2.53125 1.78125 2.5 2.65625 2.96875 2.6875 2.96875 1.90625 2.28125 2.15625 1.6875 1.8125 1.40625 2.0 2.9375 2.78125 1.5625 3.0 1.3125 2.65625 2.1875 1.78125 1.75 2.90625 1.8125 2.9375 2.25 2.53125 1.4375 3.0  
57 176.85871314687512 1.6875 1.1875 1.6666666666666667 1.7708333333333333 1.9791666666666667 1.7916666666666667 1.9791666666666667 1.2708333333333333 1.5208333333333333 1.4375 1.125 1.2083333333333333 0.9375 1.3333333333333333 1.9583333333333333 1.8541666666666667 1.0416666666666667 2.0 0.875 1.7708333333333333 1.4583333333333333 1.1875 1.1666666666666667 1.9375 1.2083333333333333 1.9583333333333333 1.5 1.6875 0.9583333333333334 2.0  
138 377.12971184111643 2.53125 1.78125 2.5 2.65625 2.96875 2.6875 2.96875 1.90625 2.28125 2.15625 1.6875 1.8125 1.40625 2.0 2.9375 2.78125 1.5625 3.0 1.3125 2.65625 2.1875 1.78125 1.75 2.90625 1.8125 2.9375 2.25 2.53125 1.4375 3.0  
92 203.08165016279386 2.53125 1.78125 2.5 2.65625 2.96875 2.6875 2.96875 1.90625 2.28125 2.15625 1.6875 1.8125 1.40625 2.0 2.9375 2.78125 1.5625 3.0 1.3125 2.65625 2.1875 1.78125 1.75 2.90625 1.8125 2.9375 2.25 2.53125 1.4375 3.0  
58 324.34897678668614 1.6875 1.1875 1.6666666666666667 1.7708333333333333 1.9791666666666667 1.7916666666666667 1.9791666666666667 1.2708333333333333 1.5208333333333333 1.4375 1.125 1.2083333333333333 0.9375 1.3333333333333333 1.9583333333333333 1.8541666666666667 1.0416666666666667 2.0 0.875 1.7708333333333333 1.4583333333333333 1.1875 1.1666666666666667 1.9375 1.2083333333333333 1.9583333333333333 1.5 1.6875 0.9583333333333334 2.0  
38 17.899984877666427 2.53125 1.78125 2.5 2.65625 2.96875 2.6875 2.96875 1.90625 2.28125 2.15625 1.6875 1.8125 1.40625 2.0 2.9375 2.78125 1.5625 3.0 1.3125 2.65625 2.1875 1.78125 1.75 2.90625 1.8125 2.9375 2.25 2.53125 1.4375 3.0  
190 51.599209112948635 2.53125 1.78125 2.5 2.65625 2.96875 2.6875 2.96875 1.90625 2.28125 2.15625 1.6875 1.8125 1.40625 2.0 2.9375 2.78125 1.5625 3.0 1.3125 2.65625 2.1875 1.78125 1.75 2.90625 1.8125 2.9375 2.25 2.53125 1.4375 3.0  
36 270.1439716441347 1.6875 1.1875 1.6666666666666667 1.7708333333333333 1.9791666666666667 1.7916666666666667 1.9791666666666667 1.2708333333333333 1.5208333333333333 1.4375 1.125 1.2083333333333333 0.9375 1.3333333333333333 1.9583333333333333 1.8541666666666667 1.0416666666666667 2.0 0.875 1.7708333333333333 1.4583333333333333 1.1875 1.1666666666666667 1.9375 1.2083333333333333 1.9583333333333333 1.5 1.6875 0.9583333333333334 2.0  
132 346.95974662212643 2.53125 1.78125 2.5 2.65625 2.96875 2.6875 2.96875 1.90625 2.28125 2.15625 1.6875 1.8125 1.40625 2.0 2.9375 2.78125 1.5625 3.0 1.3125 2.65625 2.1875 1.78125 1.75 2.90625 1.8125 2.9375 2.25 2.53125 1.4375 3.0  
46 244.76811075044995 1.6875 1.1875 1.6666666666666667 1.7708333333333333 1.9791666666666667 1.7916666666666667 1.9791666666666667 1.2708333333333333 1.5208333333333333 1.4375 1.125 1.2083333333333333 0.9375 1.3333333333333333 1.9583333333333333 1.8541666666666667 1.0416666666666667 2.0 0.875 1.7708333333333333 1.4583333333333333 1.1875 1.1666666666666667 1.9375 1.2083333333333333 1.9583333333333333 1.5 1.6875 0.9583333333333334 2.0  
195 38.50007074247857 1.6875 1.1875 1.6666666666666667 1.7708333333333333 1.9791666666666667 1.7916666666666667 1.9791666666666667 1.2708333333333333 1.5208333333333333 1.4375 1.125 1.2083333333333333 0.9375 1.3333333333333333 1.9583333333333333 1.8541666666666667 1.0416666666666667 2.0 0.875 1.7708333333333333 1.4583333333333333 1.1875 1.1666666666666667 1.9375 1.2083333333333333 1.9583333333333333 1.5 1.6875 0.9583333333333334 2.0  
85 129.64087772032153 1.6875 1.1875 1.6666666666666667 1.7708333333333333 1.9791666666666667 1.7916666666666667 1.9791666666666667 1.2708333333333333 1.5208333333333333 1.4375 1.125 1.2083333333333333 0.9375 1.3333333333333333 1.9583333333333333 1.8541666666666667 1.0416666666666667 2.0 0.875 1.7708333333333333 1.4583333333333333 1.1875 1.1666666666666667 1.9375 1.2083333333333333 1.9583333333333333 1.5 1.6875 0.9583333333333334 2.0  
135 105.5374796272747 1.6875 1.1875 1.6666666666666667 1.7708333333333333 1.9791666666666667 1.7916666666666667 1.9791666666666667 1.2708333333333333 1.5208333333333333 1.4375 1.125 1.2083333333333333 0.9375 1.3333333333333333 1.9583333333333333 1.8541666666666667 1.0416666666666667 2.0 0.875 1.7708333333333333 1.4583333333333333 1.1875 1.1666666666666667 1.9375 1.2083333333333333 1.9583333333333333 1.5 1.6875 0.9583333333333334 2.0  
90 71.18448498419812 2.53125 1.78125 2.5 2.65625 2.96875 2.6875 2.96875 1.90625 2.28125 2.15625 1.6875 1.8125 1.40625 2.0 2.9375 2.78125 1.5625 3.0 1.3125 2.65625 2.1875 1.78125 1.75 2.90625 1.8125 2.9375 2.25 2.53125 1.4375 3.0  
9 247.57272626760175 2.53125 1.78125 2.5 2.65625 2.96875 2.6875 2.96875 1.90625 2.28125 2.15625 1.6875 1.8125 1.40625 2.0 2.9375 2.78125 1.5625 3.0 1.3125 2.65625 2.1875 1.78125 1.75 2.90625 1.8125 2.9375 2.25 2.53125 1.4375 3.0  
157 214.18927471682423 1.6875 1.1875 1.6666666666666667 1.7708333333333333 1.9791666666666667 1.7916666666666667 1.9791666666666667 1.2708333333333333 1.5208333333333333 1.4375 1.125 1.2083333333333333 0.9375 1.3333333333333333 1.9583333333333333 1.8541666666666667 1.0416666666666667 2.0 0.875 1.7708333333333333 1.4583333333333333 1.1875 1.1666666666666667 1.9375 1.2083333333333333 1.9583333333333333 1.5 1.6875 0.9583333333333334 2.0  
173 164.6826797836577 1.6875 1.1875 1.6666666666666667 1.7708333333333333 1.9791666666666667 1.7916666666666667 1.9791666666666667 1.2708333333333333 1.5208333333333333 1.4375 1.125 1.2083333333333333 0.9375 1.3333333333333333 1.9583333333333333 1.8541666666666667 1.0416666666666667 2.0 0.875 1.7708333333333333 1.4583333333333333 1.1875 1.1666666666666667 1.9375 1.2083333333333333 1.9583333333333333 1.5 1.6875 0.9583333333333334 2.0  
64 198.89738298994035 1.6875 1.1875 1.6666666666666667 1.7708333333333333 1.9791666666666667 1.7916666666666667 1.9791666666666667 1.2708333333333333 1.5208333333333333 1.4375 1.125 1.2083333333333333 0.9375 1.3333333333333333 1.9583333333333333 1.8541666666666667 1.0416666666666667 2.0 0.875 1.7708333333333333 1.4583333333333333 1.1875 1.1666666666666667 1.9375 1.2083333333333333 1.9583333333333333 1.5 1.6875 0.9583333333333334 2.0  
191 90.69681800996625 2.53125 1.78125 2.5 2.65625 2.96875 2.6875 2.96875 1.90625 2.28125 2.15625 1.6875 1.8125 1.40625 2.0 2.9375 2.78125 1.5625 3.0 1.3125 2.65625 2.1875 1.78125 1.75 2.90625 1.8125 2.9375 2.25 2.53125 1.4375 3.0  
189 53.249965749042104 1.6875 1.1875 1.6666666666666667 1.7708333333333333 1.9791666666666667 1.7916666666666667 1.9791666666666667 1.2708333333333333 1.5208333333333333 1.4375 1.125 1.2083333333333333 0.9375 1.3333333333333333 1.9583333333333333 1.8541666666666667 1.0416666666666667 2.0 0.875 1.7708333333333333 1.4583333333333333 1.1875 1.1666666666666667 1.9375 1.2083333333333333 1.9583333333333333 1.5 1.6875 0.9583333333333334 2.0  
161 63.58199145588671 2.53125 1.78125 2.5 2.65625 2.96875 2.6875 2.96875 1.90625 2.28125 2.15625 1.6875 1.8125 1.40625 2.0 2.9375 2.78125 1.5625 3.0 1.3125 2.65625 2.1875 1.78125 1.75 2.90625 1.8125 2.9375 2.25 2.53125 1.4375 3.0  
106 23.927957113455225 2.53125 1.78125 2.5 2.65625 2.96875 2.6875 2.96875 1.90625 2.28125 2.15625 1.6875 1.8125 1.40625 2.0 2.9375 2.78125 1.5625 3.0 1.3125 2.65625 2.1875 1.78125 1.75 2.90625 1.8125 2.9375 2.25 2.53125 1.4375 3.0  
19 176.3601083615307 2.53125 1.78125 2.5 2.65625 2.96875 2.6875 2.96875 1.90625 2.28125 2.15625 1.6875 1.8125 1.40625 2.0 2.9375 2.78125 1.5625 3.0 1.3125 2.65625 2.1875 1.78125 1.75 2.90625 1.8125 2.9375 2.25 2.53125 1.4375 3.0  
193 92.61523379618205 1.6875 1.1875 1.6666666666666667 1.7708333333333333 1.9791666666666667 1.7916666666666667 1.9791666666666667 1.2708333333333333 1.5208333333333333 1.4375 1.125 1.2083333333333333 0.9375 1.3333333333333333 1.9583333333333333 1.8541666666666667 1.0416666666666667 2.0 0.875 1.7708333333333333 1.4583333333333333 1.1875 1.1666666666666667 1.9375 1.2083333333333333 1.9583333333333333 1.5 1.6875 0.9583333333333334 2.0  
26 104.56077026994909 2.53125 1.78125 2.5 2.65625 2.96875 2.6875 2.96875 1.90625 2.28125 2.15625 1.6875 1.8125 1.40625 2.0 2.9375 2.78125 1.5625 3.0 1.3125 2.65625 2.1875 1.78125 1.75 2.90625 1.8125 2.9375 2.25 2.53125 1.4375 3.0  
164 79.18548049657589 2.53125 1.78125 2.5 2.65625 2.96875 2.6875 2.96875 1.90625 2.28125 2.15625 1.6875 1.8125 1.40625 2.0 2.9375 2.78125 1.5625 3.0 1.3125 2.65625 2.1875 1.78125 1.75 2.90625 1.8125 2.9375 2.25 2.53125 1.4375 3.0  
23 187.88301140211354 1.6875 1.1875 1.6666666666666667 1.7708333333333333 1.9791666666666667 1.7916666666666667 1.9791666666666667 1.2708333333333333 1.5208333333333333 1.4375 1.125 1.2083333333333333 0.9375 1.3333333333333333 1.9583333333333333 1.8541666666666667 1.0416666666666667 2.0 0.875 1.7708333333333333 1.4583333333333333 1.1875 1.1666666666666667 1.9375 1.2083333333333333 1.9583333333333333 1.5 1.6875 0.9583333333333334 2.0  
117 763.1912486360187 2.53125 1.78125 2.5 2.65625 2.96875 2.6875 2.96875 1.90625 2.28125 2.15625 1.6875 1.8125 1.40625 2.0 2.9375 2.78125 1.5625 3.0 1.3125 2.65625 2.1875 1.78125 1.75 2.90625 1.8125 2.9375 2.25 2.53125 1.4375 3.0  
93 334.41925206663353 2.53125 1.78125 2.5 2.65625 2.96875 2.6875 2.96875 1.90625 2.28125 2.15625 1.6875 1.8125 1.40625 2.0 2.9375 2.78125 1.5625 3.0 1.3125 2.65625 2.1875 1.78125 1.75 2.90625 1.8125 2.9375 2.25 2.53125 1.4375 3.0  
78 86.91662855596167 2.53125 1.78125 2.5 2.65625 2.96875 2.6875 2.96875 1.90625 2.28125 2.15625 1.6875 1.8125 1.40625 2.0 2.9375 2.78125 1.5625 3.0 1.3125 2.65625 2.1875 1.78125 1.75 2.90625 1.8125 2.9375 2.25 2.53125 1.4375 3.0  
88 147.80897752967743 1.6875 1.1875 1.6666666666666667 1.7708333333333333 1.9791666666666667 1.7916666666666667 1.9791666666666667 1.2708333333333333 1.5208333333333333 1.4375 1.125 1.2083333333333333 0.9375 1.3333333333333333 1.9583333333333333 1.8541666666666667 1.0416666666666667 2.0 0.875 1.7708333333333333 1.4583333333333333 1.1875 1.1666666666666667 1.9375 1.2083333333333333 1.9583333333333333 1.5 1.6875 0.9583333333333334 2.0  
25 48.72140141681234 1.6875 1.1875 1.6666666666666667 1.7708333333333333 1.9791666666666667 1.7916666666666667 1.9791666666666667 1.2708333333333333 1.5208333333333333 1.4375 1.125 1.2083333333333333 0.9375 1.3333333333333333 1.9583333333333333 1.8541666666666667 1.0416666666666667 2.0 0.875 1.7708333333333333 1.4583333333333333 1.1875 1.1666666666666667 1.9375 1.2083333333333333 1.9583333333333333 1.5 1.6875 0.9583333333333334 2.0  
176 362.411725899649 2.53125 1.78125 2.5 2.65625 2.96875 2.6875 2.96875 1.90625 2.28125 2.15625 1.6875 1.8125 1.40625 2.0 2.9375 2.78125 1.5625 3.0 1.3125 2.65625 2.1875 1.78125 1.75 2.90625 1.8125 2.9375 2.25 2.53125 1.4375 3.0  
75 183.799383594651 1.6875 1.1875 1.6666666666666667 1.7708333333333333 1.9791666666666667 1.7916666666666667 1.9791666666666667 1.2708333333333333 1.5208333333333333 1.4375 1.125 1.2083333333333333 0.9375 1.3333333333333333 1.9583333333333333 1.8541666666666667 1.0416666666666667 2.0 0.875 1.7708333333333333 1.4583333333333333 1.1875 1.1666666666666667 1.9375 1.2083333333333333 1.9583333333333333 1.5 1.6875 0.9583333333333334 2.0  
34 85.83184503972262 1.6875 1.1875 1.6666666666666667 1.7708333333333333 1.9791666666666667 1.7916666666666667 1.9791666666666667 1.2708333333333333 1.5208333333333333 1.4375 1.125 1.2083333333333333 0.9375 1.3333333333333333 1.9583333333333333 1.8541666666666667 1.0416666666666667 2.0 0.875 1.7708333333333333 1.4583333333333333 1.1875 1.1666666666666667 1.9375 1.2083333333333333 1.9583333333333333 1.5 1.6875 0.9583333333333334 2.0  
123 468.10026971849396 1.6875 1.1875 1.6666666666666667 1.7708333333333333 1.9791666666666667 1.7916666666666667 1.9791666666666667 1.2708333333333333 1.5208333333333333 1.4375 1.125 1.2083333333333333 0.9375 1.3333333333333333 1.9583333333333333 1.8541666666666667 1.0416666666666667 2.0 0.875 1.7708333333333333 1.4583333333333333 1.1875 1.1666666666666667 1.9375 1.2083333333333333 1.9583333333333333 1.5 1.6875 0.9583333333333334 2.0  
163 757.0 1.6875 1.1875 1.6666666666666667 1.7708333333333333 1.9791666666666667 1.7916666666666667 1.9791666666666667 1.2708333333333333 1.5208333333333333 1.4375 1.125 1.2083333333333333 0.9375 1.3333333333333333 1.9583333333333333 1.8541666666666667 1.0416666666666667 2.0 0.875 1.7708333333333333 1.4583333333333333 1.1875 1.1666666666666667 1.9375 1.2083333333333333 1.9583333333333333 1.5 1.6875 0.9583333333333334 2.0  
69 256.256182692284 1.6875 1.1875 1.6666666666666667 1.7708333333333333 1.9791666666666667 1.7916666666666667 1.9791666666666667 1.2708333333333333 1.5208333333333333 1.4375 1.125 1.2083333333333333 0.9375 1.3333333333333333 1.9583333333333333 1.8541666666666667 1.0416666666666667 2.0 0.875 1.7708333333333333 1.4583333333333333 1.1875 1.1666666666666667 1.9375 1.2083333333333333 1.9583333333333333 1.5 1.6875 0.9583333333333334 2.0  
