160 30
TREE NETWORK (nID nID Weight):
1 0 36.0 
2 1 38.0 
3 2 58.0 
40 2 57.0 
4 3 42.0 
118 0 45.0 
5 4 32.0 
119 118 50.0 
70 2 31.0 
22 4 40.0 
76 2 38.0 
139 0 50.0 
77 76 48.0 
148 0 59.0 
41 40 56.0 
101 1 54.0 
149 148 34.0 
42 41 44.0 
48 41 41.0 
71 70 33.0 
140 139 49.0 
72 71 54.0 
150 149 41.0 
120 119 39.0 
25 4 51.0 
122 119 33.0 
6 5 59.0 
123 122 39.0 
91 2 38.0 
59 41 56.0 
113 1 44.0 
124 123 48.0 
31 3 34.0 
102 101 37.0 
68 40 51.0 
92 91 59.0 
141 140 30.0 
114 113 31.0 
86 76 46.0 
7 6 31.0 
130 118 49.0 
106 101 44.0 
23 22 53.0 
75 70 52.0 
8 6 39.0 
26 25 43.0 
14 5 49.0 
32 31 41.0 
49 48 52.0 
33 32 33.0 
62 41 55.0 
52 48 33.0 
95 91 56.0 
127 119 50.0 
107 106 57.0 
15 14 42.0 
97 91 50.0 
17 5 40.0 
34 33 47.0 
156 0 54.0 
99 2 43.0 
143 139 49.0 
108 107 50.0 
63 41 47.0 
43 42 51.0 
78 77 35.0 
64 63 51.0 
29 25 30.0 
131 130 40.0 
152 148 31.0 
44 42 50.0 
116 1 42.0 
151 150 51.0 
153 152 56.0 
18 17 56.0 
128 127 57.0 
132 131 44.0 
87 76 51.0 
88 87 42.0 
84 77 44.0 
16 14 40.0 
93 92 57.0 
19 18 46.0 
157 0 57.0 
145 139 40.0 
53 52 30.0 
57 48 40.0 
45 44 38.0 
79 78 52.0 
135 130 35.0 
20 5 43.0 
46 45 33.0 
133 131 32.0 
136 118 35.0 
100 2 37.0 
94 93 43.0 
60 59 40.0 
35 34 32.0 
126 122 30.0 
37 3 33.0 
121 120 33.0 
47 46 50.0 
66 63 50.0 
115 114 52.0 
103 102 54.0 
50 49 39.0 
51 49 31.0 
67 63 31.0 
98 91 59.0 
142 141 41.0 
54 53 33.0 
83 78 43.0 
38 3 58.0 
109 107 53.0 
27 26 54.0 
85 77 43.0 
80 79 36.0 
10 6 46.0 
55 53 50.0 
158 157 44.0 
82 79 43.0 
129 127 52.0 
21 5 43.0 
65 64 30.0 
11 10 50.0 
144 143 40.0 
81 80 35.0 
110 107 55.0 
137 118 37.0 
105 102 56.0 
117 1 35.0 
24 22 59.0 
111 110 43.0 
56 55 31.0 
146 145 51.0 
155 152 52.0 
96 95 50.0 
69 40 41.0 
28 27 50.0 
138 118 58.0 
73 72 47.0 
89 88 37.0 
58 57 45.0 
61 59 57.0 
134 131 54.0 
30 25 53.0 
12 11 59.0 
90 87 51.0 
147 146 32.0 
13 12 45.0 
112 101 57.0 
154 153 55.0 
74 71 54.0 
9 8 46.0 
39 3 37.0 
125 123 43.0 
159 157 54.0 
104 103 47.0 
36 32 36.0 
PROGRAMS ASSIGNED TO NODES (nID pID1 pID2 ...):
0 1 2 3 4 5 6 7 8 9 10 11 12 13 14 15 16 17 18 19 20 21 22 23 24 25 26 27 28 29 30  
72 1 2 3 4 5 6 7 8 9 10 12 13 14 15 16 17 18 21 22 23 24 26 27 29  
137 2 3 6 7 9 10 12 14 17 18 19 21 22 25 26 27 28 29  
18 2 3 4 5 10 11 12 13 14 17 20 22 23 26 27  
80 1 2 3 4 5 7 8 9 10 11 12 13 14 15 18 19 20 21 22 24 25 26 27 29 30  
31 1 4 5 7 8 9 10 12 15 18 19 21 23 24 25 26 29  
128 1 2 3 4 6 7 9 11 12 15 16 17 19 21 23 24 25 26 27 29 30  
108 1 2 5 6 8 11 12 13 14 15 19 20 21 22 25 28 29 30  
145 2 4 6 8 11 17 19 22 24 30  
46 1 2 3 4 5 7 10 13 14 18 24 25 26 27  
131 1 2 3 4 5 6 7 8 9 13 15 16 17 19 20 21 23 24 25 26 27 28 29 30  
100 2 5 7 10 11 13 14 24 28  
24 5 9 21 26  
129 1 2 4 5 6 7 8 9 10 14 15 16 17 18 19 21 22 23 24 25 26 27 28 29 30  
87 1 4 5 8 9 15 17 18 26 28  
138 2 3 6 8 11 12 28 29  
77 1 4 5 9 12 14 15 16 17 18 19 20 22 23 27 29 30  
105 2 6 7 8 13 14 16 18 19 26 28 29  
92  
49 1 2 3 4 5 6 7 8 9 10 11 13 14 17 18 19 20 21 22 23 24 25 26 27 28 29 30  
34 1 13 28  
60 1 2 4 6 7 10 11 13 14 16 18 19 20 21 24 25 26 27 28 29  
73 1 2 9 14 15 16 18 20 26 28  
62 3 4 9 11 16 22 24 29  
58 1 2 3 4 5 6 7 9 10 11 12 13 14 15 16 17 18 19 20 21 22 23 26 27 28 29 30  
1 1 2 3 4 5 6 7 8 9 10 11 12 13 14 15 16 17 18 19 20 21 22 23 24 25 26 27 28 29  
127 1 2 3 4 5 6 7 8 9 10 11 12 13 14 15 16 17 18 19 20 21 22 24 25 26 27 28 29 30  
134 2 6 8 10 13 15 18 19 24 25 27 28 29 30  
147 5 14 15 18 22 23 26  
135  
65 1 2 3 6 7 8 9 10 14 15 16 18 20 21 23 24 25 26 27 28 30  
133 1 2 3 4 5 6 7 8 9 10 11 12 13 15 16 17 18 19 20 21 22 23 24 25 26 27 28 29 30  
125 3 4 8 11 17 19 20 28  
50 1 2 3 4 5 6 7 8 10 11 12 13 14 15 16 18 19 20 21 22 23 24 25 26 27 28 29  
66 1 2 3 4 5 6 8 9 10 11 12 13 14 15 16 18 19 20 22 23 24 25 26 27 28 30  
155 1 3 5 9 10 11 12 14 17 20 21 22 23 24 25 26 27 28 29 30  
26 5 7 9 15 18 21 25 26 27 29 30  
44 1 2 3 4 5 6 7 8 9 10 11 12 13 14 15 16 17 18 19 22 23 24 25 26 27 28 29 30  
91 3 11 13 14 18 22 24 25 27 30  
82 1 2 5 9 10 12 13 14 16 17 19 20 21 22 23 24 25 27 29 30  
148 1 4 8 9 10 14 15 17 19 28  
118 16 18 28  
37 2 3 4 5 8 11 15 17 18 19 21 22 24 25 27  
98 1 2 3 4 6 7 8 9 10 11 12 13 14 15 16 17 18 19 20 21 22 24 25 26 27 28 29 30  
20 1 2 3 4 5 6 7 8 9 10 11 12 13 14 15 16 17 18 19 20 21 23 24 25 26 27 28 29 30  
150  
153 2 3 4 5 6 7 9 10 11 12 14 15 16 17 18 19 20 21 22 23 24 25 27 29 30  
132 3 6 10 17 21 23  
106 6 10 12 13 16 17 18 22 23 24 26  
51 13 15 16 26  
28 1 4 5 6 8 9 10 11 13 14 16 22 23 26 27 28 29 30  
146 1 3 4 5 6 7 8 9 10 11 12 13 14 15 16 17 18 19 21 22 23 24 25 26 29 30  
56 1 6 8 15 16 20 21 22 24 25 27 29 30  
12 3 8 11 23 26 30  
63 3 4 6 9 13 16 17 23 24 27 28  
32 1 3 12 15 21 24 25 27 28 29  
119 1 2 4 5 6 8 9 10 11 12 13 14 15 16 18 19 20 22 23 26 27 28  
140 2 3 4 5 6 7 8 9 10 12 13 14 15 16 17 18 20 22 23 24 25 26 27 28 29 30  
19 2 3 4 5 6 8 9 11 12 13 14 15 16 17 18 19 20 21 22 24 25 26 28 29 30  
151 1 2 3 4 5 6 8 9 10 11 12 13 14 15 16 17 18 19 20 21 22 23 25 26 27 28 29  
69 1 2 3 4 6 7 8 9 10 11 12 13 14 16 17 18 19 20 21 22 23 25 26 27 28 29 30  
79 1 6 14 16 18 25 29  
47 1 2 3 5 6 7 8 9 10 11 12 13 14 15 16 17 18 19 20 21 22 23 24 25 26 27 28 29 30  
123 1 2 4 5 7 8 9 10 12 13 14 18 19 23 25 28 29  
61 3 22 23 26  
88 5 7 12 19 20 23 25  
101 2 3 5 6 7 8 10 15 16 18 19 20 21 23 24 26 27 28 29 30  
120 1 2 3 4 5 6 7 8 9 10 11 12 13 14 16 17 18 19 20 21 22 23 24 25 26 27 28 29 30  
152 1 2 5 6 7 11 13 16 18 20 22 27  
141 1 2 3 4 5 7 8 9 10 11 12 13 14 17 18 20 21 23 24 25 26 27 28 29 30  
139 12 29  
5 4 5 8 11 12 13 28  
14 1 5 17 23 28  
10 1 2 3 5 6 7 8 9 11 12 13 14 16 17 18 20 21 22 23 24 25 26 27 28 29 30  
45 1 2 3 4 5 6 7 8 9 10 11 12 13 15 16 17 18 19 20 21 22 23 24 25 26 27 28 29 30  
97 2 4 5 6 7 9 10 12 13 16 17 19 20 21 22 25 26 27 28 30  
159 1 2 3 4 5 6 7 8 9 10 11 12 13 14 15 16 17 18 20 21 22 23 24 25 26 27 28 29 30  
41 1 2 3 4 5 6 7 8 9 10 14 15 17 19 20 21 22 23 24 25 27 28 29 30  
29 8 11 14 19 25 30  
96 3 4 5 7 8 9 14 15 19 20 21 22 24 25 26 27 28 29  
111 1 3 4 5 7 9 18 19 23 24  
21 21  
68 3 4 5 7 11 12 13 14 15 16 17 18 19 20 23 26 27 28 30  
16 2 3 4 5 6 7 11 12 13 16 17 18 19 22 24 25 27 29 30  
109 1 2 4 5 6 8 12 13 14 15 16 22 23 25 29  
156 2 3 4 5 6 8 9 10 11 12 13 14 15 16 17 18 19 20 21 23 24 25 26 28  
23 3 8 13 15 17 19 21 22 25 28 29 30  
35 1 2 3 4 5 6 7 8 10 12 13 14 15 16 18 19 20 22 24 25 26 28 29 30  
3 1 2 3 4 5 6 7 8 9 10 11 13 14 15 16 17 18 19 20 21 22 26 27 29 30  
6  
81 1 2 3 4 5 6 7 8 9 10 11 12 13 14 15 17 18 19 20 21 22 23 24 25 26 27 28 29 30  
74 4 8 12 15 19 20 21 24 30  
59 1 2 3 4 5 6 7 8 9 11 12 13 14 15 17 18 19 20 21 22 23 24 25 26 27 28 29 30  
9  
67 2 3 5 6 7 8 9 11 12 13 14 15 16 19 22 23 24 26 27 28 29  
114 2 19 26 28  
25 7 10 19 22  
90 1 3 13 16 17 18 20 26  
75 2 3 19 22 27  
107 1 2 3 4 6 7 9 10 13 15 19 20 21 26 29 30  
27 8 22 26 27  
78 1 3 5 7 9 14 15 17 19 20 21 26 28 29 30  
64 1 2 3 4 5 6 7 8 9 10 11 12 13 14 15 16 17 18 19 20 21 22 23 25 26 27 28 29  
94 1 4 5 6 8 14 19 22 24 26  
136 1 2 3 4 6 7 9 10 12 13 14 15 16 17 18 19 20 21 22 23 24 25 26 27 28 29 30  
104 1 2 3 4 5 6 7 9 10 11 13 14 15 16 18 20 22 24 25 26 27 28 29 30  
115 6 7 9 10 11 14 17 23 27 28  
11 1 2 3 4 5 8 10 13 18 29 30  
30 13 14 21 22 23 24 29  
39 3 5 8 16 27 29  
38 15  
2 1 2 3 5 6 7 8 9 10 13 14 15 16 19 22 23 24 27 29  
130 1 2 3 4 5 7 8 9 10 11 12 14 15 16 17 18 21 22 23 24 25 27 28 29 30  
71 1 5 7 9 11 12 13 15 19 21 23 24 25 27 28 30  
33  
144 1 2 3 4 5 7 9 11 12 13 14 15 16 17 19 20 21 22 23 25 26 27 28 29 30  
143  
84 1 2 5 7 8 9 10 11 15 16 19 20 21 23 25  
93 1 2 3 4 5 6 7 9 11 14 20 22 23 24 25 26 27 28 30  
13 1 3 4 7 8 9 11 13 15 17 18 19 20 23 24 26 28  
15 3 11 15 17 18 20 21 25 28 29  
22 1 5 8 9 10 11 13 22 24 29  
116 1 2 4 5 7 8 9 10 11 12 13 15 17 18 19 20 23 25 27 28 29  
48 1 2 3 5 6 7 8 9 10 11 12 13 14 15 16 17 20 21 22 23 25 26 27 28 29 30  
154 3 10 11 19 22 26  
124 1 2 3 4 5 9 10 11 12 13 14 16 17 18 21 23 24 26 27 28 29 30  
126 2 5 10 14 20 24 25 26 30  
70 3 6 9 10 12 13 14 16 19 20 21 22 24 26 27 29  
43 1 2 3 4 5 6 7 9 10 11 12 13 14 15 17 18 19 20 21 22 23 24 25 26 27 28 29 30  
89 1 3 4 5 6 10 12 13 14 18 19 28  
102 5 6 7 9 11 12 13 15 16 18 19 21 24 25  
53 1 3 4 5 6 7 8 9 10 11 14 15 16 17 18 19 21 22 23 24 25 26 27 29  
83 23 24 25 26  
36 1 3 4 5 6 9 10 11 14 15 16 18 19 20 21 23 24 27 28 29  
42 8 9 13 19 23 25 27  
121 1 2 3 4 5 6 8 9 10 12 14 15 16 18 19 21 22 24 25 28 29 30  
8 1 11 17 24 26 29  
113 1 2 3 4 5 6 7 9 10 11 12 13 14 15 17 18 19 20 24 28 29 30  
57 4 7 13 16 18 20 26  
54 7 9 12 14 15 17 19 21 22 24 25 28 29 30  
55 23  
4 2 3 7 8 10 11 12 14 16 17 18 20 22 27  
157 2 3 4 5 6 8 9 10 11 12 13 14 15 16 18 19 20 21 22 26 28 29  
112 5 8 9 11 16 18 19 22 23 24 27  
99 2 5 15 29  
86 2 6 11 15 19 20 21 22 25 29 30  
117 1 2 3 4 5 6 7 8 9 10 11 12 13 14 15 16 17 18 20 21 22 24 25 26 27 28 29 30  
17 1 2 3 4 6 10 13 15 16 17 20 21 22 23 26 27  
103 1 2 3 4 5 6 7 8 9 10 11 12 13 15 16 17 18 19 20 21 22 23 24 25 26 27 28 29 30  
52 11 14 19 20 22 25 26  
95 1 2 5 7 10 12 14 15 17 18 20 23 24 25  
40 1 2 3 4 5 6 7 8 9 10 11 12 13 14 15 16 17 18 20 21 22 23 24 25 26 27 28 29 30  
110 3 10 12 26 27 28  
149 1 2 4 5 7 8 9 11 12 14 15 16 17 18 19 20 23 25 26 28 29 30  
122 1 2 6 13 17 25 30  
7 3 8 12 17 19 20 22 25  
76 1 2 3 4 5 6 7 8 9 10 11 12 13 14 16 17 18 21 22 23 24 25 26 28 29 30  
85  
158 1 4 5 6 9 10 11 12 13 14 15 16 17 18 19 20 21 24 25 26 27 29 30  
142 1 4 5 7 8 9 11 12 13 14 17 18 19 20 21 22 24 25 26 27 28 29 30  
SIZE OF PROGRAMS (pID SIZE):
1 42.0 
2 50.0 
3 43.0 
4 45.0 
5 92.0 
6 71.0 
7 71.0 
8 93.0 
9 64.0 
10 47.0 
11 96.0 
12 46.0 
13 65.0 
14 78.0 
15 83.0 
16 54.0 
17 85.0 
18 91.0 
19 49.0 
20 59.0 
21 42.0 
22 93.0 
23 51.0 
24 93.0 
25 48.0 
26 46.0 
27 44.0 
28 51.0 
29 55.0 
30 64.0 
COST_INSTALL_SERVER_AND_PROGRAMS :
0 4981.25 0.875 1.0416666666666667 0.8958333333333334 0.9375 1.9166666666666667 1.4791666666666667 1.4791666666666667 1.9375 1.3333333333333333 0.9791666666666666 2.0 0.9583333333333334 1.3541666666666667 1.625 1.7291666666666667 1.125 1.7708333333333333 1.8958333333333333 1.0208333333333333 1.2291666666666667 0.875 1.9375 1.0625 1.9375 1.0 0.9583333333333334 0.9166666666666666 1.0625 1.1458333333333333 1.3333333333333333  
72 256.6587919186094 0.875 1.0416666666666667 0.8958333333333334 0.9375 1.9166666666666667 1.4791666666666667 1.4791666666666667 1.9375 1.3333333333333333 0.9791666666666666 2.0 0.9583333333333334 1.3541666666666667 1.625 1.7291666666666667 1.125 1.7708333333333333 1.8958333333333333 1.0208333333333333 1.2291666666666667 0.875 1.9375 1.0625 1.9375 1.0 0.9583333333333334 0.9166666666666666 1.0625 1.1458333333333333 1.3333333333333333  
137 55.45213572574022 0.875 1.0416666666666667 0.8958333333333334 0.9375 1.9166666666666667 1.4791666666666667 1.4791666666666667 1.9375 1.3333333333333333 0.9791666666666666 2.0 0.9583333333333334 1.3541666666666667 1.625 1.7291666666666667 1.125 1.7708333333333333 1.8958333333333333 1.0208333333333333 1.2291666666666667 0.875 1.9375 1.0625 1.9375 1.0 0.9583333333333334 0.9166666666666666 1.0625 1.1458333333333333 1.3333333333333333  
18 388.59067926292227 0.875 1.0416666666666667 0.8958333333333334 0.9375 1.9166666666666667 1.4791666666666667 1.4791666666666667 1.9375 1.3333333333333333 0.9791666666666666 2.0 0.9583333333333334 1.3541666666666667 1.625 1.7291666666666667 1.125 1.7708333333333333 1.8958333333333333 1.0208333333333333 1.2291666666666667 0.875 1.9375 1.0625 1.9375 1.0 0.9583333333333334 0.9166666666666666 1.0625 1.1458333333333333 1.3333333333333333  
80 239.1728187675647 1.3125 1.5625 1.34375 1.40625 2.875 2.21875 2.21875 2.90625 2.0 1.46875 3.0 1.4375 2.03125 2.4375 2.59375 1.6875 2.65625 2.84375 1.53125 1.84375 1.3125 2.90625 1.59375 2.90625 1.5 1.4375 1.375 1.59375 1.71875 2.0  
31 237.85313711316536 0.875 1.0416666666666667 0.8958333333333334 0.9375 1.9166666666666667 1.4791666666666667 1.4791666666666667 1.9375 1.3333333333333333 0.9791666666666666 2.0 0.9583333333333334 1.3541666666666667 1.625 1.7291666666666667 1.125 1.7708333333333333 1.8958333333333333 1.0208333333333333 1.2291666666666667 0.875 1.9375 1.0625 1.9375 1.0 0.9583333333333334 0.9166666666666666 1.0625 1.1458333333333333 1.3333333333333333  
128 160.45435416787961 0.875 1.0416666666666667 0.8958333333333334 0.9375 1.9166666666666667 1.4791666666666667 1.4791666666666667 1.9375 1.3333333333333333 0.9791666666666666 2.0 0.9583333333333334 1.3541666666666667 1.625 1.7291666666666667 1.125 1.7708333333333333 1.8958333333333333 1.0208333333333333 1.2291666666666667 0.875 1.9375 1.0625 1.9375 1.0 0.9583333333333334 0.9166666666666666 1.0625 1.1458333333333333 1.3333333333333333  
108 159.24313083486044 0.875 1.0416666666666667 0.8958333333333334 0.9375 1.9166666666666667 1.4791666666666667 1.4791666666666667 1.9375 1.3333333333333333 0.9791666666666666 2.0 0.9583333333333334 1.3541666666666667 1.625 1.7291666666666667 1.125 1.7708333333333333 1.8958333333333333 1.0208333333333333 1.2291666666666667 0.875 1.9375 1.0625 1.9375 1.0 0.9583333333333334 0.9166666666666666 1.0625 1.1458333333333333 1.3333333333333333  
145 61.97347242446516 1.3125 1.5625 1.34375 1.40625 2.875 2.21875 2.21875 2.90625 2.0 1.46875 3.0 1.4375 2.03125 2.4375 2.59375 1.6875 2.65625 2.84375 1.53125 1.84375 1.3125 2.90625 1.59375 2.90625 1.5 1.4375 1.375 1.59375 1.71875 2.0  
46 255.25253175936433 0.875 1.0416666666666667 0.8958333333333334 0.9375 1.9166666666666667 1.4791666666666667 1.4791666666666667 1.9375 1.3333333333333333 0.9791666666666666 2.0 0.9583333333333334 1.3541666666666667 1.625 1.7291666666666667 1.125 1.7708333333333333 1.8958333333333333 1.0208333333333333 1.2291666666666667 0.875 1.9375 1.0625 1.9375 1.0 0.9583333333333334 0.9166666666666666 1.0625 1.1458333333333333 1.3333333333333333  
131 175.59610215647734 0.875 1.0416666666666667 0.8958333333333334 0.9375 1.9166666666666667 1.4791666666666667 1.4791666666666667 1.9375 1.3333333333333333 0.9791666666666666 2.0 0.9583333333333334 1.3541666666666667 1.625 1.7291666666666667 1.125 1.7708333333333333 1.8958333333333333 1.0208333333333333 1.2291666666666667 0.875 1.9375 1.0625 1.9375 1.0 0.9583333333333334 0.9166666666666666 1.0625 1.1458333333333333 1.3333333333333333  
100 70.22042814520006 0.875 1.0416666666666667 0.8958333333333334 0.9375 1.9166666666666667 1.4791666666666667 1.4791666666666667 1.9375 1.3333333333333333 0.9791666666666666 2.0 0.9583333333333334 1.3541666666666667 1.625 1.7291666666666667 1.125 1.7708333333333333 1.8958333333333333 1.0208333333333333 1.2291666666666667 0.875 1.9375 1.0625 1.9375 1.0 0.9583333333333334 0.9166666666666666 1.0625 1.1458333333333333 1.3333333333333333  
24 25.602741228144122 1.3125 1.5625 1.34375 1.40625 2.875 2.21875 2.21875 2.90625 2.0 1.46875 3.0 1.4375 2.03125 2.4375 2.59375 1.6875 2.65625 2.84375 1.53125 1.84375 1.3125 2.90625 1.59375 2.90625 1.5 1.4375 1.375 1.59375 1.71875 2.0  
129 95.73592853139687 0.875 1.0416666666666667 0.8958333333333334 0.9375 1.9166666666666667 1.4791666666666667 1.4791666666666667 1.9375 1.3333333333333333 0.9791666666666666 2.0 0.9583333333333334 1.3541666666666667 1.625 1.7291666666666667 1.125 1.7708333333333333 1.8958333333333333 1.0208333333333333 1.2291666666666667 0.875 1.9375 1.0625 1.9375 1.0 0.9583333333333334 0.9166666666666666 1.0625 1.1458333333333333 1.3333333333333333  
87 229.49244986902303 0.875 1.0416666666666667 0.8958333333333334 0.9375 1.9166666666666667 1.4791666666666667 1.4791666666666667 1.9375 1.3333333333333333 0.9791666666666666 2.0 0.9583333333333334 1.3541666666666667 1.625 1.7291666666666667 1.125 1.7708333333333333 1.8958333333333333 1.0208333333333333 1.2291666666666667 0.875 1.9375 1.0625 1.9375 1.0 0.9583333333333334 0.9166666666666666 1.0625 1.1458333333333333 1.3333333333333333  
138 11.304552389601621 1.3125 1.5625 1.34375 1.40625 2.875 2.21875 2.21875 2.90625 2.0 1.46875 3.0 1.4375 2.03125 2.4375 2.59375 1.6875 2.65625 2.84375 1.53125 1.84375 1.3125 2.90625 1.59375 2.90625 1.5 1.4375 1.375 1.59375 1.71875 2.0  
77 174.60623403850676 0.875 1.0416666666666667 0.8958333333333334 0.9375 1.9166666666666667 1.4791666666666667 1.4791666666666667 1.9375 1.3333333333333333 0.9791666666666666 2.0 0.9583333333333334 1.3541666666666667 1.625 1.7291666666666667 1.125 1.7708333333333333 1.8958333333333333 1.0208333333333333 1.2291666666666667 0.875 1.9375 1.0625 1.9375 1.0 0.9583333333333334 0.9166666666666666 1.0625 1.1458333333333333 1.3333333333333333  
105 90.70174696757823 1.3125 1.5625 1.34375 1.40625 2.875 2.21875 2.21875 2.90625 2.0 1.46875 3.0 1.4375 2.03125 2.4375 2.59375 1.6875 2.65625 2.84375 1.53125 1.84375 1.3125 2.90625 1.59375 2.90625 1.5 1.4375 1.375 1.59375 1.71875 2.0  
92 129.40981902392005 1.3125 1.5625 1.34375 1.40625 2.875 2.21875 2.21875 2.90625 2.0 1.46875 3.0 1.4375 2.03125 2.4375 2.59375 1.6875 2.65625 2.84375 1.53125 1.84375 1.3125 2.90625 1.59375 2.90625 1.5 1.4375 1.375 1.59375 1.71875 2.0  
49 351.2937540883535 0.875 1.0416666666666667 0.8958333333333334 0.9375 1.9166666666666667 1.4791666666666667 1.4791666666666667 1.9375 1.3333333333333333 0.9791666666666666 2.0 0.9583333333333334 1.3541666666666667 1.625 1.7291666666666667 1.125 1.7708333333333333 1.8958333333333333 1.0208333333333333 1.2291666666666667 0.875 1.9375 1.0625 1.9375 1.0 0.9583333333333334 0.9166666666666666 1.0625 1.1458333333333333 1.3333333333333333  
34 369.38065825091707 0.875 1.0416666666666667 0.8958333333333334 0.9375 1.9166666666666667 1.4791666666666667 1.4791666666666667 1.9375 1.3333333333333333 0.9791666666666666 2.0 0.9583333333333334 1.3541666666666667 1.625 1.7291666666666667 1.125 1.7708333333333333 1.8958333333333333 1.0208333333333333 1.2291666666666667 0.875 1.9375 1.0625 1.9375 1.0 0.9583333333333334 0.9166666666666666 1.0625 1.1458333333333333 1.3333333333333333  
60 179.1497554908786 1.3125 1.5625 1.34375 1.40625 2.875 2.21875 2.21875 2.90625 2.0 1.46875 3.0 1.4375 2.03125 2.4375 2.59375 1.6875 2.65625 2.84375 1.53125 1.84375 1.3125 2.90625 1.59375 2.90625 1.5 1.4375 1.375 1.59375 1.71875 2.0  
73 97.74209331236602 1.3125 1.5625 1.34375 1.40625 2.875 2.21875 2.21875 2.90625 2.0 1.46875 3.0 1.4375 2.03125 2.4375 2.59375 1.6875 2.65625 2.84375 1.53125 1.84375 1.3125 2.90625 1.59375 2.90625 1.5 1.4375 1.375 1.59375 1.71875 2.0  
62 62.07756183233606 0.875 1.0416666666666667 0.8958333333333334 0.9375 1.9166666666666667 1.4791666666666667 1.4791666666666667 1.9375 1.3333333333333333 0.9791666666666666 2.0 0.9583333333333334 1.3541666666666667 1.625 1.7291666666666667 1.125 1.7708333333333333 1.8958333333333333 1.0208333333333333 1.2291666666666667 0.875 1.9375 1.0625 1.9375 1.0 0.9583333333333334 0.9166666666666666 1.0625 1.1458333333333333 1.3333333333333333  
58 197.72272459777085 0.875 1.0416666666666667 0.8958333333333334 0.9375 1.9166666666666667 1.4791666666666667 1.4791666666666667 1.9375 1.3333333333333333 0.9791666666666666 2.0 0.9583333333333334 1.3541666666666667 1.625 1.7291666666666667 1.125 1.7708333333333333 1.8958333333333333 1.0208333333333333 1.2291666666666667 0.875 1.9375 1.0625 1.9375 1.0 0.9583333333333334 0.9166666666666666 1.0625 1.1458333333333333 1.3333333333333333  
1 56.05909247551888 1.3125 1.5625 1.34375 1.40625 2.875 2.21875 2.21875 2.90625 2.0 1.46875 3.0 1.4375 2.03125 2.4375 2.59375 1.6875 2.65625 2.84375 1.53125 1.84375 1.3125 2.90625 1.59375 2.90625 1.5 1.4375 1.375 1.59375 1.71875 2.0  
127 178.2642499516342 1.3125 1.5625 1.34375 1.40625 2.875 2.21875 2.21875 2.90625 2.0 1.46875 3.0 1.4375 2.03125 2.4375 2.59375 1.6875 2.65625 2.84375 1.53125 1.84375 1.3125 2.90625 1.59375 2.90625 1.5 1.4375 1.375 1.59375 1.71875 2.0  
134 105.85537335215824 0.875 1.0416666666666667 0.8958333333333334 0.9375 1.9166666666666667 1.4791666666666667 1.4791666666666667 1.9375 1.3333333333333333 0.9791666666666666 2.0 0.9583333333333334 1.3541666666666667 1.625 1.7291666666666667 1.125 1.7708333333333333 1.8958333333333333 1.0208333333333333 1.2291666666666667 0.875 1.9375 1.0625 1.9375 1.0 0.9583333333333334 0.9166666666666666 1.0625 1.1458333333333333 1.3333333333333333  
147 35.43105872116186 0.875 1.0416666666666667 0.8958333333333334 0.9375 1.9166666666666667 1.4791666666666667 1.4791666666666667 1.9375 1.3333333333333333 0.9791666666666666 2.0 0.9583333333333334 1.3541666666666667 1.625 1.7291666666666667 1.125 1.7708333333333333 1.8958333333333333 1.0208333333333333 1.2291666666666667 0.875 1.9375 1.0625 1.9375 1.0 0.9583333333333334 0.9166666666666666 1.0625 1.1458333333333333 1.3333333333333333  
135 1077.0 0.875 1.0416666666666667 0.8958333333333334 0.9375 1.9166666666666667 1.4791666666666667 1.4791666666666667 1.9375 1.3333333333333333 0.9791666666666666 2.0 0.9583333333333334 1.3541666666666667 1.625 1.7291666666666667 1.125 1.7708333333333333 1.8958333333333333 1.0208333333333333 1.2291666666666667 0.875 1.9375 1.0625 1.9375 1.0 0.9583333333333334 0.9166666666666666 1.0625 1.1458333333333333 1.3333333333333333  
65 178.47875246529657 1.3125 1.5625 1.34375 1.40625 2.875 2.21875 2.21875 2.90625 2.0 1.46875 3.0 1.4375 2.03125 2.4375 2.59375 1.6875 2.65625 2.84375 1.53125 1.84375 1.3125 2.90625 1.59375 2.90625 1.5 1.4375 1.375 1.59375 1.71875 2.0  
133 242.76004037807834 0.875 1.0416666666666667 0.8958333333333334 0.9375 1.9166666666666667 1.4791666666666667 1.4791666666666667 1.9375 1.3333333333333333 0.9791666666666666 2.0 0.9583333333333334 1.3541666666666667 1.625 1.7291666666666667 1.125 1.7708333333333333 1.8958333333333333 1.0208333333333333 1.2291666666666667 0.875 1.9375 1.0625 1.9375 1.0 0.9583333333333334 0.9166666666666666 1.0625 1.1458333333333333 1.3333333333333333  
125 41.73253069591823 0.875 1.0416666666666667 0.8958333333333334 0.9375 1.9166666666666667 1.4791666666666667 1.4791666666666667 1.9375 1.3333333333333333 0.9791666666666666 2.0 0.9583333333333334 1.3541666666666667 1.625 1.7291666666666667 1.125 1.7708333333333333 1.8958333333333333 1.0208333333333333 1.2291666666666667 0.875 1.9375 1.0625 1.9375 1.0 0.9583333333333334 0.9166666666666666 1.0625 1.1458333333333333 1.3333333333333333  
50 413.21577018495 0.875 1.0416666666666667 0.8958333333333334 0.9375 1.9166666666666667 1.4791666666666667 1.4791666666666667 1.9375 1.3333333333333333 0.9791666666666666 2.0 0.9583333333333334 1.3541666666666667 1.625 1.7291666666666667 1.125 1.7708333333333333 1.8958333333333333 1.0208333333333333 1.2291666666666667 0.875 1.9375 1.0625 1.9375 1.0 0.9583333333333334 0.9166666666666666 1.0625 1.1458333333333333 1.3333333333333333  
66 168.78259729936562 0.875 1.0416666666666667 0.8958333333333334 0.9375 1.9166666666666667 1.4791666666666667 1.4791666666666667 1.9375 1.3333333333333333 0.9791666666666666 2.0 0.9583333333333334 1.3541666666666667 1.625 1.7291666666666667 1.125 1.7708333333333333 1.8958333333333333 1.0208333333333333 1.2291666666666667 0.875 1.9375 1.0625 1.9375 1.0 0.9583333333333334 0.9166666666666666 1.0625 1.1458333333333333 1.3333333333333333  
155 75.97442708331907 1.3125 1.5625 1.34375 1.40625 2.875 2.21875 2.21875 2.90625 2.0 1.46875 3.0 1.4375 2.03125 2.4375 2.59375 1.6875 2.65625 2.84375 1.53125 1.84375 1.3125 2.90625 1.59375 2.90625 1.5 1.4375 1.375 1.59375 1.71875 2.0  
26 157.2897600954149 1.3125 1.5625 1.34375 1.40625 2.875 2.21875 2.21875 2.90625 2.0 1.46875 3.0 1.4375 2.03125 2.4375 2.59375 1.6875 2.65625 2.84375 1.53125 1.84375 1.3125 2.90625 1.59375 2.90625 1.5 1.4375 1.375 1.59375 1.71875 2.0  
44 178.07913206202443 0.875 1.0416666666666667 0.8958333333333334 0.9375 1.9166666666666667 1.4791666666666667 1.4791666666666667 1.9375 1.3333333333333333 0.9791666666666666 2.0 0.9583333333333334 1.3541666666666667 1.625 1.7291666666666667 1.125 1.7708333333333333 1.8958333333333333 1.0208333333333333 1.2291666666666667 0.875 1.9375 1.0625 1.9375 1.0 0.9583333333333334 0.9166666666666666 1.0625 1.1458333333333333 1.3333333333333333  
91 180.10002665125154 0.875 1.0416666666666667 0.8958333333333334 0.9375 1.9166666666666667 1.4791666666666667 1.4791666666666667 1.9375 1.3333333333333333 0.9791666666666666 2.0 0.9583333333333334 1.3541666666666667 1.625 1.7291666666666667 1.125 1.7708333333333333 1.8958333333333333 1.0208333333333333 1.2291666666666667 0.875 1.9375 1.0625 1.9375 1.0 0.9583333333333334 0.9166666666666666 1.0625 1.1458333333333333 1.3333333333333333  
82 255.5463974543595 1.3125 1.5625 1.34375 1.40625 2.875 2.21875 2.21875 2.90625 2.0 1.46875 3.0 1.4375 2.03125 2.4375 2.59375 1.6875 2.65625 2.84375 1.53125 1.84375 1.3125 2.90625 1.59375 2.90625 1.5 1.4375 1.375 1.59375 1.71875 2.0  
148 9.164893234712245 0.875 1.0416666666666667 0.8958333333333334 0.9375 1.9166666666666667 1.4791666666666667 1.4791666666666667 1.9375 1.3333333333333333 0.9791666666666666 2.0 0.9583333333333334 1.3541666666666667 1.625 1.7291666666666667 1.125 1.7708333333333333 1.8958333333333333 1.0208333333333333 1.2291666666666667 0.875 1.9375 1.0625 1.9375 1.0 0.9583333333333334 0.9166666666666666 1.0625 1.1458333333333333 1.3333333333333333  
118 27.460422653600894 0.875 1.0416666666666667 0.8958333333333334 0.9375 1.9166666666666667 1.4791666666666667 1.4791666666666667 1.9375 1.3333333333333333 0.9791666666666666 2.0 0.9583333333333334 1.3541666666666667 1.625 1.7291666666666667 1.125 1.7708333333333333 1.8958333333333333 1.0208333333333333 1.2291666666666667 0.875 1.9375 1.0625 1.9375 1.0 0.9583333333333334 0.9166666666666666 1.0625 1.1458333333333333 1.3333333333333333  
37 93.4186996370814 0.875 1.0416666666666667 0.8958333333333334 0.9375 1.9166666666666667 1.4791666666666667 1.4791666666666667 1.9375 1.3333333333333333 0.9791666666666666 2.0 0.9583333333333334 1.3541666666666667 1.625 1.7291666666666667 1.125 1.7708333333333333 1.8958333333333333 1.0208333333333333 1.2291666666666667 0.875 1.9375 1.0625 1.9375 1.0 0.9583333333333334 0.9166666666666666 1.0625 1.1458333333333333 1.3333333333333333  
98 245.77349602197958 0.875 1.0416666666666667 0.8958333333333334 0.9375 1.9166666666666667 1.4791666666666667 1.4791666666666667 1.9375 1.3333333333333333 0.9791666666666666 2.0 0.9583333333333334 1.3541666666666667 1.625 1.7291666666666667 1.125 1.7708333333333333 1.8958333333333333 1.0208333333333333 1.2291666666666667 0.875 1.9375 1.0625 1.9375 1.0 0.9583333333333334 0.9166666666666666 1.0625 1.1458333333333333 1.3333333333333333  
20 341.34577183755215 1.3125 1.5625 1.34375 1.40625 2.875 2.21875 2.21875 2.90625 2.0 1.46875 3.0 1.4375 2.03125 2.4375 2.59375 1.6875 2.65625 2.84375 1.53125 1.84375 1.3125 2.90625 1.59375 2.90625 1.5 1.4375 1.375 1.59375 1.71875 2.0  
150 167.52264013810063 0.875 1.0416666666666667 0.8958333333333334 0.9375 1.9166666666666667 1.4791666666666667 1.4791666666666667 1.9375 1.3333333333333333 0.9791666666666666 2.0 0.9583333333333334 1.3541666666666667 1.625 1.7291666666666667 1.125 1.7708333333333333 1.8958333333333333 1.0208333333333333 1.2291666666666667 0.875 1.9375 1.0625 1.9375 1.0 0.9583333333333334 0.9166666666666666 1.0625 1.1458333333333333 1.3333333333333333  
153 160.08670118486646 0.875 1.0416666666666667 0.8958333333333334 0.9375 1.9166666666666667 1.4791666666666667 1.4791666666666667 1.9375 1.3333333333333333 0.9791666666666666 2.0 0.9583333333333334 1.3541666666666667 1.625 1.7291666666666667 1.125 1.7708333333333333 1.8958333333333333 1.0208333333333333 1.2291666666666667 0.875 1.9375 1.0625 1.9375 1.0 0.9583333333333334 0.9166666666666666 1.0625 1.1458333333333333 1.3333333333333333  
132 40.64018103258217 1.3125 1.5625 1.34375 1.40625 2.875 2.21875 2.21875 2.90625 2.0 1.46875 3.0 1.4375 2.03125 2.4375 2.59375 1.6875 2.65625 2.84375 1.53125 1.84375 1.3125 2.90625 1.59375 2.90625 1.5 1.4375 1.375 1.59375 1.71875 2.0  
106 134.13755973405378 1.3125 1.5625 1.34375 1.40625 2.875 2.21875 2.21875 2.90625 2.0 1.46875 3.0 1.4375 2.03125 2.4375 2.59375 1.6875 2.65625 2.84375 1.53125 1.84375 1.3125 2.90625 1.59375 2.90625 1.5 1.4375 1.375 1.59375 1.71875 2.0  
51 49.611549704028896 0.875 1.0416666666666667 0.8958333333333334 0.9375 1.9166666666666667 1.4791666666666667 1.4791666666666667 1.9375 1.3333333333333333 0.9791666666666666 2.0 0.9583333333333334 1.3541666666666667 1.625 1.7291666666666667 1.125 1.7708333333333333 1.8958333333333333 1.0208333333333333 1.2291666666666667 0.875 1.9375 1.0625 1.9375 1.0 0.9583333333333334 0.9166666666666666 1.0625 1.1458333333333333 1.3333333333333333  
28 193.27962139409257 0.875 1.0416666666666667 0.8958333333333334 0.9375 1.9166666666666667 1.4791666666666667 1.4791666666666667 1.9375 1.3333333333333333 0.9791666666666666 2.0 0.9583333333333334 1.3541666666666667 1.625 1.7291666666666667 1.125 1.7708333333333333 1.8958333333333333 1.0208333333333333 1.2291666666666667 0.875 1.9375 1.0625 1.9375 1.0 0.9583333333333334 0.9166666666666666 1.0625 1.1458333333333333 1.3333333333333333  
146 112.99847537676233 1.3125 1.5625 1.34375 1.40625 2.875 2.21875 2.21875 2.90625 2.0 1.46875 3.0 1.4375 2.03125 2.4375 2.59375 1.6875 2.65625 2.84375 1.53125 1.84375 1.3125 2.90625 1.59375 2.90625 1.5 1.4375 1.375 1.59375 1.71875 2.0  
56 216.3202810039957 1.3125 1.5625 1.34375 1.40625 2.875 2.21875 2.21875 2.90625 2.0 1.46875 3.0 1.4375 2.03125 2.4375 2.59375 1.6875 2.65625 2.84375 1.53125 1.84375 1.3125 2.90625 1.59375 2.90625 1.5 1.4375 1.375 1.59375 1.71875 2.0  
12 227.96042338340024 1.3125 1.5625 1.34375 1.40625 2.875 2.21875 2.21875 2.90625 2.0 1.46875 3.0 1.4375 2.03125 2.4375 2.59375 1.6875 2.65625 2.84375 1.53125 1.84375 1.3125 2.90625 1.59375 2.90625 1.5 1.4375 1.375 1.59375 1.71875 2.0  
63 261.41299954053534 1.3125 1.5625 1.34375 1.40625 2.875 2.21875 2.21875 2.90625 2.0 1.46875 3.0 1.4375 2.03125 2.4375 2.59375 1.6875 2.65625 2.84375 1.53125 1.84375 1.3125 2.90625 1.59375 2.90625 1.5 1.4375 1.375 1.59375 1.71875 2.0  
32 120.44996950135928 1.3125 1.5625 1.34375 1.40625 2.875 2.21875 2.21875 2.90625 2.0 1.46875 3.0 1.4375 2.03125 2.4375 2.59375 1.6875 2.65625 2.84375 1.53125 1.84375 1.3125 2.90625 1.59375 2.90625 1.5 1.4375 1.375 1.59375 1.71875 2.0  
119 34.66035929110631 0.875 1.0416666666666667 0.8958333333333334 0.9375 1.9166666666666667 1.4791666666666667 1.4791666666666667 1.9375 1.3333333333333333 0.9791666666666666 2.0 0.9583333333333334 1.3541666666666667 1.625 1.7291666666666667 1.125 1.7708333333333333 1.8958333333333333 1.0208333333333333 1.2291666666666667 0.875 1.9375 1.0625 1.9375 1.0 0.9583333333333334 0.9166666666666666 1.0625 1.1458333333333333 1.3333333333333333  
140 33.24492723649464 1.3125 1.5625 1.34375 1.40625 2.875 2.21875 2.21875 2.90625 2.0 1.46875 3.0 1.4375 2.03125 2.4375 2.59375 1.6875 2.65625 2.84375 1.53125 1.84375 1.3125 2.90625 1.59375 2.90625 1.5 1.4375 1.375 1.59375 1.71875 2.0  
19 242.391382828872 0.875 1.0416666666666667 0.8958333333333334 0.9375 1.9166666666666667 1.4791666666666667 1.4791666666666667 1.9375 1.3333333333333333 0.9791666666666666 2.0 0.9583333333333334 1.3541666666666667 1.625 1.7291666666666667 1.125 1.7708333333333333 1.8958333333333333 1.0208333333333333 1.2291666666666667 0.875 1.9375 1.0625 1.9375 1.0 0.9583333333333334 0.9166666666666666 1.0625 1.1458333333333333 1.3333333333333333  
151 215.135329825663 1.3125 1.5625 1.34375 1.40625 2.875 2.21875 2.21875 2.90625 2.0 1.46875 3.0 1.4375 2.03125 2.4375 2.59375 1.6875 2.65625 2.84375 1.53125 1.84375 1.3125 2.90625 1.59375 2.90625 1.5 1.4375 1.375 1.59375 1.71875 2.0  
69 126.5303156747387 1.3125 1.5625 1.34375 1.40625 2.875 2.21875 2.21875 2.90625 2.0 1.46875 3.0 1.4375 2.03125 2.4375 2.59375 1.6875 2.65625 2.84375 1.53125 1.84375 1.3125 2.90625 1.59375 2.90625 1.5 1.4375 1.375 1.59375 1.71875 2.0  
79 208.2185052344263 1.3125 1.5625 1.34375 1.40625 2.875 2.21875 2.21875 2.90625 2.0 1.46875 3.0 1.4375 2.03125 2.4375 2.59375 1.6875 2.65625 2.84375 1.53125 1.84375 1.3125 2.90625 1.59375 2.90625 1.5 1.4375 1.375 1.59375 1.71875 2.0  
47 354.3337325741098 0.875 1.0416666666666667 0.8958333333333334 0.9375 1.9166666666666667 1.4791666666666667 1.4791666666666667 1.9375 1.3333333333333333 0.9791666666666666 2.0 0.9583333333333334 1.3541666666666667 1.625 1.7291666666666667 1.125 1.7708333333333333 1.8958333333333333 1.0208333333333333 1.2291666666666667 0.875 1.9375 1.0625 1.9375 1.0 0.9583333333333334 0.9166666666666666 1.0625 1.1458333333333333 1.3333333333333333  
123 162.28954452367157 1.3125 1.5625 1.34375 1.40625 2.875 2.21875 2.21875 2.90625 2.0 1.46875 3.0 1.4375 2.03125 2.4375 2.59375 1.6875 2.65625 2.84375 1.53125 1.84375 1.3125 2.90625 1.59375 2.90625 1.5 1.4375 1.375 1.59375 1.71875 2.0  
61 29.165379353770003 0.875 1.0416666666666667 0.8958333333333334 0.9375 1.9166666666666667 1.4791666666666667 1.4791666666666667 1.9375 1.3333333333333333 0.9791666666666666 2.0 0.9583333333333334 1.3541666666666667 1.625 1.7291666666666667 1.125 1.7708333333333333 1.8958333333333333 1.0208333333333333 1.2291666666666667 0.875 1.9375 1.0625 1.9375 1.0 0.9583333333333334 0.9166666666666666 1.0625 1.1458333333333333 1.3333333333333333  
88 88.21215205528566 0.875 1.0416666666666667 0.8958333333333334 0.9375 1.9166666666666667 1.4791666666666667 1.4791666666666667 1.9375 1.3333333333333333 0.9791666666666666 2.0 0.9583333333333334 1.3541666666666667 1.625 1.7291666666666667 1.125 1.7708333333333333 1.8958333333333333 1.0208333333333333 1.2291666666666667 0.875 1.9375 1.0625 1.9375 1.0 0.9583333333333334 0.9166666666666666 1.0625 1.1458333333333333 1.3333333333333333  
101 44.73732600040779 0.875 1.0416666666666667 0.8958333333333334 0.9375 1.9166666666666667 1.4791666666666667 1.4791666666666667 1.9375 1.3333333333333333 0.9791666666666666 2.0 0.9583333333333334 1.3541666666666667 1.625 1.7291666666666667 1.125 1.7708333333333333 1.8958333333333333 1.0208333333333333 1.2291666666666667 0.875 1.9375 1.0625 1.9375 1.0 0.9583333333333334 0.9166666666666666 1.0625 1.1458333333333333 1.3333333333333333  
120 103.11900554290008 1.3125 1.5625 1.34375 1.40625 2.875 2.21875 2.21875 2.90625 2.0 1.46875 3.0 1.4375 2.03125 2.4375 2.59375 1.6875 2.65625 2.84375 1.53125 1.84375 1.3125 2.90625 1.59375 2.90625 1.5 1.4375 1.375 1.59375 1.71875 2.0  
152 84.97098662487662 0.875 1.0416666666666667 0.8958333333333334 0.9375 1.9166666666666667 1.4791666666666667 1.4791666666666667 1.9375 1.3333333333333333 0.9791666666666666 2.0 0.9583333333333334 1.3541666666666667 1.625 1.7291666666666667 1.125 1.7708333333333333 1.8958333333333333 1.0208333333333333 1.2291666666666667 0.875 1.9375 1.0625 1.9375 1.0 0.9583333333333334 0.9166666666666666 1.0625 1.1458333333333333 1.3333333333333333  
141 84.30032517137863 1.3125 1.5625 1.34375 1.40625 2.875 2.21875 2.21875 2.90625 2.0 1.46875 3.0 1.4375 2.03125 2.4375 2.59375 1.6875 2.65625 2.84375 1.53125 1.84375 1.3125 2.90625 1.59375 2.90625 1.5 1.4375 1.375 1.59375 1.71875 2.0  
139 53.76481641802846 1.3125 1.5625 1.34375 1.40625 2.875 2.21875 2.21875 2.90625 2.0 1.46875 3.0 1.4375 2.03125 2.4375 2.59375 1.6875 2.65625 2.84375 1.53125 1.84375 1.3125 2.90625 1.59375 2.90625 1.5 1.4375 1.375 1.59375 1.71875 2.0  
5 192.18892621397276 0.875 1.0416666666666667 0.8958333333333334 0.9375 1.9166666666666667 1.4791666666666667 1.4791666666666667 1.9375 1.3333333333333333 0.9791666666666666 2.0 0.9583333333333334 1.3541666666666667 1.625 1.7291666666666667 1.125 1.7708333333333333 1.8958333333333333 1.0208333333333333 1.2291666666666667 0.875 1.9375 1.0625 1.9375 1.0 0.9583333333333334 0.9166666666666666 1.0625 1.1458333333333333 1.3333333333333333  
14 309.62941313032644 0.875 1.0416666666666667 0.8958333333333334 0.9375 1.9166666666666667 1.4791666666666667 1.4791666666666667 1.9375 1.3333333333333333 0.9791666666666666 2.0 0.9583333333333334 1.3541666666666667 1.625 1.7291666666666667 1.125 1.7708333333333333 1.8958333333333333 1.0208333333333333 1.2291666666666667 0.875 1.9375 1.0625 1.9375 1.0 0.9583333333333334 0.9166666666666666 1.0625 1.1458333333333333 1.3333333333333333  
10 430.2719991550757 0.875 1.0416666666666667 0.8958333333333334 0.9375 1.9166666666666667 1.4791666666666667 1.4791666666666667 1.9375 1.3333333333333333 0.9791666666666666 2.0 0.9583333333333334 1.3541666666666667 1.625 1.7291666666666667 1.125 1.7708333333333333 1.8958333333333333 1.0208333333333333 1.2291666666666667 0.875 1.9375 1.0625 1.9375 1.0 0.9583333333333334 0.9166666666666666 1.0625 1.1458333333333333 1.3333333333333333  
45 377.78109032269094 1.3125 1.5625 1.34375 1.40625 2.875 2.21875 2.21875 2.90625 2.0 1.46875 3.0 1.4375 2.03125 2.4375 2.59375 1.6875 2.65625 2.84375 1.53125 1.84375 1.3125 2.90625 1.59375 2.90625 1.5 1.4375 1.375 1.59375 1.71875 2.0  
97 102.39745742585377 0.875 1.0416666666666667 0.8958333333333334 0.9375 1.9166666666666667 1.4791666666666667 1.4791666666666667 1.9375 1.3333333333333333 0.9791666666666666 2.0 0.9583333333333334 1.3541666666666667 1.625 1.7291666666666667 1.125 1.7708333333333333 1.8958333333333333 1.0208333333333333 1.2291666666666667 0.875 1.9375 1.0625 1.9375 1.0 0.9583333333333334 0.9166666666666666 1.0625 1.1458333333333333 1.3333333333333333  
159 110.26757037993697 0.875 1.0416666666666667 0.8958333333333334 0.9375 1.9166666666666667 1.4791666666666667 1.4791666666666667 1.9375 1.3333333333333333 0.9791666666666666 2.0 0.9583333333333334 1.3541666666666667 1.625 1.7291666666666667 1.125 1.7708333333333333 1.8958333333333333 1.0208333333333333 1.2291666666666667 0.875 1.9375 1.0625 1.9375 1.0 0.9583333333333334 0.9166666666666666 1.0625 1.1458333333333333 1.3333333333333333  
41 154.4906739938991 1.3125 1.5625 1.34375 1.40625 2.875 2.21875 2.21875 2.90625 2.0 1.46875 3.0 1.4375 2.03125 2.4375 2.59375 1.6875 2.65625 2.84375 1.53125 1.84375 1.3125 2.90625 1.59375 2.90625 1.5 1.4375 1.375 1.59375 1.71875 2.0  
29 75.38504045403688 1.3125 1.5625 1.34375 1.40625 2.875 2.21875 2.21875 2.90625 2.0 1.46875 3.0 1.4375 2.03125 2.4375 2.59375 1.6875 2.65625 2.84375 1.53125 1.84375 1.3125 2.90625 1.59375 2.90625 1.5 1.4375 1.375 1.59375 1.71875 2.0  
96 134.28656374192653 1.3125 1.5625 1.34375 1.40625 2.875 2.21875 2.21875 2.90625 2.0 1.46875 3.0 1.4375 2.03125 2.4375 2.59375 1.6875 2.65625 2.84375 1.53125 1.84375 1.3125 2.90625 1.59375 2.90625 1.5 1.4375 1.375 1.59375 1.71875 2.0  
111 109.79846850106712 0.875 1.0416666666666667 0.8958333333333334 0.9375 1.9166666666666667 1.4791666666666667 1.4791666666666667 1.9375 1.3333333333333333 0.9791666666666666 2.0 0.9583333333333334 1.3541666666666667 1.625 1.7291666666666667 1.125 1.7708333333333333 1.8958333333333333 1.0208333333333333 1.2291666666666667 0.875 1.9375 1.0625 1.9375 1.0 0.9583333333333334 0.9166666666666666 1.0625 1.1458333333333333 1.3333333333333333  
21 7.079014513139185 0.875 1.0416666666666667 0.8958333333333334 0.9375 1.9166666666666667 1.4791666666666667 1.4791666666666667 1.9375 1.3333333333333333 0.9791666666666666 2.0 0.9583333333333334 1.3541666666666667 1.625 1.7291666666666667 1.125 1.7708333333333333 1.8958333333333333 1.0208333333333333 1.2291666666666667 0.875 1.9375 1.0625 1.9375 1.0 0.9583333333333334 0.9166666666666666 1.0625 1.1458333333333333 1.3333333333333333  
68 116.17891783206413 1.3125 1.5625 1.34375 1.40625 2.875 2.21875 2.21875 2.90625 2.0 1.46875 3.0 1.4375 2.03125 2.4375 2.59375 1.6875 2.65625 2.84375 1.53125 1.84375 1.3125 2.90625 1.59375 2.90625 1.5 1.4375 1.375 1.59375 1.71875 2.0  
16 223.56505551280094 1.3125 1.5625 1.34375 1.40625 2.875 2.21875 2.21875 2.90625 2.0 1.46875 3.0 1.4375 2.03125 2.4375 2.59375 1.6875 2.65625 2.84375 1.53125 1.84375 1.3125 2.90625 1.59375 2.90625 1.5 1.4375 1.375 1.59375 1.71875 2.0  
109 102.66703027146711 0.875 1.0416666666666667 0.8958333333333334 0.9375 1.9166666666666667 1.4791666666666667 1.4791666666666667 1.9375 1.3333333333333333 0.9791666666666666 2.0 0.9583333333333334 1.3541666666666667 1.625 1.7291666666666667 1.125 1.7708333333333333 1.8958333333333333 1.0208333333333333 1.2291666666666667 0.875 1.9375 1.0625 1.9375 1.0 0.9583333333333334 0.9166666666666666 1.0625 1.1458333333333333 1.3333333333333333  
156 22.95675370731993 0.875 1.0416666666666667 0.8958333333333334 0.9375 1.9166666666666667 1.4791666666666667 1.4791666666666667 1.9375 1.3333333333333333 0.9791666666666666 2.0 0.9583333333333334 1.3541666666666667 1.625 1.7291666666666667 1.125 1.7708333333333333 1.8958333333333333 1.0208333333333333 1.2291666666666667 0.875 1.9375 1.0625 1.9375 1.0 0.9583333333333334 0.9166666666666666 1.0625 1.1458333333333333 1.3333333333333333  
23 149.0427955420002 0.875 1.0416666666666667 0.8958333333333334 0.9375 1.9166666666666667 1.4791666666666667 1.4791666666666667 1.9375 1.3333333333333333 0.9791666666666666 2.0 0.9583333333333334 1.3541666666666667 1.625 1.7291666666666667 1.125 1.7708333333333333 1.8958333333333333 1.0208333333333333 1.2291666666666667 0.875 1.9375 1.0625 1.9375 1.0 0.9583333333333334 0.9166666666666666 1.0625 1.1458333333333333 1.3333333333333333  
35 466.24145724058604 1.3125 1.5625 1.34375 1.40625 2.875 2.21875 2.21875 2.90625 2.0 1.46875 3.0 1.4375 2.03125 2.4375 2.59375 1.6875 2.65625 2.84375 1.53125 1.84375 1.3125 2.90625 1.59375 2.90625 1.5 1.4375 1.375 1.59375 1.71875 2.0  
3 197.33195386993026 0.875 1.0416666666666667 0.8958333333333334 0.9375 1.9166666666666667 1.4791666666666667 1.4791666666666667 1.9375 1.3333333333333333 0.9791666666666666 2.0 0.9583333333333334 1.3541666666666667 1.625 1.7291666666666667 1.125 1.7708333333333333 1.8958333333333333 1.0208333333333333 1.2291666666666667 0.875 1.9375 1.0625 1.9375 1.0 0.9583333333333334 0.9166666666666666 1.0625 1.1458333333333333 1.3333333333333333  
6 280.5683698848318 1.3125 1.5625 1.34375 1.40625 2.875 2.21875 2.21875 2.90625 2.0 1.46875 3.0 1.4375 2.03125 2.4375 2.59375 1.6875 2.65625 2.84375 1.53125 1.84375 1.3125 2.90625 1.59375 2.90625 1.5 1.4375 1.375 1.59375 1.71875 2.0  
81 350.16824715617247 1.3125 1.5625 1.34375 1.40625 2.875 2.21875 2.21875 2.90625 2.0 1.46875 3.0 1.4375 2.03125 2.4375 2.59375 1.6875 2.65625 2.84375 1.53125 1.84375 1.3125 2.90625 1.59375 2.90625 1.5 1.4375 1.375 1.59375 1.71875 2.0  
74 73.55371949014682 1.3125 1.5625 1.34375 1.40625 2.875 2.21875 2.21875 2.90625 2.0 1.46875 3.0 1.4375 2.03125 2.4375 2.59375 1.6875 2.65625 2.84375 1.53125 1.84375 1.3125 2.90625 1.59375 2.90625 1.5 1.4375 1.375 1.59375 1.71875 2.0  
59 130.8750709540956 1.3125 1.5625 1.34375 1.40625 2.875 2.21875 2.21875 2.90625 2.0 1.46875 3.0 1.4375 2.03125 2.4375 2.59375 1.6875 2.65625 2.84375 1.53125 1.84375 1.3125 2.90625 1.59375 2.90625 1.5 1.4375 1.375 1.59375 1.71875 2.0  
9 143.0 1.3125 1.5625 1.34375 1.40625 2.875 2.21875 2.21875 2.90625 2.0 1.46875 3.0 1.4375 2.03125 2.4375 2.59375 1.6875 2.65625 2.84375 1.53125 1.84375 1.3125 2.90625 1.59375 2.90625 1.5 1.4375 1.375 1.59375 1.71875 2.0  
67 327.13593840481224 0.875 1.0416666666666667 0.8958333333333334 0.9375 1.9166666666666667 1.4791666666666667 1.4791666666666667 1.9375 1.3333333333333333 0.9791666666666666 2.0 0.9583333333333334 1.3541666666666667 1.625 1.7291666666666667 1.125 1.7708333333333333 1.8958333333333333 1.0208333333333333 1.2291666666666667 0.875 1.9375 1.0625 1.9375 1.0 0.9583333333333334 0.9166666666666666 1.0625 1.1458333333333333 1.3333333333333333  
114 68.61362483608201 0.875 1.0416666666666667 0.8958333333333334 0.9375 1.9166666666666667 1.4791666666666667 1.4791666666666667 1.9375 1.3333333333333333 0.9791666666666666 2.0 0.9583333333333334 1.3541666666666667 1.625 1.7291666666666667 1.125 1.7708333333333333 1.8958333333333333 1.0208333333333333 1.2291666666666667 0.875 1.9375 1.0625 1.9375 1.0 0.9583333333333334 0.9166666666666666 1.0625 1.1458333333333333 1.3333333333333333  
25 287.75828597929916 0.875 1.0416666666666667 0.8958333333333334 0.9375 1.9166666666666667 1.4791666666666667 1.4791666666666667 1.9375 1.3333333333333333 0.9791666666666666 2.0 0.9583333333333334 1.3541666666666667 1.625 1.7291666666666667 1.125 1.7708333333333333 1.8958333333333333 1.0208333333333333 1.2291666666666667 0.875 1.9375 1.0625 1.9375 1.0 0.9583333333333334 0.9166666666666666 1.0625 1.1458333333333333 1.3333333333333333  
90 62.950843398554525 0.875 1.0416666666666667 0.8958333333333334 0.9375 1.9166666666666667 1.4791666666666667 1.4791666666666667 1.9375 1.3333333333333333 0.9791666666666666 2.0 0.9583333333333334 1.3541666666666667 1.625 1.7291666666666667 1.125 1.7708333333333333 1.8958333333333333 1.0208333333333333 1.2291666666666667 0.875 1.9375 1.0625 1.9375 1.0 0.9583333333333334 0.9166666666666666 1.0625 1.1458333333333333 1.3333333333333333  
75 42.601637158848426 0.875 1.0416666666666667 0.8958333333333334 0.9375 1.9166666666666667 1.4791666666666667 1.4791666666666667 1.9375 1.3333333333333333 0.9791666666666666 2.0 0.9583333333333334 1.3541666666666667 1.625 1.7291666666666667 1.125 1.7708333333333333 1.8958333333333333 1.0208333333333333 1.2291666666666667 0.875 1.9375 1.0625 1.9375 1.0 0.9583333333333334 0.9166666666666666 1.0625 1.1458333333333333 1.3333333333333333  
107 90.3961075307113 1.3125 1.5625 1.34375 1.40625 2.875 2.21875 2.21875 2.90625 2.0 1.46875 3.0 1.4375 2.03125 2.4375 2.59375 1.6875 2.65625 2.84375 1.53125 1.84375 1.3125 2.90625 1.59375 2.90625 1.5 1.4375 1.375 1.59375 1.71875 2.0  
27 261.0090043902402 0.875 1.0416666666666667 0.8958333333333334 0.9375 1.9166666666666667 1.4791666666666667 1.4791666666666667 1.9375 1.3333333333333333 0.9791666666666666 2.0 0.9583333333333334 1.3541666666666667 1.625 1.7291666666666667 1.125 1.7708333333333333 1.8958333333333333 1.0208333333333333 1.2291666666666667 0.875 1.9375 1.0625 1.9375 1.0 0.9583333333333334 0.9166666666666666 1.0625 1.1458333333333333 1.3333333333333333  
78 222.2956461919642 0.875 1.0416666666666667 0.8958333333333334 0.9375 1.9166666666666667 1.4791666666666667 1.4791666666666667 1.9375 1.3333333333333333 0.9791666666666666 2.0 0.9583333333333334 1.3541666666666667 1.625 1.7291666666666667 1.125 1.7708333333333333 1.8958333333333333 1.0208333333333333 1.2291666666666667 0.875 1.9375 1.0625 1.9375 1.0 0.9583333333333334 0.9166666666666666 1.0625 1.1458333333333333 1.3333333333333333  
64 345.98006227062405 0.875 1.0416666666666667 0.8958333333333334 0.9375 1.9166666666666667 1.4791666666666667 1.4791666666666667 1.9375 1.3333333333333333 0.9791666666666666 2.0 0.9583333333333334 1.3541666666666667 1.625 1.7291666666666667 1.125 1.7708333333333333 1.8958333333333333 1.0208333333333333 1.2291666666666667 0.875 1.9375 1.0625 1.9375 1.0 0.9583333333333334 0.9166666666666666 1.0625 1.1458333333333333 1.3333333333333333  
94 90.0911359604416 1.3125 1.5625 1.34375 1.40625 2.875 2.21875 2.21875 2.90625 2.0 1.46875 3.0 1.4375 2.03125 2.4375 2.59375 1.6875 2.65625 2.84375 1.53125 1.84375 1.3125 2.90625 1.59375 2.90625 1.5 1.4375 1.375 1.59375 1.71875 2.0  
136 82.46523501452528 1.3125 1.5625 1.34375 1.40625 2.875 2.21875 2.21875 2.90625 2.0 1.46875 3.0 1.4375 2.03125 2.4375 2.59375 1.6875 2.65625 2.84375 1.53125 1.84375 1.3125 2.90625 1.59375 2.90625 1.5 1.4375 1.375 1.59375 1.71875 2.0  
104 200.95470843387005 1.3125 1.5625 1.34375 1.40625 2.875 2.21875 2.21875 2.90625 2.0 1.46875 3.0 1.4375 2.03125 2.4375 2.59375 1.6875 2.65625 2.84375 1.53125 1.84375 1.3125 2.90625 1.59375 2.90625 1.5 1.4375 1.375 1.59375 1.71875 2.0  
115 101.31380133260055 0.875 1.0416666666666667 0.8958333333333334 0.9375 1.9166666666666667 1.4791666666666667 1.4791666666666667 1.9375 1.3333333333333333 0.9791666666666666 2.0 0.9583333333333334 1.3541666666666667 1.625 1.7291666666666667 1.125 1.7708333333333333 1.8958333333333333 1.0208333333333333 1.2291666666666667 0.875 1.9375 1.0625 1.9375 1.0 0.9583333333333334 0.9166666666666666 1.0625 1.1458333333333333 1.3333333333333333  
11 205.673253062221 1.3125 1.5625 1.34375 1.40625 2.875 2.21875 2.21875 2.90625 2.0 1.46875 3.0 1.4375 2.03125 2.4375 2.59375 1.6875 2.65625 2.84375 1.53125 1.84375 1.3125 2.90625 1.59375 2.90625 1.5 1.4375 1.375 1.59375 1.71875 2.0  
30 43.12882271688429 0.875 1.0416666666666667 0.8958333333333334 0.9375 1.9166666666666667 1.4791666666666667 1.4791666666666667 1.9375 1.3333333333333333 0.9791666666666666 2.0 0.9583333333333334 1.3541666666666667 1.625 1.7291666666666667 1.125 1.7708333333333333 1.8958333333333333 1.0208333333333333 1.2291666666666667 0.875 1.9375 1.0625 1.9375 1.0 0.9583333333333334 0.9166666666666666 1.0625 1.1458333333333333 1.3333333333333333  
39 43.689806401985024 1.3125 1.5625 1.34375 1.40625 2.875 2.21875 2.21875 2.90625 2.0 1.46875 3.0 1.4375 2.03125 2.4375 2.59375 1.6875 2.65625 2.84375 1.53125 1.84375 1.3125 2.90625 1.59375 2.90625 1.5 1.4375 1.375 1.59375 1.71875 2.0  
38 9.887598614966706 1.3125 1.5625 1.34375 1.40625 2.875 2.21875 2.21875 2.90625 2.0 1.46875 3.0 1.4375 2.03125 2.4375 2.59375 1.6875 2.65625 2.84375 1.53125 1.84375 1.3125 2.90625 1.59375 2.90625 1.5 1.4375 1.375 1.59375 1.71875 2.0  
2 132.2425475997513 0.875 1.0416666666666667 0.8958333333333334 0.9375 1.9166666666666667 1.4791666666666667 1.4791666666666667 1.9375 1.3333333333333333 0.9791666666666666 2.0 0.9583333333333334 1.3541666666666667 1.625 1.7291666666666667 1.125 1.7708333333333333 1.8958333333333333 1.0208333333333333 1.2291666666666667 0.875 1.9375 1.0625 1.9375 1.0 0.9583333333333334 0.9166666666666666 1.0625 1.1458333333333333 1.3333333333333333  
130 70.71922297513551 1.3125 1.5625 1.34375 1.40625 2.875 2.21875 2.21875 2.90625 2.0 1.46875 3.0 1.4375 2.03125 2.4375 2.59375 1.6875 2.65625 2.84375 1.53125 1.84375 1.3125 2.90625 1.59375 2.90625 1.5 1.4375 1.375 1.59375 1.71875 2.0  
71 219.98873529758708 0.875 1.0416666666666667 0.8958333333333334 0.9375 1.9166666666666667 1.4791666666666667 1.4791666666666667 1.9375 1.3333333333333333 0.9791666666666666 2.0 0.9583333333333334 1.3541666666666667 1.625 1.7291666666666667 1.125 1.7708333333333333 1.8958333333333333 1.0208333333333333 1.2291666666666667 0.875 1.9375 1.0625 1.9375 1.0 0.9583333333333334 0.9166666666666666 1.0625 1.1458333333333333 1.3333333333333333  
33 216.4253917630818 1.3125 1.5625 1.34375 1.40625 2.875 2.21875 2.21875 2.90625 2.0 1.46875 3.0 1.4375 2.03125 2.4375 2.59375 1.6875 2.65625 2.84375 1.53125 1.84375 1.3125 2.90625 1.59375 2.90625 1.5 1.4375 1.375 1.59375 1.71875 2.0  
144 74.04914604145277 0.875 1.0416666666666667 0.8958333333333334 0.9375 1.9166666666666667 1.4791666666666667 1.4791666666666667 1.9375 1.3333333333333333 0.9791666666666666 2.0 0.9583333333333334 1.3541666666666667 1.625 1.7291666666666667 1.125 1.7708333333333333 1.8958333333333333 1.0208333333333333 1.2291666666666667 0.875 1.9375 1.0625 1.9375 1.0 0.9583333333333334 0.9166666666666666 1.0625 1.1458333333333333 1.3333333333333333  
143 32.593889465812005 1.3125 1.5625 1.34375 1.40625 2.875 2.21875 2.21875 2.90625 2.0 1.46875 3.0 1.4375 2.03125 2.4375 2.59375 1.6875 2.65625 2.84375 1.53125 1.84375 1.3125 2.90625 1.59375 2.90625 1.5 1.4375 1.375 1.59375 1.71875 2.0  
84 78.32167211479108 1.3125 1.5625 1.34375 1.40625 2.875 2.21875 2.21875 2.90625 2.0 1.46875 3.0 1.4375 2.03125 2.4375 2.59375 1.6875 2.65625 2.84375 1.53125 1.84375 1.3125 2.90625 1.59375 2.90625 1.5 1.4375 1.375 1.59375 1.71875 2.0  
93 226.6390388665575 1.3125 1.5625 1.34375 1.40625 2.875 2.21875 2.21875 2.90625 2.0 1.46875 3.0 1.4375 2.03125 2.4375 2.59375 1.6875 2.65625 2.84375 1.53125 1.84375 1.3125 2.90625 1.59375 2.90625 1.5 1.4375 1.375 1.59375 1.71875 2.0  
13 400.63181495185523 1.3125 1.5625 1.34375 1.40625 2.875 2.21875 2.21875 2.90625 2.0 1.46875 3.0 1.4375 2.03125 2.4375 2.59375 1.6875 2.65625 2.84375 1.53125 1.84375 1.3125 2.90625 1.59375 2.90625 1.5 1.4375 1.375 1.59375 1.71875 2.0  
15 87.14350898227745 0.875 1.0416666666666667 0.8958333333333334 0.9375 1.9166666666666667 1.4791666666666667 1.4791666666666667 1.9375 1.3333333333333333 0.9791666666666666 2.0 0.9583333333333334 1.3541666666666667 1.625 1.7291666666666667 1.125 1.7708333333333333 1.8958333333333333 1.0208333333333333 1.2291666666666667 0.875 1.9375 1.0625 1.9375 1.0 0.9583333333333334 0.9166666666666666 1.0625 1.1458333333333333 1.3333333333333333  
22 149.71351362454027 0.875 1.0416666666666667 0.8958333333333334 0.9375 1.9166666666666667 1.4791666666666667 1.4791666666666667 1.9375 1.3333333333333333 0.9791666666666666 2.0 0.9583333333333334 1.3541666666666667 1.625 1.7291666666666667 1.125 1.7708333333333333 1.8958333333333333 1.0208333333333333 1.2291666666666667 0.875 1.9375 1.0625 1.9375 1.0 0.9583333333333334 0.9166666666666666 1.0625 1.1458333333333333 1.3333333333333333  
116 30.87438865601842 0.875 1.0416666666666667 0.8958333333333334 0.9375 1.9166666666666667 1.4791666666666667 1.4791666666666667 1.9375 1.3333333333333333 0.9791666666666666 2.0 0.9583333333333334 1.3541666666666667 1.625 1.7291666666666667 1.125 1.7708333333333333 1.8958333333333333 1.0208333333333333 1.2291666666666667 0.875 1.9375 1.0625 1.9375 1.0 0.9583333333333334 0.9166666666666666 1.0625 1.1458333333333333 1.3333333333333333  
48 128.7035352960424 0.875 1.0416666666666667 0.8958333333333334 0.9375 1.9166666666666667 1.4791666666666667 1.4791666666666667 1.9375 1.3333333333333333 0.9791666666666666 2.0 0.9583333333333334 1.3541666666666667 1.625 1.7291666666666667 1.125 1.7708333333333333 1.8958333333333333 1.0208333333333333 1.2291666666666667 0.875 1.9375 1.0625 1.9375 1.0 0.9583333333333334 0.9166666666666666 1.0625 1.1458333333333333 1.3333333333333333  
154 43.94582539285222 1.3125 1.5625 1.34375 1.40625 2.875 2.21875 2.21875 2.90625 2.0 1.46875 3.0 1.4375 2.03125 2.4375 2.59375 1.6875 2.65625 2.84375 1.53125 1.84375 1.3125 2.90625 1.59375 2.90625 1.5 1.4375 1.375 1.59375 1.71875 2.0  
124 228.29506532811916 0.875 1.0416666666666667 0.8958333333333334 0.9375 1.9166666666666667 1.4791666666666667 1.4791666666666667 1.9375 1.3333333333333333 0.9791666666666666 2.0 0.9583333333333334 1.3541666666666667 1.625 1.7291666666666667 1.125 1.7708333333333333 1.8958333333333333 1.0208333333333333 1.2291666666666667 0.875 1.9375 1.0625 1.9375 1.0 0.9583333333333334 0.9166666666666666 1.0625 1.1458333333333333 1.3333333333333333  
126 70.30727237809889 1.3125 1.5625 1.34375 1.40625 2.875 2.21875 2.21875 2.90625 2.0 1.46875 3.0 1.4375 2.03125 2.4375 2.59375 1.6875 2.65625 2.84375 1.53125 1.84375 1.3125 2.90625 1.59375 2.90625 1.5 1.4375 1.375 1.59375 1.71875 2.0  
70 111.17441676057398 1.3125 1.5625 1.34375 1.40625 2.875 2.21875 2.21875 2.90625 2.0 1.46875 3.0 1.4375 2.03125 2.4375 2.59375 1.6875 2.65625 2.84375 1.53125 1.84375 1.3125 2.90625 1.59375 2.90625 1.5 1.4375 1.375 1.59375 1.71875 2.0  
43 342.1915558158669 1.3125 1.5625 1.34375 1.40625 2.875 2.21875 2.21875 2.90625 2.0 1.46875 3.0 1.4375 2.03125 2.4375 2.59375 1.6875 2.65625 2.84375 1.53125 1.84375 1.3125 2.90625 1.59375 2.90625 1.5 1.4375 1.375 1.59375 1.71875 2.0  
89 79.1712781615728 1.3125 1.5625 1.34375 1.40625 2.875 2.21875 2.21875 2.90625 2.0 1.46875 3.0 1.4375 2.03125 2.4375 2.59375 1.6875 2.65625 2.84375 1.53125 1.84375 1.3125 2.90625 1.59375 2.90625 1.5 1.4375 1.375 1.59375 1.71875 2.0  
102 111.72965676303957 1.3125 1.5625 1.34375 1.40625 2.875 2.21875 2.21875 2.90625 2.0 1.46875 3.0 1.4375 2.03125 2.4375 2.59375 1.6875 2.65625 2.84375 1.53125 1.84375 1.3125 2.90625 1.59375 2.90625 1.5 1.4375 1.375 1.59375 1.71875 2.0  
53 505.37627029189804 0.875 1.0416666666666667 0.8958333333333334 0.9375 1.9166666666666667 1.4791666666666667 1.4791666666666667 1.9375 1.3333333333333333 0.9791666666666666 2.0 0.9583333333333334 1.3541666666666667 1.625 1.7291666666666667 1.125 1.7708333333333333 1.8958333333333333 1.0208333333333333 1.2291666666666667 0.875 1.9375 1.0625 1.9375 1.0 0.9583333333333334 0.9166666666666666 1.0625 1.1458333333333333 1.3333333333333333  
83 22.765784520712593 1.3125 1.5625 1.34375 1.40625 2.875 2.21875 2.21875 2.90625 2.0 1.46875 3.0 1.4375 2.03125 2.4375 2.59375 1.6875 2.65625 2.84375 1.53125 1.84375 1.3125 2.90625 1.59375 2.90625 1.5 1.4375 1.375 1.59375 1.71875 2.0  
36 128.2002417394975 0.875 1.0416666666666667 0.8958333333333334 0.9375 1.9166666666666667 1.4791666666666667 1.4791666666666667 1.9375 1.3333333333333333 0.9791666666666666 2.0 0.9583333333333334 1.3541666666666667 1.625 1.7291666666666667 1.125 1.7708333333333333 1.8958333333333333 1.0208333333333333 1.2291666666666667 0.875 1.9375 1.0625 1.9375 1.0 0.9583333333333334 0.9166666666666666 1.0625 1.1458333333333333 1.3333333333333333  
42 218.82503104811047 0.875 1.0416666666666667 0.8958333333333334 0.9375 1.9166666666666667 1.4791666666666667 1.4791666666666667 1.9375 1.3333333333333333 0.9791666666666666 2.0 0.9583333333333334 1.3541666666666667 1.625 1.7291666666666667 1.125 1.7708333333333333 1.8958333333333333 1.0208333333333333 1.2291666666666667 0.875 1.9375 1.0625 1.9375 1.0 0.9583333333333334 0.9166666666666666 1.0625 1.1458333333333333 1.3333333333333333  
121 98.43710818168526 1.3125 1.5625 1.34375 1.40625 2.875 2.21875 2.21875 2.90625 2.0 1.46875 3.0 1.4375 2.03125 2.4375 2.59375 1.6875 2.65625 2.84375 1.53125 1.84375 1.3125 2.90625 1.59375 2.90625 1.5 1.4375 1.375 1.59375 1.71875 2.0  
8 100.30822622253442 1.3125 1.5625 1.34375 1.40625 2.875 2.21875 2.21875 2.90625 2.0 1.46875 3.0 1.4375 2.03125 2.4375 2.59375 1.6875 2.65625 2.84375 1.53125 1.84375 1.3125 2.90625 1.59375 2.90625 1.5 1.4375 1.375 1.59375 1.71875 2.0  
113 34.22601653304626 1.3125 1.5625 1.34375 1.40625 2.875 2.21875 2.21875 2.90625 2.0 1.46875 3.0 1.4375 2.03125 2.4375 2.59375 1.6875 2.65625 2.84375 1.53125 1.84375 1.3125 2.90625 1.59375 2.90625 1.5 1.4375 1.375 1.59375 1.71875 2.0  
57 387.5112321220972 0.875 1.0416666666666667 0.8958333333333334 0.9375 1.9166666666666667 1.4791666666666667 1.4791666666666667 1.9375 1.3333333333333333 0.9791666666666666 2.0 0.9583333333333334 1.3541666666666667 1.625 1.7291666666666667 1.125 1.7708333333333333 1.8958333333333333 1.0208333333333333 1.2291666666666667 0.875 1.9375 1.0625 1.9375 1.0 0.9583333333333334 0.9166666666666666 1.0625 1.1458333333333333 1.3333333333333333  
54 165.57762687090732 0.875 1.0416666666666667 0.8958333333333334 0.9375 1.9166666666666667 1.4791666666666667 1.4791666666666667 1.9375 1.3333333333333333 0.9791666666666666 2.0 0.9583333333333334 1.3541666666666667 1.625 1.7291666666666667 1.125 1.7708333333333333 1.8958333333333333 1.0208333333333333 1.2291666666666667 0.875 1.9375 1.0625 1.9375 1.0 0.9583333333333334 0.9166666666666666 1.0625 1.1458333333333333 1.3333333333333333  
55 275.7742427136356 0.875 1.0416666666666667 0.8958333333333334 0.9375 1.9166666666666667 1.4791666666666667 1.4791666666666667 1.9375 1.3333333333333333 0.9791666666666666 2.0 0.9583333333333334 1.3541666666666667 1.625 1.7291666666666667 1.125 1.7708333333333333 1.8958333333333333 1.0208333333333333 1.2291666666666667 0.875 1.9375 1.0625 1.9375 1.0 0.9583333333333334 0.9166666666666666 1.0625 1.1458333333333333 1.3333333333333333  
4 263.1007817783603 0.875 1.0416666666666667 0.8958333333333334 0.9375 1.9166666666666667 1.4791666666666667 1.4791666666666667 1.9375 1.3333333333333333 0.9791666666666666 2.0 0.9583333333333334 1.3541666666666667 1.625 1.7291666666666667 1.125 1.7708333333333333 1.8958333333333333 1.0208333333333333 1.2291666666666667 0.875 1.9375 1.0625 1.9375 1.0 0.9583333333333334 0.9166666666666666 1.0625 1.1458333333333333 1.3333333333333333  
157 20.952441755266555 0.875 1.0416666666666667 0.8958333333333334 0.9375 1.9166666666666667 1.4791666666666667 1.4791666666666667 1.9375 1.3333333333333333 0.9791666666666666 2.0 0.9583333333333334 1.3541666666666667 1.625 1.7291666666666667 1.125 1.7708333333333333 1.8958333333333333 1.0208333333333333 1.2291666666666667 0.875 1.9375 1.0625 1.9375 1.0 0.9583333333333334 0.9166666666666666 1.0625 1.1458333333333333 1.3333333333333333  
112 68.21992203223175 1.3125 1.5625 1.34375 1.40625 2.875 2.21875 2.21875 2.90625 2.0 1.46875 3.0 1.4375 2.03125 2.4375 2.59375 1.6875 2.65625 2.84375 1.53125 1.84375 1.3125 2.90625 1.59375 2.90625 1.5 1.4375 1.375 1.59375 1.71875 2.0  
99 16.546003517197978 1.3125 1.5625 1.34375 1.40625 2.875 2.21875 2.21875 2.90625 2.0 1.46875 3.0 1.4375 2.03125 2.4375 2.59375 1.6875 2.65625 2.84375 1.53125 1.84375 1.3125 2.90625 1.59375 2.90625 1.5 1.4375 1.375 1.59375 1.71875 2.0  
86 107.7945127506665 1.3125 1.5625 1.34375 1.40625 2.875 2.21875 2.21875 2.90625 2.0 1.46875 3.0 1.4375 2.03125 2.4375 2.59375 1.6875 2.65625 2.84375 1.53125 1.84375 1.3125 2.90625 1.59375 2.90625 1.5 1.4375 1.375 1.59375 1.71875 2.0  
117 141.39548869932293 1.3125 1.5625 1.34375 1.40625 2.875 2.21875 2.21875 2.90625 2.0 1.46875 3.0 1.4375 2.03125 2.4375 2.59375 1.6875 2.65625 2.84375 1.53125 1.84375 1.3125 2.90625 1.59375 2.90625 1.5 1.4375 1.375 1.59375 1.71875 2.0  
17 167.72984003062066 0.875 1.0416666666666667 0.8958333333333334 0.9375 1.9166666666666667 1.4791666666666667 1.4791666666666667 1.9375 1.3333333333333333 0.9791666666666666 2.0 0.9583333333333334 1.3541666666666667 1.625 1.7291666666666667 1.125 1.7708333333333333 1.8958333333333333 1.0208333333333333 1.2291666666666667 0.875 1.9375 1.0625 1.9375 1.0 0.9583333333333334 0.9166666666666666 1.0625 1.1458333333333333 1.3333333333333333  
103 262.19858497916385 0.875 1.0416666666666667 0.8958333333333334 0.9375 1.9166666666666667 1.4791666666666667 1.4791666666666667 1.9375 1.3333333333333333 0.9791666666666666 2.0 0.9583333333333334 1.3541666666666667 1.625 1.7291666666666667 1.125 1.7708333333333333 1.8958333333333333 1.0208333333333333 1.2291666666666667 0.875 1.9375 1.0625 1.9375 1.0 0.9583333333333334 0.9166666666666666 1.0625 1.1458333333333333 1.3333333333333333  
52 166.83201993872032 1.3125 1.5625 1.34375 1.40625 2.875 2.21875 2.21875 2.90625 2.0 1.46875 3.0 1.4375 2.03125 2.4375 2.59375 1.6875 2.65625 2.84375 1.53125 1.84375 1.3125 2.90625 1.59375 2.90625 1.5 1.4375 1.375 1.59375 1.71875 2.0  
95 196.0448506115879 0.875 1.0416666666666667 0.8958333333333334 0.9375 1.9166666666666667 1.4791666666666667 1.4791666666666667 1.9375 1.3333333333333333 0.9791666666666666 2.0 0.9583333333333334 1.3541666666666667 1.625 1.7291666666666667 1.125 1.7708333333333333 1.8958333333333333 1.0208333333333333 1.2291666666666667 0.875 1.9375 1.0625 1.9375 1.0 0.9583333333333334 0.9166666666666666 1.0625 1.1458333333333333 1.3333333333333333  
40 169.1110759300285 1.3125 1.5625 1.34375 1.40625 2.875 2.21875 2.21875 2.90625 2.0 1.46875 3.0 1.4375 2.03125 2.4375 2.59375 1.6875 2.65625 2.84375 1.53125 1.84375 1.3125 2.90625 1.59375 2.90625 1.5 1.4375 1.375 1.59375 1.71875 2.0  
110 84.79166566964994 0.875 1.0416666666666667 0.8958333333333334 0.9375 1.9166666666666667 1.4791666666666667 1.4791666666666667 1.9375 1.3333333333333333 0.9791666666666666 2.0 0.9583333333333334 1.3541666666666667 1.625 1.7291666666666667 1.125 1.7708333333333333 1.8958333333333333 1.0208333333333333 1.2291666666666667 0.875 1.9375 1.0625 1.9375 1.0 0.9583333333333334 0.9166666666666666 1.0625 1.1458333333333333 1.3333333333333333  
149 50.90988212364726 1.3125 1.5625 1.34375 1.40625 2.875 2.21875 2.21875 2.90625 2.0 1.46875 3.0 1.4375 2.03125 2.4375 2.59375 1.6875 2.65625 2.84375 1.53125 1.84375 1.3125 2.90625 1.59375 2.90625 1.5 1.4375 1.375 1.59375 1.71875 2.0  
122 119.3175233818124 0.875 1.0416666666666667 0.8958333333333334 0.9375 1.9166666666666667 1.4791666666666667 1.4791666666666667 1.9375 1.3333333333333333 0.9791666666666666 2.0 0.9583333333333334 1.3541666666666667 1.625 1.7291666666666667 1.125 1.7708333333333333 1.8958333333333333 1.0208333333333333 1.2291666666666667 0.875 1.9375 1.0625 1.9375 1.0 0.9583333333333334 0.9166666666666666 1.0625 1.1458333333333333 1.3333333333333333  
7 126.53708592023803 0.875 1.0416666666666667 0.8958333333333334 0.9375 1.9166666666666667 1.4791666666666667 1.4791666666666667 1.9375 1.3333333333333333 0.9791666666666666 2.0 0.9583333333333334 1.3541666666666667 1.625 1.7291666666666667 1.125 1.7708333333333333 1.8958333333333333 1.0208333333333333 1.2291666666666667 0.875 1.9375 1.0625 1.9375 1.0 0.9583333333333334 0.9166666666666666 1.0625 1.1458333333333333 1.3333333333333333  
76 178.25817872065252 1.3125 1.5625 1.34375 1.40625 2.875 2.21875 2.21875 2.90625 2.0 1.46875 3.0 1.4375 2.03125 2.4375 2.59375 1.6875 2.65625 2.84375 1.53125 1.84375 1.3125 2.90625 1.59375 2.90625 1.5 1.4375 1.375 1.59375 1.71875 2.0  
85 659.0 1.3125 1.5625 1.34375 1.40625 2.875 2.21875 2.21875 2.90625 2.0 1.46875 3.0 1.4375 2.03125 2.4375 2.59375 1.6875 2.65625 2.84375 1.53125 1.84375 1.3125 2.90625 1.59375 2.90625 1.5 1.4375 1.375 1.59375 1.71875 2.0  
158 69.42856899449421 0.875 1.0416666666666667 0.8958333333333334 0.9375 1.9166666666666667 1.4791666666666667 1.4791666666666667 1.9375 1.3333333333333333 0.9791666666666666 2.0 0.9583333333333334 1.3541666666666667 1.625 1.7291666666666667 1.125 1.7708333333333333 1.8958333333333333 1.0208333333333333 1.2291666666666667 0.875 1.9375 1.0625 1.9375 1.0 0.9583333333333334 0.9166666666666666 1.0625 1.1458333333333333 1.3333333333333333  
142 187.8186547854155 1.3125 1.5625 1.34375 1.40625 2.875 2.21875 2.21875 2.90625 2.0 1.46875 3.0 1.4375 2.03125 2.4375 2.59375 1.6875 2.65625 2.84375 1.53125 1.84375 1.3125 2.90625 1.59375 2.90625 1.5 1.4375 1.375 1.59375 1.71875 2.0  
