200 20
TREE NETWORK (nID nID Weight):
1 0 47.0 
2 1 46.0 
107 0 55.0 
95 1 39.0 
124 0 52.0 
108 107 36.0 
3 2 36.0 
4 3 35.0 
125 124 44.0 
150 0 50.0 
48 2 56.0 
77 2 39.0 
96 95 40.0 
5 4 44.0 
78 77 32.0 
49 48 49.0 
92 77 39.0 
126 125 44.0 
116 107 37.0 
127 126 57.0 
97 96 41.0 
190 0 33.0 
93 2 42.0 
151 150 59.0 
23 3 42.0 
6 5 38.0 
98 97 32.0 
66 48 59.0 
191 0 46.0 
128 127 35.0 
9 5 30.0 
10 9 57.0 
17 5 45.0 
117 116 37.0 
109 108 50.0 
50 49 52.0 
163 150 34.0 
118 116 55.0 
24 23 48.0 
152 151 52.0 
25 24 57.0 
11 10 51.0 
18 17 44.0 
131 127 40.0 
67 66 59.0 
72 48 45.0 
139 124 35.0 
111 108 39.0 
105 96 57.0 
157 151 46.0 
79 78 49.0 
51 50 40.0 
112 111 48.0 
12 10 56.0 
192 0 57.0 
164 163 36.0 
193 0 58.0 
73 72 35.0 
134 125 39.0 
140 139 38.0 
100 97 59.0 
158 157 34.0 
169 163 45.0 
177 150 45.0 
26 25 38.0 
178 177 42.0 
182 177 55.0 
194 193 36.0 
153 152 46.0 
40 23 56.0 
27 26 55.0 
88 78 37.0 
52 51 39.0 
59 49 53.0 
41 40 57.0 
174 163 55.0 
20 17 59.0 
165 164 49.0 
170 169 30.0 
173 169 34.0 
198 0 40.0 
185 177 56.0 
39 24 36.0 
58 50 39.0 
113 108 35.0 
132 127 52.0 
114 113 54.0 
183 182 37.0 
141 139 34.0 
74 72 57.0 
166 165 42.0 
199 0 41.0 
99 98 44.0 
135 134 38.0 
30 26 46.0 
80 79 49.0 
142 141 48.0 
143 142 43.0 
102 97 46.0 
122 107 56.0 
155 152 47.0 
82 79 43.0 
121 116 42.0 
31 30 42.0 
129 128 54.0 
195 194 56.0 
179 178 59.0 
187 150 41.0 
175 163 43.0 
184 182 51.0 
35 30 34.0 
68 67 31.0 
21 20 50.0 
145 124 37.0 
159 158 34.0 
146 145 49.0 
13 12 55.0 
60 49 51.0 
83 82 38.0 
22 21 52.0 
38 26 39.0 
46 23 37.0 
180 178 55.0 
84 83 43.0 
70 67 34.0 
123 122 52.0 
90 78 44.0 
130 128 39.0 
32 31 31.0 
91 78 31.0 
28 27 35.0 
162 151 51.0 
171 170 33.0 
89 88 42.0 
81 80 59.0 
104 97 58.0 
119 118 58.0 
53 52 58.0 
63 49 48.0 
154 153 52.0 
36 35 40.0 
7 6 30.0 
29 27 37.0 
19 18 41.0 
47 23 49.0 
103 102 52.0 
148 124 54.0 
181 178 38.0 
197 194 49.0 
186 177 41.0 
189 150 30.0 
54 53 58.0 
61 60 55.0 
156 155 30.0 
136 134 45.0 
8 6 41.0 
14 12 48.0 
69 68 39.0 
115 113 43.0 
75 74 53.0 
33 31 45.0 
106 105 51.0 
85 84 56.0 
44 40 30.0 
62 61 35.0 
71 67 50.0 
37 30 31.0 
15 14 58.0 
149 124 57.0 
196 195 57.0 
56 53 41.0 
42 41 43.0 
138 125 49.0 
144 139 51.0 
16 15 31.0 
133 132 41.0 
45 44 31.0 
110 109 57.0 
188 187 41.0 
55 54 57.0 
94 93 44.0 
137 134 45.0 
160 158 58.0 
167 166 30.0 
168 167 57.0 
34 33 52.0 
76 74 44.0 
86 85 58.0 
161 157 41.0 
43 41 51.0 
176 175 42.0 
147 146 46.0 
87 83 56.0 
172 171 54.0 
101 100 57.0 
64 63 46.0 
120 119 41.0 
57 51 57.0 
65 64 30.0 
PROGRAMS ASSIGNED TO NODES (nID pID1 pID2 ...):
0 1 2 3 4 5 6 7 8 9 10 11 12 13 14 15 16 17 18 19 20  
34 1 2 3 4 5 6 7 8 9 10 11 12 14 15 18 19 20  
123 1 4 5 6 8 10 11 13 14 15 19 20  
60 2 4 8 18  
172 11 13 16 19  
98  
170 1 3 7 9 13 15 17 18 19  
77 1 2 4 5 6 7 8 9 10 11 13 14 15 16 17 18 19 20  
138 2 3 5 6 8 10 11 12 13 15 16 17 18 20  
78 1 2 3 4 5 6 7 8 9 11 12 13 14 15 16 17 19 20  
93 12 15 16 18  
63 2 3 5 6 9 11 12 14 16 17 18 19 20  
126 3 5 15 20  
119 1 3 4 5 6 8 9 10 12 14 15 16 17 18 19  
148 5  
136 11 16 19  
189 4 5 9 10 13 14 15 16 18 19 20  
73 4 6 7 9 10 13 15 16  
66  
71 2 3 4 5 8 9 10 12 13 14 16 19 20  
40 1 4 7 8 9 12 13 15 17 19  
187 1 2 3 5 6 7 8 9 10 11 12 13 14 15 16 17 18 19 20  
81 2 3 4 5 6 8 9 11 12 14 15 16 18 20  
17 1 3 4 5 8 9 10 12 13 15 17 18 19  
115 5 10  
159 1 2 3 4 5 6 8 9 11 12 13 14 15 16 19  
116 1 3 4 5 8 9 11 12 13 14 16 17 19 20  
105 1 3 4 6 7 8 10 11 12 13 16 17 18 19  
139 3 4 7 8 9 10 16  
49 1 2 5 6 9 11 12 18 19  
178 5 10  
79 1 10 13 14 15 16 17  
85 5 15 18 19  
193 2 3 4 5 7 8 10 19 20  
162 1 4 5 6 8 10 11 12 14 16 17 18  
100 1 2 3 4 5 6 7 9 10 11 12 13 16 17 18 19 20  
135 1 2 3 4 5 6 7 8 10 11 12 13 14 15 16 17 18 19 20  
171 2 4 5 6 7 8 9 11 12 13 14 15 16 17 18 19 20  
180 12 17  
125 1 3 5 6 7 11 13 15 16 17 18 19  
10 8 17 18  
132 6 15 19 20  
196 1 2 3 5 6 8 9 10 12 13 15 17 18 19 20  
83 4 5 6 8 9 10 14 15 17 18 19 20  
95 1 2 3 4 6 7 8 9 10 11 12 13 14 15 16 18 19 20  
194 2 3 7 9 10 11 12 14 15 17 18 19  
154 3 12 15  
110 2  
51 3 6 7 8 9 10 12 13 14 15 16 17 18 19 20  
45 2 3 6 7 8 9 10 11 12 13 14 15 16 18 20  
101 1 8 9 12 13 14 15 16 18 19 20  
62 1 3 7 13 19  
29 11 15  
11 10 15 18  
48 1 2 3 4 6 7 8 9 10 11 12 13 14 15 16 17 18 19  
99 1 4 9  
47 12 15 16 17  
179 1 7 10 19  
25 1 2 3 4 5 6 7 8 10 11 12 13 14 15 16 17 18 20  
41 1 2 4 6 8 9 11 15 17 19  
24 3  
23 6 13 14 18  
26 1 3 5 6 7 11 12 18  
38 1 2 3 5 6 7 8 9 10 11 12 13 14 15 16 17 18 19 20  
57 2 3 4 5 6 8 10 12 14 17 18 19  
152 1 2 5 7 8 10 11 12 13 14 16 17 18 19 20  
186 2 4 6 7 8 11 12 14 15 16 20  
42 2 7 11 17  
151 1 2 3 4 8 10 11 13 15 16 17 19 20  
106 2 4 5 7 9 10 12 14 15 16 20  
145 1 4 11 18 19  
185 17  
27 4 6 12 17  
8 3 4 5 7 10 12 14 15 16 17 18 20  
158 1 3 4 5 6 7 8 9 10 11 12 13 14 15 16 17 18 19 20  
130 1 2 3 5 6 7 8 9 10 11 12 13 14 16 18 19 20  
21 16 17  
6 1 4 6 9 11 13 15 16 17  
111 1 2 3 4 5 6 8 9 10 11 12 13 16 17 18 19 20  
18 9  
76 3 6 7 9 10 11 12 13 14 15 16 17 18 19 20  
50 1 3 5 6 7 8 9 10 11 15 18 20  
156 3 4 6 7 11 12 13 14 16 17 19  
104 2 3 5 10 14 16  
175 1 2 4 5 9 10 12 13 14 15 16 17 18 19  
113 1 2 3 4 5 7 8 9 10 11 12 13 14 15 16 17 18 19 20  
124 4 6 8 10 12 15 19 20  
144 9  
134 1 2 4 5 6 7 8 9 10 11 12 15 16 17 18 19 20  
75 6 8 10 12 13 15 16 17 18 19  
103 1 2 7 14  
86 1 2 5 9 13 19  
108 1 2 5 6 8 9 10 15 17 18 19  
192 1 2 3 4 5 6 7 8 9 10 12 13 14 15 16 17 18 19 20  
31 7 8 9 11 14 19 20  
164 1 2 3 4 5 6 7 9 10 11 13 14 15 16 19 20  
112 1 4 6 7 9 11 13 16 17 18  
102 2 3 4 7 8 11 13 16 18 20  
19 2 3 9 11 13 17 19  
165 1 2 3 4 5 7 8 9 12 13 14 17 18 19  
176  
72 1 3 6 7 9 10 11 12 13 14 15 16 17 18 19 20  
168 1 2 3 4 6 7 8 10 11 12 15 16 19 20  
146 1 2 3 4 6 9 11 12 13 14 15 17  
14 1 2 13 17 20  
68 3 6 7 9 10 15 16 17 18  
35 2 3 5 8 9 11 15 16 17 18 19  
166 1 5 15 19  
120 1 5 6 7 8 12 16 17 19 20  
89 1 3 9 11 12 13 14 15 18 20  
117 2 3 6 10 14 18  
142 9 12  
167 1 3 4 5 7 10 12 13 14 15 16 17 18 19 20  
199 4 5 6 8 12 14 15  
181 1 2 4 5 8 9 10 13 14 15 16 17 18 19 20  
150 1 3 4 5 7 8 9 10 12 13 14 15 17 19 20  
137 2 6 15 16 19  
3 1 5 6 13 18 19  
7 4 6 11 15 19 20  
32 2 4 7 8 9 10 11 16 17 18 19  
20  
183 2  
59 1 2 3 4 5 6 7 8 9 10 11 12 13 15 16 17 18 19 20  
87  
127 1 2 3 4 5 6 7 8 9 10 11 12 14 15 16 17 18 20  
128 2 4 6 7 8 15 16 19  
1 1 6 7 9 11 14 16 17 19 20  
191 1 2 3 4 5 6 7 9 10 11 12 13 15 16 17 18  
39 1 3 4 7 8 10 11 12 13 14 15 16 17 18 19  
163 1 3 5 6 7 8 9 10 11 12 13 14 15 16 18 20  
140 1 2 4 6 7 8 10 11 13 14 15 16 17 18 19 20  
28 1 3 4 6 7 8 9 10 11 13 14 15 16 17 18 19  
197 1 2 4 5 7 8 13 15 16 17 19 20  
82 1 2 3 4 6 9 11 12 13 15 16 17 18 19 20  
84 1 3 4 7 8 9 10 11 12 13 14 16 17 18 19  
16 2 3 4 5 7 9 16 18 19  
149 1 2 11 20  
195 1 2 3 4 5 6 7 9 10 11 12 13 14 15 16 17 18 19 20  
33 1 5 9 12 17  
54 1 2 9 10 12 14 17  
88 10  
92 19  
157 3 4 5 6 10 12 14 18  
198 12 13  
12 1 2 3 4 5 7 9 10 11 19 20  
131 1 2 3 4 5 6 7 8 9 10 11 12 13 15 17 18 19 20  
96 1 2 4 8 10 11 13 14 15 16 18 19  
2 1 2 5 6 7 8 10 12 14 15 17 18 20  
37 1 3 7 8 9 11 16  
5 1 2 4 5 6 7 9 10 11 12 13 14 15 16 17 18 19 20  
46 3 9 10 14 15 18 20  
182 5 6 15  
114 2 3 8 11 12 13 16 17 18  
122 1 2 3 5 6 7 8 11 12 13 14 15 16 17 18 19  
155 2 3 7 9 14 15 17 18 19 20  
43 1 2 3 4 5 6 7 8 9 10 13 14 15 19 20  
188 3 5 6 14 15  
56 4 5 6 11 16 17  
36 2 3 4 5 6 8 10 11 12 13 14 15 17 18 19 20  
22 1 2 3 4 5 6 7 8 9 10 11 12 14 15 16 17 18 19 20  
61 1 3 5 7 8 10 15 16 18 20  
97 2 5 11 16 18 19  
91 1 5 7 17  
177 6 9 20  
190 1 2 3 4 5 7 8 9 10 11 12 15 16 17 18 19 20  
69 5 17  
53 1 5 6 7 10 11 13 14 16 17  
160 2 3 7 8 13 17 18 20  
30 2 3 5 10 11 13 14 16 18  
173 1 2 3 4 5 7 8 9 10 11 12 14 15 16 17 18 19 20  
161 3 5 8 10 11 13 14 16  
118 7 8 10 11 15 18 19  
153 1 2 3 4 5 6 8 9 10 11 12 13 14 15 16 17 18 19 20  
65 17  
174 2 3 4 7 9 12 15 16 18 20  
94 3 5 6 8 20  
9 2 3 4 5 6 7 8 10 11 13 14 15 16 17 18 19 20  
121 1 4 6 7 8 9 11 12 13 15 17 19 20  
147 1 2 3 4 5 6 7 8 9 10 11 12 14 15 16 17 18 19 20  
67  
52 1 2 3 4 6 7 8 9 11 13 14 15 16 17 18 20  
109 10  
4 2 4 6 7 18 19  
70 1 3 4 6 7 8 10 12 13 14 16 17 19 20  
141 2 3 5 6 7 9 12 13 15 16 19 20  
15 2 9 10 11 19  
55 2 3 5 8 13 18  
133 1 3 4 5 6 7 10 12 15 16 19 20  
44  
169 3 5 6 8 10 11 13 17 18 20  
107 2 3 4 5 6 7 8 9 10 13 15 18 19  
74 1 2 3 4 5 6 7 8 9 10 11 12 13 14 15 16 17 19 20  
143 6 7 9 11  
90 1 2 3 4 7 9 13 15 16 17 19 20  
80 13 14 17  
58 1 2 3 4 6 7 8 12 13 14 16 17 18 19  
129 1 2 3 4 5 8 10 11 14 16 17 19  
184 1 4 7 11  
13 1 3 5 6 8 9 10 12 13 14 15 18 19 20  
64 2 6 8 9 15 17  
SIZE OF PROGRAMS (pID SIZE):
1 56.0 
2 84.0 
3 97.0 
4 40.0 
5 71.0 
6 49.0 
7 45.0 
8 95.0 
9 50.0 
10 77.0 
11 45.0 
12 51.0 
13 94.0 
14 78.0 
15 41.0 
16 75.0 
17 79.0 
18 95.0 
19 65.0 
20 67.0 
COST_INSTALL_SERVER_AND_PROGRAMS :
0 3791.7525773195875 1.1546391752577319 1.731958762886598 2.0 0.8247422680412371 1.4639175257731958 1.0103092783505154 0.9278350515463918 1.958762886597938 1.0309278350515463 1.5876288659793814 0.9278350515463918 1.0515463917525774 1.9381443298969072 1.6082474226804124 0.845360824742268 1.5463917525773196 1.6288659793814433 1.958762886597938 1.3402061855670102 1.3814432989690721  
34 255.3435826282426 1.1546391752577319 1.731958762886598 2.0 0.8247422680412371 1.4639175257731958 1.0103092783505154 0.9278350515463918 1.958762886597938 1.0309278350515463 1.5876288659793814 0.9278350515463918 1.0515463917525774 1.9381443298969072 1.6082474226804124 0.845360824742268 1.5463917525773196 1.6288659793814433 1.958762886597938 1.3402061855670102 1.3814432989690721  
123 48.69580774623265 1.1546391752577319 1.731958762886598 2.0 0.8247422680412371 1.4639175257731958 1.0103092783505154 0.9278350515463918 1.958762886597938 1.0309278350515463 1.5876288659793814 0.9278350515463918 1.0515463917525774 1.9381443298969072 1.6082474226804124 0.845360824742268 1.5463917525773196 1.6288659793814433 1.958762886597938 1.3402061855670102 1.3814432989690721  
60 63.390201097174504 1.731958762886598 2.597938144329897 3.0 1.2371134020618557 2.195876288659794 1.5154639175257731 1.3917525773195876 2.9381443298969074 1.5463917525773196 2.381443298969072 1.3917525773195876 1.577319587628866 2.9072164948453607 2.4123711340206184 1.268041237113402 2.3195876288659796 2.443298969072165 2.9381443298969074 2.0103092783505154 2.0721649484536084  
172 41.286600632197434 1.731958762886598 2.597938144329897 3.0 1.2371134020618557 2.195876288659794 1.5154639175257731 1.3917525773195876 2.9381443298969074 1.5463917525773196 2.381443298969072 1.3917525773195876 1.577319587628866 2.9072164948453607 2.4123711340206184 1.268041237113402 2.3195876288659796 2.443298969072165 2.9381443298969074 2.0103092783505154 2.0721649484536084  
98 26.03458469144929 1.731958762886598 2.597938144329897 3.0 1.2371134020618557 2.195876288659794 1.5154639175257731 1.3917525773195876 2.9381443298969074 1.5463917525773196 2.381443298969072 1.3917525773195876 1.577319587628866 2.9072164948453607 2.4123711340206184 1.268041237113402 2.3195876288659796 2.443298969072165 2.9381443298969074 2.0103092783505154 2.0721649484536084  
170 191.14966378793443 1.731958762886598 2.597938144329897 3.0 1.2371134020618557 2.195876288659794 1.5154639175257731 1.3917525773195876 2.9381443298969074 1.5463917525773196 2.381443298969072 1.3917525773195876 1.577319587628866 2.9072164948453607 2.4123711340206184 1.268041237113402 2.3195876288659796 2.443298969072165 2.9381443298969074 2.0103092783505154 2.0721649484536084  
77 95.11051992960796 1.731958762886598 2.597938144329897 3.0 1.2371134020618557 2.195876288659794 1.5154639175257731 1.3917525773195876 2.9381443298969074 1.5463917525773196 2.381443298969072 1.3917525773195876 1.577319587628866 2.9072164948453607 2.4123711340206184 1.268041237113402 2.3195876288659796 2.443298969072165 2.9381443298969074 2.0103092783505154 2.0721649484536084  
138 49.76694321353618 1.731958762886598 2.597938144329897 3.0 1.2371134020618557 2.195876288659794 1.5154639175257731 1.3917525773195876 2.9381443298969074 1.5463917525773196 2.381443298969072 1.3917525773195876 1.577319587628866 2.9072164948453607 2.4123711340206184 1.268041237113402 2.3195876288659796 2.443298969072165 2.9381443298969074 2.0103092783505154 2.0721649484536084  
78 111.39213730464272 1.731958762886598 2.597938144329897 3.0 1.2371134020618557 2.195876288659794 1.5154639175257731 1.3917525773195876 2.9381443298969074 1.5463917525773196 2.381443298969072 1.3917525773195876 1.577319587628866 2.9072164948453607 2.4123711340206184 1.268041237113402 2.3195876288659796 2.443298969072165 2.9381443298969074 2.0103092783505154 2.0721649484536084  
93 32.59103749499913 1.1546391752577319 1.731958762886598 2.0 0.8247422680412371 1.4639175257731958 1.0103092783505154 0.9278350515463918 1.958762886597938 1.0309278350515463 1.5876288659793814 0.9278350515463918 1.0515463917525774 1.9381443298969072 1.6082474226804124 0.845360824742268 1.5463917525773196 1.6288659793814433 1.958762886597938 1.3402061855670102 1.3814432989690721  
63 79.87641914668116 1.731958762886598 2.597938144329897 3.0 1.2371134020618557 2.195876288659794 1.5154639175257731 1.3917525773195876 2.9381443298969074 1.5463917525773196 2.381443298969072 1.3917525773195876 1.577319587628866 2.9072164948453607 2.4123711340206184 1.268041237113402 2.3195876288659796 2.443298969072165 2.9381443298969074 2.0103092783505154 2.0721649484536084  
126 87.2202318426807 1.731958762886598 2.597938144329897 3.0 1.2371134020618557 2.195876288659794 1.5154639175257731 1.3917525773195876 2.9381443298969074 1.5463917525773196 2.381443298969072 1.3917525773195876 1.577319587628866 2.9072164948453607 2.4123711340206184 1.268041237113402 2.3195876288659796 2.443298969072165 2.9381443298969074 2.0103092783505154 2.0721649484536084  
119 47.99902030522007 1.731958762886598 2.597938144329897 3.0 1.2371134020618557 2.195876288659794 1.5154639175257731 1.3917525773195876 2.9381443298969074 1.5463917525773196 2.381443298969072 1.3917525773195876 1.577319587628866 2.9072164948453607 2.4123711340206184 1.268041237113402 2.3195876288659796 2.443298969072165 2.9381443298969074 2.0103092783505154 2.0721649484536084  
148 2.547433232542726 1.1546391752577319 1.731958762886598 2.0 0.8247422680412371 1.4639175257731958 1.0103092783505154 0.9278350515463918 1.958762886597938 1.0309278350515463 1.5876288659793814 0.9278350515463918 1.0515463917525774 1.9381443298969072 1.6082474226804124 0.845360824742268 1.5463917525773196 1.6288659793814433 1.958762886597938 1.3402061855670102 1.3814432989690721  
136 23.546008189986207 1.1546391752577319 1.731958762886598 2.0 0.8247422680412371 1.4639175257731958 1.0103092783505154 0.9278350515463918 1.958762886597938 1.0309278350515463 1.5876288659793814 0.9278350515463918 1.0515463917525774 1.9381443298969072 1.6082474226804124 0.845360824742268 1.5463917525773196 1.6288659793814433 1.958762886597938 1.3402061855670102 1.3814432989690721  
189 28.53013873186551 1.1546391752577319 1.731958762886598 2.0 0.8247422680412371 1.4639175257731958 1.0103092783505154 0.9278350515463918 1.958762886597938 1.0309278350515463 1.5876288659793814 0.9278350515463918 1.0515463917525774 1.9381443298969072 1.6082474226804124 0.845360824742268 1.5463917525773196 1.6288659793814433 1.958762886597938 1.3402061855670102 1.3814432989690721  
73 44.40285606119326 1.1546391752577319 1.731958762886598 2.0 0.8247422680412371 1.4639175257731958 1.0103092783505154 0.9278350515463918 1.958762886597938 1.0309278350515463 1.5876288659793814 0.9278350515463918 1.0515463917525774 1.9381443298969072 1.6082474226804124 0.845360824742268 1.5463917525773196 1.6288659793814433 1.958762886597938 1.3402061855670102 1.3814432989690721  
66 159.4572563559994 1.1546391752577319 1.731958762886598 2.0 0.8247422680412371 1.4639175257731958 1.0103092783505154 0.9278350515463918 1.958762886597938 1.0309278350515463 1.5876288659793814 0.9278350515463918 1.0515463917525774 1.9381443298969072 1.6082474226804124 0.845360824742268 1.5463917525773196 1.6288659793814433 1.958762886597938 1.3402061855670102 1.3814432989690721  
71 92.90196667095523 1.1546391752577319 1.731958762886598 2.0 0.8247422680412371 1.4639175257731958 1.0103092783505154 0.9278350515463918 1.958762886597938 1.0309278350515463 1.5876288659793814 0.9278350515463918 1.0515463917525774 1.9381443298969072 1.6082474226804124 0.845360824742268 1.5463917525773196 1.6288659793814433 1.958762886597938 1.3402061855670102 1.3814432989690721  
40 154.49616683863738 1.1546391752577319 1.731958762886598 2.0 0.8247422680412371 1.4639175257731958 1.0103092783505154 0.9278350515463918 1.958762886597938 1.0309278350515463 1.5876288659793814 0.9278350515463918 1.0515463917525774 1.9381443298969072 1.6082474226804124 0.845360824742268 1.5463917525773196 1.6288659793814433 1.958762886597938 1.3402061855670102 1.3814432989690721  
187 22.389457200723793 1.1546391752577319 1.731958762886598 2.0 0.8247422680412371 1.4639175257731958 1.0103092783505154 0.9278350515463918 1.958762886597938 1.0309278350515463 1.5876288659793814 0.9278350515463918 1.0515463917525774 1.9381443298969072 1.6082474226804124 0.845360824742268 1.5463917525773196 1.6288659793814433 1.958762886597938 1.3402061855670102 1.3814432989690721  
81 142.27480312406178 1.1546391752577319 1.731958762886598 2.0 0.8247422680412371 1.4639175257731958 1.0103092783505154 0.9278350515463918 1.958762886597938 1.0309278350515463 1.5876288659793814 0.9278350515463918 1.0515463917525774 1.9381443298969072 1.6082474226804124 0.845360824742268 1.5463917525773196 1.6288659793814433 1.958762886597938 1.3402061855670102 1.3814432989690721  
17 190.70672392469888 1.731958762886598 2.597938144329897 3.0 1.2371134020618557 2.195876288659794 1.5154639175257731 1.3917525773195876 2.9381443298969074 1.5463917525773196 2.381443298969072 1.3917525773195876 1.577319587628866 2.9072164948453607 2.4123711340206184 1.268041237113402 2.3195876288659796 2.443298969072165 2.9381443298969074 2.0103092783505154 2.0721649484536084  
115 18.623956059401714 1.731958762886598 2.597938144329897 3.0 1.2371134020618557 2.195876288659794 1.5154639175257731 1.3917525773195876 2.9381443298969074 1.5463917525773196 2.381443298969072 1.3917525773195876 1.577319587628866 2.9072164948453607 2.4123711340206184 1.268041237113402 2.3195876288659796 2.443298969072165 2.9381443298969074 2.0103092783505154 2.0721649484536084  
159 167.62958602804883 1.731958762886598 2.597938144329897 3.0 1.2371134020618557 2.195876288659794 1.5154639175257731 1.3917525773195876 2.9381443298969074 1.5463917525773196 2.381443298969072 1.3917525773195876 1.577319587628866 2.9072164948453607 2.4123711340206184 1.268041237113402 2.3195876288659796 2.443298969072165 2.9381443298969074 2.0103092783505154 2.0721649484536084  
116 81.22088917906969 1.1546391752577319 1.731958762886598 2.0 0.8247422680412371 1.4639175257731958 1.0103092783505154 0.9278350515463918 1.958762886597938 1.0309278350515463 1.5876288659793814 0.9278350515463918 1.0515463917525774 1.9381443298969072 1.6082474226804124 0.845360824742268 1.5463917525773196 1.6288659793814433 1.958762886597938 1.3402061855670102 1.3814432989690721  
105 93.93495841143248 1.1546391752577319 1.731958762886598 2.0 0.8247422680412371 1.4639175257731958 1.0103092783505154 0.9278350515463918 1.958762886597938 1.0309278350515463 1.5876288659793814 0.9278350515463918 1.0515463917525774 1.9381443298969072 1.6082474226804124 0.845360824742268 1.5463917525773196 1.6288659793814433 1.958762886597938 1.3402061855670102 1.3814432989690721  
139 49.65536773709186 1.731958762886598 2.597938144329897 3.0 1.2371134020618557 2.195876288659794 1.5154639175257731 1.3917525773195876 2.9381443298969074 1.5463917525773196 2.381443298969072 1.3917525773195876 1.577319587628866 2.9072164948453607 2.4123711340206184 1.268041237113402 2.3195876288659796 2.443298969072165 2.9381443298969074 2.0103092783505154 2.0721649484536084  
49 109.39756291751492 1.731958762886598 2.597938144329897 3.0 1.2371134020618557 2.195876288659794 1.5154639175257731 1.3917525773195876 2.9381443298969074 1.5463917525773196 2.381443298969072 1.3917525773195876 1.577319587628866 2.9072164948453607 2.4123711340206184 1.268041237113402 2.3195876288659796 2.443298969072165 2.9381443298969074 2.0103092783505154 2.0721649484536084  
178 61.79618583575127 1.731958762886598 2.597938144329897 3.0 1.2371134020618557 2.195876288659794 1.5154639175257731 1.3917525773195876 2.9381443298969074 1.5463917525773196 2.381443298969072 1.3917525773195876 1.577319587628866 2.9072164948453607 2.4123711340206184 1.268041237113402 2.3195876288659796 2.443298969072165 2.9381443298969074 2.0103092783505154 2.0721649484536084  
79 109.24388769905228 1.1546391752577319 1.731958762886598 2.0 0.8247422680412371 1.4639175257731958 1.0103092783505154 0.9278350515463918 1.958762886597938 1.0309278350515463 1.5876288659793814 0.9278350515463918 1.0515463917525774 1.9381443298969072 1.6082474226804124 0.845360824742268 1.5463917525773196 1.6288659793814433 1.958762886597938 1.3402061855670102 1.3814432989690721  
85 177.88764934973838 1.1546391752577319 1.731958762886598 2.0 0.8247422680412371 1.4639175257731958 1.0103092783505154 0.9278350515463918 1.958762886597938 1.0309278350515463 1.5876288659793814 0.9278350515463918 1.0515463917525774 1.9381443298969072 1.6082474226804124 0.845360824742268 1.5463917525773196 1.6288659793814433 1.958762886597938 1.3402061855670102 1.3814432989690721  
193 480.0 1.731958762886598 2.597938144329897 3.0 1.2371134020618557 2.195876288659794 1.5154639175257731 1.3917525773195876 2.9381443298969074 1.5463917525773196 2.381443298969072 1.3917525773195876 1.577319587628866 2.9072164948453607 2.4123711340206184 1.268041237113402 2.3195876288659796 2.443298969072165 2.9381443298969074 2.0103092783505154 2.0721649484536084  
162 47.07612071691654 1.1546391752577319 1.731958762886598 2.0 0.8247422680412371 1.4639175257731958 1.0103092783505154 0.9278350515463918 1.958762886597938 1.0309278350515463 1.5876288659793814 0.9278350515463918 1.0515463917525774 1.9381443298969072 1.6082474226804124 0.845360824742268 1.5463917525773196 1.6288659793814433 1.958762886597938 1.3402061855670102 1.3814432989690721  
100 162.77738292847783 1.1546391752577319 1.731958762886598 2.0 0.8247422680412371 1.4639175257731958 1.0103092783505154 0.9278350515463918 1.958762886597938 1.0309278350515463 1.5876288659793814 0.9278350515463918 1.0515463917525774 1.9381443298969072 1.6082474226804124 0.845360824742268 1.5463917525773196 1.6288659793814433 1.958762886597938 1.3402061855670102 1.3814432989690721  
135 122.84614259222094 1.1546391752577319 1.731958762886598 2.0 0.8247422680412371 1.4639175257731958 1.0103092783505154 0.9278350515463918 1.958762886597938 1.0309278350515463 1.5876288659793814 0.9278350515463918 1.0515463917525774 1.9381443298969072 1.6082474226804124 0.845360824742268 1.5463917525773196 1.6288659793814433 1.958762886597938 1.3402061855670102 1.3814432989690721  
171 208.97824041530333 1.1546391752577319 1.731958762886598 2.0 0.8247422680412371 1.4639175257731958 1.0103092783505154 0.9278350515463918 1.958762886597938 1.0309278350515463 1.5876288659793814 0.9278350515463918 1.0515463917525774 1.9381443298969072 1.6082474226804124 0.845360824742268 1.5463917525773196 1.6288659793814433 1.958762886597938 1.3402061855670102 1.3814432989690721  
180 16.049967294261215 1.1546391752577319 1.731958762886598 2.0 0.8247422680412371 1.4639175257731958 1.0103092783505154 0.9278350515463918 1.958762886597938 1.0309278350515463 1.5876288659793814 0.9278350515463918 1.0515463917525774 1.9381443298969072 1.6082474226804124 0.845360824742268 1.5463917525773196 1.6288659793814433 1.958762886597938 1.3402061855670102 1.3814432989690721  
125 79.84181216904554 1.1546391752577319 1.731958762886598 2.0 0.8247422680412371 1.4639175257731958 1.0103092783505154 0.9278350515463918 1.958762886597938 1.0309278350515463 1.5876288659793814 0.9278350515463918 1.0515463917525774 1.9381443298969072 1.6082474226804124 0.845360824742268 1.5463917525773196 1.6288659793814433 1.958762886597938 1.3402061855670102 1.3814432989690721  
10 233.09716620704612 1.1546391752577319 1.731958762886598 2.0 0.8247422680412371 1.4639175257731958 1.0103092783505154 0.9278350515463918 1.958762886597938 1.0309278350515463 1.5876288659793814 0.9278350515463918 1.0515463917525774 1.9381443298969072 1.6082474226804124 0.845360824742268 1.5463917525773196 1.6288659793814433 1.958762886597938 1.3402061855670102 1.3814432989690721  
132 81.6232425643718 1.731958762886598 2.597938144329897 3.0 1.2371134020618557 2.195876288659794 1.5154639175257731 1.3917525773195876 2.9381443298969074 1.5463917525773196 2.381443298969072 1.3917525773195876 1.577319587628866 2.9072164948453607 2.4123711340206184 1.268041237113402 2.3195876288659796 2.443298969072165 2.9381443298969074 2.0103092783505154 2.0721649484536084  
196 93.43777993995073 1.731958762886598 2.597938144329897 3.0 1.2371134020618557 2.195876288659794 1.5154639175257731 1.3917525773195876 2.9381443298969074 1.5463917525773196 2.381443298969072 1.3917525773195876 1.577319587628866 2.9072164948453607 2.4123711340206184 1.268041237113402 2.3195876288659796 2.443298969072165 2.9381443298969074 2.0103092783505154 2.0721649484536084  
83 208.3556149555265 1.731958762886598 2.597938144329897 3.0 1.2371134020618557 2.195876288659794 1.5154639175257731 1.3917525773195876 2.9381443298969074 1.5463917525773196 2.381443298969072 1.3917525773195876 1.577319587628866 2.9072164948453607 2.4123711340206184 1.268041237113402 2.3195876288659796 2.443298969072165 2.9381443298969074 2.0103092783505154 2.0721649484536084  
95 73.31479451322056 1.1546391752577319 1.731958762886598 2.0 0.8247422680412371 1.4639175257731958 1.0103092783505154 0.9278350515463918 1.958762886597938 1.0309278350515463 1.5876288659793814 0.9278350515463918 1.0515463917525774 1.9381443298969072 1.6082474226804124 0.845360824742268 1.5463917525773196 1.6288659793814433 1.958762886597938 1.3402061855670102 1.3814432989690721  
194 63.56755611301214 1.1546391752577319 1.731958762886598 2.0 0.8247422680412371 1.4639175257731958 1.0103092783505154 0.9278350515463918 1.958762886597938 1.0309278350515463 1.5876288659793814 0.9278350515463918 1.0515463917525774 1.9381443298969072 1.6082474226804124 0.845360824742268 1.5463917525773196 1.6288659793814433 1.958762886597938 1.3402061855670102 1.3814432989690721  
154 25.25282433461316 1.731958762886598 2.597938144329897 3.0 1.2371134020618557 2.195876288659794 1.5154639175257731 1.3917525773195876 2.9381443298969074 1.5463917525773196 2.381443298969072 1.3917525773195876 1.577319587628866 2.9072164948453607 2.4123711340206184 1.268041237113402 2.3195876288659796 2.443298969072165 2.9381443298969074 2.0103092783505154 2.0721649484536084  
110 10.464357878188993 1.731958762886598 2.597938144329897 3.0 1.2371134020618557 2.195876288659794 1.5154639175257731 1.3917525773195876 2.9381443298969074 1.5463917525773196 2.381443298969072 1.3917525773195876 1.577319587628866 2.9072164948453607 2.4123711340206184 1.268041237113402 2.3195876288659796 2.443298969072165 2.9381443298969074 2.0103092783505154 2.0721649484536084  
51 214.66225687946596 1.1546391752577319 1.731958762886598 2.0 0.8247422680412371 1.4639175257731958 1.0103092783505154 0.9278350515463918 1.958762886597938 1.0309278350515463 1.5876288659793814 0.9278350515463918 1.0515463917525774 1.9381443298969072 1.6082474226804124 0.845360824742268 1.5463917525773196 1.6288659793814433 1.958762886597938 1.3402061855670102 1.3814432989690721  
45 233.26823258198093 1.731958762886598 2.597938144329897 3.0 1.2371134020618557 2.195876288659794 1.5154639175257731 1.3917525773195876 2.9381443298969074 1.5463917525773196 2.381443298969072 1.3917525773195876 1.577319587628866 2.9072164948453607 2.4123711340206184 1.268041237113402 2.3195876288659796 2.443298969072165 2.9381443298969074 2.0103092783505154 2.0721649484536084  
101 111.86396478256346 1.1546391752577319 1.731958762886598 2.0 0.8247422680412371 1.4639175257731958 1.0103092783505154 0.9278350515463918 1.958762886597938 1.0309278350515463 1.5876288659793814 0.9278350515463918 1.0515463917525774 1.9381443298969072 1.6082474226804124 0.845360824742268 1.5463917525773196 1.6288659793814433 1.958762886597938 1.3402061855670102 1.3814432989690721  
62 53.702856565878065 1.1546391752577319 1.731958762886598 2.0 0.8247422680412371 1.4639175257731958 1.0103092783505154 0.9278350515463918 1.958762886597938 1.0309278350515463 1.5876288659793814 0.9278350515463918 1.0515463917525774 1.9381443298969072 1.6082474226804124 0.845360824742268 1.5463917525773196 1.6288659793814433 1.958762886597938 1.3402061855670102 1.3814432989690721  
29 14.279607153671945 1.1546391752577319 1.731958762886598 2.0 0.8247422680412371 1.4639175257731958 1.0103092783505154 0.9278350515463918 1.958762886597938 1.0309278350515463 1.5876288659793814 0.9278350515463918 1.0515463917525774 1.9381443298969072 1.6082474226804124 0.845360824742268 1.5463917525773196 1.6288659793814433 1.958762886597938 1.3402061855670102 1.3814432989690721  
11 37.39871253607527 1.1546391752577319 1.731958762886598 2.0 0.8247422680412371 1.4639175257731958 1.0103092783505154 0.9278350515463918 1.958762886597938 1.0309278350515463 1.5876288659793814 0.9278350515463918 1.0515463917525774 1.9381443298969072 1.6082474226804124 0.845360824742268 1.5463917525773196 1.6288659793814433 1.958762886597938 1.3402061855670102 1.3814432989690721  
48 52.5856201872181 1.1546391752577319 1.731958762886598 2.0 0.8247422680412371 1.4639175257731958 1.0103092783505154 0.9278350515463918 1.958762886597938 1.0309278350515463 1.5876288659793814 0.9278350515463918 1.0515463917525774 1.9381443298969072 1.6082474226804124 0.845360824742268 1.5463917525773196 1.6288659793814433 1.958762886597938 1.3402061855670102 1.3814432989690721  
99 32.875377209603826 1.731958762886598 2.597938144329897 3.0 1.2371134020618557 2.195876288659794 1.5154639175257731 1.3917525773195876 2.9381443298969074 1.5463917525773196 2.381443298969072 1.3917525773195876 1.577319587628866 2.9072164948453607 2.4123711340206184 1.268041237113402 2.3195876288659796 2.443298969072165 2.9381443298969074 2.0103092783505154 2.0721649484536084  
47 27.85614372039014 1.731958762886598 2.597938144329897 3.0 1.2371134020618557 2.195876288659794 1.5154639175257731 1.3917525773195876 2.9381443298969074 1.5463917525773196 2.381443298969072 1.3917525773195876 1.577319587628866 2.9072164948453607 2.4123711340206184 1.268041237113402 2.3195876288659796 2.443298969072165 2.9381443298969074 2.0103092783505154 2.0721649484536084  
179 18.408722789766962 1.1546391752577319 1.731958762886598 2.0 0.8247422680412371 1.4639175257731958 1.0103092783505154 0.9278350515463918 1.958762886597938 1.0309278350515463 1.5876288659793814 0.9278350515463918 1.0515463917525774 1.9381443298969072 1.6082474226804124 0.845360824742268 1.5463917525773196 1.6288659793814433 1.958762886597938 1.3402061855670102 1.3814432989690721  
25 263.4130783492691 1.731958762886598 2.597938144329897 3.0 1.2371134020618557 2.195876288659794 1.5154639175257731 1.3917525773195876 2.9381443298969074 1.5463917525773196 2.381443298969072 1.3917525773195876 1.577319587628866 2.9072164948453607 2.4123711340206184 1.268041237113402 2.3195876288659796 2.443298969072165 2.9381443298969074 2.0103092783505154 2.0721649484536084  
41 150.1558193017003 1.1546391752577319 1.731958762886598 2.0 0.8247422680412371 1.4639175257731958 1.0103092783505154 0.9278350515463918 1.958762886597938 1.0309278350515463 1.5876288659793814 0.9278350515463918 1.0515463917525774 1.9381443298969072 1.6082474226804124 0.845360824742268 1.5463917525773196 1.6288659793814433 1.958762886597938 1.3402061855670102 1.3814432989690721  
24 190.79081564487407 1.1546391752577319 1.731958762886598 2.0 0.8247422680412371 1.4639175257731958 1.0103092783505154 0.9278350515463918 1.958762886597938 1.0309278350515463 1.5876288659793814 0.9278350515463918 1.0515463917525774 1.9381443298969072 1.6082474226804124 0.845360824742268 1.5463917525773196 1.6288659793814433 1.958762886597938 1.3402061855670102 1.3814432989690721  
23 180.97308074528624 1.1546391752577319 1.731958762886598 2.0 0.8247422680412371 1.4639175257731958 1.0103092783505154 0.9278350515463918 1.958762886597938 1.0309278350515463 1.5876288659793814 0.9278350515463918 1.0515463917525774 1.9381443298969072 1.6082474226804124 0.845360824742268 1.5463917525773196 1.6288659793814433 1.958762886597938 1.3402061855670102 1.3814432989690721  
26 291.0823140803085 1.731958762886598 2.597938144329897 3.0 1.2371134020618557 2.195876288659794 1.5154639175257731 1.3917525773195876 2.9381443298969074 1.5463917525773196 2.381443298969072 1.3917525773195876 1.577319587628866 2.9072164948453607 2.4123711340206184 1.268041237113402 2.3195876288659796 2.443298969072165 2.9381443298969074 2.0103092783505154 2.0721649484536084  
38 289.525370264761 1.731958762886598 2.597938144329897 3.0 1.2371134020618557 2.195876288659794 1.5154639175257731 1.3917525773195876 2.9381443298969074 1.5463917525773196 2.381443298969072 1.3917525773195876 1.577319587628866 2.9072164948453607 2.4123711340206184 1.268041237113402 2.3195876288659796 2.443298969072165 2.9381443298969074 2.0103092783505154 2.0721649484536084  
57 83.15296997003445 1.731958762886598 2.597938144329897 3.0 1.2371134020618557 2.195876288659794 1.5154639175257731 1.3917525773195876 2.9381443298969074 1.5463917525773196 2.381443298969072 1.3917525773195876 1.577319587628866 2.9072164948453607 2.4123711340206184 1.268041237113402 2.3195876288659796 2.443298969072165 2.9381443298969074 2.0103092783505154 2.0721649484536084  
152 65.29112707793261 1.1546391752577319 1.731958762886598 2.0 0.8247422680412371 1.4639175257731958 1.0103092783505154 0.9278350515463918 1.958762886597938 1.0309278350515463 1.5876288659793814 0.9278350515463918 1.0515463917525774 1.9381443298969072 1.6082474226804124 0.845360824742268 1.5463917525773196 1.6288659793814433 1.958762886597938 1.3402061855670102 1.3814432989690721  
186 53.73607900567225 1.1546391752577319 1.731958762886598 2.0 0.8247422680412371 1.4639175257731958 1.0103092783505154 0.9278350515463918 1.958762886597938 1.0309278350515463 1.5876288659793814 0.9278350515463918 1.0515463917525774 1.9381443298969072 1.6082474226804124 0.845360824742268 1.5463917525773196 1.6288659793814433 1.958762886597938 1.3402061855670102 1.3814432989690721  
42 53.32658605596156 1.731958762886598 2.597938144329897 3.0 1.2371134020618557 2.195876288659794 1.5154639175257731 1.3917525773195876 2.9381443298969074 1.5463917525773196 2.381443298969072 1.3917525773195876 1.577319587628866 2.9072164948453607 2.4123711340206184 1.268041237113402 2.3195876288659796 2.443298969072165 2.9381443298969074 2.0103092783505154 2.0721649484536084  
151 16.69653092657313 1.1546391752577319 1.731958762886598 2.0 0.8247422680412371 1.4639175257731958 1.0103092783505154 0.9278350515463918 1.958762886597938 1.0309278350515463 1.5876288659793814 0.9278350515463918 1.0515463917525774 1.9381443298969072 1.6082474226804124 0.845360824742268 1.5463917525773196 1.6288659793814433 1.958762886597938 1.3402061855670102 1.3814432989690721  
106 74.47660153175717 1.1546391752577319 1.731958762886598 2.0 0.8247422680412371 1.4639175257731958 1.0103092783505154 0.9278350515463918 1.958762886597938 1.0309278350515463 1.5876288659793814 0.9278350515463918 1.0515463917525774 1.9381443298969072 1.6082474226804124 0.845360824742268 1.5463917525773196 1.6288659793814433 1.958762886597938 1.3402061855670102 1.3814432989690721  
145 78.73031297637809 1.1546391752577319 1.731958762886598 2.0 0.8247422680412371 1.4639175257731958 1.0103092783505154 0.9278350515463918 1.958762886597938 1.0309278350515463 1.5876288659793814 0.9278350515463918 1.0515463917525774 1.9381443298969072 1.6082474226804124 0.845360824742268 1.5463917525773196 1.6288659793814433 1.958762886597938 1.3402061855670102 1.3814432989690721  
185 4.66687966349564 1.1546391752577319 1.731958762886598 2.0 0.8247422680412371 1.4639175257731958 1.0103092783505154 0.9278350515463918 1.958762886597938 1.0309278350515463 1.5876288659793814 0.9278350515463918 1.0515463917525774 1.9381443298969072 1.6082474226804124 0.845360824742268 1.5463917525773196 1.6288659793814433 1.958762886597938 1.3402061855670102 1.3814432989690721  
27 288.7600662543287 1.1546391752577319 1.731958762886598 2.0 0.8247422680412371 1.4639175257731958 1.0103092783505154 0.9278350515463918 1.958762886597938 1.0309278350515463 1.5876288659793814 0.9278350515463918 1.0515463917525774 1.9381443298969072 1.6082474226804124 0.845360824742268 1.5463917525773196 1.6288659793814433 1.958762886597938 1.3402061855670102 1.3814432989690721  
8 116.8287902667549 1.731958762886598 2.597938144329897 3.0 1.2371134020618557 2.195876288659794 1.5154639175257731 1.3917525773195876 2.9381443298969074 1.5463917525773196 2.381443298969072 1.3917525773195876 1.577319587628866 2.9072164948453607 2.4123711340206184 1.268041237113402 2.3195876288659796 2.443298969072165 2.9381443298969074 2.0103092783505154 2.0721649484536084  
158 121.44151725220468 1.1546391752577319 1.731958762886598 2.0 0.8247422680412371 1.4639175257731958 1.0103092783505154 0.9278350515463918 1.958762886597938 1.0309278350515463 1.5876288659793814 0.9278350515463918 1.0515463917525774 1.9381443298969072 1.6082474226804124 0.845360824742268 1.5463917525773196 1.6288659793814433 1.958762886597938 1.3402061855670102 1.3814432989690721  
130 245.03208671921118 1.1546391752577319 1.731958762886598 2.0 0.8247422680412371 1.4639175257731958 1.0103092783505154 0.9278350515463918 1.958762886597938 1.0309278350515463 1.5876288659793814 0.9278350515463918 1.0515463917525774 1.9381443298969072 1.6082474226804124 0.845360824742268 1.5463917525773196 1.6288659793814433 1.958762886597938 1.3402061855670102 1.3814432989690721  
21 247.2614289454118 1.1546391752577319 1.731958762886598 2.0 0.8247422680412371 1.4639175257731958 1.0103092783505154 0.9278350515463918 1.958762886597938 1.0309278350515463 1.5876288659793814 0.9278350515463918 1.0515463917525774 1.9381443298969072 1.6082474226804124 0.845360824742268 1.5463917525773196 1.6288659793814433 1.958762886597938 1.3402061855670102 1.3814432989690721  
6 263.09663228757404 1.1546391752577319 1.731958762886598 2.0 0.8247422680412371 1.4639175257731958 1.0103092783505154 0.9278350515463918 1.958762886597938 1.0309278350515463 1.5876288659793814 0.9278350515463918 1.0515463917525774 1.9381443298969072 1.6082474226804124 0.845360824742268 1.5463917525773196 1.6288659793814433 1.958762886597938 1.3402061855670102 1.3814432989690721  
111 61.25924969741301 1.1546391752577319 1.731958762886598 2.0 0.8247422680412371 1.4639175257731958 1.0103092783505154 0.9278350515463918 1.958762886597938 1.0309278350515463 1.5876288659793814 0.9278350515463918 1.0515463917525774 1.9381443298969072 1.6082474226804124 0.845360824742268 1.5463917525773196 1.6288659793814433 1.958762886597938 1.3402061855670102 1.3814432989690721  
18 93.45645145235969 1.731958762886598 2.597938144329897 3.0 1.2371134020618557 2.195876288659794 1.5154639175257731 1.3917525773195876 2.9381443298969074 1.5463917525773196 2.381443298969072 1.3917525773195876 1.577319587628866 2.9072164948453607 2.4123711340206184 1.268041237113402 2.3195876288659796 2.443298969072165 2.9381443298969074 2.0103092783505154 2.0721649484536084  
76 161.4385613028051 1.731958762886598 2.597938144329897 3.0 1.2371134020618557 2.195876288659794 1.5154639175257731 1.3917525773195876 2.9381443298969074 1.5463917525773196 2.381443298969072 1.3917525773195876 1.577319587628866 2.9072164948453607 2.4123711340206184 1.268041237113402 2.3195876288659796 2.443298969072165 2.9381443298969074 2.0103092783505154 2.0721649484536084  
50 93.445409336621 1.1546391752577319 1.731958762886598 2.0 0.8247422680412371 1.4639175257731958 1.0103092783505154 0.9278350515463918 1.958762886597938 1.0309278350515463 1.5876288659793814 0.9278350515463918 1.0515463917525774 1.9381443298969072 1.6082474226804124 0.845360824742268 1.5463917525773196 1.6288659793814433 1.958762886597938 1.3402061855670102 1.3814432989690721  
156 96.37125291201363 1.731958762886598 2.597938144329897 3.0 1.2371134020618557 2.195876288659794 1.5154639175257731 1.3917525773195876 2.9381443298969074 1.5463917525773196 2.381443298969072 1.3917525773195876 1.577319587628866 2.9072164948453607 2.4123711340206184 1.268041237113402 2.3195876288659796 2.443298969072165 2.9381443298969074 2.0103092783505154 2.0721649484536084  
104 88.56335518491049 1.1546391752577319 1.731958762886598 2.0 0.8247422680412371 1.4639175257731958 1.0103092783505154 0.9278350515463918 1.958762886597938 1.0309278350515463 1.5876288659793814 0.9278350515463918 1.0515463917525774 1.9381443298969072 1.6082474226804124 0.845360824742268 1.5463917525773196 1.6288659793814433 1.958762886597938 1.3402061855670102 1.3814432989690721  
175 90.57816888338482 1.731958762886598 2.597938144329897 3.0 1.2371134020618557 2.195876288659794 1.5154639175257731 1.3917525773195876 2.9381443298969074 1.5463917525773196 2.381443298969072 1.3917525773195876 1.577319587628866 2.9072164948453607 2.4123711340206184 1.268041237113402 2.3195876288659796 2.443298969072165 2.9381443298969074 2.0103092783505154 2.0721649484536084  
113 75.27357708634253 1.1546391752577319 1.731958762886598 2.0 0.8247422680412371 1.4639175257731958 1.0103092783505154 0.9278350515463918 1.958762886597938 1.0309278350515463 1.5876288659793814 0.9278350515463918 1.0515463917525774 1.9381443298969072 1.6082474226804124 0.845360824742268 1.5463917525773196 1.6288659793814433 1.958762886597938 1.3402061855670102 1.3814432989690721  
124 3.830113420935213 1.731958762886598 2.597938144329897 3.0 1.2371134020618557 2.195876288659794 1.5154639175257731 1.3917525773195876 2.9381443298969074 1.5463917525773196 2.381443298969072 1.3917525773195876 1.577319587628866 2.9072164948453607 2.4123711340206184 1.268041237113402 2.3195876288659796 2.443298969072165 2.9381443298969074 2.0103092783505154 2.0721649484536084  
144 3.570782879649485 1.1546391752577319 1.731958762886598 2.0 0.8247422680412371 1.4639175257731958 1.0103092783505154 0.9278350515463918 1.958762886597938 1.0309278350515463 1.5876288659793814 0.9278350515463918 1.0515463917525774 1.9381443298969072 1.6082474226804124 0.845360824742268 1.5463917525773196 1.6288659793814433 1.958762886597938 1.3402061855670102 1.3814432989690721  
134 93.35658570652193 1.731958762886598 2.597938144329897 3.0 1.2371134020618557 2.195876288659794 1.5154639175257731 1.3917525773195876 2.9381443298969074 1.5463917525773196 2.381443298969072 1.3917525773195876 1.577319587628866 2.9072164948453607 2.4123711340206184 1.268041237113402 2.3195876288659796 2.443298969072165 2.9381443298969074 2.0103092783505154 2.0721649484536084  
75 91.7428851976067 1.731958762886598 2.597938144329897 3.0 1.2371134020618557 2.195876288659794 1.5154639175257731 1.3917525773195876 2.9381443298969074 1.5463917525773196 2.381443298969072 1.3917525773195876 1.577319587628866 2.9072164948453607 2.4123711340206184 1.268041237113402 2.3195876288659796 2.443298969072165 2.9381443298969074 2.0103092783505154 2.0721649484536084  
103 58.1642371356437 1.1546391752577319 1.731958762886598 2.0 0.8247422680412371 1.4639175257731958 1.0103092783505154 0.9278350515463918 1.958762886597938 1.0309278350515463 1.5876288659793814 0.9278350515463918 1.0515463917525774 1.9381443298969072 1.6082474226804124 0.845360824742268 1.5463917525773196 1.6288659793814433 1.958762886597938 1.3402061855670102 1.3814432989690721  
86 128.91198829219067 1.731958762886598 2.597938144329897 3.0 1.2371134020618557 2.195876288659794 1.5154639175257731 1.3917525773195876 2.9381443298969074 1.5463917525773196 2.381443298969072 1.3917525773195876 1.577319587628866 2.9072164948453607 2.4123711340206184 1.268041237113402 2.3195876288659796 2.443298969072165 2.9381443298969074 2.0103092783505154 2.0721649484536084  
108 55.7030271382059 1.1546391752577319 1.731958762886598 2.0 0.8247422680412371 1.4639175257731958 1.0103092783505154 0.9278350515463918 1.958762886597938 1.0309278350515463 1.5876288659793814 0.9278350515463918 1.0515463917525774 1.9381443298969072 1.6082474226804124 0.845360824742268 1.5463917525773196 1.6288659793814433 1.958762886597938 1.3402061855670102 1.3814432989690721  
192 10.667052002886408 1.731958762886598 2.597938144329897 3.0 1.2371134020618557 2.195876288659794 1.5154639175257731 1.3917525773195876 2.9381443298969074 1.5463917525773196 2.381443298969072 1.3917525773195876 1.577319587628866 2.9072164948453607 2.4123711340206184 1.268041237113402 2.3195876288659796 2.443298969072165 2.9381443298969074 2.0103092783505154 2.0721649484536084  
31 381.6338587486887 1.731958762886598 2.597938144329897 3.0 1.2371134020618557 2.195876288659794 1.5154639175257731 1.3917525773195876 2.9381443298969074 1.5463917525773196 2.381443298969072 1.3917525773195876 1.577319587628866 2.9072164948453607 2.4123711340206184 1.268041237113402 2.3195876288659796 2.443298969072165 2.9381443298969074 2.0103092783505154 2.0721649484536084  
164 148.22761580641054 1.1546391752577319 1.731958762886598 2.0 0.8247422680412371 1.4639175257731958 1.0103092783505154 0.9278350515463918 1.958762886597938 1.0309278350515463 1.5876288659793814 0.9278350515463918 1.0515463917525774 1.9381443298969072 1.6082474226804124 0.845360824742268 1.5463917525773196 1.6288659793814433 1.958762886597938 1.3402061855670102 1.3814432989690721  
112 48.33946982180541 1.731958762886598 2.597938144329897 3.0 1.2371134020618557 2.195876288659794 1.5154639175257731 1.3917525773195876 2.9381443298969074 1.5463917525773196 2.381443298969072 1.3917525773195876 1.577319587628866 2.9072164948453607 2.4123711340206184 1.268041237113402 2.3195876288659796 2.443298969072165 2.9381443298969074 2.0103092783505154 2.0721649484536084  
102 124.22743402537671 1.731958762886598 2.597938144329897 3.0 1.2371134020618557 2.195876288659794 1.5154639175257731 1.3917525773195876 2.9381443298969074 1.5463917525773196 2.381443298969072 1.3917525773195876 1.577319587628866 2.9072164948453607 2.4123711340206184 1.268041237113402 2.3195876288659796 2.443298969072165 2.9381443298969074 2.0103092783505154 2.0721649484536084  
19 123.21594481691294 1.1546391752577319 1.731958762886598 2.0 0.8247422680412371 1.4639175257731958 1.0103092783505154 0.9278350515463918 1.958762886597938 1.0309278350515463 1.5876288659793814 0.9278350515463918 1.0515463917525774 1.9381443298969072 1.6082474226804124 0.845360824742268 1.5463917525773196 1.6288659793814433 1.958762886597938 1.3402061855670102 1.3814432989690721  
165 118.42645650881366 1.1546391752577319 1.731958762886598 2.0 0.8247422680412371 1.4639175257731958 1.0103092783505154 0.9278350515463918 1.958762886597938 1.0309278350515463 1.5876288659793814 0.9278350515463918 1.0515463917525774 1.9381443298969072 1.6082474226804124 0.845360824742268 1.5463917525773196 1.6288659793814433 1.958762886597938 1.3402061855670102 1.3814432989690721  
176 426.0 1.731958762886598 2.597938144329897 3.0 1.2371134020618557 2.195876288659794 1.5154639175257731 1.3917525773195876 2.9381443298969074 1.5463917525773196 2.381443298969072 1.3917525773195876 1.577319587628866 2.9072164948453607 2.4123711340206184 1.268041237113402 2.3195876288659796 2.443298969072165 2.9381443298969074 2.0103092783505154 2.0721649484536084  
72 126.82531978245083 1.731958762886598 2.597938144329897 3.0 1.2371134020618557 2.195876288659794 1.5154639175257731 1.3917525773195876 2.9381443298969074 1.5463917525773196 2.381443298969072 1.3917525773195876 1.577319587628866 2.9072164948453607 2.4123711340206184 1.268041237113402 2.3195876288659796 2.443298969072165 2.9381443298969074 2.0103092783505154 2.0721649484536084  
168 170.45022212339416 1.1546391752577319 1.731958762886598 2.0 0.8247422680412371 1.4639175257731958 1.0103092783505154 0.9278350515463918 1.958762886597938 1.0309278350515463 1.5876288659793814 0.9278350515463918 1.0515463917525774 1.9381443298969072 1.6082474226804124 0.845360824742268 1.5463917525773196 1.6288659793814433 1.958762886597938 1.3402061855670102 1.3814432989690721  
146 56.51917632966331 1.731958762886598 2.597938144329897 3.0 1.2371134020618557 2.195876288659794 1.5154639175257731 1.3917525773195876 2.9381443298969074 1.5463917525773196 2.381443298969072 1.3917525773195876 1.577319587628866 2.9072164948453607 2.4123711340206184 1.268041237113402 2.3195876288659796 2.443298969072165 2.9381443298969074 2.0103092783505154 2.0721649484536084  
14 274.99648941865695 1.731958762886598 2.597938144329897 3.0 1.2371134020618557 2.195876288659794 1.5154639175257731 1.3917525773195876 2.9381443298969074 1.5463917525773196 2.381443298969072 1.3917525773195876 1.577319587628866 2.9072164948453607 2.4123711340206184 1.268041237113402 2.3195876288659796 2.443298969072165 2.9381443298969074 2.0103092783505154 2.0721649484536084  
68 104.30498761027334 1.731958762886598 2.597938144329897 3.0 1.2371134020618557 2.195876288659794 1.5154639175257731 1.3917525773195876 2.9381443298969074 1.5463917525773196 2.381443298969072 1.3917525773195876 1.577319587628866 2.9072164948453607 2.4123711340206184 1.268041237113402 2.3195876288659796 2.443298969072165 2.9381443298969074 2.0103092783505154 2.0721649484536084  
35 177.39924771036658 1.731958762886598 2.597938144329897 3.0 1.2371134020618557 2.195876288659794 1.5154639175257731 1.3917525773195876 2.9381443298969074 1.5463917525773196 2.381443298969072 1.3917525773195876 1.577319587628866 2.9072164948453607 2.4123711340206184 1.268041237113402 2.3195876288659796 2.443298969072165 2.9381443298969074 2.0103092783505154 2.0721649484536084  
166 209.81656806368105 1.731958762886598 2.597938144329897 3.0 1.2371134020618557 2.195876288659794 1.5154639175257731 1.3917525773195876 2.9381443298969074 1.5463917525773196 2.381443298969072 1.3917525773195876 1.577319587628866 2.9072164948453607 2.4123711340206184 1.268041237113402 2.3195876288659796 2.443298969072165 2.9381443298969074 2.0103092783505154 2.0721649484536084  
120 49.43153411620051 1.1546391752577319 1.731958762886598 2.0 0.8247422680412371 1.4639175257731958 1.0103092783505154 0.9278350515463918 1.958762886597938 1.0309278350515463 1.5876288659793814 0.9278350515463918 1.0515463917525774 1.9381443298969072 1.6082474226804124 0.845360824742268 1.5463917525773196 1.6288659793814433 1.958762886597938 1.3402061855670102 1.3814432989690721  
89 117.47269918716972 1.1546391752577319 1.731958762886598 2.0 0.8247422680412371 1.4639175257731958 1.0103092783505154 0.9278350515463918 1.958762886597938 1.0309278350515463 1.5876288659793814 0.9278350515463918 1.0515463917525774 1.9381443298969072 1.6082474226804124 0.845360824742268 1.5463917525773196 1.6288659793814433 1.958762886597938 1.3402061855670102 1.3814432989690721  
117 43.576159891596944 1.1546391752577319 1.731958762886598 2.0 0.8247422680412371 1.4639175257731958 1.0103092783505154 0.9278350515463918 1.958762886597938 1.0309278350515463 1.5876288659793814 0.9278350515463918 1.0515463917525774 1.9381443298969072 1.6082474226804124 0.845360824742268 1.5463917525773196 1.6288659793814433 1.958762886597938 1.3402061855670102 1.3814432989690721  
142 16.12334055103256 1.1546391752577319 1.731958762886598 2.0 0.8247422680412371 1.4639175257731958 1.0103092783505154 0.9278350515463918 1.958762886597938 1.0309278350515463 1.5876288659793814 0.9278350515463918 1.0515463917525774 1.9381443298969072 1.6082474226804124 0.845360824742268 1.5463917525773196 1.6288659793814433 1.958762886597938 1.3402061855670102 1.3814432989690721  
167 215.2100278063003 1.1546391752577319 1.731958762886598 2.0 0.8247422680412371 1.4639175257731958 1.0103092783505154 0.9278350515463918 1.958762886597938 1.0309278350515463 1.5876288659793814 0.9278350515463918 1.0515463917525774 1.9381443298969072 1.6082474226804124 0.845360824742268 1.5463917525773196 1.6288659793814433 1.958762886597938 1.3402061855670102 1.3814432989690721  
199 5.988510675522278 1.1546391752577319 1.731958762886598 2.0 0.8247422680412371 1.4639175257731958 1.0103092783505154 0.9278350515463918 1.958762886597938 1.0309278350515463 1.5876288659793814 0.9278350515463918 1.0515463917525774 1.9381443298969072 1.6082474226804124 0.845360824742268 1.5463917525773196 1.6288659793814433 1.958762886597938 1.3402061855670102 1.3814432989690721  
181 68.50860905787292 1.1546391752577319 1.731958762886598 2.0 0.8247422680412371 1.4639175257731958 1.0103092783505154 0.9278350515463918 1.958762886597938 1.0309278350515463 1.5876288659793814 0.9278350515463918 1.0515463917525774 1.9381443298969072 1.6082474226804124 0.845360824742268 1.5463917525773196 1.6288659793814433 1.958762886597938 1.3402061855670102 1.3814432989690721  
150 31.527004064008715 1.1546391752577319 1.731958762886598 2.0 0.8247422680412371 1.4639175257731958 1.0103092783505154 0.9278350515463918 1.958762886597938 1.0309278350515463 1.5876288659793814 0.9278350515463918 1.0515463917525774 1.9381443298969072 1.6082474226804124 0.845360824742268 1.5463917525773196 1.6288659793814433 1.958762886597938 1.3402061855670102 1.3814432989690721  
137 30.195234045693574 1.1546391752577319 1.731958762886598 2.0 0.8247422680412371 1.4639175257731958 1.0103092783505154 0.9278350515463918 1.958762886597938 1.0309278350515463 1.5876288659793814 0.9278350515463918 1.0515463917525774 1.9381443298969072 1.6082474226804124 0.845360824742268 1.5463917525773196 1.6288659793814433 1.958762886597938 1.3402061855670102 1.3814432989690721  
3 76.9493273519404 1.1546391752577319 1.731958762886598 2.0 0.8247422680412371 1.4639175257731958 1.0103092783505154 0.9278350515463918 1.958762886597938 1.0309278350515463 1.5876288659793814 0.9278350515463918 1.0515463917525774 1.9381443298969072 1.6082474226804124 0.845360824742268 1.5463917525773196 1.6288659793814433 1.958762886597938 1.3402061855670102 1.3814432989690721  
7 66.65191599907101 1.731958762886598 2.597938144329897 3.0 1.2371134020618557 2.195876288659794 1.5154639175257731 1.3917525773195876 2.9381443298969074 1.5463917525773196 2.381443298969072 1.3917525773195876 1.577319587628866 2.9072164948453607 2.4123711340206184 1.268041237113402 2.3195876288659796 2.443298969072165 2.9381443298969074 2.0103092783505154 2.0721649484536084  
32 237.21983594050445 1.1546391752577319 1.731958762886598 2.0 0.8247422680412371 1.4639175257731958 1.0103092783505154 0.9278350515463918 1.958762886597938 1.0309278350515463 1.5876288659793814 0.9278350515463918 1.0515463917525774 1.9381443298969072 1.6082474226804124 0.845360824742268 1.5463917525773196 1.6288659793814433 1.958762886597938 1.3402061855670102 1.3814432989690721  
20 146.07397719484257 1.1546391752577319 1.731958762886598 2.0 0.8247422680412371 1.4639175257731958 1.0103092783505154 0.9278350515463918 1.958762886597938 1.0309278350515463 1.5876288659793814 0.9278350515463918 1.0515463917525774 1.9381443298969072 1.6082474226804124 0.845360824742268 1.5463917525773196 1.6288659793814433 1.958762886597938 1.3402061855670102 1.3814432989690721  
183 4.711901268894124 1.1546391752577319 1.731958762886598 2.0 0.8247422680412371 1.4639175257731958 1.0103092783505154 0.9278350515463918 1.958762886597938 1.0309278350515463 1.5876288659793814 0.9278350515463918 1.0515463917525774 1.9381443298969072 1.6082474226804124 0.845360824742268 1.5463917525773196 1.6288659793814433 1.958762886597938 1.3402061855670102 1.3814432989690721  
59 93.61588119245772 1.731958762886598 2.597938144329897 3.0 1.2371134020618557 2.195876288659794 1.5154639175257731 1.3917525773195876 2.9381443298969074 1.5463917525773196 2.381443298969072 1.3917525773195876 1.577319587628866 2.9072164948453607 2.4123711340206184 1.268041237113402 2.3195876288659796 2.443298969072165 2.9381443298969074 2.0103092783505154 2.0721649484536084  
87 1011.0 1.731958762886598 2.597938144329897 3.0 1.2371134020618557 2.195876288659794 1.5154639175257731 1.3917525773195876 2.9381443298969074 1.5463917525773196 2.381443298969072 1.3917525773195876 1.577319587628866 2.9072164948453607 2.4123711340206184 1.268041237113402 2.3195876288659796 2.443298969072165 2.9381443298969074 2.0103092783505154 2.0721649484536084  
127 79.2423400658388 1.731958762886598 2.597938144329897 3.0 1.2371134020618557 2.195876288659794 1.5154639175257731 1.3917525773195876 2.9381443298969074 1.5463917525773196 2.381443298969072 1.3917525773195876 1.577319587628866 2.9072164948453607 2.4123711340206184 1.268041237113402 2.3195876288659796 2.443298969072165 2.9381443298969074 2.0103092783505154 2.0721649484536084  
128 154.4148587858884 1.1546391752577319 1.731958762886598 2.0 0.8247422680412371 1.4639175257731958 1.0103092783505154 0.9278350515463918 1.958762886597938 1.0309278350515463 1.5876288659793814 0.9278350515463918 1.0515463917525774 1.9381443298969072 1.6082474226804124 0.845360824742268 1.5463917525773196 1.6288659793814433 1.958762886597938 1.3402061855670102 1.3814432989690721  
1 29.645835054678457 1.731958762886598 2.597938144329897 3.0 1.2371134020618557 2.195876288659794 1.5154639175257731 1.3917525773195876 2.9381443298969074 1.5463917525773196 2.381443298969072 1.3917525773195876 1.577319587628866 2.9072164948453607 2.4123711340206184 1.268041237113402 2.3195876288659796 2.443298969072165 2.9381443298969074 2.0103092783505154 2.0721649484536084  
191 23.0770538773461 1.1546391752577319 1.731958762886598 2.0 0.8247422680412371 1.4639175257731958 1.0103092783505154 0.9278350515463918 1.958762886597938 1.0309278350515463 1.5876288659793814 0.9278350515463918 1.0515463917525774 1.9381443298969072 1.6082474226804124 0.845360824742268 1.5463917525773196 1.6288659793814433 1.958762886597938 1.3402061855670102 1.3814432989690721  
39 183.81231778728167 1.731958762886598 2.597938144329897 3.0 1.2371134020618557 2.195876288659794 1.5154639175257731 1.3917525773195876 2.9381443298969074 1.5463917525773196 2.381443298969072 1.3917525773195876 1.577319587628866 2.9072164948453607 2.4123711340206184 1.268041237113402 2.3195876288659796 2.443298969072165 2.9381443298969074 2.0103092783505154 2.0721649484536084  
163 62.8776393909989 1.1546391752577319 1.731958762886598 2.0 0.8247422680412371 1.4639175257731958 1.0103092783505154 0.9278350515463918 1.958762886597938 1.0309278350515463 1.5876288659793814 0.9278350515463918 1.0515463917525774 1.9381443298969072 1.6082474226804124 0.845360824742268 1.5463917525773196 1.6288659793814433 1.958762886597938 1.3402061855670102 1.3814432989690721  
140 95.52314152676855 1.731958762886598 2.597938144329897 3.0 1.2371134020618557 2.195876288659794 1.5154639175257731 1.3917525773195876 2.9381443298969074 1.5463917525773196 2.381443298969072 1.3917525773195876 1.577319587628866 2.9072164948453607 2.4123711340206184 1.268041237113402 2.3195876288659796 2.443298969072165 2.9381443298969074 2.0103092783505154 2.0721649484536084  
28 334.2164869899338 1.731958762886598 2.597938144329897 3.0 1.2371134020618557 2.195876288659794 1.5154639175257731 1.3917525773195876 2.9381443298969074 1.5463917525773196 2.381443298969072 1.3917525773195876 1.577319587628866 2.9072164948453607 2.4123711340206184 1.268041237113402 2.3195876288659796 2.443298969072165 2.9381443298969074 2.0103092783505154 2.0721649484536084  
197 63.76442551255922 1.731958762886598 2.597938144329897 3.0 1.2371134020618557 2.195876288659794 1.5154639175257731 1.3917525773195876 2.9381443298969074 1.5463917525773196 2.381443298969072 1.3917525773195876 1.577319587628866 2.9072164948453607 2.4123711340206184 1.268041237113402 2.3195876288659796 2.443298969072165 2.9381443298969074 2.0103092783505154 2.0721649484536084  
82 289.02188051479993 1.1546391752577319 1.731958762886598 2.0 0.8247422680412371 1.4639175257731958 1.0103092783505154 0.9278350515463918 1.958762886597938 1.0309278350515463 1.5876288659793814 0.9278350515463918 1.0515463917525774 1.9381443298969072 1.6082474226804124 0.845360824742268 1.5463917525773196 1.6288659793814433 1.958762886597938 1.3402061855670102 1.3814432989690721  
84 235.39210101397393 1.731958762886598 2.597938144329897 3.0 1.2371134020618557 2.195876288659794 1.5154639175257731 1.3917525773195876 2.9381443298969074 1.5463917525773196 2.381443298969072 1.3917525773195876 1.577319587628866 2.9072164948453607 2.4123711340206184 1.268041237113402 2.3195876288659796 2.443298969072165 2.9381443298969074 2.0103092783505154 2.0721649484536084  
16 198.57685669788205 1.1546391752577319 1.731958762886598 2.0 0.8247422680412371 1.4639175257731958 1.0103092783505154 0.9278350515463918 1.958762886597938 1.0309278350515463 1.5876288659793814 0.9278350515463918 1.0515463917525774 1.9381443298969072 1.6082474226804124 0.845360824742268 1.5463917525773196 1.6288659793814433 1.958762886597938 1.3402061855670102 1.3814432989690721  
149 10.307802034733982 1.731958762886598 2.597938144329897 3.0 1.2371134020618557 2.195876288659794 1.5154639175257731 1.3917525773195876 2.9381443298969074 1.5463917525773196 2.381443298969072 1.3917525773195876 1.577319587628866 2.9072164948453607 2.4123711340206184 1.268041237113402 2.3195876288659796 2.443298969072165 2.9381443298969074 2.0103092783505154 2.0721649484536084  
195 77.60518703847978 1.731958762886598 2.597938144329897 3.0 1.2371134020618557 2.195876288659794 1.5154639175257731 1.3917525773195876 2.9381443298969074 1.5463917525773196 2.381443298969072 1.3917525773195876 1.577319587628866 2.9072164948453607 2.4123711340206184 1.268041237113402 2.3195876288659796 2.443298969072165 2.9381443298969074 2.0103092783505154 2.0721649484536084  
33 386.81409945453083 1.1546391752577319 1.731958762886598 2.0 0.8247422680412371 1.4639175257731958 1.0103092783505154 0.9278350515463918 1.958762886597938 1.0309278350515463 1.5876288659793814 0.9278350515463918 1.0515463917525774 1.9381443298969072 1.6082474226804124 0.845360824742268 1.5463917525773196 1.6288659793814433 1.958762886597938 1.3402061855670102 1.3814432989690721  
54 263.7248111697742 1.1546391752577319 1.731958762886598 2.0 0.8247422680412371 1.4639175257731958 1.0103092783505154 0.9278350515463918 1.958762886597938 1.0309278350515463 1.5876288659793814 0.9278350515463918 1.0515463917525774 1.9381443298969072 1.6082474226804124 0.845360824742268 1.5463917525773196 1.6288659793814433 1.958762886597938 1.3402061855670102 1.3814432989690721  
88 69.5570004324756 1.731958762886598 2.597938144329897 3.0 1.2371134020618557 2.195876288659794 1.5154639175257731 1.3917525773195876 2.9381443298969074 1.5463917525773196 2.381443298969072 1.3917525773195876 1.577319587628866 2.9072164948453607 2.4123711340206184 1.268041237113402 2.3195876288659796 2.443298969072165 2.9381443298969074 2.0103092783505154 2.0721649484536084  
92 6.872889333442505 1.1546391752577319 1.731958762886598 2.0 0.8247422680412371 1.4639175257731958 1.0103092783505154 0.9278350515463918 1.958762886597938 1.0309278350515463 1.5876288659793814 0.9278350515463918 1.0515463917525774 1.9381443298969072 1.6082474226804124 0.845360824742268 1.5463917525773196 1.6288659793814433 1.958762886597938 1.3402061855670102 1.3814432989690721  
157 61.79748634968596 1.731958762886598 2.597938144329897 3.0 1.2371134020618557 2.195876288659794 1.5154639175257731 1.3917525773195876 2.9381443298969074 1.5463917525773196 2.381443298969072 1.3917525773195876 1.577319587628866 2.9072164948453607 2.4123711340206184 1.268041237113402 2.3195876288659796 2.443298969072165 2.9381443298969074 2.0103092783505154 2.0721649484536084  
198 2.0271931096550677 1.1546391752577319 1.731958762886598 2.0 0.8247422680412371 1.4639175257731958 1.0103092783505154 0.9278350515463918 1.958762886597938 1.0309278350515463 1.5876288659793814 0.9278350515463918 1.0515463917525774 1.9381443298969072 1.6082474226804124 0.845360824742268 1.5463917525773196 1.6288659793814433 1.958762886597938 1.3402061855670102 1.3814432989690721  
12 210.40473357060552 1.731958762886598 2.597938144329897 3.0 1.2371134020618557 2.195876288659794 1.5154639175257731 1.3917525773195876 2.9381443298969074 1.5463917525773196 2.381443298969072 1.3917525773195876 1.577319587628866 2.9072164948453607 2.4123711340206184 1.268041237113402 2.3195876288659796 2.443298969072165 2.9381443298969074 2.0103092783505154 2.0721649484536084  
131 175.40306206277683 1.1546391752577319 1.731958762886598 2.0 0.8247422680412371 1.4639175257731958 1.0103092783505154 0.9278350515463918 1.958762886597938 1.0309278350515463 1.5876288659793814 0.9278350515463918 1.0515463917525774 1.9381443298969072 1.6082474226804124 0.845360824742268 1.5463917525773196 1.6288659793814433 1.958762886597938 1.3402061855670102 1.3814432989690721  
96 132.1271266247323 1.1546391752577319 1.731958762886598 2.0 0.8247422680412371 1.4639175257731958 1.0103092783505154 0.9278350515463918 1.958762886597938 1.0309278350515463 1.5876288659793814 0.9278350515463918 1.0515463917525774 1.9381443298969072 1.6082474226804124 0.845360824742268 1.5463917525773196 1.6288659793814433 1.958762886597938 1.3402061855670102 1.3814432989690721  
2 88.0776855011045 1.731958762886598 2.597938144329897 3.0 1.2371134020618557 2.195876288659794 1.5154639175257731 1.3917525773195876 2.9381443298969074 1.5463917525773196 2.381443298969072 1.3917525773195876 1.577319587628866 2.9072164948453607 2.4123711340206184 1.268041237113402 2.3195876288659796 2.443298969072165 2.9381443298969074 2.0103092783505154 2.0721649484536084  
37 157.34793741267222 1.1546391752577319 1.731958762886598 2.0 0.8247422680412371 1.4639175257731958 1.0103092783505154 0.9278350515463918 1.958762886597938 1.0309278350515463 1.5876288659793814 0.9278350515463918 1.0515463917525774 1.9381443298969072 1.6082474226804124 0.845360824742268 1.5463917525773196 1.6288659793814433 1.958762886597938 1.3402061855670102 1.3814432989690721  
5 184.8510448579446 1.1546391752577319 1.731958762886598 2.0 0.8247422680412371 1.4639175257731958 1.0103092783505154 0.9278350515463918 1.958762886597938 1.0309278350515463 1.5876288659793814 0.9278350515463918 1.0515463917525774 1.9381443298969072 1.6082474226804124 0.845360824742268 1.5463917525773196 1.6288659793814433 1.958762886597938 1.3402061855670102 1.3814432989690721  
46 91.11244312993382 1.1546391752577319 1.731958762886598 2.0 0.8247422680412371 1.4639175257731958 1.0103092783505154 0.9278350515463918 1.958762886597938 1.0309278350515463 1.5876288659793814 0.9278350515463918 1.0515463917525774 1.9381443298969072 1.6082474226804124 0.845360824742268 1.5463917525773196 1.6288659793814433 1.958762886597938 1.3402061855670102 1.3814432989690721  
182 15.842504324891358 1.1546391752577319 1.731958762886598 2.0 0.8247422680412371 1.4639175257731958 1.0103092783505154 0.9278350515463918 1.958762886597938 1.0309278350515463 1.5876288659793814 0.9278350515463918 1.0515463917525774 1.9381443298969072 1.6082474226804124 0.845360824742268 1.5463917525773196 1.6288659793814433 1.958762886597938 1.3402061855670102 1.3814432989690721  
114 73.4819846004395 1.1546391752577319 1.731958762886598 2.0 0.8247422680412371 1.4639175257731958 1.0103092783505154 0.9278350515463918 1.958762886597938 1.0309278350515463 1.5876288659793814 0.9278350515463918 1.0515463917525774 1.9381443298969072 1.6082474226804124 0.845360824742268 1.5463917525773196 1.6288659793814433 1.958762886597938 1.3402061855670102 1.3814432989690721  
122 54.826859821593004 1.731958762886598 2.597938144329897 3.0 1.2371134020618557 2.195876288659794 1.5154639175257731 1.3917525773195876 2.9381443298969074 1.5463917525773196 2.381443298969072 1.3917525773195876 1.577319587628866 2.9072164948453607 2.4123711340206184 1.268041237113402 2.3195876288659796 2.443298969072165 2.9381443298969074 2.0103092783505154 2.0721649484536084  
155 123.28300317147531 1.731958762886598 2.597938144329897 3.0 1.2371134020618557 2.195876288659794 1.5154639175257731 1.3917525773195876 2.9381443298969074 1.5463917525773196 2.381443298969072 1.3917525773195876 1.577319587628866 2.9072164948453607 2.4123711340206184 1.268041237113402 2.3195876288659796 2.443298969072165 2.9381443298969074 2.0103092783505154 2.0721649484536084  
43 150.70446797242465 1.731958762886598 2.597938144329897 3.0 1.2371134020618557 2.195876288659794 1.5154639175257731 1.3917525773195876 2.9381443298969074 1.5463917525773196 2.381443298969072 1.3917525773195876 1.577319587628866 2.9072164948453607 2.4123711340206184 1.268041237113402 2.3195876288659796 2.443298969072165 2.9381443298969074 2.0103092783505154 2.0721649484536084  
188 23.373749063576362 1.731958762886598 2.597938144329897 3.0 1.2371134020618557 2.195876288659794 1.5154639175257731 1.3917525773195876 2.9381443298969074 1.5463917525773196 2.381443298969072 1.3917525773195876 1.577319587628866 2.9072164948453607 2.4123711340206184 1.268041237113402 2.3195876288659796 2.443298969072165 2.9381443298969074 2.0103092783505154 2.0721649484536084  
56 97.27142301009458 1.1546391752577319 1.731958762886598 2.0 0.8247422680412371 1.4639175257731958 1.0103092783505154 0.9278350515463918 1.958762886597938 1.0309278350515463 1.5876288659793814 0.9278350515463918 1.0515463917525774 1.9381443298969072 1.6082474226804124 0.845360824742268 1.5463917525773196 1.6288659793814433 1.958762886597938 1.3402061855670102 1.3814432989690721  
36 412.72223051884873 1.1546391752577319 1.731958762886598 2.0 0.8247422680412371 1.4639175257731958 1.0103092783505154 0.9278350515463918 1.958762886597938 1.0309278350515463 1.5876288659793814 0.9278350515463918 1.0515463917525774 1.9381443298969072 1.6082474226804124 0.845360824742268 1.5463917525773196 1.6288659793814433 1.958762886597938 1.3402061855670102 1.3814432989690721  
22 263.4555083739539 1.1546391752577319 1.731958762886598 2.0 0.8247422680412371 1.4639175257731958 1.0103092783505154 0.9278350515463918 1.958762886597938 1.0309278350515463 1.5876288659793814 0.9278350515463918 1.0515463917525774 1.9381443298969072 1.6082474226804124 0.845360824742268 1.5463917525773196 1.6288659793814433 1.958762886597938 1.3402061855670102 1.3814432989690721  
61 78.26327987238366 1.731958762886598 2.597938144329897 3.0 1.2371134020618557 2.195876288659794 1.5154639175257731 1.3917525773195876 2.9381443298969074 1.5463917525773196 2.381443298969072 1.3917525773195876 1.577319587628866 2.9072164948453607 2.4123711340206184 1.268041237113402 2.3195876288659796 2.443298969072165 2.9381443298969074 2.0103092783505154 2.0721649484536084  
97 180.1147974680889 1.731958762886598 2.597938144329897 3.0 1.2371134020618557 2.195876288659794 1.5154639175257731 1.3917525773195876 2.9381443298969074 1.5463917525773196 2.381443298969072 1.3917525773195876 1.577319587628866 2.9072164948453607 2.4123711340206184 1.268041237113402 2.3195876288659796 2.443298969072165 2.9381443298969074 2.0103092783505154 2.0721649484536084  
91 27.58456724287413 1.731958762886598 2.597938144329897 3.0 1.2371134020618557 2.195876288659794 1.5154639175257731 1.3917525773195876 2.9381443298969074 1.5463917525773196 2.381443298969072 1.3917525773195876 1.577319587628866 2.9072164948453607 2.4123711340206184 1.268041237113402 2.3195876288659796 2.443298969072165 2.9381443298969074 2.0103092783505154 2.0721649484536084  
177 66.36810369823067 1.731958762886598 2.597938144329897 3.0 1.2371134020618557 2.195876288659794 1.5154639175257731 1.3917525773195876 2.9381443298969074 1.5463917525773196 2.381443298969072 1.3917525773195876 1.577319587628866 2.9072164948453607 2.4123711340206184 1.268041237113402 2.3195876288659796 2.443298969072165 2.9381443298969074 2.0103092783505154 2.0721649484536084  
190 47.720815116058084 1.1546391752577319 1.731958762886598 2.0 0.8247422680412371 1.4639175257731958 1.0103092783505154 0.9278350515463918 1.958762886597938 1.0309278350515463 1.5876288659793814 0.9278350515463918 1.0515463917525774 1.9381443298969072 1.6082474226804124 0.845360824742268 1.5463917525773196 1.6288659793814433 1.958762886597938 1.3402061855670102 1.3814432989690721  
69 18.005622567625057 1.731958762886598 2.597938144329897 3.0 1.2371134020618557 2.195876288659794 1.5154639175257731 1.3917525773195876 2.9381443298969074 1.5463917525773196 2.381443298969072 1.3917525773195876 1.577319587628866 2.9072164948453607 2.4123711340206184 1.268041237113402 2.3195876288659796 2.443298969072165 2.9381443298969074 2.0103092783505154 2.0721649484536084  
53 177.26308242693878 1.731958762886598 2.597938144329897 3.0 1.2371134020618557 2.195876288659794 1.5154639175257731 1.3917525773195876 2.9381443298969074 1.5463917525773196 2.381443298969072 1.3917525773195876 1.577319587628866 2.9072164948453607 2.4123711340206184 1.268041237113402 2.3195876288659796 2.443298969072165 2.9381443298969074 2.0103092783505154 2.0721649484536084  
160 30.41521811934746 1.731958762886598 2.597938144329897 3.0 1.2371134020618557 2.195876288659794 1.5154639175257731 1.3917525773195876 2.9381443298969074 1.5463917525773196 2.381443298969072 1.3917525773195876 1.577319587628866 2.9072164948453607 2.4123711340206184 1.268041237113402 2.3195876288659796 2.443298969072165 2.9381443298969074 2.0103092783505154 2.0721649484536084  
30 262.39072268915044 1.731958762886598 2.597938144329897 3.0 1.2371134020618557 2.195876288659794 1.5154639175257731 1.3917525773195876 2.9381443298969074 1.5463917525773196 2.381443298969072 1.3917525773195876 1.577319587628866 2.9072164948453607 2.4123711340206184 1.268041237113402 2.3195876288659796 2.443298969072165 2.9381443298969074 2.0103092783505154 2.0721649484536084  
173 174.24997320505707 1.1546391752577319 1.731958762886598 2.0 0.8247422680412371 1.4639175257731958 1.0103092783505154 0.9278350515463918 1.958762886597938 1.0309278350515463 1.5876288659793814 0.9278350515463918 1.0515463917525774 1.9381443298969072 1.6082474226804124 0.845360824742268 1.5463917525773196 1.6288659793814433 1.958762886597938 1.3402061855670102 1.3814432989690721  
161 39.680886676093365 1.1546391752577319 1.731958762886598 2.0 0.8247422680412371 1.4639175257731958 1.0103092783505154 0.9278350515463918 1.958762886597938 1.0309278350515463 1.5876288659793814 0.9278350515463918 1.0515463917525774 1.9381443298969072 1.6082474226804124 0.845360824742268 1.5463917525773196 1.6288659793814433 1.958762886597938 1.3402061855670102 1.3814432989690721  
118 114.49172569201758 1.1546391752577319 1.731958762886598 2.0 0.8247422680412371 1.4639175257731958 1.0103092783505154 0.9278350515463918 1.958762886597938 1.0309278350515463 1.5876288659793814 0.9278350515463918 1.0515463917525774 1.9381443298969072 1.6082474226804124 0.845360824742268 1.5463917525773196 1.6288659793814433 1.958762886597938 1.3402061855670102 1.3814432989690721  
153 109.7765073242175 1.731958762886598 2.597938144329897 3.0 1.2371134020618557 2.195876288659794 1.5154639175257731 1.3917525773195876 2.9381443298969074 1.5463917525773196 2.381443298969072 1.3917525773195876 1.577319587628866 2.9072164948453607 2.4123711340206184 1.268041237113402 2.3195876288659796 2.443298969072165 2.9381443298969074 2.0103092783505154 2.0721649484536084  
65 16.35118287934348 1.731958762886598 2.597938144329897 3.0 1.2371134020618557 2.195876288659794 1.5154639175257731 1.3917525773195876 2.9381443298969074 1.5463917525773196 2.381443298969072 1.3917525773195876 1.577319587628866 2.9072164948453607 2.4123711340206184 1.268041237113402 2.3195876288659796 2.443298969072165 2.9381443298969074 2.0103092783505154 2.0721649484536084  
174 45.82057196051072 1.1546391752577319 1.731958762886598 2.0 0.8247422680412371 1.4639175257731958 1.0103092783505154 0.9278350515463918 1.958762886597938 1.0309278350515463 1.5876288659793814 0.9278350515463918 1.0515463917525774 1.9381443298969072 1.6082474226804124 0.845360824742268 1.5463917525773196 1.6288659793814433 1.958762886597938 1.3402061855670102 1.3814432989690721  
94 46.785532446455846 1.1546391752577319 1.731958762886598 2.0 0.8247422680412371 1.4639175257731958 1.0103092783505154 0.9278350515463918 1.958762886597938 1.0309278350515463 1.5876288659793814 0.9278350515463918 1.0515463917525774 1.9381443298969072 1.6082474226804124 0.845360824742268 1.5463917525773196 1.6288659793814433 1.958762886597938 1.3402061855670102 1.3814432989690721  
9 168.89334862163602 1.731958762886598 2.597938144329897 3.0 1.2371134020618557 2.195876288659794 1.5154639175257731 1.3917525773195876 2.9381443298969074 1.5463917525773196 2.381443298969072 1.3917525773195876 1.577319587628866 2.9072164948453607 2.4123711340206184 1.268041237113402 2.3195876288659796 2.443298969072165 2.9381443298969074 2.0103092783505154 2.0721649484536084  
121 30.890179031845786 1.731958762886598 2.597938144329897 3.0 1.2371134020618557 2.195876288659794 1.5154639175257731 1.3917525773195876 2.9381443298969074 1.5463917525773196 2.381443298969072 1.3917525773195876 1.577319587628866 2.9072164948453607 2.4123711340206184 1.268041237113402 2.3195876288659796 2.443298969072165 2.9381443298969074 2.0103092783505154 2.0721649484536084  
147 99.69916709450507 1.731958762886598 2.597938144329897 3.0 1.2371134020618557 2.195876288659794 1.5154639175257731 1.3917525773195876 2.9381443298969074 1.5463917525773196 2.381443298969072 1.3917525773195876 1.577319587628866 2.9072164948453607 2.4123711340206184 1.268041237113402 2.3195876288659796 2.443298969072165 2.9381443298969074 2.0103092783505154 2.0721649484536084  
67 177.99768320900637 1.1546391752577319 1.731958762886598 2.0 0.8247422680412371 1.4639175257731958 1.0103092783505154 0.9278350515463918 1.958762886597938 1.0309278350515463 1.5876288659793814 0.9278350515463918 1.0515463917525774 1.9381443298969072 1.6082474226804124 0.845360824742268 1.5463917525773196 1.6288659793814433 1.958762886597938 1.3402061855670102 1.3814432989690721  
52 139.74033478146822 1.1546391752577319 1.731958762886598 2.0 0.8247422680412371 1.4639175257731958 1.0103092783505154 0.9278350515463918 1.958762886597938 1.0309278350515463 1.5876288659793814 0.9278350515463918 1.0515463917525774 1.9381443298969072 1.6082474226804124 0.845360824742268 1.5463917525773196 1.6288659793814433 1.958762886597938 1.3402061855670102 1.3814432989690721  
109 10.37580390710687 1.731958762886598 2.597938144329897 3.0 1.2371134020618557 2.195876288659794 1.5154639175257731 1.3917525773195876 2.9381443298969074 1.5463917525773196 2.381443298969072 1.3917525773195876 1.577319587628866 2.9072164948453607 2.4123711340206184 1.268041237113402 2.3195876288659796 2.443298969072165 2.9381443298969074 2.0103092783505154 2.0721649484536084  
4 171.41786617654955 1.731958762886598 2.597938144329897 3.0 1.2371134020618557 2.195876288659794 1.5154639175257731 1.3917525773195876 2.9381443298969074 1.5463917525773196 2.381443298969072 1.3917525773195876 1.577319587628866 2.9072164948453607 2.4123711340206184 1.268041237113402 2.3195876288659796 2.443298969072165 2.9381443298969074 2.0103092783505154 2.0721649484536084  
70 105.64974675018792 1.731958762886598 2.597938144329897 3.0 1.2371134020618557 2.195876288659794 1.5154639175257731 1.3917525773195876 2.9381443298969074 1.5463917525773196 2.381443298969072 1.3917525773195876 1.577319587628866 2.9072164948453607 2.4123711340206184 1.268041237113402 2.3195876288659796 2.443298969072165 2.9381443298969074 2.0103092783505154 2.0721649484536084  
141 43.02305485944736 1.731958762886598 2.597938144329897 3.0 1.2371134020618557 2.195876288659794 1.5154639175257731 1.3917525773195876 2.9381443298969074 1.5463917525773196 2.381443298969072 1.3917525773195876 1.577319587628866 2.9072164948453607 2.4123711340206184 1.268041237113402 2.3195876288659796 2.443298969072165 2.9381443298969074 2.0103092783505154 2.0721649484536084  
15 253.13424542660954 1.731958762886598 2.597938144329897 3.0 1.2371134020618557 2.195876288659794 1.5154639175257731 1.3917525773195876 2.9381443298969074 1.5463917525773196 2.381443298969072 1.3917525773195876 1.577319587628866 2.9072164948453607 2.4123711340206184 1.268041237113402 2.3195876288659796 2.443298969072165 2.9381443298969074 2.0103092783505154 2.0721649484536084  
55 139.06297508159452 1.1546391752577319 1.731958762886598 2.0 0.8247422680412371 1.4639175257731958 1.0103092783505154 0.9278350515463918 1.958762886597938 1.0309278350515463 1.5876288659793814 0.9278350515463918 1.0515463917525774 1.9381443298969072 1.6082474226804124 0.845360824742268 1.5463917525773196 1.6288659793814433 1.958762886597938 1.3402061855670102 1.3814432989690721  
133 125.22109603149234 1.1546391752577319 1.731958762886598 2.0 0.8247422680412371 1.4639175257731958 1.0103092783505154 0.9278350515463918 1.958762886597938 1.0309278350515463 1.5876288659793814 0.9278350515463918 1.0515463917525774 1.9381443298969072 1.6082474226804124 0.845360824742268 1.5463917525773196 1.6288659793814433 1.958762886597938 1.3402061855670102 1.3814432989690721  
44 177.59412973835467 1.731958762886598 2.597938144329897 3.0 1.2371134020618557 2.195876288659794 1.5154639175257731 1.3917525773195876 2.9381443298969074 1.5463917525773196 2.381443298969072 1.3917525773195876 1.577319587628866 2.9072164948453607 2.4123711340206184 1.268041237113402 2.3195876288659796 2.443298969072165 2.9381443298969074 2.0103092783505154 2.0721649484536084  
169 142.5061096154949 1.731958762886598 2.597938144329897 3.0 1.2371134020618557 2.195876288659794 1.5154639175257731 1.3917525773195876 2.9381443298969074 1.5463917525773196 2.381443298969072 1.3917525773195876 1.577319587628866 2.9072164948453607 2.4123711340206184 1.268041237113402 2.3195876288659796 2.443298969072165 2.9381443298969074 2.0103092783505154 2.0721649484536084  
107 32.18272351312635 1.731958762886598 2.597938144329897 3.0 1.2371134020618557 2.195876288659794 1.5154639175257731 1.3917525773195876 2.9381443298969074 1.5463917525773196 2.381443298969072 1.3917525773195876 1.577319587628866 2.9072164948453607 2.4123711340206184 1.268041237113402 2.3195876288659796 2.443298969072165 2.9381443298969074 2.0103092783505154 2.0721649484536084  
74 183.6833250393988 1.731958762886598 2.597938144329897 3.0 1.2371134020618557 2.195876288659794 1.5154639175257731 1.3917525773195876 2.9381443298969074 1.5463917525773196 2.381443298969072 1.3917525773195876 1.577319587628866 2.9072164948453607 2.4123711340206184 1.268041237113402 2.3195876288659796 2.443298969072165 2.9381443298969074 2.0103092783505154 2.0721649484536084  
143 23.47400327792855 1.731958762886598 2.597938144329897 3.0 1.2371134020618557 2.195876288659794 1.5154639175257731 1.3917525773195876 2.9381443298969074 1.5463917525773196 2.381443298969072 1.3917525773195876 1.577319587628866 2.9072164948453607 2.4123711340206184 1.268041237113402 2.3195876288659796 2.443298969072165 2.9381443298969074 2.0103092783505154 2.0721649484536084  
90 136.48890876838794 1.1546391752577319 1.731958762886598 2.0 0.8247422680412371 1.4639175257731958 1.0103092783505154 0.9278350515463918 1.958762886597938 1.0309278350515463 1.5876288659793814 0.9278350515463918 1.0515463917525774 1.9381443298969072 1.6082474226804124 0.845360824742268 1.5463917525773196 1.6288659793814433 1.958762886597938 1.3402061855670102 1.3814432989690721  
80 98.87987190162241 1.1546391752577319 1.731958762886598 2.0 0.8247422680412371 1.4639175257731958 1.0103092783505154 0.9278350515463918 1.958762886597938 1.0309278350515463 1.5876288659793814 0.9278350515463918 1.0515463917525774 1.9381443298969072 1.6082474226804124 0.845360824742268 1.5463917525773196 1.6288659793814433 1.958762886597938 1.3402061855670102 1.3814432989690721  
58 113.6969206467603 1.731958762886598 2.597938144329897 3.0 1.2371134020618557 2.195876288659794 1.5154639175257731 1.3917525773195876 2.9381443298969074 1.5463917525773196 2.381443298969072 1.3917525773195876 1.577319587628866 2.9072164948453607 2.4123711340206184 1.268041237113402 2.3195876288659796 2.443298969072165 2.9381443298969074 2.0103092783505154 2.0721649484536084  
129 133.19445781705846 1.731958762886598 2.597938144329897 3.0 1.2371134020618557 2.195876288659794 1.5154639175257731 1.3917525773195876 2.9381443298969074 1.5463917525773196 2.381443298969072 1.3917525773195876 1.577319587628866 2.9072164948453607 2.4123711340206184 1.268041237113402 2.3195876288659796 2.443298969072165 2.9381443298969074 2.0103092783505154 2.0721649484536084  
184 7.580060273632132 1.1546391752577319 1.731958762886598 2.0 0.8247422680412371 1.4639175257731958 1.0103092783505154 0.9278350515463918 1.958762886597938 1.0309278350515463 1.5876288659793814 0.9278350515463918 1.0515463917525774 1.9381443298969072 1.6082474226804124 0.845360824742268 1.5463917525773196 1.6288659793814433 1.958762886597938 1.3402061855670102 1.3814432989690721  
13 262.9432969297169 1.731958762886598 2.597938144329897 3.0 1.2371134020618557 2.195876288659794 1.5154639175257731 1.3917525773195876 2.9381443298969074 1.5463917525773196 2.381443298969072 1.3917525773195876 1.577319587628866 2.9072164948453607 2.4123711340206184 1.268041237113402 2.3195876288659796 2.443298969072165 2.9381443298969074 2.0103092783505154 2.0721649484536084  
64 66.5854275761006 1.731958762886598 2.597938144329897 3.0 1.2371134020618557 2.195876288659794 1.5154639175257731 1.3917525773195876 2.9381443298969074 1.5463917525773196 2.381443298969072 1.3917525773195876 1.577319587628866 2.9072164948453607 2.4123711340206184 1.268041237113402 2.3195876288659796 2.443298969072165 2.9381443298969074 2.0103092783505154 2.0721649484536084  
