150 30
TREE NETWORK (nID nID Weight):
1 0 33.0 
2 1 56.0 
129 0 49.0 
3 2 44.0 
4 3 39.0 
75 1 45.0 
20 3 49.0 
130 129 50.0 
5 4 48.0 
23 2 49.0 
76 75 32.0 
24 23 48.0 
25 24 59.0 
97 1 34.0 
145 0 35.0 
132 129 37.0 
77 76 37.0 
122 1 45.0 
6 5 34.0 
98 97 53.0 
78 77 33.0 
133 129 48.0 
103 97 31.0 
80 77 44.0 
26 25 36.0 
92 75 37.0 
140 129 32.0 
22 3 37.0 
104 97 38.0 
44 24 57.0 
134 133 49.0 
146 0 54.0 
28 25 59.0 
143 129 54.0 
105 104 30.0 
51 24 39.0 
99 98 52.0 
81 80 44.0 
100 99 41.0 
29 28 57.0 
123 122 59.0 
8 4 52.0 
94 75 54.0 
53 23 42.0 
147 146 30.0 
9 8 57.0 
113 97 55.0 
144 143 58.0 
141 140 58.0 
30 29 53.0 
36 28 46.0 
82 81 44.0 
79 78 31.0 
12 8 47.0 
21 20 49.0 
124 123 44.0 
114 113 36.0 
101 98 43.0 
86 80 36.0 
117 113 58.0 
87 86 55.0 
10 9 49.0 
109 104 42.0 
135 133 53.0 
119 97 38.0 
91 76 31.0 
54 53 53.0 
38 25 44.0 
111 104 54.0 
106 105 57.0 
11 10 36.0 
13 12 54.0 
60 23 46.0 
61 60 35.0 
115 114 52.0 
59 53 57.0 
149 146 45.0 
62 61 36.0 
93 92 44.0 
71 23 43.0 
67 61 52.0 
31 29 58.0 
107 106 56.0 
142 140 56.0 
45 44 40.0 
68 61 57.0 
73 23 33.0 
16 12 58.0 
33 29 59.0 
42 25 50.0 
127 1 48.0 
128 1 51.0 
136 135 33.0 
32 31 31.0 
74 23 40.0 
43 25 37.0 
7 5 32.0 
108 106 41.0 
89 77 55.0 
72 71 56.0 
34 33 54.0 
39 38 45.0 
120 119 43.0 
63 62 51.0 
47 44 33.0 
102 101 32.0 
118 113 31.0 
50 44 54.0 
37 36 30.0 
48 47 48.0 
18 4 50.0 
17 16 30.0 
14 13 49.0 
110 109 53.0 
137 135 54.0 
55 54 39.0 
121 120 35.0 
139 133 45.0 
15 13 41.0 
83 82 52.0 
131 130 51.0 
49 48 30.0 
69 61 36.0 
56 54 57.0 
35 29 59.0 
64 62 40.0 
90 89 42.0 
84 82 56.0 
125 122 53.0 
85 82 47.0 
126 122 45.0 
112 111 44.0 
57 54 33.0 
70 61 58.0 
19 4 48.0 
66 62 55.0 
40 38 30.0 
96 75 30.0 
116 114 55.0 
41 40 50.0 
138 135 34.0 
58 57 35.0 
46 45 44.0 
88 80 45.0 
95 94 51.0 
27 26 34.0 
148 147 49.0 
52 24 44.0 
65 64 38.0 
PROGRAMS ASSIGNED TO NODES (nID pID1 pID2 ...):
0 1 2 3 4 5 6 7 8 9 10 11 12 13 14 15 16 17 18 19 20 21 22 23 24 25 26 27 28 29 30  
120 2 3 4 6 7 9 10 13 14 15 17 18 20 21 22 23 24 25 26 28 29 30  
44 15 27 29  
81 1 2 3 4 5 6 7 8 9 10 11 12 13 14 15 16 17 18 19 21 22 23 24 25 26 27 28 29 30  
83 2 6 7 13 14 17 21 22 25 26 29 30  
110 12 28  
64 1 2 4 5 7 8 9 10 13 14 15 16 17 18 19 20 21 22 23 24 25 26 27 28 29 30  
53 6 8 9 10 15 17 27  
97 5 7 15 19 21 23 28  
137 10 11 16 18 22 26 30  
135 3 12 19  
134 1 2 3 4 5 7 8 9 10 11 12 13 14 15 16 17 19 20 21 22 23 24 25 26 27 28 29 30  
3 2 3 4 6 7 9 10 11 12 14 17 18 20 22 23 24 27 29  
127 6 18 23  
65 2 19 24  
99 2 4 8 9 10 12 17 19 20 22 24 26 27 29  
85 22  
36 1 3 4 5 6 7 8 9 10 11 12 13 14 15 16 17 18 19 20 21 22 23 24 25 26 27 28 29 30  
24 1 6 8 9 10 12 19  
41 2 3 5 6 7 8 10 11 12 13 14 16 17 18 19 20 22 26 27 28 29  
96 5 18 30  
7 1 2 4 6 7 8 9 10 11 12 14 15 16 17 19 20 22 26 27 30  
11 1 4 6 9 10 11 14 15 17 18 19 20 21 23 24 25 26 30  
22 2 4 6 9 11 13 14 19 22 25 26  
6 6 8 11 14 20 24 26 29  
34 2 3 4 5 6 7 8 9 10 11 12 13 14 17 18 19 20 21 22 23 24 25 26 28 29 30  
14 2 3 4 7 11 12 13 14 15 16 19 20 21 22 24 27 30  
98 3 5 6 8 9 10 12 13 15 18 19 20 21 22 25 27 29 30  
37 2 8 10 23  
52 2 3 4 5 8 10 13 14 15 17 18 19 20 21 22 23 26 27 28  
116 3 6 11 13 14 15 16 25 27  
91 3 4 5 12 14 15 22 23 27 30  
80 1 2 4 6 9 10 14 15 16 17 19 20 24 25 29  
35 4 5 7 10 11 12 14 15 17 22 23 24 25 27  
38 4 5 8 9 11 16 17 18 20 25 30  
76 6 15 16 17 19 20 23 27 28  
47 1 7 8 9 10 11 13 17 20 21 26 30  
112  
31 1 4 6 7 8 9 14 18 19 20 22 25 27  
119 1 2 3 5 6 7 8 10 11 12 16 17 18 20 22 23 27 28  
70 1 2 3 4 5 6 7 9 10 11 12 13 14 15 16 17 18 19 20 21 22 23 24 25 26 27 30  
132 3 4 5 11 13 15 20 22 23 24 26 27 30  
59 8 16 21 26 28  
1 1 2 5 10 12 13 14 15 16 17 19 20 23 27 28 30  
9 5 6 7 8 9 10 12 16 17 19 22 24 27 28 29 30  
136 1 2 3 4 5 7 8 11 12 13 15 16 17 18 19 20 21 22 23 24 26 27 28 29 30  
49 1 2 3 4 5 6 7 8 9 11 12 13 14 15 16 17 18 19 20 21 22 23 24 25 26 27 28 29 30  
46 8 13  
114 1 3 5 6 8 9 12 13 15 17 18 19 20 22 23 25 26 27 30  
63 1 2 3 4 5 6 7 8 9 10 11 12 13 14 15 16 19 22 23 24 25 26 27 29 30  
56 2 3 4 6 8 9 10 11 13 14 16 17 19 20 21 22 23 24 26 27 28 29 30  
69 3 5 6 10 11 12 14 16 18 20 24 25 28 30  
88 3 6 10 12 15 17 21 24 25 27 28 29  
10 1  
107 1 2 3 4 6 7 11 13 14 15 16 18 22 23 24 27 29 30  
72 2 4 7 9 10 13 14 16 17 20 24 26 27 28 29 30  
55 1 2 3 5 6 8 11 13 14 17 19 21 23 24 25 26 27 28 29 30  
126 1 2 3 4 5 6 7 8 9 10 11 12 13 14 15 16 17 18 19 21 22 23 24 25 26 27 28 29 30  
74 14 27  
19 9 10 25 27  
54 3 4 7 17 25 28 29  
118 1 2 3 4 5 6 7 8 9 10 11 12 13 14 15 16 17 18 19 20 21 22 23 24 25 26 27 28 30  
75 1 2 4 5 6 9 10 15 21 22 23 26 29 30  
61 1 2 3 5 8 11 13 16 17 20 21 26  
103 1 18 20 21 23 25 26 27  
18 11 12 17 18 21 28  
92 5 9 11 12 13 17 18 29 30  
32 2 3 15 21 22 24 26 28 29  
131 1 2 5 6 7 9 10 11 12 14 15 16 17 18 19 21 28 29 30  
141 8 14 16 18 27  
146 2 3 6 7 8 9 10 11 13 14 15 16 19 21 22 23 24 26 30  
82 1 3 6 8 10 11 12 13 15 18 21 23 24 25 26 27 28 30  
128 1 2 3 5 6 7 8 9 10 11 12 13 14 15 16 17 18 19 21 22 23 24 25 26 27 29 30  
15 1 2 3 5 6 7 8 9 10 11 12 13 14 15 16 17 18 19 20 21 22 23 24 25 26 27 28 29 30  
100 15 20 22 24  
125 1 2 3 4 5 6 7 9 10 11 12 13 15 16 17 18 20 21 22 23 24 25 27 28 30  
40 1 5 6 7 9 12 14 15 16 18 20 21 24 28 29 30  
66 3 4 8 9 11 12 18 19 20 23 25 27 28 29 30  
145 1 2 3 4 5 6 7 8 11 12 14 15 17 18 20 21 22 23 24 26 27 30  
101 3 6 17 20 21 23 25 27 30  
28 28  
140 5 9 16 20 24 25 29  
12 5 10 12 15 16 17 25 27 30  
95 1 2 3 4 5 7 8 9 10 11 13 14 15 17 19 20 22 23 26 27 28 29 30  
144 1 2 3 4 5 6 7 9 10 11 13 16 17 18 19 20 21 22 23 25 26 28 29 30  
117 3 4 9 16 19 21  
30 2 3 6 9 11 12 13 16 18 19 20 21 25 26  
84 2 4 7 12 14 15 16 19 20 23 25 29 30  
108 1 2 7 10 12 15 18 20 29  
111 1 2 3 4 5 6 8 9 11 13 14 15 16 18 19 21 22 23 24 25 26 27 28 30  
123 1 2 5 9 10 19 23 26 27 30  
67 1 3 4 5 6 7 9 10 11 12 14 15 17 19 20 21 22 23 26 28 30  
149 1 3 4 5 9 10 11 12 13 16 17 18 19 21 23 24 25 26 27 28 29  
138 8 26 27 30  
87 1 7 9 11 13 17 18 19 20 21 22 23 24 25 26 27 28 29 30  
58 1 3 4 6 7 9 10 11 14 15 16 19 20 21 23 24 26 27 28  
48 11 17 24  
79 8 9 11 18 21 25 26 27  
78 9 17  
130 1 2 4 8 9 10 13 14 17 18 22 24 25 26 27 28 29 30  
102 2 4 6 8 13 18 21  
42 9 24 29  
109 1 3 5 6 7 17 19 22 25 27 30  
68 1 3 5 6 7 8 10 11 12 13 14 15 16 18 19 21 22 23 24 25 26 27 28 30  
17 1 3 4 5 6 7 8 9 10 11 12 13 14 15 17 18 19 20 21 23 24 25 26 27 28 29 30  
60 2 5 6 7 15 17  
73 1 2 3 4 5 6 7 8 9 10 11 12 13 15 16 17 18 19 20 21 22 23 24 27 28 29 30  
51 1 2 3 4 8 9 10 11 12 13 14 15 16 17 19 20 22 24 26 28 29 30  
94 1 2 3 4 5 6 7 8 9 11 12 13 14 15 16 17 18 20 21 22 23 25 26 27 30  
57 3 6 17 28  
5 1 4 7 8 10 12 14 16 17 20 21 26 27 28  
115 6 8 13 17 20  
106  
77 1 2 3 4 5 6 7 8 9 10 11 12 13 14 15 16 17 19 20 22 23 24 25 26 27 28 29  
29 5 9 12 16 19 20 21 24 25 26 27  
8 7 9 10 11 15 16 23 24 25 28  
45 3 4 6 13 15 19 21 23 27 30  
33 1 2 3 4 5 6 7 8 9 10 12 13 14 15 16 17 18 19 20 21 23 24 25 26 27 28 29  
13 9 11 12 16 21 22 25 26 27 29 30  
21 6 7 8 10 11 16 20 22 23 29  
104 1 2 6 7 9 10 12 13 16 17 20 24 25 27  
43 1 2 3 6 7 9 10 11 12 15 16 17 20 21 22 24 25 26 27 28 29 30  
122 1 9 15 18 22 29  
25 1 2 3 5 6 7 11 12 14 18 21 22 23 24 25 27 29  
148 1 5 8 9 10 11 12 13 14 15 16 18 19 20 22 24 25 29 30  
89 22 26 30  
113 23 27 30  
124 1 2 4 6 8 13 15 20 24 25 26 27 28 30  
129 2 6 7 18 26 30  
147 9 21  
133 5 6 8 9 17 19 20  
23 1 2 3 4 5 7 9 10 11 12 13 14 15 16 17 19 20 21 22 23 24 25 26 27 28 29 30  
71 1 3 4 5 13 14 15 16 17 18 19 20 22 23 24 25 26 28  
27 2 4 7 8 9 16 21 23 24 25 28  
20 1 2 3 4 5 6 8 9 10 11 12 13 14 15 16 20 21 22 25 28 30  
16 1 3 5 6 7 8 11 13 15 17 18 22 23 24 27 28 30  
4 2 3 4 5 6 7 8 9 11 12 13 14 15 16 17 18 20 21 22 23 24 25 26 28 29 30  
90 1 3 4 7 11 12 13 14 15 17 20 22 24 28 29  
143 1 2 3 5 6 7 9 10 11 12 14 16 17 18 19 20 21 22 24 25 26 27 28 29 30  
62 1 10 19 23  
50 4 5 7 9 11 14 15 22 23 24 30  
2 1 5 9 10 17 23 26 27  
139  
93 9 26  
39  
142 1 7 8 10 13 14 15 16 20 23 25 26 28  
121 6 13 15 17 20 25 26 27 28  
26 2 3 4 6 7 8 10 12 13 14 16 17 18 19 20 23 24 25 26 27 30  
105 5 6 8 10 12 15 17 20 27  
86 1 2 5 7 8 9 10 11 12 13 14 15 16 17 18 19 22 23 24 25 26 27 28 29  
SIZE OF PROGRAMS (pID SIZE):
1 87.0 
2 72.0 
3 84.0 
4 99.0 
5 57.0 
6 78.0 
7 71.0 
8 77.0 
9 81.0 
10 62.0 
11 63.0 
12 47.0 
13 42.0 
14 92.0 
15 99.0 
16 94.0 
17 50.0 
18 77.0 
19 54.0 
20 58.0 
21 47.0 
22 65.0 
23 86.0 
24 68.0 
25 48.0 
26 62.0 
27 81.0 
28 79.0 
29 45.0 
30 62.0 
COST_INSTALL_SERVER_AND_PROGRAMS :
0 7324.242424242425 2.6363636363636362 2.1818181818181817 2.5454545454545454 3.0 1.7272727272727273 2.3636363636363638 2.1515151515151514 2.3333333333333335 2.4545454545454546 1.878787878787879 1.9090909090909092 1.4242424242424243 1.2727272727272727 2.787878787878788 3.0 2.8484848484848486 1.5151515151515151 2.3333333333333335 1.6363636363636365 1.7575757575757576 1.4242424242424243 1.9696969696969697 2.606060606060606 2.0606060606060606 1.4545454545454546 1.878787878787879 2.4545454545454546 2.393939393939394 1.3636363636363635 1.878787878787879  
120 186.9213711306247 2.6363636363636362 2.1818181818181817 2.5454545454545454 3.0 1.7272727272727273 2.3636363636363638 2.1515151515151514 2.3333333333333335 2.4545454545454546 1.878787878787879 1.9090909090909092 1.4242424242424243 1.2727272727272727 2.787878787878788 3.0 2.8484848484848486 1.5151515151515151 2.3333333333333335 1.6363636363636365 1.7575757575757576 1.4242424242424243 1.9696969696969697 2.606060606060606 2.0606060606060606 1.4545454545454546 1.878787878787879 2.4545454545454546 2.393939393939394 1.3636363636363635 1.878787878787879  
44 320.505074638795 1.7575757575757576 1.4545454545454546 1.696969696969697 2.0 1.1515151515151516 1.5757575757575757 1.4343434343434343 1.5555555555555556 1.6363636363636365 1.2525252525252526 1.2727272727272727 0.9494949494949495 0.8484848484848485 1.8585858585858586 2.0 1.898989898989899 1.0101010101010102 1.5555555555555556 1.0909090909090908 1.1717171717171717 0.9494949494949495 1.3131313131313131 1.7373737373737375 1.3737373737373737 0.9696969696969697 1.2525252525252526 1.6363636363636365 1.595959595959596 0.9090909090909091 1.2525252525252526  
81 513.6813735444181 1.7575757575757576 1.4545454545454546 1.696969696969697 2.0 1.1515151515151516 1.5757575757575757 1.4343434343434343 1.5555555555555556 1.6363636363636365 1.2525252525252526 1.2727272727272727 0.9494949494949495 0.8484848484848485 1.8585858585858586 2.0 1.898989898989899 1.0101010101010102 1.5555555555555556 1.0909090909090908 1.1717171717171717 0.9494949494949495 1.3131313131313131 1.7373737373737375 1.3737373737373737 0.9696969696969697 1.2525252525252526 1.6363636363636365 1.595959595959596 0.9090909090909091 1.2525252525252526  
83 222.54812991977008 1.7575757575757576 1.4545454545454546 1.696969696969697 2.0 1.1515151515151516 1.5757575757575757 1.4343434343434343 1.5555555555555556 1.6363636363636365 1.2525252525252526 1.2727272727272727 0.9494949494949495 0.8484848484848485 1.8585858585858586 2.0 1.898989898989899 1.0101010101010102 1.5555555555555556 1.0909090909090908 1.1717171717171717 0.9494949494949495 1.3131313131313131 1.7373737373737375 1.3737373737373737 0.9696969696969697 1.2525252525252526 1.6363636363636365 1.595959595959596 0.9090909090909091 1.2525252525252526  
110 15.069456730816276 2.6363636363636362 2.1818181818181817 2.5454545454545454 3.0 1.7272727272727273 2.3636363636363638 2.1515151515151514 2.3333333333333335 2.4545454545454546 1.878787878787879 1.9090909090909092 1.4242424242424243 1.2727272727272727 2.787878787878788 3.0 2.8484848484848486 1.5151515151515151 2.3333333333333335 1.6363636363636365 1.7575757575757576 1.4242424242424243 1.9696969696969697 2.606060606060606 2.0606060606060606 1.4545454545454546 1.878787878787879 2.4545454545454546 2.393939393939394 1.3636363636363635 1.878787878787879  
64 453.37595432593065 1.7575757575757576 1.4545454545454546 1.696969696969697 2.0 1.1515151515151516 1.5757575757575757 1.4343434343434343 1.5555555555555556 1.6363636363636365 1.2525252525252526 1.2727272727272727 0.9494949494949495 0.8484848484848485 1.8585858585858586 2.0 1.898989898989899 1.0101010101010102 1.5555555555555556 1.0909090909090908 1.1717171717171717 0.9494949494949495 1.3131313131313131 1.7373737373737375 1.3737373737373737 0.9696969696969697 1.2525252525252526 1.6363636363636365 1.595959595959596 0.9090909090909091 1.2525252525252526  
53 248.59681411153207 2.6363636363636362 2.1818181818181817 2.5454545454545454 3.0 1.7272727272727273 2.3636363636363638 2.1515151515151514 2.3333333333333335 2.4545454545454546 1.878787878787879 1.9090909090909092 1.4242424242424243 1.2727272727272727 2.787878787878788 3.0 2.8484848484848486 1.5151515151515151 2.3333333333333335 1.6363636363636365 1.7575757575757576 1.4242424242424243 1.9696969696969697 2.606060606060606 2.0606060606060606 1.4545454545454546 1.878787878787879 2.4545454545454546 2.393939393939394 1.3636363636363635 1.878787878787879  
97 158.921675807033 2.6363636363636362 2.1818181818181817 2.5454545454545454 3.0 1.7272727272727273 2.3636363636363638 2.1515151515151514 2.3333333333333335 2.4545454545454546 1.878787878787879 1.9090909090909092 1.4242424242424243 1.2727272727272727 2.787878787878788 3.0 2.8484848484848486 1.5151515151515151 2.3333333333333335 1.6363636363636365 1.7575757575757576 1.4242424242424243 1.9696969696969697 2.606060606060606 2.0606060606060606 1.4545454545454546 1.878787878787879 2.4545454545454546 2.393939393939394 1.3636363636363635 1.878787878787879  
137 28.57697330378695 1.7575757575757576 1.4545454545454546 1.696969696969697 2.0 1.1515151515151516 1.5757575757575757 1.4343434343434343 1.5555555555555556 1.6363636363636365 1.2525252525252526 1.2727272727272727 0.9494949494949495 0.8484848484848485 1.8585858585858586 2.0 1.898989898989899 1.0101010101010102 1.5555555555555556 1.0909090909090908 1.1717171717171717 0.9494949494949495 1.3131313131313131 1.7373737373737375 1.3737373737373737 0.9696969696969697 1.2525252525252526 1.6363636363636365 1.595959595959596 0.9090909090909091 1.2525252525252526  
135 95.20103561213209 1.7575757575757576 1.4545454545454546 1.696969696969697 2.0 1.1515151515151516 1.5757575757575757 1.4343434343434343 1.5555555555555556 1.6363636363636365 1.2525252525252526 1.2727272727272727 0.9494949494949495 0.8484848484848485 1.8585858585858586 2.0 1.898989898989899 1.0101010101010102 1.5555555555555556 1.0909090909090908 1.1717171717171717 0.9494949494949495 1.3131313131313131 1.7373737373737375 1.3737373737373737 0.9696969696969697 1.2525252525252526 1.6363636363636365 1.595959595959596 0.9090909090909091 1.2525252525252526  
134 78.19927153766709 1.7575757575757576 1.4545454545454546 1.696969696969697 2.0 1.1515151515151516 1.5757575757575757 1.4343434343434343 1.5555555555555556 1.6363636363636365 1.2525252525252526 1.2727272727272727 0.9494949494949495 0.8484848484848485 1.8585858585858586 2.0 1.898989898989899 1.0101010101010102 1.5555555555555556 1.0909090909090908 1.1717171717171717 0.9494949494949495 1.3131313131313131 1.7373737373737375 1.3737373737373737 0.9696969696969697 1.2525252525252526 1.6363636363636365 1.595959595959596 0.9090909090909091 1.2525252525252526  
3 189.37589608283295 1.7575757575757576 1.4545454545454546 1.696969696969697 2.0 1.1515151515151516 1.5757575757575757 1.4343434343434343 1.5555555555555556 1.6363636363636365 1.2525252525252526 1.2727272727272727 0.9494949494949495 0.8484848484848485 1.8585858585858586 2.0 1.898989898989899 1.0101010101010102 1.5555555555555556 1.0909090909090908 1.1717171717171717 0.9494949494949495 1.3131313131313131 1.7373737373737375 1.3737373737373737 0.9696969696969697 1.2525252525252526 1.6363636363636365 1.595959595959596 0.9090909090909091 1.2525252525252526  
127 13.585926942168575 1.7575757575757576 1.4545454545454546 1.696969696969697 2.0 1.1515151515151516 1.5757575757575757 1.4343434343434343 1.5555555555555556 1.6363636363636365 1.2525252525252526 1.2727272727272727 0.9494949494949495 0.8484848484848485 1.8585858585858586 2.0 1.898989898989899 1.0101010101010102 1.5555555555555556 1.0909090909090908 1.1717171717171717 0.9494949494949495 1.3131313131313131 1.7373737373737375 1.3737373737373737 0.9696969696969697 1.2525252525252526 1.6363636363636365 1.595959595959596 0.9090909090909091 1.2525252525252526  
65 59.336660402551765 1.7575757575757576 1.4545454545454546 1.696969696969697 2.0 1.1515151515151516 1.5757575757575757 1.4343434343434343 1.5555555555555556 1.6363636363636365 1.2525252525252526 1.2727272727272727 0.9494949494949495 0.8484848484848485 1.8585858585858586 2.0 1.898989898989899 1.0101010101010102 1.5555555555555556 1.0909090909090908 1.1717171717171717 0.9494949494949495 1.3131313131313131 1.7373737373737375 1.3737373737373737 0.9696969696969697 1.2525252525252526 1.6363636363636365 1.595959595959596 0.9090909090909091 1.2525252525252526  
99 98.70125836211491 1.7575757575757576 1.4545454545454546 1.696969696969697 2.0 1.1515151515151516 1.5757575757575757 1.4343434343434343 1.5555555555555556 1.6363636363636365 1.2525252525252526 1.2727272727272727 0.9494949494949495 0.8484848484848485 1.8585858585858586 2.0 1.898989898989899 1.0101010101010102 1.5555555555555556 1.0909090909090908 1.1717171717171717 0.9494949494949495 1.3131313131313131 1.7373737373737375 1.3737373737373737 0.9696969696969697 1.2525252525252526 1.6363636363636365 1.595959595959596 0.9090909090909091 1.2525252525252526  
85 15.831007560623013 1.7575757575757576 1.4545454545454546 1.696969696969697 2.0 1.1515151515151516 1.5757575757575757 1.4343434343434343 1.5555555555555556 1.6363636363636365 1.2525252525252526 1.2727272727272727 0.9494949494949495 0.8484848484848485 1.8585858585858586 2.0 1.898989898989899 1.0101010101010102 1.5555555555555556 1.0909090909090908 1.1717171717171717 0.9494949494949495 1.3131313131313131 1.7373737373737375 1.3737373737373737 0.9696969696969697 1.2525252525252526 1.6363636363636365 1.595959595959596 0.9090909090909091 1.2525252525252526  
36 407.58938616936035 1.7575757575757576 1.4545454545454546 1.696969696969697 2.0 1.1515151515151516 1.5757575757575757 1.4343434343434343 1.5555555555555556 1.6363636363636365 1.2525252525252526 1.2727272727272727 0.9494949494949495 0.8484848484848485 1.8585858585858586 2.0 1.898989898989899 1.0101010101010102 1.5555555555555556 1.0909090909090908 1.1717171717171717 0.9494949494949495 1.3131313131313131 1.7373737373737375 1.3737373737373737 0.9696969696969697 1.2525252525252526 1.6363636363636365 1.595959595959596 0.9090909090909091 1.2525252525252526  
24 267.6893465575862 2.6363636363636362 2.1818181818181817 2.5454545454545454 3.0 1.7272727272727273 2.3636363636363638 2.1515151515151514 2.3333333333333335 2.4545454545454546 1.878787878787879 1.9090909090909092 1.4242424242424243 1.2727272727272727 2.787878787878788 3.0 2.8484848484848486 1.5151515151515151 2.3333333333333335 1.6363636363636365 1.7575757575757576 1.4242424242424243 1.9696969696969697 2.606060606060606 2.0606060606060606 1.4545454545454546 1.878787878787879 2.4545454545454546 2.393939393939394 1.3636363636363635 1.878787878787879  
41 389.9204475665882 2.6363636363636362 2.1818181818181817 2.5454545454545454 3.0 1.7272727272727273 2.3636363636363638 2.1515151515151514 2.3333333333333335 2.4545454545454546 1.878787878787879 1.9090909090909092 1.4242424242424243 1.2727272727272727 2.787878787878788 3.0 2.8484848484848486 1.5151515151515151 2.3333333333333335 1.6363636363636365 1.7575757575757576 1.4242424242424243 1.9696969696969697 2.606060606060606 2.0606060606060606 1.4545454545454546 1.878787878787879 2.4545454545454546 2.393939393939394 1.3636363636363635 1.878787878787879  
96 20.26221938228695 1.7575757575757576 1.4545454545454546 1.696969696969697 2.0 1.1515151515151516 1.5757575757575757 1.4343434343434343 1.5555555555555556 1.6363636363636365 1.2525252525252526 1.2727272727272727 0.9494949494949495 0.8484848484848485 1.8585858585858586 2.0 1.898989898989899 1.0101010101010102 1.5555555555555556 1.0909090909090908 1.1717171717171717 0.9494949494949495 1.3131313131313131 1.7373737373737375 1.3737373737373737 0.9696969696969697 1.2525252525252526 1.6363636363636365 1.595959595959596 0.9090909090909091 1.2525252525252526  
7 208.7153282382412 1.7575757575757576 1.4545454545454546 1.696969696969697 2.0 1.1515151515151516 1.5757575757575757 1.4343434343434343 1.5555555555555556 1.6363636363636365 1.2525252525252526 1.2727272727272727 0.9494949494949495 0.8484848484848485 1.8585858585858586 2.0 1.898989898989899 1.0101010101010102 1.5555555555555556 1.0909090909090908 1.1717171717171717 0.9494949494949495 1.3131313131313131 1.7373737373737375 1.3737373737373737 0.9696969696969697 1.2525252525252526 1.6363636363636365 1.595959595959596 0.9090909090909091 1.2525252525252526  
11 368.0665549122541 1.7575757575757576 1.4545454545454546 1.696969696969697 2.0 1.1515151515151516 1.5757575757575757 1.4343434343434343 1.5555555555555556 1.6363636363636365 1.2525252525252526 1.2727272727272727 0.9494949494949495 0.8484848484848485 1.8585858585858586 2.0 1.898989898989899 1.0101010101010102 1.5555555555555556 1.0909090909090908 1.1717171717171717 0.9494949494949495 1.3131313131313131 1.7373737373737375 1.3737373737373737 0.9696969696969697 1.2525252525252526 1.6363636363636365 1.595959595959596 0.9090909090909091 1.2525252525252526  
22 101.71353942579887 2.6363636363636362 2.1818181818181817 2.5454545454545454 3.0 1.7272727272727273 2.3636363636363638 2.1515151515151514 2.3333333333333335 2.4545454545454546 1.878787878787879 1.9090909090909092 1.4242424242424243 1.2727272727272727 2.787878787878788 3.0 2.8484848484848486 1.5151515151515151 2.3333333333333335 1.6363636363636365 1.7575757575757576 1.4242424242424243 1.9696969696969697 2.606060606060606 2.0606060606060606 1.4545454545454546 1.878787878787879 2.4545454545454546 2.393939393939394 1.3636363636363635 1.878787878787879  
6 71.37616326477556 2.6363636363636362 2.1818181818181817 2.5454545454545454 3.0 1.7272727272727273 2.3636363636363638 2.1515151515151514 2.3333333333333335 2.4545454545454546 1.878787878787879 1.9090909090909092 1.4242424242424243 1.2727272727272727 2.787878787878788 3.0 2.8484848484848486 1.5151515151515151 2.3333333333333335 1.6363636363636365 1.7575757575757576 1.4242424242424243 1.9696969696969697 2.606060606060606 2.0606060606060606 1.4545454545454546 1.878787878787879 2.4545454545454546 2.393939393939394 1.3636363636363635 1.878787878787879  
34 282.57450191643215 1.7575757575757576 1.4545454545454546 1.696969696969697 2.0 1.1515151515151516 1.5757575757575757 1.4343434343434343 1.5555555555555556 1.6363636363636365 1.2525252525252526 1.2727272727272727 0.9494949494949495 0.8484848484848485 1.8585858585858586 2.0 1.898989898989899 1.0101010101010102 1.5555555555555556 1.0909090909090908 1.1717171717171717 0.9494949494949495 1.3131313131313131 1.7373737373737375 1.3737373737373737 0.9696969696969697 1.2525252525252526 1.6363636363636365 1.595959595959596 0.9090909090909091 1.2525252525252526  
14 215.89631380642862 1.7575757575757576 1.4545454545454546 1.696969696969697 2.0 1.1515151515151516 1.5757575757575757 1.4343434343434343 1.5555555555555556 1.6363636363636365 1.2525252525252526 1.2727272727272727 0.9494949494949495 0.8484848484848485 1.8585858585858586 2.0 1.898989898989899 1.0101010101010102 1.5555555555555556 1.0909090909090908 1.1717171717171717 0.9494949494949495 1.3131313131313131 1.7373737373737375 1.3737373737373737 0.9696969696969697 1.2525252525252526 1.6363636363636365 1.595959595959596 0.9090909090909091 1.2525252525252526  
98 109.95184392272691 1.7575757575757576 1.4545454545454546 1.696969696969697 2.0 1.1515151515151516 1.5757575757575757 1.4343434343434343 1.5555555555555556 1.6363636363636365 1.2525252525252526 1.2727272727272727 0.9494949494949495 0.8484848484848485 1.8585858585858586 2.0 1.898989898989899 1.0101010101010102 1.5555555555555556 1.0909090909090908 1.1717171717171717 0.9494949494949495 1.3131313131313131 1.7373737373737375 1.3737373737373737 0.9696969696969697 1.2525252525252526 1.6363636363636365 1.595959595959596 0.9090909090909091 1.2525252525252526  
37 42.956736524408086 1.7575757575757576 1.4545454545454546 1.696969696969697 2.0 1.1515151515151516 1.5757575757575757 1.4343434343434343 1.5555555555555556 1.6363636363636365 1.2525252525252526 1.2727272727272727 0.9494949494949495 0.8484848484848485 1.8585858585858586 2.0 1.898989898989899 1.0101010101010102 1.5555555555555556 1.0909090909090908 1.1717171717171717 0.9494949494949495 1.3131313131313131 1.7373737373737375 1.3737373737373737 0.9696969696969697 1.2525252525252526 1.6363636363636365 1.595959595959596 0.9090909090909091 1.2525252525252526  
52 153.20888713333144 1.7575757575757576 1.4545454545454546 1.696969696969697 2.0 1.1515151515151516 1.5757575757575757 1.4343434343434343 1.5555555555555556 1.6363636363636365 1.2525252525252526 1.2727272727272727 0.9494949494949495 0.8484848484848485 1.8585858585858586 2.0 1.898989898989899 1.0101010101010102 1.5555555555555556 1.0909090909090908 1.1717171717171717 0.9494949494949495 1.3131313131313131 1.7373737373737375 1.3737373737373737 0.9696969696969697 1.2525252525252526 1.6363636363636365 1.595959595959596 0.9090909090909091 1.2525252525252526  
116 112.95114060137973 1.7575757575757576 1.4545454545454546 1.696969696969697 2.0 1.1515151515151516 1.5757575757575757 1.4343434343434343 1.5555555555555556 1.6363636363636365 1.2525252525252526 1.2727272727272727 0.9494949494949495 0.8484848484848485 1.8585858585858586 2.0 1.898989898989899 1.0101010101010102 1.5555555555555556 1.0909090909090908 1.1717171717171717 0.9494949494949495 1.3131313131313131 1.7373737373737375 1.3737373737373737 0.9696969696969697 1.2525252525252526 1.6363636363636365 1.595959595959596 0.9090909090909091 1.2525252525252526  
91 146.67962803463934 1.7575757575757576 1.4545454545454546 1.696969696969697 2.0 1.1515151515151516 1.5757575757575757 1.4343434343434343 1.5555555555555556 1.6363636363636365 1.2525252525252526 1.2727272727272727 0.9494949494949495 0.8484848484848485 1.8585858585858586 2.0 1.898989898989899 1.0101010101010102 1.5555555555555556 1.0909090909090908 1.1717171717171717 0.9494949494949495 1.3131313131313131 1.7373737373737375 1.3737373737373737 0.9696969696969697 1.2525252525252526 1.6363636363636365 1.595959595959596 0.9090909090909091 1.2525252525252526  
80 409.07494471781337 1.7575757575757576 1.4545454545454546 1.696969696969697 2.0 1.1515151515151516 1.5757575757575757 1.4343434343434343 1.5555555555555556 1.6363636363636365 1.2525252525252526 1.2727272727272727 0.9494949494949495 0.8484848484848485 1.8585858585858586 2.0 1.898989898989899 1.0101010101010102 1.5555555555555556 1.0909090909090908 1.1717171717171717 0.9494949494949495 1.3131313131313131 1.7373737373737375 1.3737373737373737 0.9696969696969697 1.2525252525252526 1.6363636363636365 1.595959595959596 0.9090909090909091 1.2525252525252526  
35 195.5038683135457 2.6363636363636362 2.1818181818181817 2.5454545454545454 3.0 1.7272727272727273 2.3636363636363638 2.1515151515151514 2.3333333333333335 2.4545454545454546 1.878787878787879 1.9090909090909092 1.4242424242424243 1.2727272727272727 2.787878787878788 3.0 2.8484848484848486 1.5151515151515151 2.3333333333333335 1.6363636363636365 1.7575757575757576 1.4242424242424243 1.9696969696969697 2.606060606060606 2.0606060606060606 1.4545454545454546 1.878787878787879 2.4545454545454546 2.393939393939394 1.3636363636363635 1.878787878787879  
38 184.91468792754006 1.7575757575757576 1.4545454545454546 1.696969696969697 2.0 1.1515151515151516 1.5757575757575757 1.4343434343434343 1.5555555555555556 1.6363636363636365 1.2525252525252526 1.2727272727272727 0.9494949494949495 0.8484848484848485 1.8585858585858586 2.0 1.898989898989899 1.0101010101010102 1.5555555555555556 1.0909090909090908 1.1717171717171717 0.9494949494949495 1.3131313131313131 1.7373737373737375 1.3737373737373737 0.9696969696969697 1.2525252525252526 1.6363636363636365 1.595959595959596 0.9090909090909091 1.2525252525252526  
76 145.90436036759567 1.7575757575757576 1.4545454545454546 1.696969696969697 2.0 1.1515151515151516 1.5757575757575757 1.4343434343434343 1.5555555555555556 1.6363636363636365 1.2525252525252526 1.2727272727272727 0.9494949494949495 0.8484848484848485 1.8585858585858586 2.0 1.898989898989899 1.0101010101010102 1.5555555555555556 1.0909090909090908 1.1717171717171717 0.9494949494949495 1.3131313131313131 1.7373737373737375 1.3737373737373737 0.9696969696969697 1.2525252525252526 1.6363636363636365 1.595959595959596 0.9090909090909091 1.2525252525252526  
47 256.75088853290094 1.7575757575757576 1.4545454545454546 1.696969696969697 2.0 1.1515151515151516 1.5757575757575757 1.4343434343434343 1.5555555555555556 1.6363636363636365 1.2525252525252526 1.2727272727272727 0.9494949494949495 0.8484848484848485 1.8585858585858586 2.0 1.898989898989899 1.0101010101010102 1.5555555555555556 1.0909090909090908 1.1717171717171717 0.9494949494949495 1.3131313131313131 1.7373737373737375 1.3737373737373737 0.9696969696969697 1.2525252525252526 1.6363636363636365 1.595959595959596 0.9090909090909091 1.2525252525252526  
112 279.0 2.6363636363636362 2.1818181818181817 2.5454545454545454 3.0 1.7272727272727273 2.3636363636363638 2.1515151515151514 2.3333333333333335 2.4545454545454546 1.878787878787879 1.9090909090909092 1.4242424242424243 1.2727272727272727 2.787878787878788 3.0 2.8484848484848486 1.5151515151515151 2.3333333333333335 1.6363636363636365 1.7575757575757576 1.4242424242424243 1.9696969696969697 2.606060606060606 2.0606060606060606 1.4545454545454546 1.878787878787879 2.4545454545454546 2.393939393939394 1.3636363636363635 1.878787878787879  
31 181.82035325002653 1.7575757575757576 1.4545454545454546 1.696969696969697 2.0 1.1515151515151516 1.5757575757575757 1.4343434343434343 1.5555555555555556 1.6363636363636365 1.2525252525252526 1.2727272727272727 0.9494949494949495 0.8484848484848485 1.8585858585858586 2.0 1.898989898989899 1.0101010101010102 1.5555555555555556 1.0909090909090908 1.1717171717171717 0.9494949494949495 1.3131313131313131 1.7373737373737375 1.3737373737373737 0.9696969696969697 1.2525252525252526 1.6363636363636365 1.595959595959596 0.9090909090909091 1.2525252525252526  
119 203.8165268189441 1.7575757575757576 1.4545454545454546 1.696969696969697 2.0 1.1515151515151516 1.5757575757575757 1.4343434343434343 1.5555555555555556 1.6363636363636365 1.2525252525252526 1.2727272727272727 0.9494949494949495 0.8484848484848485 1.8585858585858586 2.0 1.898989898989899 1.0101010101010102 1.5555555555555556 1.0909090909090908 1.1717171717171717 0.9494949494949495 1.3131313131313131 1.7373737373737375 1.3737373737373737 0.9696969696969697 1.2525252525252526 1.6363636363636365 1.595959595959596 0.9090909090909091 1.2525252525252526  
70 249.78440672932388 1.7575757575757576 1.4545454545454546 1.696969696969697 2.0 1.1515151515151516 1.5757575757575757 1.4343434343434343 1.5555555555555556 1.6363636363636365 1.2525252525252526 1.2727272727272727 0.9494949494949495 0.8484848484848485 1.8585858585858586 2.0 1.898989898989899 1.0101010101010102 1.5555555555555556 1.0909090909090908 1.1717171717171717 0.9494949494949495 1.3131313131313131 1.7373737373737375 1.3737373737373737 0.9696969696969697 1.2525252525252526 1.6363636363636365 1.595959595959596 0.9090909090909091 1.2525252525252526  
132 56.15499101989007 2.6363636363636362 2.1818181818181817 2.5454545454545454 3.0 1.7272727272727273 2.3636363636363638 2.1515151515151514 2.3333333333333335 2.4545454545454546 1.878787878787879 1.9090909090909092 1.4242424242424243 1.2727272727272727 2.787878787878788 3.0 2.8484848484848486 1.5151515151515151 2.3333333333333335 1.6363636363636365 1.7575757575757576 1.4242424242424243 1.9696969696969697 2.606060606060606 2.0606060606060606 1.4545454545454546 1.878787878787879 2.4545454545454546 2.393939393939394 1.3636363636363635 1.878787878787879  
59 49.688516992773344 1.7575757575757576 1.4545454545454546 1.696969696969697 2.0 1.1515151515151516 1.5757575757575757 1.4343434343434343 1.5555555555555556 1.6363636363636365 1.2525252525252526 1.2727272727272727 0.9494949494949495 0.8484848484848485 1.8585858585858586 2.0 1.898989898989899 1.0101010101010102 1.5555555555555556 1.0909090909090908 1.1717171717171717 0.9494949494949495 1.3131313131313131 1.7373737373737375 1.3737373737373737 0.9696969696969697 1.2525252525252526 1.6363636363636365 1.595959595959596 0.9090909090909091 1.2525252525252526  
1 44.821447769268744 1.7575757575757576 1.4545454545454546 1.696969696969697 2.0 1.1515151515151516 1.5757575757575757 1.4343434343434343 1.5555555555555556 1.6363636363636365 1.2525252525252526 1.2727272727272727 0.9494949494949495 0.8484848484848485 1.8585858585858586 2.0 1.898989898989899 1.0101010101010102 1.5555555555555556 1.0909090909090908 1.1717171717171717 0.9494949494949495 1.3131313131313131 1.7373737373737375 1.3737373737373737 0.9696969696969697 1.2525252525252526 1.6363636363636365 1.595959595959596 0.9090909090909091 1.2525252525252526  
9 271.7619223691516 2.6363636363636362 2.1818181818181817 2.5454545454545454 3.0 1.7272727272727273 2.3636363636363638 2.1515151515151514 2.3333333333333335 2.4545454545454546 1.878787878787879 1.9090909090909092 1.4242424242424243 1.2727272727272727 2.787878787878788 3.0 2.8484848484848486 1.5151515151515151 2.3333333333333335 1.6363636363636365 1.7575757575757576 1.4242424242424243 1.9696969696969697 2.606060606060606 2.0606060606060606 1.4545454545454546 1.878787878787879 2.4545454545454546 2.393939393939394 1.3636363636363635 1.878787878787879  
136 138.48785647456913 2.6363636363636362 2.1818181818181817 2.5454545454545454 3.0 1.7272727272727273 2.3636363636363638 2.1515151515151514 2.3333333333333335 2.4545454545454546 1.878787878787879 1.9090909090909092 1.4242424242424243 1.2727272727272727 2.787878787878788 3.0 2.8484848484848486 1.5151515151515151 2.3333333333333335 1.6363636363636365 1.7575757575757576 1.4242424242424243 1.9696969696969697 2.606060606060606 2.0606060606060606 1.4545454545454546 1.878787878787879 2.4545454545454546 2.393939393939394 1.3636363636363635 1.878787878787879  
49 633.6405381966656 1.7575757575757576 1.4545454545454546 1.696969696969697 2.0 1.1515151515151516 1.5757575757575757 1.4343434343434343 1.5555555555555556 1.6363636363636365 1.2525252525252526 1.2727272727272727 0.9494949494949495 0.8484848484848485 1.8585858585858586 2.0 1.898989898989899 1.0101010101010102 1.5555555555555556 1.0909090909090908 1.1717171717171717 0.9494949494949495 1.3131313131313131 1.7373737373737375 1.3737373737373737 0.9696969696969697 1.2525252525252526 1.6363636363636365 1.595959595959596 0.9090909090909091 1.2525252525252526  
46 14.032798959294038 2.6363636363636362 2.1818181818181817 2.5454545454545454 3.0 1.7272727272727273 2.3636363636363638 2.1515151515151514 2.3333333333333335 2.4545454545454546 1.878787878787879 1.9090909090909092 1.4242424242424243 1.2727272727272727 2.787878787878788 3.0 2.8484848484848486 1.5151515151515151 2.3333333333333335 1.6363636363636365 1.7575757575757576 1.4242424242424243 1.9696969696969697 2.606060606060606 2.0606060606060606 1.4545454545454546 1.878787878787879 2.4545454545454546 2.393939393939394 1.3636363636363635 1.878787878787879  
114 179.10352605366938 2.6363636363636362 2.1818181818181817 2.5454545454545454 3.0 1.7272727272727273 2.3636363636363638 2.1515151515151514 2.3333333333333335 2.4545454545454546 1.878787878787879 1.9090909090909092 1.4242424242424243 1.2727272727272727 2.787878787878788 3.0 2.8484848484848486 1.5151515151515151 2.3333333333333335 1.6363636363636365 1.7575757575757576 1.4242424242424243 1.9696969696969697 2.606060606060606 2.0606060606060606 1.4545454545454546 1.878787878787879 2.4545454545454546 2.393939393939394 1.3636363636363635 1.878787878787879  
63 451.66066487592025 1.7575757575757576 1.4545454545454546 1.696969696969697 2.0 1.1515151515151516 1.5757575757575757 1.4343434343434343 1.5555555555555556 1.6363636363636365 1.2525252525252526 1.2727272727272727 0.9494949494949495 0.8484848484848485 1.8585858585858586 2.0 1.898989898989899 1.0101010101010102 1.5555555555555556 1.0909090909090908 1.1717171717171717 0.9494949494949495 1.3131313131313131 1.7373737373737375 1.3737373737373737 0.9696969696969697 1.2525252525252526 1.6363636363636365 1.595959595959596 0.9090909090909091 1.2525252525252526  
56 210.53437582293196 1.7575757575757576 1.4545454545454546 1.696969696969697 2.0 1.1515151515151516 1.5757575757575757 1.4343434343434343 1.5555555555555556 1.6363636363636365 1.2525252525252526 1.2727272727272727 0.9494949494949495 0.8484848484848485 1.8585858585858586 2.0 1.898989898989899 1.0101010101010102 1.5555555555555556 1.0909090909090908 1.1717171717171717 0.9494949494949495 1.3131313131313131 1.7373737373737375 1.3737373737373737 0.9696969696969697 1.2525252525252526 1.6363636363636365 1.595959595959596 0.9090909090909091 1.2525252525252526  
69 110.49372903462631 2.6363636363636362 2.1818181818181817 2.5454545454545454 3.0 1.7272727272727273 2.3636363636363638 2.1515151515151514 2.3333333333333335 2.4545454545454546 1.878787878787879 1.9090909090909092 1.4242424242424243 1.2727272727272727 2.787878787878788 3.0 2.8484848484848486 1.5151515151515151 2.3333333333333335 1.6363636363636365 1.7575757575757576 1.4242424242424243 1.9696969696969697 2.606060606060606 2.0606060606060606 1.4545454545454546 1.878787878787879 2.4545454545454546 2.393939393939394 1.3636363636363635 1.878787878787879  
88 143.40070005714995 2.6363636363636362 2.1818181818181817 2.5454545454545454 3.0 1.7272727272727273 2.3636363636363638 2.1515151515151514 2.3333333333333335 2.4545454545454546 1.878787878787879 1.9090909090909092 1.4242424242424243 1.2727272727272727 2.787878787878788 3.0 2.8484848484848486 1.5151515151515151 2.3333333333333335 1.6363636363636365 1.7575757575757576 1.4242424242424243 1.9696969696969697 2.606060606060606 2.0606060606060606 1.4545454545454546 1.878787878787879 2.4545454545454546 2.393939393939394 1.3636363636363635 1.878787878787879  
10 155.46050162859692 1.7575757575757576 1.4545454545454546 1.696969696969697 2.0 1.1515151515151516 1.5757575757575757 1.4343434343434343 1.5555555555555556 1.6363636363636365 1.2525252525252526 1.2727272727272727 0.9494949494949495 0.8484848484848485 1.8585858585858586 2.0 1.898989898989899 1.0101010101010102 1.5555555555555556 1.0909090909090908 1.1717171717171717 0.9494949494949495 1.3131313131313131 1.7373737373737375 1.3737373737373737 0.9696969696969697 1.2525252525252526 1.6363636363636365 1.595959595959596 0.9090909090909091 1.2525252525252526  
107 229.98102783759109 1.7575757575757576 1.4545454545454546 1.696969696969697 2.0 1.1515151515151516 1.5757575757575757 1.4343434343434343 1.5555555555555556 1.6363636363636365 1.2525252525252526 1.2727272727272727 0.9494949494949495 0.8484848484848485 1.8585858585858586 2.0 1.898989898989899 1.0101010101010102 1.5555555555555556 1.0909090909090908 1.1717171717171717 0.9494949494949495 1.3131313131313131 1.7373737373737375 1.3737373737373737 0.9696969696969697 1.2525252525252526 1.6363636363636365 1.595959595959596 0.9090909090909091 1.2525252525252526  
72 90.87432626522626 2.6363636363636362 2.1818181818181817 2.5454545454545454 3.0 1.7272727272727273 2.3636363636363638 2.1515151515151514 2.3333333333333335 2.4545454545454546 1.878787878787879 1.9090909090909092 1.4242424242424243 1.2727272727272727 2.787878787878788 3.0 2.8484848484848486 1.5151515151515151 2.3333333333333335 1.6363636363636365 1.7575757575757576 1.4242424242424243 1.9696969696969697 2.606060606060606 2.0606060606060606 1.4545454545454546 1.878787878787879 2.4545454545454546 2.393939393939394 1.3636363636363635 1.878787878787879  
55 267.42681806102644 2.6363636363636362 2.1818181818181817 2.5454545454545454 3.0 1.7272727272727273 2.3636363636363638 2.1515151515151514 2.3333333333333335 2.4545454545454546 1.878787878787879 1.9090909090909092 1.4242424242424243 1.2727272727272727 2.787878787878788 3.0 2.8484848484848486 1.5151515151515151 2.3333333333333335 1.6363636363636365 1.7575757575757576 1.4242424242424243 1.9696969696969697 2.606060606060606 2.0606060606060606 1.4545454545454546 1.878787878787879 2.4545454545454546 2.393939393939394 1.3636363636363635 1.878787878787879  
126 106.0585676474297 1.7575757575757576 1.4545454545454546 1.696969696969697 2.0 1.1515151515151516 1.5757575757575757 1.4343434343434343 1.5555555555555556 1.6363636363636365 1.2525252525252526 1.2727272727272727 0.9494949494949495 0.8484848484848485 1.8585858585858586 2.0 1.898989898989899 1.0101010101010102 1.5555555555555556 1.0909090909090908 1.1717171717171717 0.9494949494949495 1.3131313131313131 1.7373737373737375 1.3737373737373737 0.9696969696969697 1.2525252525252526 1.6363636363636365 1.595959595959596 0.9090909090909091 1.2525252525252526  
74 14.99947827465348 1.7575757575757576 1.4545454545454546 1.696969696969697 2.0 1.1515151515151516 1.5757575757575757 1.4343434343434343 1.5555555555555556 1.6363636363636365 1.2525252525252526 1.2727272727272727 0.9494949494949495 0.8484848484848485 1.8585858585858586 2.0 1.898989898989899 1.0101010101010102 1.5555555555555556 1.0909090909090908 1.1717171717171717 0.9494949494949495 1.3131313131313131 1.7373737373737375 1.3737373737373737 0.9696969696969697 1.2525252525252526 1.6363636363636365 1.595959595959596 0.9090909090909091 1.2525252525252526  
19 28.37525478723133 1.7575757575757576 1.4545454545454546 1.696969696969697 2.0 1.1515151515151516 1.5757575757575757 1.4343434343434343 1.5555555555555556 1.6363636363636365 1.2525252525252526 1.2727272727272727 0.9494949494949495 0.8484848484848485 1.8585858585858586 2.0 1.898989898989899 1.0101010101010102 1.5555555555555556 1.0909090909090908 1.1717171717171717 0.9494949494949495 1.3131313131313131 1.7373737373737375 1.3737373737373737 0.9696969696969697 1.2525252525252526 1.6363636363636365 1.595959595959596 0.9090909090909091 1.2525252525252526  
54 232.94257627697561 1.7575757575757576 1.4545454545454546 1.696969696969697 2.0 1.1515151515151516 1.5757575757575757 1.4343434343434343 1.5555555555555556 1.6363636363636365 1.2525252525252526 1.2727272727272727 0.9494949494949495 0.8484848484848485 1.8585858585858586 2.0 1.898989898989899 1.0101010101010102 1.5555555555555556 1.0909090909090908 1.1717171717171717 0.9494949494949495 1.3131313131313131 1.7373737373737375 1.3737373737373737 0.9696969696969697 1.2525252525252526 1.6363636363636365 1.595959595959596 0.9090909090909091 1.2525252525252526  
118 172.68067867326548 2.6363636363636362 2.1818181818181817 2.5454545454545454 3.0 1.7272727272727273 2.3636363636363638 2.1515151515151514 2.3333333333333335 2.4545454545454546 1.878787878787879 1.9090909090909092 1.4242424242424243 1.2727272727272727 2.787878787878788 3.0 2.8484848484848486 1.5151515151515151 2.3333333333333335 1.6363636363636365 1.7575757575757576 1.4242424242424243 1.9696969696969697 2.606060606060606 2.0606060606060606 1.4545454545454546 1.878787878787879 2.4545454545454546 2.393939393939394 1.3636363636363635 1.878787878787879  
75 81.06316606113839 2.6363636363636362 2.1818181818181817 2.5454545454545454 3.0 1.7272727272727273 2.3636363636363638 2.1515151515151514 2.3333333333333335 2.4545454545454546 1.878787878787879 1.9090909090909092 1.4242424242424243 1.2727272727272727 2.787878787878788 3.0 2.8484848484848486 1.5151515151515151 2.3333333333333335 1.6363636363636365 1.7575757575757576 1.4242424242424243 1.9696969696969697 2.606060606060606 2.0606060606060606 1.4545454545454546 1.878787878787879 2.4545454545454546 2.393939393939394 1.3636363636363635 1.878787878787879  
61 202.57422894340334 2.6363636363636362 2.1818181818181817 2.5454545454545454 3.0 1.7272727272727273 2.3636363636363638 2.1515151515151514 2.3333333333333335 2.4545454545454546 1.878787878787879 1.9090909090909092 1.4242424242424243 1.2727272727272727 2.787878787878788 3.0 2.8484848484848486 1.5151515151515151 2.3333333333333335 1.6363636363636365 1.7575757575757576 1.4242424242424243 1.9696969696969697 2.606060606060606 2.0606060606060606 1.4545454545454546 1.878787878787879 2.4545454545454546 2.393939393939394 1.3636363636363635 1.878787878787879  
103 66.96129749923216 1.7575757575757576 1.4545454545454546 1.696969696969697 2.0 1.1515151515151516 1.5757575757575757 1.4343434343434343 1.5555555555555556 1.6363636363636365 1.2525252525252526 1.2727272727272727 0.9494949494949495 0.8484848484848485 1.8585858585858586 2.0 1.898989898989899 1.0101010101010102 1.5555555555555556 1.0909090909090908 1.1717171717171717 0.9494949494949495 1.3131313131313131 1.7373737373737375 1.3737373737373737 0.9696969696969697 1.2525252525252526 1.6363636363636365 1.595959595959596 0.9090909090909091 1.2525252525252526  
18 33.735681638095436 1.7575757575757576 1.4545454545454546 1.696969696969697 2.0 1.1515151515151516 1.5757575757575757 1.4343434343434343 1.5555555555555556 1.6363636363636365 1.2525252525252526 1.2727272727272727 0.9494949494949495 0.8484848484848485 1.8585858585858586 2.0 1.898989898989899 1.0101010101010102 1.5555555555555556 1.0909090909090908 1.1717171717171717 0.9494949494949495 1.3131313131313131 1.7373737373737375 1.3737373737373737 0.9696969696969697 1.2525252525252526 1.6363636363636365 1.595959595959596 0.9090909090909091 1.2525252525252526  
92 27.090012700177446 1.7575757575757576 1.4545454545454546 1.696969696969697 2.0 1.1515151515151516 1.5757575757575757 1.4343434343434343 1.5555555555555556 1.6363636363636365 1.2525252525252526 1.2727272727272727 0.9494949494949495 0.8484848484848485 1.8585858585858586 2.0 1.898989898989899 1.0101010101010102 1.5555555555555556 1.0909090909090908 1.1717171717171717 0.9494949494949495 1.3131313131313131 1.7373737373737375 1.3737373737373737 0.9696969696969697 1.2525252525252526 1.6363636363636365 1.595959595959596 0.9090909090909091 1.2525252525252526  
32 93.60746848306351 1.7575757575757576 1.4545454545454546 1.696969696969697 2.0 1.1515151515151516 1.5757575757575757 1.4343434343434343 1.5555555555555556 1.6363636363636365 1.2525252525252526 1.2727272727272727 0.9494949494949495 0.8484848484848485 1.8585858585858586 2.0 1.898989898989899 1.0101010101010102 1.5555555555555556 1.0909090909090908 1.1717171717171717 0.9494949494949495 1.3131313131313131 1.7373737373737375 1.3737373737373737 0.9696969696969697 1.2525252525252526 1.6363636363636365 1.595959595959596 0.9090909090909091 1.2525252525252526  
131 68.87502192540092 2.6363636363636362 2.1818181818181817 2.5454545454545454 3.0 1.7272727272727273 2.3636363636363638 2.1515151515151514 2.3333333333333335 2.4545454545454546 1.878787878787879 1.9090909090909092 1.4242424242424243 1.2727272727272727 2.787878787878788 3.0 2.8484848484848486 1.5151515151515151 2.3333333333333335 1.6363636363636365 1.7575757575757576 1.4242424242424243 1.9696969696969697 2.606060606060606 2.0606060606060606 1.4545454545454546 1.878787878787879 2.4545454545454546 2.393939393939394 1.3636363636363635 1.878787878787879  
141 23.263858467580075 1.7575757575757576 1.4545454545454546 1.696969696969697 2.0 1.1515151515151516 1.5757575757575757 1.4343434343434343 1.5555555555555556 1.6363636363636365 1.2525252525252526 1.2727272727272727 0.9494949494949495 0.8484848484848485 1.8585858585858586 2.0 1.898989898989899 1.0101010101010102 1.5555555555555556 1.0909090909090908 1.1717171717171717 0.9494949494949495 1.3131313131313131 1.7373737373737375 1.3737373737373737 0.9696969696969697 1.2525252525252526 1.6363636363636365 1.595959595959596 0.9090909090909091 1.2525252525252526  
146 6.64857076323662 1.7575757575757576 1.4545454545454546 1.696969696969697 2.0 1.1515151515151516 1.5757575757575757 1.4343434343434343 1.5555555555555556 1.6363636363636365 1.2525252525252526 1.2727272727272727 0.9494949494949495 0.8484848484848485 1.8585858585858586 2.0 1.898989898989899 1.0101010101010102 1.5555555555555556 1.0909090909090908 1.1717171717171717 0.9494949494949495 1.3131313131313131 1.7373737373737375 1.3737373737373737 0.9696969696969697 1.2525252525252526 1.6363636363636365 1.595959595959596 0.9090909090909091 1.2525252525252526  
82 419.0710117357018 1.7575757575757576 1.4545454545454546 1.696969696969697 2.0 1.1515151515151516 1.5757575757575757 1.4343434343434343 1.5555555555555556 1.6363636363636365 1.2525252525252526 1.2727272727272727 0.9494949494949495 0.8484848484848485 1.8585858585858586 2.0 1.898989898989899 1.0101010101010102 1.5555555555555556 1.0909090909090908 1.1717171717171717 0.9494949494949495 1.3131313131313131 1.7373737373737375 1.3737373737373737 0.9696969696969697 1.2525252525252526 1.6363636363636365 1.595959595959596 0.9090909090909091 1.2525252525252526  
128 56.58055340946887 1.7575757575757576 1.4545454545454546 1.696969696969697 2.0 1.1515151515151516 1.5757575757575757 1.4343434343434343 1.5555555555555556 1.6363636363636365 1.2525252525252526 1.2727272727272727 0.9494949494949495 0.8484848484848485 1.8585858585858586 2.0 1.898989898989899 1.0101010101010102 1.5555555555555556 1.0909090909090908 1.1717171717171717 0.9494949494949495 1.3131313131313131 1.7373737373737375 1.3737373737373737 0.9696969696969697 1.2525252525252526 1.6363636363636365 1.595959595959596 0.9090909090909091 1.2525252525252526  
15 539.4089956768837 1.7575757575757576 1.4545454545454546 1.696969696969697 2.0 1.1515151515151516 1.5757575757575757 1.4343434343434343 1.5555555555555556 1.6363636363636365 1.2525252525252526 1.2727272727272727 0.9494949494949495 0.8484848484848485 1.8585858585858586 2.0 1.898989898989899 1.0101010101010102 1.5555555555555556 1.0909090909090908 1.1717171717171717 0.9494949494949495 1.3131313131313131 1.7373737373737375 1.3737373737373737 0.9696969696969697 1.2525252525252526 1.6363636363636365 1.595959595959596 0.9090909090909091 1.2525252525252526  
100 36.61253935982594 2.6363636363636362 2.1818181818181817 2.5454545454545454 3.0 1.7272727272727273 2.3636363636363638 2.1515151515151514 2.3333333333333335 2.4545454545454546 1.878787878787879 1.9090909090909092 1.4242424242424243 1.2727272727272727 2.787878787878788 3.0 2.8484848484848486 1.5151515151515151 2.3333333333333335 1.6363636363636365 1.7575757575757576 1.4242424242424243 1.9696969696969697 2.606060606060606 2.0606060606060606 1.4545454545454546 1.878787878787879 2.4545454545454546 2.393939393939394 1.3636363636363635 1.878787878787879  
125 128.46254570687384 1.7575757575757576 1.4545454545454546 1.696969696969697 2.0 1.1515151515151516 1.5757575757575757 1.4343434343434343 1.5555555555555556 1.6363636363636365 1.2525252525252526 1.2727272727272727 0.9494949494949495 0.8484848484848485 1.8585858585858586 2.0 1.898989898989899 1.0101010101010102 1.5555555555555556 1.0909090909090908 1.1717171717171717 0.9494949494949495 1.3131313131313131 1.7373737373737375 1.3737373737373737 0.9696969696969697 1.2525252525252526 1.6363636363636365 1.595959595959596 0.9090909090909091 1.2525252525252526  
40 431.1243119147582 2.6363636363636362 2.1818181818181817 2.5454545454545454 3.0 1.7272727272727273 2.3636363636363638 2.1515151515151514 2.3333333333333335 2.4545454545454546 1.878787878787879 1.9090909090909092 1.4242424242424243 1.2727272727272727 2.787878787878788 3.0 2.8484848484848486 1.5151515151515151 2.3333333333333335 1.6363636363636365 1.7575757575757576 1.4242424242424243 1.9696969696969697 2.606060606060606 2.0606060606060606 1.4545454545454546 1.878787878787879 2.4545454545454546 2.393939393939394 1.3636363636363635 1.878787878787879  
66 246.22437788501298 2.6363636363636362 2.1818181818181817 2.5454545454545454 3.0 1.7272727272727273 2.3636363636363638 2.1515151515151514 2.3333333333333335 2.4545454545454546 1.878787878787879 1.9090909090909092 1.4242424242424243 1.2727272727272727 2.787878787878788 3.0 2.8484848484848486 1.5151515151515151 2.3333333333333335 1.6363636363636365 1.7575757575757576 1.4242424242424243 1.9696969696969697 2.606060606060606 2.0606060606060606 1.4545454545454546 1.878787878787879 2.4545454545454546 2.393939393939394 1.3636363636363635 1.878787878787879  
145 53.68449033182739 1.7575757575757576 1.4545454545454546 1.696969696969697 2.0 1.1515151515151516 1.5757575757575757 1.4343434343434343 1.5555555555555556 1.6363636363636365 1.2525252525252526 1.2727272727272727 0.9494949494949495 0.8484848484848485 1.8585858585858586 2.0 1.898989898989899 1.0101010101010102 1.5555555555555556 1.0909090909090908 1.1717171717171717 0.9494949494949495 1.3131313131313131 1.7373737373737375 1.3737373737373737 0.9696969696969697 1.2525252525252526 1.6363636363636365 1.595959595959596 0.9090909090909091 1.2525252525252526  
101 113.29555487646299 1.7575757575757576 1.4545454545454546 1.696969696969697 2.0 1.1515151515151516 1.5757575757575757 1.4343434343434343 1.5555555555555556 1.6363636363636365 1.2525252525252526 1.2727272727272727 0.9494949494949495 0.8484848484848485 1.8585858585858586 2.0 1.898989898989899 1.0101010101010102 1.5555555555555556 1.0909090909090908 1.1717171717171717 0.9494949494949495 1.3131313131313131 1.7373737373737375 1.3737373737373737 0.9696969696969697 1.2525252525252526 1.6363636363636365 1.595959595959596 0.9090909090909091 1.2525252525252526  
28 390.26853857432 1.7575757575757576 1.4545454545454546 1.696969696969697 2.0 1.1515151515151516 1.5757575757575757 1.4343434343434343 1.5555555555555556 1.6363636363636365 1.2525252525252526 1.2727272727272727 0.9494949494949495 0.8484848484848485 1.8585858585858586 2.0 1.898989898989899 1.0101010101010102 1.5555555555555556 1.0909090909090908 1.1717171717171717 0.9494949494949495 1.3131313131313131 1.7373737373737375 1.3737373737373737 0.9696969696969697 1.2525252525252526 1.6363636363636365 1.595959595959596 0.9090909090909091 1.2525252525252526  
140 88.15871202882144 1.7575757575757576 1.4545454545454546 1.696969696969697 2.0 1.1515151515151516 1.5757575757575757 1.4343434343434343 1.5555555555555556 1.6363636363636365 1.2525252525252526 1.2727272727272727 0.9494949494949495 0.8484848484848485 1.8585858585858586 2.0 1.898989898989899 1.0101010101010102 1.5555555555555556 1.0909090909090908 1.1717171717171717 0.9494949494949495 1.3131313131313131 1.7373737373737375 1.3737373737373737 0.9696969696969697 1.2525252525252526 1.6363636363636365 1.595959595959596 0.9090909090909091 1.2525252525252526  
12 381.11986795301243 2.6363636363636362 2.1818181818181817 2.5454545454545454 3.0 1.7272727272727273 2.3636363636363638 2.1515151515151514 2.3333333333333335 2.4545454545454546 1.878787878787879 1.9090909090909092 1.4242424242424243 1.2727272727272727 2.787878787878788 3.0 2.8484848484848486 1.5151515151515151 2.3333333333333335 1.6363636363636365 1.7575757575757576 1.4242424242424243 1.9696969696969697 2.606060606060606 2.0606060606060606 1.4545454545454546 1.878787878787879 2.4545454545454546 2.393939393939394 1.3636363636363635 1.878787878787879  
95 118.26941582442997 1.7575757575757576 1.4545454545454546 1.696969696969697 2.0 1.1515151515151516 1.5757575757575757 1.4343434343434343 1.5555555555555556 1.6363636363636365 1.2525252525252526 1.2727272727272727 0.9494949494949495 0.8484848484848485 1.8585858585858586 2.0 1.898989898989899 1.0101010101010102 1.5555555555555556 1.0909090909090908 1.1717171717171717 0.9494949494949495 1.3131313131313131 1.7373737373737375 1.3737373737373737 0.9696969696969697 1.2525252525252526 1.6363636363636365 1.595959595959596 0.9090909090909091 1.2525252525252526  
144 72.90722738939499 2.6363636363636362 2.1818181818181817 2.5454545454545454 3.0 1.7272727272727273 2.3636363636363638 2.1515151515151514 2.3333333333333335 2.4545454545454546 1.878787878787879 1.9090909090909092 1.4242424242424243 1.2727272727272727 2.787878787878788 3.0 2.8484848484848486 1.5151515151515151 2.3333333333333335 1.6363636363636365 1.7575757575757576 1.4242424242424243 1.9696969696969697 2.606060606060606 2.0606060606060606 1.4545454545454546 1.878787878787879 2.4545454545454546 2.393939393939394 1.3636363636363635 1.878787878787879  
117 30.044970290025677 2.6363636363636362 2.1818181818181817 2.5454545454545454 3.0 1.7272727272727273 2.3636363636363638 2.1515151515151514 2.3333333333333335 2.4545454545454546 1.878787878787879 1.9090909090909092 1.4242424242424243 1.2727272727272727 2.787878787878788 3.0 2.8484848484848486 1.5151515151515151 2.3333333333333335 1.6363636363636365 1.7575757575757576 1.4242424242424243 1.9696969696969697 2.606060606060606 2.0606060606060606 1.4545454545454546 1.878787878787879 2.4545454545454546 2.393939393939394 1.3636363636363635 1.878787878787879  
30 203.81414883719057 2.6363636363636362 2.1818181818181817 2.5454545454545454 3.0 1.7272727272727273 2.3636363636363638 2.1515151515151514 2.3333333333333335 2.4545454545454546 1.878787878787879 1.9090909090909092 1.4242424242424243 1.2727272727272727 2.787878787878788 3.0 2.8484848484848486 1.5151515151515151 2.3333333333333335 1.6363636363636365 1.7575757575757576 1.4242424242424243 1.9696969696969697 2.606060606060606 2.0606060606060606 1.4545454545454546 1.878787878787879 2.4545454545454546 2.393939393939394 1.3636363636363635 1.878787878787879  
84 260.5419255064285 2.6363636363636362 2.1818181818181817 2.5454545454545454 3.0 1.7272727272727273 2.3636363636363638 2.1515151515151514 2.3333333333333335 2.4545454545454546 1.878787878787879 1.9090909090909092 1.4242424242424243 1.2727272727272727 2.787878787878788 3.0 2.8484848484848486 1.5151515151515151 2.3333333333333335 1.6363636363636365 1.7575757575757576 1.4242424242424243 1.9696969696969697 2.606060606060606 2.0606060606060606 1.4545454545454546 1.878787878787879 2.4545454545454546 2.393939393939394 1.3636363636363635 1.878787878787879  
108 150.90070429444182 2.6363636363636362 2.1818181818181817 2.5454545454545454 3.0 1.7272727272727273 2.3636363636363638 2.1515151515151514 2.3333333333333335 2.4545454545454546 1.878787878787879 1.9090909090909092 1.4242424242424243 1.2727272727272727 2.787878787878788 3.0 2.8484848484848486 1.5151515151515151 2.3333333333333335 1.6363636363636365 1.7575757575757576 1.4242424242424243 1.9696969696969697 2.606060606060606 2.0606060606060606 1.4545454545454546 1.878787878787879 2.4545454545454546 2.393939393939394 1.3636363636363635 1.878787878787879  
111 228.5174136915454 1.7575757575757576 1.4545454545454546 1.696969696969697 2.0 1.1515151515151516 1.5757575757575757 1.4343434343434343 1.5555555555555556 1.6363636363636365 1.2525252525252526 1.2727272727272727 0.9494949494949495 0.8484848484848485 1.8585858585858586 2.0 1.898989898989899 1.0101010101010102 1.5555555555555556 1.0909090909090908 1.1717171717171717 0.9494949494949495 1.3131313131313131 1.7373737373737375 1.3737373737373737 0.9696969696969697 1.2525252525252526 1.6363636363636365 1.595959595959596 0.9090909090909091 1.2525252525252526  
123 78.26981544254502 1.7575757575757576 1.4545454545454546 1.696969696969697 2.0 1.1515151515151516 1.5757575757575757 1.4343434343434343 1.5555555555555556 1.6363636363636365 1.2525252525252526 1.2727272727272727 0.9494949494949495 0.8484848484848485 1.8585858585858586 2.0 1.898989898989899 1.0101010101010102 1.5555555555555556 1.0909090909090908 1.1717171717171717 0.9494949494949495 1.3131313131313131 1.7373737373737375 1.3737373737373737 0.9696969696969697 1.2525252525252526 1.6363636363636365 1.595959595959596 0.9090909090909091 1.2525252525252526  
67 284.02316968380177 2.6363636363636362 2.1818181818181817 2.5454545454545454 3.0 1.7272727272727273 2.3636363636363638 2.1515151515151514 2.3333333333333335 2.4545454545454546 1.878787878787879 1.9090909090909092 1.4242424242424243 1.2727272727272727 2.787878787878788 3.0 2.8484848484848486 1.5151515151515151 2.3333333333333335 1.6363636363636365 1.7575757575757576 1.4242424242424243 1.9696969696969697 2.606060606060606 2.0606060606060606 1.4545454545454546 1.878787878787879 2.4545454545454546 2.393939393939394 1.3636363636363635 1.878787878787879  
149 70.75380262128638 1.7575757575757576 1.4545454545454546 1.696969696969697 2.0 1.1515151515151516 1.5757575757575757 1.4343434343434343 1.5555555555555556 1.6363636363636365 1.2525252525252526 1.2727272727272727 0.9494949494949495 0.8484848484848485 1.8585858585858586 2.0 1.898989898989899 1.0101010101010102 1.5555555555555556 1.0909090909090908 1.1717171717171717 0.9494949494949495 1.3131313131313131 1.7373737373737375 1.3737373737373737 0.9696969696969697 1.2525252525252526 1.6363636363636365 1.595959595959596 0.9090909090909091 1.2525252525252526  
138 40.18910498869515 2.6363636363636362 2.1818181818181817 2.5454545454545454 3.0 1.7272727272727273 2.3636363636363638 2.1515151515151514 2.3333333333333335 2.4545454545454546 1.878787878787879 1.9090909090909092 1.4242424242424243 1.2727272727272727 2.787878787878788 3.0 2.8484848484848486 1.5151515151515151 2.3333333333333335 1.6363636363636365 1.7575757575757576 1.4242424242424243 1.9696969696969697 2.606060606060606 2.0606060606060606 1.4545454545454546 1.878787878787879 2.4545454545454546 2.393939393939394 1.3636363636363635 1.878787878787879  
87 226.8939607796312 1.7575757575757576 1.4545454545454546 1.696969696969697 2.0 1.1515151515151516 1.5757575757575757 1.4343434343434343 1.5555555555555556 1.6363636363636365 1.2525252525252526 1.2727272727272727 0.9494949494949495 0.8484848484848485 1.8585858585858586 2.0 1.898989898989899 1.0101010101010102 1.5555555555555556 1.0909090909090908 1.1717171717171717 0.9494949494949495 1.3131313131313131 1.7373737373737375 1.3737373737373737 0.9696969696969697 1.2525252525252526 1.6363636363636365 1.595959595959596 0.9090909090909091 1.2525252525252526  
58 330.786365519696 2.6363636363636362 2.1818181818181817 2.5454545454545454 3.0 1.7272727272727273 2.3636363636363638 2.1515151515151514 2.3333333333333335 2.4545454545454546 1.878787878787879 1.9090909090909092 1.4242424242424243 1.2727272727272727 2.787878787878788 3.0 2.8484848484848486 1.5151515151515151 2.3333333333333335 1.6363636363636365 1.7575757575757576 1.4242424242424243 1.9696969696969697 2.606060606060606 2.0606060606060606 1.4545454545454546 1.878787878787879 2.4545454545454546 2.393939393939394 1.3636363636363635 1.878787878787879  
48 487.97314464191663 1.7575757575757576 1.4545454545454546 1.696969696969697 2.0 1.1515151515151516 1.5757575757575757 1.4343434343434343 1.5555555555555556 1.6363636363636365 1.2525252525252526 1.2727272727272727 0.9494949494949495 0.8484848484848485 1.8585858585858586 2.0 1.898989898989899 1.0101010101010102 1.5555555555555556 1.0909090909090908 1.1717171717171717 0.9494949494949495 1.3131313131313131 1.7373737373737375 1.3737373737373737 0.9696969696969697 1.2525252525252526 1.6363636363636365 1.595959595959596 0.9090909090909091 1.2525252525252526  
79 134.45075689828002 2.6363636363636362 2.1818181818181817 2.5454545454545454 3.0 1.7272727272727273 2.3636363636363638 2.1515151515151514 2.3333333333333335 2.4545454545454546 1.878787878787879 1.9090909090909092 1.4242424242424243 1.2727272727272727 2.787878787878788 3.0 2.8484848484848486 1.5151515151515151 2.3333333333333335 1.6363636363636365 1.7575757575757576 1.4242424242424243 1.9696969696969697 2.606060606060606 2.0606060606060606 1.4545454545454546 1.878787878787879 2.4545454545454546 2.393939393939394 1.3636363636363635 1.878787878787879  
78 92.16254672655441 2.6363636363636362 2.1818181818181817 2.5454545454545454 3.0 1.7272727272727273 2.3636363636363638 2.1515151515151514 2.3333333333333335 2.4545454545454546 1.878787878787879 1.9090909090909092 1.4242424242424243 1.2727272727272727 2.787878787878788 3.0 2.8484848484848486 1.5151515151515151 2.3333333333333335 1.6363636363636365 1.7575757575757576 1.4242424242424243 1.9696969696969697 2.606060606060606 2.0606060606060606 1.4545454545454546 1.878787878787879 2.4545454545454546 2.393939393939394 1.3636363636363635 1.878787878787879  
130 119.55771177053566 2.6363636363636362 2.1818181818181817 2.5454545454545454 3.0 1.7272727272727273 2.3636363636363638 2.1515151515151514 2.3333333333333335 2.4545454545454546 1.878787878787879 1.9090909090909092 1.4242424242424243 1.2727272727272727 2.787878787878788 3.0 2.8484848484848486 1.5151515151515151 2.3333333333333335 1.6363636363636365 1.7575757575757576 1.4242424242424243 1.9696969696969697 2.606060606060606 2.0606060606060606 1.4545454545454546 1.878787878787879 2.4545454545454546 2.393939393939394 1.3636363636363635 1.878787878787879  
102 56.65355560761661 1.7575757575757576 1.4545454545454546 1.696969696969697 2.0 1.1515151515151516 1.5757575757575757 1.4343434343434343 1.5555555555555556 1.6363636363636365 1.2525252525252526 1.2727272727272727 0.9494949494949495 0.8484848484848485 1.8585858585858586 2.0 1.898989898989899 1.0101010101010102 1.5555555555555556 1.0909090909090908 1.1717171717171717 0.9494949494949495 1.3131313131313131 1.7373737373737375 1.3737373737373737 0.9696969696969697 1.2525252525252526 1.6363636363636365 1.595959595959596 0.9090909090909091 1.2525252525252526  
42 23.52011721679404 2.6363636363636362 2.1818181818181817 2.5454545454545454 3.0 1.7272727272727273 2.3636363636363638 2.1515151515151514 2.3333333333333335 2.4545454545454546 1.878787878787879 1.9090909090909092 1.4242424242424243 1.2727272727272727 2.787878787878788 3.0 2.8484848484848486 1.5151515151515151 2.3333333333333335 1.6363636363636365 1.7575757575757576 1.4242424242424243 1.9696969696969697 2.606060606060606 2.0606060606060606 1.4545454545454546 1.878787878787879 2.4545454545454546 2.393939393939394 1.3636363636363635 1.878787878787879  
109 114.63042944347988 1.7575757575757576 1.4545454545454546 1.696969696969697 2.0 1.1515151515151516 1.5757575757575757 1.4343434343434343 1.5555555555555556 1.6363636363636365 1.2525252525252526 1.2727272727272727 0.9494949494949495 0.8484848484848485 1.8585858585858586 2.0 1.898989898989899 1.0101010101010102 1.5555555555555556 1.0909090909090908 1.1717171717171717 0.9494949494949495 1.3131313131313131 1.7373737373737375 1.3737373737373737 0.9696969696969697 1.2525252525252526 1.6363636363636365 1.595959595959596 0.9090909090909091 1.2525252525252526  
68 357.2996151559637 1.7575757575757576 1.4545454545454546 1.696969696969697 2.0 1.1515151515151516 1.5757575757575757 1.4343434343434343 1.5555555555555556 1.6363636363636365 1.2525252525252526 1.2727272727272727 0.9494949494949495 0.8484848484848485 1.8585858585858586 2.0 1.898989898989899 1.0101010101010102 1.5555555555555556 1.0909090909090908 1.1717171717171717 0.9494949494949495 1.3131313131313131 1.7373737373737375 1.3737373737373737 0.9696969696969697 1.2525252525252526 1.6363636363636365 1.595959595959596 0.9090909090909091 1.2525252525252526  
17 326.33866946157156 1.7575757575757576 1.4545454545454546 1.696969696969697 2.0 1.1515151515151516 1.5757575757575757 1.4343434343434343 1.5555555555555556 1.6363636363636365 1.2525252525252526 1.2727272727272727 0.9494949494949495 0.8484848484848485 1.8585858585858586 2.0 1.898989898989899 1.0101010101010102 1.5555555555555556 1.0909090909090908 1.1717171717171717 0.9494949494949495 1.3131313131313131 1.7373737373737375 1.3737373737373737 0.9696969696969697 1.2525252525252526 1.6363636363636365 1.595959595959596 0.9090909090909091 1.2525252525252526  
60 134.66998370070155 2.6363636363636362 2.1818181818181817 2.5454545454545454 3.0 1.7272727272727273 2.3636363636363638 2.1515151515151514 2.3333333333333335 2.4545454545454546 1.878787878787879 1.9090909090909092 1.4242424242424243 1.2727272727272727 2.787878787878788 3.0 2.8484848484848486 1.5151515151515151 2.3333333333333335 1.6363636363636365 1.7575757575757576 1.4242424242424243 1.9696969696969697 2.606060606060606 2.0606060606060606 1.4545454545454546 1.878787878787879 2.4545454545454546 2.393939393939394 1.3636363636363635 1.878787878787879  
73 208.10232912209585 2.6363636363636362 2.1818181818181817 2.5454545454545454 3.0 1.7272727272727273 2.3636363636363638 2.1515151515151514 2.3333333333333335 2.4545454545454546 1.878787878787879 1.9090909090909092 1.4242424242424243 1.2727272727272727 2.787878787878788 3.0 2.8484848484848486 1.5151515151515151 2.3333333333333335 1.6363636363636365 1.7575757575757576 1.4242424242424243 1.9696969696969697 2.606060606060606 2.0606060606060606 1.4545454545454546 1.878787878787879 2.4545454545454546 2.393939393939394 1.3636363636363635 1.878787878787879  
51 272.8090410636834 2.6363636363636362 2.1818181818181817 2.5454545454545454 3.0 1.7272727272727273 2.3636363636363638 2.1515151515151514 2.3333333333333335 2.4545454545454546 1.878787878787879 1.9090909090909092 1.4242424242424243 1.2727272727272727 2.787878787878788 3.0 2.8484848484848486 1.5151515151515151 2.3333333333333335 1.6363636363636365 1.7575757575757576 1.4242424242424243 1.9696969696969697 2.606060606060606 2.0606060606060606 1.4545454545454546 1.878787878787879 2.4545454545454546 2.393939393939394 1.3636363636363635 1.878787878787879  
94 151.36418328594178 2.6363636363636362 2.1818181818181817 2.5454545454545454 3.0 1.7272727272727273 2.3636363636363638 2.1515151515151514 2.3333333333333335 2.4545454545454546 1.878787878787879 1.9090909090909092 1.4242424242424243 1.2727272727272727 2.787878787878788 3.0 2.8484848484848486 1.5151515151515151 2.3333333333333335 1.6363636363636365 1.7575757575757576 1.4242424242424243 1.9696969696969697 2.606060606060606 2.0606060606060606 1.4545454545454546 1.878787878787879 2.4545454545454546 2.393939393939394 1.3636363636363635 1.878787878787879  
57 248.63834221298907 1.7575757575757576 1.4545454545454546 1.696969696969697 2.0 1.1515151515151516 1.5757575757575757 1.4343434343434343 1.5555555555555556 1.6363636363636365 1.2525252525252526 1.2727272727272727 0.9494949494949495 0.8484848484848485 1.8585858585858586 2.0 1.898989898989899 1.0101010101010102 1.5555555555555556 1.0909090909090908 1.1717171717171717 0.9494949494949495 1.3131313131313131 1.7373737373737375 1.3737373737373737 0.9696969696969697 1.2525252525252526 1.6363636363636365 1.595959595959596 0.9090909090909091 1.2525252525252526  
5 242.285073985797 2.6363636363636362 2.1818181818181817 2.5454545454545454 3.0 1.7272727272727273 2.3636363636363638 2.1515151515151514 2.3333333333333335 2.4545454545454546 1.878787878787879 1.9090909090909092 1.4242424242424243 1.2727272727272727 2.787878787878788 3.0 2.8484848484848486 1.5151515151515151 2.3333333333333335 1.6363636363636365 1.7575757575757576 1.4242424242424243 1.9696969696969697 2.606060606060606 2.0606060606060606 1.4545454545454546 1.878787878787879 2.4545454545454546 2.393939393939394 1.3636363636363635 1.878787878787879  
115 25.33687608895174 1.7575757575757576 1.4545454545454546 1.696969696969697 2.0 1.1515151515151516 1.5757575757575757 1.4343434343434343 1.5555555555555556 1.6363636363636365 1.2525252525252526 1.2727272727272727 0.9494949494949495 0.8484848484848485 1.8585858585858586 2.0 1.898989898989899 1.0101010101010102 1.5555555555555556 1.0909090909090908 1.1717171717171717 0.9494949494949495 1.3131313131313131 1.7373737373737375 1.3737373737373737 0.9696969696969697 1.2525252525252526 1.6363636363636365 1.595959595959596 0.9090909090909091 1.2525252525252526  
106 145.60332595541053 2.6363636363636362 2.1818181818181817 2.5454545454545454 3.0 1.7272727272727273 2.3636363636363638 2.1515151515151514 2.3333333333333335 2.4545454545454546 1.878787878787879 1.9090909090909092 1.4242424242424243 1.2727272727272727 2.787878787878788 3.0 2.8484848484848486 1.5151515151515151 2.3333333333333335 1.6363636363636365 1.7575757575757576 1.4242424242424243 1.9696969696969697 2.606060606060606 2.0606060606060606 1.4545454545454546 1.878787878787879 2.4545454545454546 2.393939393939394 1.3636363636363635 1.878787878787879  
77 187.65100992483042 1.7575757575757576 1.4545454545454546 1.696969696969697 2.0 1.1515151515151516 1.5757575757575757 1.4343434343434343 1.5555555555555556 1.6363636363636365 1.2525252525252526 1.2727272727272727 0.9494949494949495 0.8484848484848485 1.8585858585858586 2.0 1.898989898989899 1.0101010101010102 1.5555555555555556 1.0909090909090908 1.1717171717171717 0.9494949494949495 1.3131313131313131 1.7373737373737375 1.3737373737373737 0.9696969696969697 1.2525252525252526 1.6363636363636365 1.595959595959596 0.9090909090909091 1.2525252525252526  
29 398.5029836207993 1.7575757575757576 1.4545454545454546 1.696969696969697 2.0 1.1515151515151516 1.5757575757575757 1.4343434343434343 1.5555555555555556 1.6363636363636365 1.2525252525252526 1.2727272727272727 0.9494949494949495 0.8484848484848485 1.8585858585858586 2.0 1.898989898989899 1.0101010101010102 1.5555555555555556 1.0909090909090908 1.1717171717171717 0.9494949494949495 1.3131313131313131 1.7373737373737375 1.3737373737373737 0.9696969696969697 1.2525252525252526 1.6363636363636365 1.595959595959596 0.9090909090909091 1.2525252525252526  
8 322.0873257880033 1.7575757575757576 1.4545454545454546 1.696969696969697 2.0 1.1515151515151516 1.5757575757575757 1.4343434343434343 1.5555555555555556 1.6363636363636365 1.2525252525252526 1.2727272727272727 0.9494949494949495 0.8484848484848485 1.8585858585858586 2.0 1.898989898989899 1.0101010101010102 1.5555555555555556 1.0909090909090908 1.1717171717171717 0.9494949494949495 1.3131313131313131 1.7373737373737375 1.3737373737373737 0.9696969696969697 1.2525252525252526 1.6363636363636365 1.595959595959596 0.9090909090909091 1.2525252525252526  
45 135.1683835517068 1.7575757575757576 1.4545454545454546 1.696969696969697 2.0 1.1515151515151516 1.5757575757575757 1.4343434343434343 1.5555555555555556 1.6363636363636365 1.2525252525252526 1.2727272727272727 0.9494949494949495 0.8484848484848485 1.8585858585858586 2.0 1.898989898989899 1.0101010101010102 1.5555555555555556 1.0909090909090908 1.1717171717171717 0.9494949494949495 1.3131313131313131 1.7373737373737375 1.3737373737373737 0.9696969696969697 1.2525252525252526 1.6363636363636365 1.595959595959596 0.9090909090909091 1.2525252525252526  
33 422.22552019052216 2.6363636363636362 2.1818181818181817 2.5454545454545454 3.0 1.7272727272727273 2.3636363636363638 2.1515151515151514 2.3333333333333335 2.4545454545454546 1.878787878787879 1.9090909090909092 1.4242424242424243 1.2727272727272727 2.787878787878788 3.0 2.8484848484848486 1.5151515151515151 2.3333333333333335 1.6363636363636365 1.7575757575757576 1.4242424242424243 1.9696969696969697 2.606060606060606 2.0606060606060606 1.4545454545454546 1.878787878787879 2.4545454545454546 2.393939393939394 1.3636363636363635 1.878787878787879  
13 449.2924943213789 1.7575757575757576 1.4545454545454546 1.696969696969697 2.0 1.1515151515151516 1.5757575757575757 1.4343434343434343 1.5555555555555556 1.6363636363636365 1.2525252525252526 1.2727272727272727 0.9494949494949495 0.8484848484848485 1.8585858585858586 2.0 1.898989898989899 1.0101010101010102 1.5555555555555556 1.0909090909090908 1.1717171717171717 0.9494949494949495 1.3131313131313131 1.7373737373737375 1.3737373737373737 0.9696969696969697 1.2525252525252526 1.6363636363636365 1.595959595959596 0.9090909090909091 1.2525252525252526  
21 60.86475094249218 2.6363636363636362 2.1818181818181817 2.5454545454545454 3.0 1.7272727272727273 2.3636363636363638 2.1515151515151514 2.3333333333333335 2.4545454545454546 1.878787878787879 1.9090909090909092 1.4242424242424243 1.2727272727272727 2.787878787878788 3.0 2.8484848484848486 1.5151515151515151 2.3333333333333335 1.6363636363636365 1.7575757575757576 1.4242424242424243 1.9696969696969697 2.606060606060606 2.0606060606060606 1.4545454545454546 1.878787878787879 2.4545454545454546 2.393939393939394 1.3636363636363635 1.878787878787879  
104 205.42437534375026 2.6363636363636362 2.1818181818181817 2.5454545454545454 3.0 1.7272727272727273 2.3636363636363638 2.1515151515151514 2.3333333333333335 2.4545454545454546 1.878787878787879 1.9090909090909092 1.4242424242424243 1.2727272727272727 2.787878787878788 3.0 2.8484848484848486 1.5151515151515151 2.3333333333333335 1.6363636363636365 1.7575757575757576 1.4242424242424243 1.9696969696969697 2.606060606060606 2.0606060606060606 1.4545454545454546 1.878787878787879 2.4545454545454546 2.393939393939394 1.3636363636363635 1.878787878787879  
43 247.73630677275733 1.7575757575757576 1.4545454545454546 1.696969696969697 2.0 1.1515151515151516 1.5757575757575757 1.4343434343434343 1.5555555555555556 1.6363636363636365 1.2525252525252526 1.2727272727272727 0.9494949494949495 0.8484848484848485 1.8585858585858586 2.0 1.898989898989899 1.0101010101010102 1.5555555555555556 1.0909090909090908 1.1717171717171717 0.9494949494949495 1.3131313131313131 1.7373737373737375 1.3737373737373737 0.9696969696969697 1.2525252525252526 1.6363636363636365 1.595959595959596 0.9090909090909091 1.2525252525252526  
122 80.57453827627918 2.6363636363636362 2.1818181818181817 2.5454545454545454 3.0 1.7272727272727273 2.3636363636363638 2.1515151515151514 2.3333333333333335 2.4545454545454546 1.878787878787879 1.9090909090909092 1.4242424242424243 1.2727272727272727 2.787878787878788 3.0 2.8484848484848486 1.5151515151515151 2.3333333333333335 1.6363636363636365 1.7575757575757576 1.4242424242424243 1.9696969696969697 2.606060606060606 2.0606060606060606 1.4545454545454546 1.878787878787879 2.4545454545454546 2.393939393939394 1.3636363636363635 1.878787878787879  
25 265.138252451931 1.7575757575757576 1.4545454545454546 1.696969696969697 2.0 1.1515151515151516 1.5757575757575757 1.4343434343434343 1.5555555555555556 1.6363636363636365 1.2525252525252526 1.2727272727272727 0.9494949494949495 0.8484848484848485 1.8585858585858586 2.0 1.898989898989899 1.0101010101010102 1.5555555555555556 1.0909090909090908 1.1717171717171717 0.9494949494949495 1.3131313131313131 1.7373737373737375 1.3737373737373737 0.9696969696969697 1.2525252525252526 1.6363636363636365 1.595959595959596 0.9090909090909091 1.2525252525252526  
148 133.50486478596207 1.7575757575757576 1.4545454545454546 1.696969696969697 2.0 1.1515151515151516 1.5757575757575757 1.4343434343434343 1.5555555555555556 1.6363636363636365 1.2525252525252526 1.2727272727272727 0.9494949494949495 0.8484848484848485 1.8585858585858586 2.0 1.898989898989899 1.0101010101010102 1.5555555555555556 1.0909090909090908 1.1717171717171717 0.9494949494949495 1.3131313131313131 1.7373737373737375 1.3737373737373737 0.9696969696969697 1.2525252525252526 1.6363636363636365 1.595959595959596 0.9090909090909091 1.2525252525252526  
89 235.53599194537213 2.6363636363636362 2.1818181818181817 2.5454545454545454 3.0 1.7272727272727273 2.3636363636363638 2.1515151515151514 2.3333333333333335 2.4545454545454546 1.878787878787879 1.9090909090909092 1.4242424242424243 1.2727272727272727 2.787878787878788 3.0 2.8484848484848486 1.5151515151515151 2.3333333333333335 1.6363636363636365 1.7575757575757576 1.4242424242424243 1.9696969696969697 2.606060606060606 2.0606060606060606 1.4545454545454546 1.878787878787879 2.4545454545454546 2.393939393939394 1.3636363636363635 1.878787878787879  
113 161.06938917698858 1.7575757575757576 1.4545454545454546 1.696969696969697 2.0 1.1515151515151516 1.5757575757575757 1.4343434343434343 1.5555555555555556 1.6363636363636365 1.2525252525252526 1.2727272727272727 0.9494949494949495 0.8484848484848485 1.8585858585858586 2.0 1.898989898989899 1.0101010101010102 1.5555555555555556 1.0909090909090908 1.1717171717171717 0.9494949494949495 1.3131313131313131 1.7373737373737375 1.3737373737373737 0.9696969696969697 1.2525252525252526 1.6363636363636365 1.595959595959596 0.9090909090909091 1.2525252525252526  
124 66.70728828225462 2.6363636363636362 2.1818181818181817 2.5454545454545454 3.0 1.7272727272727273 2.3636363636363638 2.1515151515151514 2.3333333333333335 2.4545454545454546 1.878787878787879 1.9090909090909092 1.4242424242424243 1.2727272727272727 2.787878787878788 3.0 2.8484848484848486 1.5151515151515151 2.3333333333333335 1.6363636363636365 1.7575757575757576 1.4242424242424243 1.9696969696969697 2.606060606060606 2.0606060606060606 1.4545454545454546 1.878787878787879 2.4545454545454546 2.393939393939394 1.3636363636363635 1.878787878787879  
129 63.34245655633936 1.7575757575757576 1.4545454545454546 1.696969696969697 2.0 1.1515151515151516 1.5757575757575757 1.4343434343434343 1.5555555555555556 1.6363636363636365 1.2525252525252526 1.2727272727272727 0.9494949494949495 0.8484848484848485 1.8585858585858586 2.0 1.898989898989899 1.0101010101010102 1.5555555555555556 1.0909090909090908 1.1717171717171717 0.9494949494949495 1.3131313131313131 1.7373737373737375 1.3737373737373737 0.9696969696969697 1.2525252525252526 1.6363636363636365 1.595959595959596 0.9090909090909091 1.2525252525252526  
147 80.6530660496683 1.7575757575757576 1.4545454545454546 1.696969696969697 2.0 1.1515151515151516 1.5757575757575757 1.4343434343434343 1.5555555555555556 1.6363636363636365 1.2525252525252526 1.2727272727272727 0.9494949494949495 0.8484848484848485 1.8585858585858586 2.0 1.898989898989899 1.0101010101010102 1.5555555555555556 1.0909090909090908 1.1717171717171717 0.9494949494949495 1.3131313131313131 1.7373737373737375 1.3737373737373737 0.9696969696969697 1.2525252525252526 1.6363636363636365 1.595959595959596 0.9090909090909091 1.2525252525252526  
133 98.913418079357 1.7575757575757576 1.4545454545454546 1.696969696969697 2.0 1.1515151515151516 1.5757575757575757 1.4343434343434343 1.5555555555555556 1.6363636363636365 1.2525252525252526 1.2727272727272727 0.9494949494949495 0.8484848484848485 1.8585858585858586 2.0 1.898989898989899 1.0101010101010102 1.5555555555555556 1.0909090909090908 1.1717171717171717 0.9494949494949495 1.3131313131313131 1.7373737373737375 1.3737373737373737 0.9696969696969697 1.2525252525252526 1.6363636363636365 1.595959595959596 0.9090909090909091 1.2525252525252526  
23 183.19021553251744 2.6363636363636362 2.1818181818181817 2.5454545454545454 3.0 1.7272727272727273 2.3636363636363638 2.1515151515151514 2.3333333333333335 2.4545454545454546 1.878787878787879 1.9090909090909092 1.4242424242424243 1.2727272727272727 2.787878787878788 3.0 2.8484848484848486 1.5151515151515151 2.3333333333333335 1.6363636363636365 1.7575757575757576 1.4242424242424243 1.9696969696969697 2.606060606060606 2.0606060606060606 1.4545454545454546 1.878787878787879 2.4545454545454546 2.393939393939394 1.3636363636363635 1.878787878787879  
71 241.6432132128715 1.7575757575757576 1.4545454545454546 1.696969696969697 2.0 1.1515151515151516 1.5757575757575757 1.4343434343434343 1.5555555555555556 1.6363636363636365 1.2525252525252526 1.2727272727272727 0.9494949494949495 0.8484848484848485 1.8585858585858586 2.0 1.898989898989899 1.0101010101010102 1.5555555555555556 1.0909090909090908 1.1717171717171717 0.9494949494949495 1.3131313131313131 1.7373737373737375 1.3737373737373737 0.9696969696969697 1.2525252525252526 1.6363636363636365 1.595959595959596 0.9090909090909091 1.2525252525252526  
27 199.50454607466372 1.7575757575757576 1.4545454545454546 1.696969696969697 2.0 1.1515151515151516 1.5757575757575757 1.4343434343434343 1.5555555555555556 1.6363636363636365 1.2525252525252526 1.2727272727272727 0.9494949494949495 0.8484848484848485 1.8585858585858586 2.0 1.898989898989899 1.0101010101010102 1.5555555555555556 1.0909090909090908 1.1717171717171717 0.9494949494949495 1.3131313131313131 1.7373737373737375 1.3737373737373737 0.9696969696969697 1.2525252525252526 1.6363636363636365 1.595959595959596 0.9090909090909091 1.2525252525252526  
20 171.31587400634135 2.6363636363636362 2.1818181818181817 2.5454545454545454 3.0 1.7272727272727273 2.3636363636363638 2.1515151515151514 2.3333333333333335 2.4545454545454546 1.878787878787879 1.9090909090909092 1.4242424242424243 1.2727272727272727 2.787878787878788 3.0 2.8484848484848486 1.5151515151515151 2.3333333333333335 1.6363636363636365 1.7575757575757576 1.4242424242424243 1.9696969696969697 2.606060606060606 2.0606060606060606 1.4545454545454546 1.878787878787879 2.4545454545454546 2.393939393939394 1.3636363636363635 1.878787878787879  
16 396.8142125759664 2.6363636363636362 2.1818181818181817 2.5454545454545454 3.0 1.7272727272727273 2.3636363636363638 2.1515151515151514 2.3333333333333335 2.4545454545454546 1.878787878787879 1.9090909090909092 1.4242424242424243 1.2727272727272727 2.787878787878788 3.0 2.8484848484848486 1.5151515151515151 2.3333333333333335 1.6363636363636365 1.7575757575757576 1.4242424242424243 1.9696969696969697 2.606060606060606 2.0606060606060606 1.4545454545454546 1.878787878787879 2.4545454545454546 2.393939393939394 1.3636363636363635 1.878787878787879  
4 222.11843400871425 2.6363636363636362 2.1818181818181817 2.5454545454545454 3.0 1.7272727272727273 2.3636363636363638 2.1515151515151514 2.3333333333333335 2.4545454545454546 1.878787878787879 1.9090909090909092 1.4242424242424243 1.2727272727272727 2.787878787878788 3.0 2.8484848484848486 1.5151515151515151 2.3333333333333335 1.6363636363636365 1.7575757575757576 1.4242424242424243 1.9696969696969697 2.606060606060606 2.0606060606060606 1.4545454545454546 1.878787878787879 2.4545454545454546 2.393939393939394 1.3636363636363635 1.878787878787879  
90 244.49079404566547 1.7575757575757576 1.4545454545454546 1.696969696969697 2.0 1.1515151515151516 1.5757575757575757 1.4343434343434343 1.5555555555555556 1.6363636363636365 1.2525252525252526 1.2727272727272727 0.9494949494949495 0.8484848484848485 1.8585858585858586 2.0 1.898989898989899 1.0101010101010102 1.5555555555555556 1.0909090909090908 1.1717171717171717 0.9494949494949495 1.3131313131313131 1.7373737373737375 1.3737373737373737 0.9696969696969697 1.2525252525252526 1.6363636363636365 1.595959595959596 0.9090909090909091 1.2525252525252526  
143 68.88675882027673 1.7575757575757576 1.4545454545454546 1.696969696969697 2.0 1.1515151515151516 1.5757575757575757 1.4343434343434343 1.5555555555555556 1.6363636363636365 1.2525252525252526 1.2727272727272727 0.9494949494949495 0.8484848484848485 1.8585858585858586 2.0 1.898989898989899 1.0101010101010102 1.5555555555555556 1.0909090909090908 1.1717171717171717 0.9494949494949495 1.3131313131313131 1.7373737373737375 1.3737373737373737 0.9696969696969697 1.2525252525252526 1.6363636363636365 1.595959595959596 0.9090909090909091 1.2525252525252526  
62 244.68832343206586 1.7575757575757576 1.4545454545454546 1.696969696969697 2.0 1.1515151515151516 1.5757575757575757 1.4343434343434343 1.5555555555555556 1.6363636363636365 1.2525252525252526 1.2727272727272727 0.9494949494949495 0.8484848484848485 1.8585858585858586 2.0 1.898989898989899 1.0101010101010102 1.5555555555555556 1.0909090909090908 1.1717171717171717 0.9494949494949495 1.3131313131313131 1.7373737373737375 1.3737373737373737 0.9696969696969697 1.2525252525252526 1.6363636363636365 1.595959595959596 0.9090909090909091 1.2525252525252526  
50 67.72096913378115 1.7575757575757576 1.4545454545454546 1.696969696969697 2.0 1.1515151515151516 1.5757575757575757 1.4343434343434343 1.5555555555555556 1.6363636363636365 1.2525252525252526 1.2727272727272727 0.9494949494949495 0.8484848484848485 1.8585858585858586 2.0 1.898989898989899 1.0101010101010102 1.5555555555555556 1.0909090909090908 1.1717171717171717 0.9494949494949495 1.3131313131313131 1.7373737373737375 1.3737373737373737 0.9696969696969697 1.2525252525252526 1.6363636363636365 1.595959595959596 0.9090909090909091 1.2525252525252526  
2 116.42480150329736 2.6363636363636362 2.1818181818181817 2.5454545454545454 3.0 1.7272727272727273 2.3636363636363638 2.1515151515151514 2.3333333333333335 2.4545454545454546 1.878787878787879 1.9090909090909092 1.4242424242424243 1.2727272727272727 2.787878787878788 3.0 2.8484848484848486 1.5151515151515151 2.3333333333333335 1.6363636363636365 1.7575757575757576 1.4242424242424243 1.9696969696969697 2.606060606060606 2.0606060606060606 1.4545454545454546 1.878787878787879 2.4545454545454546 2.393939393939394 1.3636363636363635 1.878787878787879  
139 397.0 1.7575757575757576 1.4545454545454546 1.696969696969697 2.0 1.1515151515151516 1.5757575757575757 1.4343434343434343 1.5555555555555556 1.6363636363636365 1.2525252525252526 1.2727272727272727 0.9494949494949495 0.8484848484848485 1.8585858585858586 2.0 1.898989898989899 1.0101010101010102 1.5555555555555556 1.0909090909090908 1.1717171717171717 0.9494949494949495 1.3131313131313131 1.7373737373737375 1.3737373737373737 0.9696969696969697 1.2525252525252526 1.6363636363636365 1.595959595959596 0.9090909090909091 1.2525252525252526  
93 16.889793311249758 2.6363636363636362 2.1818181818181817 2.5454545454545454 3.0 1.7272727272727273 2.3636363636363638 2.1515151515151514 2.3333333333333335 2.4545454545454546 1.878787878787879 1.9090909090909092 1.4242424242424243 1.2727272727272727 2.787878787878788 3.0 2.8484848484848486 1.5151515151515151 2.3333333333333335 1.6363636363636365 1.7575757575757576 1.4242424242424243 1.9696969696969697 2.606060606060606 2.0606060606060606 1.4545454545454546 1.878787878787879 2.4545454545454546 2.393939393939394 1.3636363636363635 1.878787878787879  
39 1021.0 1.7575757575757576 1.4545454545454546 1.696969696969697 2.0 1.1515151515151516 1.5757575757575757 1.4343434343434343 1.5555555555555556 1.6363636363636365 1.2525252525252526 1.2727272727272727 0.9494949494949495 0.8484848484848485 1.8585858585858586 2.0 1.898989898989899 1.0101010101010102 1.5555555555555556 1.0909090909090908 1.1717171717171717 0.9494949494949495 1.3131313131313131 1.7373737373737375 1.3737373737373737 0.9696969696969697 1.2525252525252526 1.6363636363636365 1.595959595959596 0.9090909090909091 1.2525252525252526  
142 70.8114857816793 1.7575757575757576 1.4545454545454546 1.696969696969697 2.0 1.1515151515151516 1.5757575757575757 1.4343434343434343 1.5555555555555556 1.6363636363636365 1.2525252525252526 1.2727272727272727 0.9494949494949495 0.8484848484848485 1.8585858585858586 2.0 1.898989898989899 1.0101010101010102 1.5555555555555556 1.0909090909090908 1.1717171717171717 0.9494949494949495 1.3131313131313131 1.7373737373737375 1.3737373737373737 0.9696969696969697 1.2525252525252526 1.6363636363636365 1.595959595959596 0.9090909090909091 1.2525252525252526  
121 124.51188171715914 2.6363636363636362 2.1818181818181817 2.5454545454545454 3.0 1.7272727272727273 2.3636363636363638 2.1515151515151514 2.3333333333333335 2.4545454545454546 1.878787878787879 1.9090909090909092 1.4242424242424243 1.2727272727272727 2.787878787878788 3.0 2.8484848484848486 1.5151515151515151 2.3333333333333335 1.6363636363636365 1.7575757575757576 1.4242424242424243 1.9696969696969697 2.606060606060606 2.0606060606060606 1.4545454545454546 1.878787878787879 2.4545454545454546 2.393939393939394 1.3636363636363635 1.878787878787879  
26 142.5182802901219 2.6363636363636362 2.1818181818181817 2.5454545454545454 3.0 1.7272727272727273 2.3636363636363638 2.1515151515151514 2.3333333333333335 2.4545454545454546 1.878787878787879 1.9090909090909092 1.4242424242424243 1.2727272727272727 2.787878787878788 3.0 2.8484848484848486 1.5151515151515151 2.3333333333333335 1.6363636363636365 1.7575757575757576 1.4242424242424243 1.9696969696969697 2.606060606060606 2.0606060606060606 1.4545454545454546 1.878787878787879 2.4545454545454546 2.393939393939394 1.3636363636363635 1.878787878787879  
105 228.20774797874233 1.7575757575757576 1.4545454545454546 1.696969696969697 2.0 1.1515151515151516 1.5757575757575757 1.4343434343434343 1.5555555555555556 1.6363636363636365 1.2525252525252526 1.2727272727272727 0.9494949494949495 0.8484848484848485 1.8585858585858586 2.0 1.898989898989899 1.0101010101010102 1.5555555555555556 1.0909090909090908 1.1717171717171717 0.9494949494949495 1.3131313131313131 1.7373737373737375 1.3737373737373737 0.9696969696969697 1.2525252525252526 1.6363636363636365 1.595959595959596 0.9090909090909091 1.2525252525252526  
86 248.788852458067 2.6363636363636362 2.1818181818181817 2.5454545454545454 3.0 1.7272727272727273 2.3636363636363638 2.1515151515151514 2.3333333333333335 2.4545454545454546 1.878787878787879 1.9090909090909092 1.4242424242424243 1.2727272727272727 2.787878787878788 3.0 2.8484848484848486 1.5151515151515151 2.3333333333333335 1.6363636363636365 1.7575757575757576 1.4242424242424243 1.9696969696969697 2.606060606060606 2.0606060606060606 1.4545454545454546 1.878787878787879 2.4545454545454546 2.393939393939394 1.3636363636363635 1.878787878787879  
