80 30
TREE NETWORK (nID nID Weight):
1 0 48.0 
73 0 48.0 
2 1 37.0 
46 1 32.0 
47 46 54.0 
3 2 30.0 
48 47 46.0 
62 46 57.0 
14 2 33.0 
15 14 50.0 
4 3 59.0 
5 3 38.0 
20 14 50.0 
74 73 55.0 
21 20 44.0 
40 2 55.0 
44 2 57.0 
31 14 39.0 
68 1 51.0 
51 47 37.0 
6 5 32.0 
52 51 49.0 
32 31 58.0 
72 1 30.0 
49 48 56.0 
22 21 49.0 
53 52 57.0 
55 51 39.0 
78 0 30.0 
8 3 50.0 
33 31 35.0 
66 46 37.0 
75 74 46.0 
41 40 32.0 
56 55 38.0 
63 62 53.0 
45 44 30.0 
42 40 40.0 
34 31 59.0 
11 3 38.0 
69 68 42.0 
16 15 32.0 
17 16 48.0 
27 20 54.0 
9 8 46.0 
18 17 58.0 
64 63 53.0 
35 34 52.0 
12 3 35.0 
57 55 54.0 
28 20 43.0 
60 47 43.0 
58 57 59.0 
23 22 46.0 
54 52 53.0 
79 78 34.0 
24 21 47.0 
37 14 39.0 
13 3 38.0 
50 48 40.0 
19 15 35.0 
25 21 52.0 
70 68 45.0 
10 8 35.0 
71 68 44.0 
29 28 49.0 
7 5 43.0 
30 20 55.0 
43 40 48.0 
67 66 45.0 
76 75 47.0 
77 73 44.0 
36 35 51.0 
38 14 53.0 
59 51 58.0 
65 62 33.0 
61 47 59.0 
39 38 54.0 
26 25 39.0 
PROGRAMS ASSIGNED TO NODES (nID pID1 pID2 ...):
0 1 2 3 4 5 6 7 8 9 10 11 12 13 14 15 16 17 18 19 20 21 22 23 24 25 26 27 28 29 30  
47 2 3 6 10 11 14 15 16 17 19 20 23 24 25 26 27 28  
13 1 4 6 7 8 9 12 13 15 17 18 19 20 21 22 23 28 29 30  
33 2 4 7 9 11 12 13 14 16 17 18 19 20 21 22 25 26 27 30  
60 1 4 6 8 9 10 12 13 14 15 16 17 18 21 23 24 26 30  
43 1 2 3 4 5 6 7 8 9 11 12 13 16 17 18 19 20 21 22 23 24 25 26 28 29 30  
51 4 5 6 8 12 14 16 19  
62 24  
77 1 2 3 4 5 6 7 8 9 10 11 12 13 14 15 16 17 18 19 20 21 22 23 24 25 27 28 30  
34 4 6 8 9 10 12 18 19 22 23 30  
57 1 3 4 5 6 7 9 10 11 12 13 14 15 16 17 18 20 21 22 23 25 26 27 29 30  
72 1 2 3 4 6 9 11 13 14 15 16 17 19 20 21 22 25 26 27 30  
76 1 3 5 6 8 9 12 15 16 18 20 24 27 30  
78 1 3 4 6 9 13 15 16 19 21 22 27 30  
23 3 5 7 8 9 10 12 13 14 15 16 17 18 19 20 21 22 23 24 25 26 27 28 29 30  
49 5 29 30  
56 2 4 5 6 7 9 10 13 14 17 18 19 20 21 23 24 25 27 28 29  
61 5 6 8 12 13 23 25  
22 2 3 4 5 6 7 9 10 11 12 13 14 15 16 17 18 19 20 22 24 25 26 27 28 29 30  
11 1 2 3 4 5 6 7 8 9 10 11 12 13 14 15 16 17 18 19 20 21 22 23 24 25 26 27 28 29  
38 1 2 3 4 5 6 7 9 10 11 13 14 15 16 17 18 19 20 21 22 23 26 27 28 29  
1 1 3 4 5 6 7 8 10 11 13 14 15 16 19 21 22 24 25 28 30  
4 6  
46 1 2 5 7 8 9 13 18 19 20 22 23 24 26 27  
5 1 5 10 12 15 20 22  
28 2 3 4 6 9 11 14 15 19 21 22 23 24 25 27  
37 1 3 4 6 7 8 9 10 11 12 13 14 15 17 18 19 22 23 25 26 27 28 29 30  
19 4 12 19 21 23 24 28  
21 4 8 17 21 29  
41 1 2 4 5 6 8 9 10 11 12 13 14 15 16 17 18 20 22 25 26 27 28 29 30  
7 1 2 4 6 7 9 10 11 12 13 14 16 18 19 20 21 22 23 24 25 26 28 29  
63 4 18 20 29 30  
58 2 19  
32 1 4 8 13 14 15 16 26 28 29  
30 1 2 7 10 15 17 21 26 30  
14 5 10 13 14 18 19 21 22 27 29  
59 8 14 19 25  
35 1 2 4 5 6 7 8 9 10 11 12 13 14 15 16 17 18 19 20 21 23 24 25 26 27 28 29 30  
52 1 3 5 6 7 10 11 12 13 14 15 17 19 20 22 23 24 28 29 30  
55 1 2 3 5 7 8 11 12 13 14 15 16 17 18 20 21 23 25 26 27 28 29 30  
79 1 2 4 5 7 12 15 16 18 19 21 22 23 24 25 27 29  
17 3 4 5 11 12 15 16 19 20 21 23 27  
53 3 5 7 8 12 13 14 18 19 20 22 23 29 30  
75 1 4 5 9 10 11 13 14 16 19 21 22 23 24 25 30  
29 1 2 3 4 5 6 7 8 9 10 11 12 13 14 15 16 17 18 19 20 21 22 23 24 25 27 28 29 30  
26 20 21  
65 1 2 5 6 7 8 9 11 12 14 15 16 17 18 19 20 21 23 24 26 27 28 29 30  
54 1 4 6 7 8 11 12 14 15 16 17 18 19 20 21 22 23 24 25 26 27 28 29 30  
24 1 4 5 6 7 13 19 20 22 29 30  
40 1 4 7 13 14 17 18 19 21 23 24  
31 10 12 17 18 19 22 26 28 29 30  
45 7 12 16  
44 2 3 4 5 8 9 10 11 12 13 14 15 16 17 19 20 21 23 24 25 26 27 28  
27 1 2 3 4 5 6 9 10 11 14 16 17 18 19 20 21 22 23 24 25 26 27 28 29 30  
64 1 5 7 10 14 16 18 19 24 27  
12 2 3 6 10 21 22 23 25 29 30  
18 3 5 6 7 9 10 13 15 17 20 22 27  
68 1 2 4 6 9 11 12 13 14 16 18 19 20 22 23 25 26 27 29  
8 1 2 6 7 8 11 12 13 14 17 19 21 22 24 28 30  
67 25  
66 1 2 3 4 5 7 8 9 11 13 14 15 16 17 18 19 20 22 23 24 25 26 27 28 29 30  
39 2 4 6 7 8 10 11 13 15 16 19 20 23 24 28 30  
42 1 2 3 4 6 7 8 9 10 11 12 13 14 16 17 18 19 20 21 22 23 24 25 26 29 30  
74 14  
6 9 17 24 25 30  
73 5 6  
20 1 3 4 5 6 7 8 9 10 11 12 13 14 15 16 17 19 20 22 26 27 28 29 30  
3 1 2 6 8 10 12 13 14 15 16 17 19 21 22 24 26 27 29 30  
16 5 7 21 22 23 29  
2 1 6 10 11 13 14 15 18 19 24 27 29  
50 3 10 27  
70 1 2 3 4 6 8 9 10 12 13 14 15 16 17 18 21 23 25 26 27 29 30  
25 1 2 3 4 9 10 13 26 27  
10 2 3 5 6 7 8 10 11 12 13 15 17 18 19 20 21 22 23 24 25 26 27 28 29 30  
48 3 4 8 10 11 15 16 18 27  
71 1 3  
15 1 2 3 7 15 17 21 23 30  
36  
69 3 12 13 15 20 22 25 30  
9 4 8 11 12 15 16 18 21 22 23 26 28  
SIZE OF PROGRAMS (pID SIZE):
1 45.0 
2 79.0 
3 71.0 
4 59.0 
5 53.0 
6 48.0 
7 73.0 
8 49.0 
9 50.0 
10 97.0 
11 54.0 
12 80.0 
13 65.0 
14 50.0 
15 82.0 
16 57.0 
17 77.0 
18 42.0 
19 69.0 
20 73.0 
21 97.0 
22 78.0 
23 46.0 
24 47.0 
25 91.0 
26 88.0 
27 92.0 
28 92.0 
29 91.0 
30 96.0 
COST_INSTALL_SERVER_AND_PROGRAMS :
0 5311.340206185568 0.9278350515463918 1.6288659793814433 1.4639175257731958 1.2164948453608246 1.092783505154639 0.9896907216494846 1.5051546391752577 1.0103092783505154 1.0309278350515463 2.0 1.1134020618556701 1.6494845360824741 1.3402061855670102 1.0309278350515463 1.690721649484536 1.175257731958763 1.5876288659793814 0.865979381443299 1.422680412371134 1.5051546391752577 2.0 1.6082474226804124 0.9484536082474226 0.9690721649484536 1.8762886597938144 1.8144329896907216 1.8969072164948453 1.8969072164948453 1.8762886597938144 1.9793814432989691  
47 191.35979835598678 0.9278350515463918 1.6288659793814433 1.4639175257731958 1.2164948453608246 1.092783505154639 0.9896907216494846 1.5051546391752577 1.0103092783505154 1.0309278350515463 2.0 1.1134020618556701 1.6494845360824741 1.3402061855670102 1.0309278350515463 1.690721649484536 1.175257731958763 1.5876288659793814 0.865979381443299 1.422680412371134 1.5051546391752577 2.0 1.6082474226804124 0.9484536082474226 0.9690721649484536 1.8762886597938144 1.8144329896907216 1.8969072164948453 1.8969072164948453 1.8762886597938144 1.9793814432989691  
13 138.7784997811532 1.3917525773195876 2.443298969072165 2.195876288659794 1.824742268041237 1.6391752577319587 1.4845360824742269 2.2577319587628866 1.5154639175257731 1.5463917525773196 3.0 1.6701030927835052 2.4742268041237114 2.0103092783505154 1.5463917525773196 2.536082474226804 1.7628865979381443 2.381443298969072 1.2989690721649485 2.134020618556701 2.2577319587628866 3.0 2.4123711340206184 1.422680412371134 1.4536082474226804 2.814432989690722 2.7216494845360826 2.845360824742268 2.845360824742268 2.814432989690722 2.9690721649484537  
33 114.8283751254028 1.3917525773195876 2.443298969072165 2.195876288659794 1.824742268041237 1.6391752577319587 1.4845360824742269 2.2577319587628866 1.5154639175257731 1.5463917525773196 3.0 1.6701030927835052 2.4742268041237114 2.0103092783505154 1.5463917525773196 2.536082474226804 1.7628865979381443 2.381443298969072 1.2989690721649485 2.134020618556701 2.2577319587628866 3.0 2.4123711340206184 1.422680412371134 1.4536082474226804 2.814432989690722 2.7216494845360826 2.845360824742268 2.845360824742268 2.814432989690722 2.9690721649484537  
60 86.45731475358087 0.9278350515463918 1.6288659793814433 1.4639175257731958 1.2164948453608246 1.092783505154639 0.9896907216494846 1.5051546391752577 1.0103092783505154 1.0309278350515463 2.0 1.1134020618556701 1.6494845360824741 1.3402061855670102 1.0309278350515463 1.690721649484536 1.175257731958763 1.5876288659793814 0.865979381443299 1.422680412371134 1.5051546391752577 2.0 1.6082474226804124 0.9484536082474226 0.9690721649484536 1.8762886597938144 1.8144329896907216 1.8969072164948453 1.8969072164948453 1.8762886597938144 1.9793814432989691  
43 103.6658971861745 1.3917525773195876 2.443298969072165 2.195876288659794 1.824742268041237 1.6391752577319587 1.4845360824742269 2.2577319587628866 1.5154639175257731 1.5463917525773196 3.0 1.6701030927835052 2.4742268041237114 2.0103092783505154 1.5463917525773196 2.536082474226804 1.7628865979381443 2.381443298969072 1.2989690721649485 2.134020618556701 2.2577319587628866 3.0 2.4123711340206184 1.422680412371134 1.4536082474226804 2.814432989690722 2.7216494845360826 2.845360824742268 2.845360824742268 2.814432989690722 2.9690721649484537  
51 121.70669461390511 0.9278350515463918 1.6288659793814433 1.4639175257731958 1.2164948453608246 1.092783505154639 0.9896907216494846 1.5051546391752577 1.0103092783505154 1.0309278350515463 2.0 1.1134020618556701 1.6494845360824741 1.3402061855670102 1.0309278350515463 1.690721649484536 1.175257731958763 1.5876288659793814 0.865979381443299 1.422680412371134 1.5051546391752577 2.0 1.6082474226804124 0.9484536082474226 0.9690721649484536 1.8762886597938144 1.8144329896907216 1.8969072164948453 1.8969072164948453 1.8762886597938144 1.9793814432989691  
62 116.50514706479069 0.9278350515463918 1.6288659793814433 1.4639175257731958 1.2164948453608246 1.092783505154639 0.9896907216494846 1.5051546391752577 1.0103092783505154 1.0309278350515463 2.0 1.1134020618556701 1.6494845360824741 1.3402061855670102 1.0309278350515463 1.690721649484536 1.175257731958763 1.5876288659793814 0.865979381443299 1.422680412371134 1.5051546391752577 2.0 1.6082474226804124 0.9484536082474226 0.9690721649484536 1.8762886597938144 1.8144329896907216 1.8969072164948453 1.8969072164948453 1.8762886597938144 1.9793814432989691  
77 86.30035559335482 0.9278350515463918 1.6288659793814433 1.4639175257731958 1.2164948453608246 1.092783505154639 0.9896907216494846 1.5051546391752577 1.0103092783505154 1.0309278350515463 2.0 1.1134020618556701 1.6494845360824741 1.3402061855670102 1.0309278350515463 1.690721649484536 1.175257731958763 1.5876288659793814 0.865979381443299 1.422680412371134 1.5051546391752577 2.0 1.6082474226804124 0.9484536082474226 0.9690721649484536 1.8762886597938144 1.8144329896907216 1.8969072164948453 1.8969072164948453 1.8762886597938144 1.9793814432989691  
34 286.22405210307716 0.9278350515463918 1.6288659793814433 1.4639175257731958 1.2164948453608246 1.092783505154639 0.9896907216494846 1.5051546391752577 1.0103092783505154 1.0309278350515463 2.0 1.1134020618556701 1.6494845360824741 1.3402061855670102 1.0309278350515463 1.690721649484536 1.175257731958763 1.5876288659793814 0.865979381443299 1.422680412371134 1.5051546391752577 2.0 1.6082474226804124 0.9484536082474226 0.9690721649484536 1.8762886597938144 1.8144329896907216 1.8969072164948453 1.8969072164948453 1.8762886597938144 1.9793814432989691  
57 300.02911839306614 1.3917525773195876 2.443298969072165 2.195876288659794 1.824742268041237 1.6391752577319587 1.4845360824742269 2.2577319587628866 1.5154639175257731 1.5463917525773196 3.0 1.6701030927835052 2.4742268041237114 2.0103092783505154 1.5463917525773196 2.536082474226804 1.7628865979381443 2.381443298969072 1.2989690721649485 2.134020618556701 2.2577319587628866 3.0 2.4123711340206184 1.422680412371134 1.4536082474226804 2.814432989690722 2.7216494845360826 2.845360824742268 2.845360824742268 2.814432989690722 2.9690721649484537  
72 87.31230201928474 0.9278350515463918 1.6288659793814433 1.4639175257731958 1.2164948453608246 1.092783505154639 0.9896907216494846 1.5051546391752577 1.0103092783505154 1.0309278350515463 2.0 1.1134020618556701 1.6494845360824741 1.3402061855670102 1.0309278350515463 1.690721649484536 1.175257731958763 1.5876288659793814 0.865979381443299 1.422680412371134 1.5051546391752577 2.0 1.6082474226804124 0.9484536082474226 0.9690721649484536 1.8762886597938144 1.8144329896907216 1.8969072164948453 1.8969072164948453 1.8762886597938144 1.9793814432989691  
76 44.50565119925433 1.3917525773195876 2.443298969072165 2.195876288659794 1.824742268041237 1.6391752577319587 1.4845360824742269 2.2577319587628866 1.5154639175257731 1.5463917525773196 3.0 1.6701030927835052 2.4742268041237114 2.0103092783505154 1.5463917525773196 2.536082474226804 1.7628865979381443 2.381443298969072 1.2989690721649485 2.134020618556701 2.2577319587628866 3.0 2.4123711340206184 1.422680412371134 1.4536082474226804 2.814432989690722 2.7216494845360826 2.845360824742268 2.845360824742268 2.814432989690722 2.9690721649484537  
78 17.60341371276791 1.3917525773195876 2.443298969072165 2.195876288659794 1.824742268041237 1.6391752577319587 1.4845360824742269 2.2577319587628866 1.5154639175257731 1.5463917525773196 3.0 1.6701030927835052 2.4742268041237114 2.0103092783505154 1.5463917525773196 2.536082474226804 1.7628865979381443 2.381443298969072 1.2989690721649485 2.134020618556701 2.2577319587628866 3.0 2.4123711340206184 1.422680412371134 1.4536082474226804 2.814432989690722 2.7216494845360826 2.845360824742268 2.845360824742268 2.814432989690722 2.9690721649484537  
23 474.79236545506006 1.3917525773195876 2.443298969072165 2.195876288659794 1.824742268041237 1.6391752577319587 1.4845360824742269 2.2577319587628866 1.5154639175257731 1.5463917525773196 3.0 1.6701030927835052 2.4742268041237114 2.0103092783505154 1.5463917525773196 2.536082474226804 1.7628865979381443 2.381443298969072 1.2989690721649485 2.134020618556701 2.2577319587628866 3.0 2.4123711340206184 1.422680412371134 1.4536082474226804 2.814432989690722 2.7216494845360826 2.845360824742268 2.845360824742268 2.814432989690722 2.9690721649484537  
49 31.200453212820747 1.3917525773195876 2.443298969072165 2.195876288659794 1.824742268041237 1.6391752577319587 1.4845360824742269 2.2577319587628866 1.5154639175257731 1.5463917525773196 3.0 1.6701030927835052 2.4742268041237114 2.0103092783505154 1.5463917525773196 2.536082474226804 1.7628865979381443 2.381443298969072 1.2989690721649485 2.134020618556701 2.2577319587628866 3.0 2.4123711340206184 1.422680412371134 1.4536082474226804 2.814432989690722 2.7216494845360826 2.845360824742268 2.845360824742268 2.814432989690722 2.9690721649484537  
56 206.76361779647885 1.3917525773195876 2.443298969072165 2.195876288659794 1.824742268041237 1.6391752577319587 1.4845360824742269 2.2577319587628866 1.5154639175257731 1.5463917525773196 3.0 1.6701030927835052 2.4742268041237114 2.0103092783505154 1.5463917525773196 2.536082474226804 1.7628865979381443 2.381443298969072 1.2989690721649485 2.134020618556701 2.2577319587628866 3.0 2.4123711340206184 1.422680412371134 1.4536082474226804 2.814432989690722 2.7216494845360826 2.845360824742268 2.845360824742268 2.814432989690722 2.9690721649484537  
61 27.606054778605436 1.3917525773195876 2.443298969072165 2.195876288659794 1.824742268041237 1.6391752577319587 1.4845360824742269 2.2577319587628866 1.5154639175257731 1.5463917525773196 3.0 1.6701030927835052 2.4742268041237114 2.0103092783505154 1.5463917525773196 2.536082474226804 1.7628865979381443 2.381443298969072 1.2989690721649485 2.134020618556701 2.2577319587628866 3.0 2.4123711340206184 1.422680412371134 1.4536082474226804 2.814432989690722 2.7216494845360826 2.845360824742268 2.845360824742268 2.814432989690722 2.9690721649484537  
22 204.5839640458669 0.9278350515463918 1.6288659793814433 1.4639175257731958 1.2164948453608246 1.092783505154639 0.9896907216494846 1.5051546391752577 1.0103092783505154 1.0309278350515463 2.0 1.1134020618556701 1.6494845360824741 1.3402061855670102 1.0309278350515463 1.690721649484536 1.175257731958763 1.5876288659793814 0.865979381443299 1.422680412371134 1.5051546391752577 2.0 1.6082474226804124 0.9484536082474226 0.9690721649484536 1.8762886597938144 1.8144329896907216 1.8969072164948453 1.8969072164948453 1.8762886597938144 1.9793814432989691  
11 270.1788621550344 1.3917525773195876 2.443298969072165 2.195876288659794 1.824742268041237 1.6391752577319587 1.4845360824742269 2.2577319587628866 1.5154639175257731 1.5463917525773196 3.0 1.6701030927835052 2.4742268041237114 2.0103092783505154 1.5463917525773196 2.536082474226804 1.7628865979381443 2.381443298969072 1.2989690721649485 2.134020618556701 2.2577319587628866 3.0 2.4123711340206184 1.422680412371134 1.4536082474226804 2.814432989690722 2.7216494845360826 2.845360824742268 2.845360824742268 2.814432989690722 2.9690721649484537  
38 228.19548782528048 0.9278350515463918 1.6288659793814433 1.4639175257731958 1.2164948453608246 1.092783505154639 0.9896907216494846 1.5051546391752577 1.0103092783505154 1.0309278350515463 2.0 1.1134020618556701 1.6494845360824741 1.3402061855670102 1.0309278350515463 1.690721649484536 1.175257731958763 1.5876288659793814 0.865979381443299 1.422680412371134 1.5051546391752577 2.0 1.6082474226804124 0.9484536082474226 0.9690721649484536 1.8762886597938144 1.8144329896907216 1.8969072164948453 1.8969072164948453 1.8762886597938144 1.9793814432989691  
1 30.928175073080084 0.9278350515463918 1.6288659793814433 1.4639175257731958 1.2164948453608246 1.092783505154639 0.9896907216494846 1.5051546391752577 1.0103092783505154 1.0309278350515463 2.0 1.1134020618556701 1.6494845360824741 1.3402061855670102 1.0309278350515463 1.690721649484536 1.175257731958763 1.5876288659793814 0.865979381443299 1.422680412371134 1.5051546391752577 2.0 1.6082474226804124 0.9484536082474226 0.9690721649484536 1.8762886597938144 1.8144329896907216 1.8969072164948453 1.8969072164948453 1.8762886597938144 1.9793814432989691  
4 5.121037305475945 1.3917525773195876 2.443298969072165 2.195876288659794 1.824742268041237 1.6391752577319587 1.4845360824742269 2.2577319587628866 1.5154639175257731 1.5463917525773196 3.0 1.6701030927835052 2.4742268041237114 2.0103092783505154 1.5463917525773196 2.536082474226804 1.7628865979381443 2.381443298969072 1.2989690721649485 2.134020618556701 2.2577319587628866 3.0 2.4123711340206184 1.422680412371134 1.4536082474226804 2.814432989690722 2.7216494845360826 2.845360824742268 2.845360824742268 2.814432989690722 2.9690721649484537  
46 72.30505609124543 0.9278350515463918 1.6288659793814433 1.4639175257731958 1.2164948453608246 1.092783505154639 0.9896907216494846 1.5051546391752577 1.0103092783505154 1.0309278350515463 2.0 1.1134020618556701 1.6494845360824741 1.3402061855670102 1.0309278350515463 1.690721649484536 1.175257731958763 1.5876288659793814 0.865979381443299 1.422680412371134 1.5051546391752577 2.0 1.6082474226804124 0.9484536082474226 0.9690721649484536 1.8762886597938144 1.8144329896907216 1.8969072164948453 1.8969072164948453 1.8762886597938144 1.9793814432989691  
5 144.93447248637818 0.9278350515463918 1.6288659793814433 1.4639175257731958 1.2164948453608246 1.092783505154639 0.9896907216494846 1.5051546391752577 1.0103092783505154 1.0309278350515463 2.0 1.1134020618556701 1.6494845360824741 1.3402061855670102 1.0309278350515463 1.690721649484536 1.175257731958763 1.5876288659793814 0.865979381443299 1.422680412371134 1.5051546391752577 2.0 1.6082474226804124 0.9484536082474226 0.9690721649484536 1.8762886597938144 1.8144329896907216 1.8969072164948453 1.8969072164948453 1.8762886597938144 1.9793814432989691  
28 356.8152861824715 0.9278350515463918 1.6288659793814433 1.4639175257731958 1.2164948453608246 1.092783505154639 0.9896907216494846 1.5051546391752577 1.0103092783505154 1.0309278350515463 2.0 1.1134020618556701 1.6494845360824741 1.3402061855670102 1.0309278350515463 1.690721649484536 1.175257731958763 1.5876288659793814 0.865979381443299 1.422680412371134 1.5051546391752577 2.0 1.6082474226804124 0.9484536082474226 0.9690721649484536 1.8762886597938144 1.8144329896907216 1.8969072164948453 1.8969072164948453 1.8762886597938144 1.9793814432989691  
37 224.64230418677147 1.3917525773195876 2.443298969072165 2.195876288659794 1.824742268041237 1.6391752577319587 1.4845360824742269 2.2577319587628866 1.5154639175257731 1.5463917525773196 3.0 1.6701030927835052 2.4742268041237114 2.0103092783505154 1.5463917525773196 2.536082474226804 1.7628865979381443 2.381443298969072 1.2989690721649485 2.134020618556701 2.2577319587628866 3.0 2.4123711340206184 1.422680412371134 1.4536082474226804 2.814432989690722 2.7216494845360826 2.845360824742268 2.845360824742268 2.814432989690722 2.9690721649484537  
19 36.492429087224906 1.3917525773195876 2.443298969072165 2.195876288659794 1.824742268041237 1.6391752577319587 1.4845360824742269 2.2577319587628866 1.5154639175257731 1.5463917525773196 3.0 1.6701030927835052 2.4742268041237114 2.0103092783505154 1.5463917525773196 2.536082474226804 1.7628865979381443 2.381443298969072 1.2989690721649485 2.134020618556701 2.2577319587628866 3.0 2.4123711340206184 1.422680412371134 1.4536082474226804 2.814432989690722 2.7216494845360826 2.845360824742268 2.845360824742268 2.814432989690722 2.9690721649484537  
21 289.7141553293755 1.3917525773195876 2.443298969072165 2.195876288659794 1.824742268041237 1.6391752577319587 1.4845360824742269 2.2577319587628866 1.5154639175257731 1.5463917525773196 3.0 1.6701030927835052 2.4742268041237114 2.0103092783505154 1.5463917525773196 2.536082474226804 1.7628865979381443 2.381443298969072 1.2989690721649485 2.134020618556701 2.2577319587628866 3.0 2.4123711340206184 1.422680412371134 1.4536082474226804 2.814432989690722 2.7216494845360826 2.845360824742268 2.845360824742268 2.814432989690722 2.9690721649484537  
41 194.59931695665873 0.9278350515463918 1.6288659793814433 1.4639175257731958 1.2164948453608246 1.092783505154639 0.9896907216494846 1.5051546391752577 1.0103092783505154 1.0309278350515463 2.0 1.1134020618556701 1.6494845360824741 1.3402061855670102 1.0309278350515463 1.690721649484536 1.175257731958763 1.5876288659793814 0.865979381443299 1.422680412371134 1.5051546391752577 2.0 1.6082474226804124 0.9484536082474226 0.9690721649484536 1.8762886597938144 1.8144329896907216 1.8969072164948453 1.8969072164948453 1.8762886597938144 1.9793814432989691  
7 272.5982741033694 1.3917525773195876 2.443298969072165 2.195876288659794 1.824742268041237 1.6391752577319587 1.4845360824742269 2.2577319587628866 1.5154639175257731 1.5463917525773196 3.0 1.6701030927835052 2.4742268041237114 2.0103092783505154 1.5463917525773196 2.536082474226804 1.7628865979381443 2.381443298969072 1.2989690721649485 2.134020618556701 2.2577319587628866 3.0 2.4123711340206184 1.422680412371134 1.4536082474226804 2.814432989690722 2.7216494845360826 2.845360824742268 2.845360824742268 2.814432989690722 2.9690721649484537  
63 66.38261377273203 0.9278350515463918 1.6288659793814433 1.4639175257731958 1.2164948453608246 1.092783505154639 0.9896907216494846 1.5051546391752577 1.0103092783505154 1.0309278350515463 2.0 1.1134020618556701 1.6494845360824741 1.3402061855670102 1.0309278350515463 1.690721649484536 1.175257731958763 1.5876288659793814 0.865979381443299 1.422680412371134 1.5051546391752577 2.0 1.6082474226804124 0.9484536082474226 0.9690721649484536 1.8762886597938144 1.8144329896907216 1.8969072164948453 1.8969072164948453 1.8762886597938144 1.9793814432989691  
58 28.220928737189865 1.3917525773195876 2.443298969072165 2.195876288659794 1.824742268041237 1.6391752577319587 1.4845360824742269 2.2577319587628866 1.5154639175257731 1.5463917525773196 3.0 1.6701030927835052 2.4742268041237114 2.0103092783505154 1.5463917525773196 2.536082474226804 1.7628865979381443 2.381443298969072 1.2989690721649485 2.134020618556701 2.2577319587628866 3.0 2.4123711340206184 1.422680412371134 1.4536082474226804 2.814432989690722 2.7216494845360826 2.845360824742268 2.845360824742268 2.814432989690722 2.9690721649484537  
32 97.27970276772353 0.9278350515463918 1.6288659793814433 1.4639175257731958 1.2164948453608246 1.092783505154639 0.9896907216494846 1.5051546391752577 1.0103092783505154 1.0309278350515463 2.0 1.1134020618556701 1.6494845360824741 1.3402061855670102 1.0309278350515463 1.690721649484536 1.175257731958763 1.5876288659793814 0.865979381443299 1.422680412371134 1.5051546391752577 2.0 1.6082474226804124 0.9484536082474226 0.9690721649484536 1.8762886597938144 1.8144329896907216 1.8969072164948453 1.8969072164948453 1.8762886597938144 1.9793814432989691  
30 61.72852014007633 0.9278350515463918 1.6288659793814433 1.4639175257731958 1.2164948453608246 1.092783505154639 0.9896907216494846 1.5051546391752577 1.0103092783505154 1.0309278350515463 2.0 1.1134020618556701 1.6494845360824741 1.3402061855670102 1.0309278350515463 1.690721649484536 1.175257731958763 1.5876288659793814 0.865979381443299 1.422680412371134 1.5051546391752577 2.0 1.6082474226804124 0.9484536082474226 0.9690721649484536 1.8762886597938144 1.8144329896907216 1.8969072164948453 1.8969072164948453 1.8762886597938144 1.9793814432989691  
14 130.46506554113637 0.9278350515463918 1.6288659793814433 1.4639175257731958 1.2164948453608246 1.092783505154639 0.9896907216494846 1.5051546391752577 1.0103092783505154 1.0309278350515463 2.0 1.1134020618556701 1.6494845360824741 1.3402061855670102 1.0309278350515463 1.690721649484536 1.175257731958763 1.5876288659793814 0.865979381443299 1.422680412371134 1.5051546391752577 2.0 1.6082474226804124 0.9484536082474226 0.9690721649484536 1.8762886597938144 1.8144329896907216 1.8969072164948453 1.8969072164948453 1.8762886597938144 1.9793814432989691  
59 18.79121813315396 1.3917525773195876 2.443298969072165 2.195876288659794 1.824742268041237 1.6391752577319587 1.4845360824742269 2.2577319587628866 1.5154639175257731 1.5463917525773196 3.0 1.6701030927835052 2.4742268041237114 2.0103092783505154 1.5463917525773196 2.536082474226804 1.7628865979381443 2.381443298969072 1.2989690721649485 2.134020618556701 2.2577319587628866 3.0 2.4123711340206184 1.422680412371134 1.4536082474226804 2.814432989690722 2.7216494845360826 2.845360824742268 2.845360824742268 2.814432989690722 2.9690721649484537  
35 226.63363732226475 1.3917525773195876 2.443298969072165 2.195876288659794 1.824742268041237 1.6391752577319587 1.4845360824742269 2.2577319587628866 1.5154639175257731 1.5463917525773196 3.0 1.6701030927835052 2.4742268041237114 2.0103092783505154 1.5463917525773196 2.536082474226804 1.7628865979381443 2.381443298969072 1.2989690721649485 2.134020618556701 2.2577319587628866 3.0 2.4123711340206184 1.422680412371134 1.4536082474226804 2.814432989690722 2.7216494845360826 2.845360824742268 2.845360824742268 2.814432989690722 2.9690721649484537  
52 165.9440838853906 0.9278350515463918 1.6288659793814433 1.4639175257731958 1.2164948453608246 1.092783505154639 0.9896907216494846 1.5051546391752577 1.0103092783505154 1.0309278350515463 2.0 1.1134020618556701 1.6494845360824741 1.3402061855670102 1.0309278350515463 1.690721649484536 1.175257731958763 1.5876288659793814 0.865979381443299 1.422680412371134 1.5051546391752577 2.0 1.6082474226804124 0.9484536082474226 0.9690721649484536 1.8762886597938144 1.8144329896907216 1.8969072164948453 1.8969072164948453 1.8762886597938144 1.9793814432989691  
55 182.9808510978158 1.3917525773195876 2.443298969072165 2.195876288659794 1.824742268041237 1.6391752577319587 1.4845360824742269 2.2577319587628866 1.5154639175257731 1.5463917525773196 3.0 1.6701030927835052 2.4742268041237114 2.0103092783505154 1.5463917525773196 2.536082474226804 1.7628865979381443 2.381443298969072 1.2989690721649485 2.134020618556701 2.2577319587628866 3.0 2.4123711340206184 1.422680412371134 1.4536082474226804 2.814432989690722 2.7216494845360826 2.845360824742268 2.845360824742268 2.814432989690722 2.9690721649484537  
79 108.59984541672941 0.9278350515463918 1.6288659793814433 1.4639175257731958 1.2164948453608246 1.092783505154639 0.9896907216494846 1.5051546391752577 1.0103092783505154 1.0309278350515463 2.0 1.1134020618556701 1.6494845360824741 1.3402061855670102 1.0309278350515463 1.690721649484536 1.175257731958763 1.5876288659793814 0.865979381443299 1.422680412371134 1.5051546391752577 2.0 1.6082474226804124 0.9484536082474226 0.9690721649484536 1.8762886597938144 1.8144329896907216 1.8969072164948453 1.8969072164948453 1.8762886597938144 1.9793814432989691  
17 166.19638958384496 1.3917525773195876 2.443298969072165 2.195876288659794 1.824742268041237 1.6391752577319587 1.4845360824742269 2.2577319587628866 1.5154639175257731 1.5463917525773196 3.0 1.6701030927835052 2.4742268041237114 2.0103092783505154 1.5463917525773196 2.536082474226804 1.7628865979381443 2.381443298969072 1.2989690721649485 2.134020618556701 2.2577319587628866 3.0 2.4123711340206184 1.422680412371134 1.4536082474226804 2.814432989690722 2.7216494845360826 2.845360824742268 2.845360824742268 2.814432989690722 2.9690721649484537  
53 180.9541050702433 0.9278350515463918 1.6288659793814433 1.4639175257731958 1.2164948453608246 1.092783505154639 0.9896907216494846 1.5051546391752577 1.0103092783505154 1.0309278350515463 2.0 1.1134020618556701 1.6494845360824741 1.3402061855670102 1.0309278350515463 1.690721649484536 1.175257731958763 1.5876288659793814 0.865979381443299 1.422680412371134 1.5051546391752577 2.0 1.6082474226804124 0.9484536082474226 0.9690721649484536 1.8762886597938144 1.8144329896907216 1.8969072164948453 1.8969072164948453 1.8762886597938144 1.9793814432989691  
75 60.906889691945445 1.3917525773195876 2.443298969072165 2.195876288659794 1.824742268041237 1.6391752577319587 1.4845360824742269 2.2577319587628866 1.5154639175257731 1.5463917525773196 3.0 1.6701030927835052 2.4742268041237114 2.0103092783505154 1.5463917525773196 2.536082474226804 1.7628865979381443 2.381443298969072 1.2989690721649485 2.134020618556701 2.2577319587628866 3.0 2.4123711340206184 1.422680412371134 1.4536082474226804 2.814432989690722 2.7216494845360826 2.845360824742268 2.845360824742268 2.814432989690722 2.9690721649484537  
29 391.287743716511 1.3917525773195876 2.443298969072165 2.195876288659794 1.824742268041237 1.6391752577319587 1.4845360824742269 2.2577319587628866 1.5154639175257731 1.5463917525773196 3.0 1.6701030927835052 2.4742268041237114 2.0103092783505154 1.5463917525773196 2.536082474226804 1.7628865979381443 2.381443298969072 1.2989690721649485 2.134020618556701 2.2577319587628866 3.0 2.4123711340206184 1.422680412371134 1.4536082474226804 2.814432989690722 2.7216494845360826 2.845360824742268 2.845360824742268 2.814432989690722 2.9690721649484537  
26 26.168684061681255 1.3917525773195876 2.443298969072165 2.195876288659794 1.824742268041237 1.6391752577319587 1.4845360824742269 2.2577319587628866 1.5154639175257731 1.5463917525773196 3.0 1.6701030927835052 2.4742268041237114 2.0103092783505154 1.5463917525773196 2.536082474226804 1.7628865979381443 2.381443298969072 1.2989690721649485 2.134020618556701 2.2577319587628866 3.0 2.4123711340206184 1.422680412371134 1.4536082474226804 2.814432989690722 2.7216494845360826 2.845360824742268 2.845360824742268 2.814432989690722 2.9690721649484537  
65 251.0536485853628 1.3917525773195876 2.443298969072165 2.195876288659794 1.824742268041237 1.6391752577319587 1.4845360824742269 2.2577319587628866 1.5154639175257731 1.5463917525773196 3.0 1.6701030927835052 2.4742268041237114 2.0103092783505154 1.5463917525773196 2.536082474226804 1.7628865979381443 2.381443298969072 1.2989690721649485 2.134020618556701 2.2577319587628866 3.0 2.4123711340206184 1.422680412371134 1.4536082474226804 2.814432989690722 2.7216494845360826 2.845360824742268 2.845360824742268 2.814432989690722 2.9690721649484537  
54 301.3820186925948 0.9278350515463918 1.6288659793814433 1.4639175257731958 1.2164948453608246 1.092783505154639 0.9896907216494846 1.5051546391752577 1.0103092783505154 1.0309278350515463 2.0 1.1134020618556701 1.6494845360824741 1.3402061855670102 1.0309278350515463 1.690721649484536 1.175257731958763 1.5876288659793814 0.865979381443299 1.422680412371134 1.5051546391752577 2.0 1.6082474226804124 0.9484536082474226 0.9690721649484536 1.8762886597938144 1.8144329896907216 1.8969072164948453 1.8969072164948453 1.8762886597938144 1.9793814432989691  
24 162.7381628334802 1.3917525773195876 2.443298969072165 2.195876288659794 1.824742268041237 1.6391752577319587 1.4845360824742269 2.2577319587628866 1.5154639175257731 1.5463917525773196 3.0 1.6701030927835052 2.4742268041237114 2.0103092783505154 1.5463917525773196 2.536082474226804 1.7628865979381443 2.381443298969072 1.2989690721649485 2.134020618556701 2.2577319587628866 3.0 2.4123711340206184 1.422680412371134 1.4536082474226804 2.814432989690722 2.7216494845360826 2.845360824742268 2.845360824742268 2.814432989690722 2.9690721649484537  
40 59.96617380553695 1.3917525773195876 2.443298969072165 2.195876288659794 1.824742268041237 1.6391752577319587 1.4845360824742269 2.2577319587628866 1.5154639175257731 1.5463917525773196 3.0 1.6701030927835052 2.4742268041237114 2.0103092783505154 1.5463917525773196 2.536082474226804 1.7628865979381443 2.381443298969072 1.2989690721649485 2.134020618556701 2.2577319587628866 3.0 2.4123711340206184 1.422680412371134 1.4536082474226804 2.814432989690722 2.7216494845360826 2.845360824742268 2.845360824742268 2.814432989690722 2.9690721649484537  
31 303.88236431188943 1.3917525773195876 2.443298969072165 2.195876288659794 1.824742268041237 1.6391752577319587 1.4845360824742269 2.2577319587628866 1.5154639175257731 1.5463917525773196 3.0 1.6701030927835052 2.4742268041237114 2.0103092783505154 1.5463917525773196 2.536082474226804 1.7628865979381443 2.381443298969072 1.2989690721649485 2.134020618556701 2.2577319587628866 3.0 2.4123711340206184 1.422680412371134 1.4536082474226804 2.814432989690722 2.7216494845360826 2.845360824742268 2.845360824742268 2.814432989690722 2.9690721649484537  
45 13.353350964814902 0.9278350515463918 1.6288659793814433 1.4639175257731958 1.2164948453608246 1.092783505154639 0.9896907216494846 1.5051546391752577 1.0103092783505154 1.0309278350515463 2.0 1.1134020618556701 1.6494845360824741 1.3402061855670102 1.0309278350515463 1.690721649484536 1.175257731958763 1.5876288659793814 0.865979381443299 1.422680412371134 1.5051546391752577 2.0 1.6082474226804124 0.9484536082474226 0.9690721649484536 1.8762886597938144 1.8144329896907216 1.8969072164948453 1.8969072164948453 1.8762886597938144 1.9793814432989691  
44 131.05980561680514 1.3917525773195876 2.443298969072165 2.195876288659794 1.824742268041237 1.6391752577319587 1.4845360824742269 2.2577319587628866 1.5154639175257731 1.5463917525773196 3.0 1.6701030927835052 2.4742268041237114 2.0103092783505154 1.5463917525773196 2.536082474226804 1.7628865979381443 2.381443298969072 1.2989690721649485 2.134020618556701 2.2577319587628866 3.0 2.4123711340206184 1.422680412371134 1.4536082474226804 2.814432989690722 2.7216494845360826 2.845360824742268 2.845360824742268 2.814432989690722 2.9690721649484537  
27 117.7748685236797 1.3917525773195876 2.443298969072165 2.195876288659794 1.824742268041237 1.6391752577319587 1.4845360824742269 2.2577319587628866 1.5154639175257731 1.5463917525773196 3.0 1.6701030927835052 2.4742268041237114 2.0103092783505154 1.5463917525773196 2.536082474226804 1.7628865979381443 2.381443298969072 1.2989690721649485 2.134020618556701 2.2577319587628866 3.0 2.4123711340206184 1.422680412371134 1.4536082474226804 2.814432989690722 2.7216494845360826 2.845360824742268 2.845360824742268 2.814432989690722 2.9690721649484537  
64 63.42254869419426 1.3917525773195876 2.443298969072165 2.195876288659794 1.824742268041237 1.6391752577319587 1.4845360824742269 2.2577319587628866 1.5154639175257731 1.5463917525773196 3.0 1.6701030927835052 2.4742268041237114 2.0103092783505154 1.5463917525773196 2.536082474226804 1.7628865979381443 2.381443298969072 1.2989690721649485 2.134020618556701 2.2577319587628866 3.0 2.4123711340206184 1.422680412371134 1.4536082474226804 2.814432989690722 2.7216494845360826 2.845360824742268 2.845360824742268 2.814432989690722 2.9690721649484537  
12 98.00151572958917 1.3917525773195876 2.443298969072165 2.195876288659794 1.824742268041237 1.6391752577319587 1.4845360824742269 2.2577319587628866 1.5154639175257731 1.5463917525773196 3.0 1.6701030927835052 2.4742268041237114 2.0103092783505154 1.5463917525773196 2.536082474226804 1.7628865979381443 2.381443298969072 1.2989690721649485 2.134020618556701 2.2577319587628866 3.0 2.4123711340206184 1.422680412371134 1.4536082474226804 2.814432989690722 2.7216494845360826 2.845360824742268 2.845360824742268 2.814432989690722 2.9690721649484537  
18 173.9518205459977 1.3917525773195876 2.443298969072165 2.195876288659794 1.824742268041237 1.6391752577319587 1.4845360824742269 2.2577319587628866 1.5154639175257731 1.5463917525773196 3.0 1.6701030927835052 2.4742268041237114 2.0103092783505154 1.5463917525773196 2.536082474226804 1.7628865979381443 2.381443298969072 1.2989690721649485 2.134020618556701 2.2577319587628866 3.0 2.4123711340206184 1.422680412371134 1.4536082474226804 2.814432989690722 2.7216494845360826 2.845360824742268 2.845360824742268 2.814432989690722 2.9690721649484537  
68 89.32049596662661 0.9278350515463918 1.6288659793814433 1.4639175257731958 1.2164948453608246 1.092783505154639 0.9896907216494846 1.5051546391752577 1.0103092783505154 1.0309278350515463 2.0 1.1134020618556701 1.6494845360824741 1.3402061855670102 1.0309278350515463 1.690721649484536 1.175257731958763 1.5876288659793814 0.865979381443299 1.422680412371134 1.5051546391752577 2.0 1.6082474226804124 0.9484536082474226 0.9690721649484536 1.8762886597938144 1.8144329896907216 1.8969072164948453 1.8969072164948453 1.8762886597938144 1.9793814432989691  
8 279.8042367261901 0.9278350515463918 1.6288659793814433 1.4639175257731958 1.2164948453608246 1.092783505154639 0.9896907216494846 1.5051546391752577 1.0103092783505154 1.0309278350515463 2.0 1.1134020618556701 1.6494845360824741 1.3402061855670102 1.0309278350515463 1.690721649484536 1.175257731958763 1.5876288659793814 0.865979381443299 1.422680412371134 1.5051546391752577 2.0 1.6082474226804124 0.9484536082474226 0.9690721649484536 1.8762886597938144 1.8144329896907216 1.8969072164948453 1.8969072164948453 1.8762886597938144 1.9793814432989691  
67 9.47769540530648 1.3917525773195876 2.443298969072165 2.195876288659794 1.824742268041237 1.6391752577319587 1.4845360824742269 2.2577319587628866 1.5154639175257731 1.5463917525773196 3.0 1.6701030927835052 2.4742268041237114 2.0103092783505154 1.5463917525773196 2.536082474226804 1.7628865979381443 2.381443298969072 1.2989690721649485 2.134020618556701 2.2577319587628866 3.0 2.4123711340206184 1.422680412371134 1.4536082474226804 2.814432989690722 2.7216494845360826 2.845360824742268 2.845360824742268 2.814432989690722 2.9690721649484537  
66 207.9628715671609 0.9278350515463918 1.6288659793814433 1.4639175257731958 1.2164948453608246 1.092783505154639 0.9896907216494846 1.5051546391752577 1.0103092783505154 1.0309278350515463 2.0 1.1134020618556701 1.6494845360824741 1.3402061855670102 1.0309278350515463 1.690721649484536 1.175257731958763 1.5876288659793814 0.865979381443299 1.422680412371134 1.5051546391752577 2.0 1.6082474226804124 0.9484536082474226 0.9690721649484536 1.8762886597938144 1.8144329896907216 1.8969072164948453 1.8969072164948453 1.8762886597938144 1.9793814432989691  
39 174.23143758849005 1.3917525773195876 2.443298969072165 2.195876288659794 1.824742268041237 1.6391752577319587 1.4845360824742269 2.2577319587628866 1.5154639175257731 1.5463917525773196 3.0 1.6701030927835052 2.4742268041237114 2.0103092783505154 1.5463917525773196 2.536082474226804 1.7628865979381443 2.381443298969072 1.2989690721649485 2.134020618556701 2.2577319587628866 3.0 2.4123711340206184 1.422680412371134 1.4536082474226804 2.814432989690722 2.7216494845360826 2.845360824742268 2.845360824742268 2.814432989690722 2.9690721649484537  
42 111.56593608642358 1.3917525773195876 2.443298969072165 2.195876288659794 1.824742268041237 1.6391752577319587 1.4845360824742269 2.2577319587628866 1.5154639175257731 1.5463917525773196 3.0 1.6701030927835052 2.4742268041237114 2.0103092783505154 1.5463917525773196 2.536082474226804 1.7628865979381443 2.381443298969072 1.2989690721649485 2.134020618556701 2.2577319587628866 3.0 2.4123711340206184 1.422680412371134 1.4536082474226804 2.814432989690722 2.7216494845360826 2.845360824742268 2.845360824742268 2.814432989690722 2.9690721649484537  
74 64.17432518372404 0.9278350515463918 1.6288659793814433 1.4639175257731958 1.2164948453608246 1.092783505154639 0.9896907216494846 1.5051546391752577 1.0103092783505154 1.0309278350515463 2.0 1.1134020618556701 1.6494845360824741 1.3402061855670102 1.0309278350515463 1.690721649484536 1.175257731958763 1.5876288659793814 0.865979381443299 1.422680412371134 1.5051546391752577 2.0 1.6082474226804124 0.9484536082474226 0.9690721649484536 1.8762886597938144 1.8144329896907216 1.8969072164948453 1.8969072164948453 1.8762886597938144 1.9793814432989691  
6 35.747710083778394 0.9278350515463918 1.6288659793814433 1.4639175257731958 1.2164948453608246 1.092783505154639 0.9896907216494846 1.5051546391752577 1.0103092783505154 1.0309278350515463 2.0 1.1134020618556701 1.6494845360824741 1.3402061855670102 1.0309278350515463 1.690721649484536 1.175257731958763 1.5876288659793814 0.865979381443299 1.422680412371134 1.5051546391752577 2.0 1.6082474226804124 0.9484536082474226 0.9690721649484536 1.8762886597938144 1.8144329896907216 1.8969072164948453 1.8969072164948453 1.8762886597938144 1.9793814432989691  
73 5.675068735754799 0.9278350515463918 1.6288659793814433 1.4639175257731958 1.2164948453608246 1.092783505154639 0.9896907216494846 1.5051546391752577 1.0103092783505154 1.0309278350515463 2.0 1.1134020618556701 1.6494845360824741 1.3402061855670102 1.0309278350515463 1.690721649484536 1.175257731958763 1.5876288659793814 0.865979381443299 1.422680412371134 1.5051546391752577 2.0 1.6082474226804124 0.9484536082474226 0.9690721649484536 1.8762886597938144 1.8144329896907216 1.8969072164948453 1.8969072164948453 1.8762886597938144 1.9793814432989691  
20 287.82134116151303 1.3917525773195876 2.443298969072165 2.195876288659794 1.824742268041237 1.6391752577319587 1.4845360824742269 2.2577319587628866 1.5154639175257731 1.5463917525773196 3.0 1.6701030927835052 2.4742268041237114 2.0103092783505154 1.5463917525773196 2.536082474226804 1.7628865979381443 2.381443298969072 1.2989690721649485 2.134020618556701 2.2577319587628866 3.0 2.4123711340206184 1.422680412371134 1.4536082474226804 2.814432989690722 2.7216494845360826 2.845360824742268 2.845360824742268 2.814432989690722 2.9690721649484537  
3 197.37642943338818 0.9278350515463918 1.6288659793814433 1.4639175257731958 1.2164948453608246 1.092783505154639 0.9896907216494846 1.5051546391752577 1.0103092783505154 1.0309278350515463 2.0 1.1134020618556701 1.6494845360824741 1.3402061855670102 1.0309278350515463 1.690721649484536 1.175257731958763 1.5876288659793814 0.865979381443299 1.422680412371134 1.5051546391752577 2.0 1.6082474226804124 0.9484536082474226 0.9690721649484536 1.8762886597938144 1.8144329896907216 1.8969072164948453 1.8969072164948453 1.8762886597938144 1.9793814432989691  
16 141.33816107650574 0.9278350515463918 1.6288659793814433 1.4639175257731958 1.2164948453608246 1.092783505154639 0.9896907216494846 1.5051546391752577 1.0103092783505154 1.0309278350515463 2.0 1.1134020618556701 1.6494845360824741 1.3402061855670102 1.0309278350515463 1.690721649484536 1.175257731958763 1.5876288659793814 0.865979381443299 1.422680412371134 1.5051546391752577 2.0 1.6082474226804124 0.9484536082474226 0.9690721649484536 1.8762886597938144 1.8144329896907216 1.8969072164948453 1.8969072164948453 1.8762886597938144 1.9793814432989691  
2 122.90255656476715 0.9278350515463918 1.6288659793814433 1.4639175257731958 1.2164948453608246 1.092783505154639 0.9896907216494846 1.5051546391752577 1.0103092783505154 1.0309278350515463 2.0 1.1134020618556701 1.6494845360824741 1.3402061855670102 1.0309278350515463 1.690721649484536 1.175257731958763 1.5876288659793814 0.865979381443299 1.422680412371134 1.5051546391752577 2.0 1.6082474226804124 0.9484536082474226 0.9690721649484536 1.8762886597938144 1.8144329896907216 1.8969072164948453 1.8969072164948453 1.8762886597938144 1.9793814432989691  
50 33.652656238336164 0.9278350515463918 1.6288659793814433 1.4639175257731958 1.2164948453608246 1.092783505154639 0.9896907216494846 1.5051546391752577 1.0103092783505154 1.0309278350515463 2.0 1.1134020618556701 1.6494845360824741 1.3402061855670102 1.0309278350515463 1.690721649484536 1.175257731958763 1.5876288659793814 0.865979381443299 1.422680412371134 1.5051546391752577 2.0 1.6082474226804124 0.9484536082474226 0.9690721649484536 1.8762886597938144 1.8144329896907216 1.8969072164948453 1.8969072164948453 1.8762886597938144 1.9793814432989691  
70 126.6014904549542 0.9278350515463918 1.6288659793814433 1.4639175257731958 1.2164948453608246 1.092783505154639 0.9896907216494846 1.5051546391752577 1.0103092783505154 1.0309278350515463 2.0 1.1134020618556701 1.6494845360824741 1.3402061855670102 1.0309278350515463 1.690721649484536 1.175257731958763 1.5876288659793814 0.865979381443299 1.422680412371134 1.5051546391752577 2.0 1.6082474226804124 0.9484536082474226 0.9690721649484536 1.8762886597938144 1.8144329896907216 1.8969072164948453 1.8969072164948453 1.8762886597938144 1.9793814432989691  
25 89.83186751718245 0.9278350515463918 1.6288659793814433 1.4639175257731958 1.2164948453608246 1.092783505154639 0.9896907216494846 1.5051546391752577 1.0103092783505154 1.0309278350515463 2.0 1.1134020618556701 1.6494845360824741 1.3402061855670102 1.0309278350515463 1.690721649484536 1.175257731958763 1.5876288659793814 0.865979381443299 1.422680412371134 1.5051546391752577 2.0 1.6082474226804124 0.9484536082474226 0.9690721649484536 1.8762886597938144 1.8144329896907216 1.8969072164948453 1.8969072164948453 1.8762886597938144 1.9793814432989691  
10 297.301896327208 0.9278350515463918 1.6288659793814433 1.4639175257731958 1.2164948453608246 1.092783505154639 0.9896907216494846 1.5051546391752577 1.0103092783505154 1.0309278350515463 2.0 1.1134020618556701 1.6494845360824741 1.3402061855670102 1.0309278350515463 1.690721649484536 1.175257731958763 1.5876288659793814 0.865979381443299 1.422680412371134 1.5051546391752577 2.0 1.6082474226804124 0.9484536082474226 0.9690721649484536 1.8762886597938144 1.8144329896907216 1.8969072164948453 1.8969072164948453 1.8762886597938144 1.9793814432989691  
48 106.81437458086062 0.9278350515463918 1.6288659793814433 1.4639175257731958 1.2164948453608246 1.092783505154639 0.9896907216494846 1.5051546391752577 1.0103092783505154 1.0309278350515463 2.0 1.1134020618556701 1.6494845360824741 1.3402061855670102 1.0309278350515463 1.690721649484536 1.175257731958763 1.5876288659793814 0.865979381443299 1.422680412371134 1.5051546391752577 2.0 1.6082474226804124 0.9484536082474226 0.9690721649484536 1.8762886597938144 1.8144329896907216 1.8969072164948453 1.8969072164948453 1.8762886597938144 1.9793814432989691  
71 5.58168951281101 0.9278350515463918 1.6288659793814433 1.4639175257731958 1.2164948453608246 1.092783505154639 0.9896907216494846 1.5051546391752577 1.0103092783505154 1.0309278350515463 2.0 1.1134020618556701 1.6494845360824741 1.3402061855670102 1.0309278350515463 1.690721649484536 1.175257731958763 1.5876288659793814 0.865979381443299 1.422680412371134 1.5051546391752577 2.0 1.6082474226804124 0.9484536082474226 0.9690721649484536 1.8762886597938144 1.8144329896907216 1.8969072164948453 1.8969072164948453 1.8762886597938144 1.9793814432989691  
15 227.49662806897697 1.3917525773195876 2.443298969072165 2.195876288659794 1.824742268041237 1.6391752577319587 1.4845360824742269 2.2577319587628866 1.5154639175257731 1.5463917525773196 3.0 1.6701030927835052 2.4742268041237114 2.0103092783505154 1.5463917525773196 2.536082474226804 1.7628865979381443 2.381443298969072 1.2989690721649485 2.134020618556701 2.2577319587628866 3.0 2.4123711340206184 1.422680412371134 1.4536082474226804 2.814432989690722 2.7216494845360826 2.845360824742268 2.845360824742268 2.814432989690722 2.9690721649484537  
36 653.0 1.3917525773195876 2.443298969072165 2.195876288659794 1.824742268041237 1.6391752577319587 1.4845360824742269 2.2577319587628866 1.5154639175257731 1.5463917525773196 3.0 1.6701030927835052 2.4742268041237114 2.0103092783505154 1.5463917525773196 2.536082474226804 1.7628865979381443 2.381443298969072 1.2989690721649485 2.134020618556701 2.2577319587628866 3.0 2.4123711340206184 1.422680412371134 1.4536082474226804 2.814432989690722 2.7216494845360826 2.845360824742268 2.845360824742268 2.814432989690722 2.9690721649484537  
69 51.86185375586926 1.3917525773195876 2.443298969072165 2.195876288659794 1.824742268041237 1.6391752577319587 1.4845360824742269 2.2577319587628866 1.5154639175257731 1.5463917525773196 3.0 1.6701030927835052 2.4742268041237114 2.0103092783505154 1.5463917525773196 2.536082474226804 1.7628865979381443 2.381443298969072 1.2989690721649485 2.134020618556701 2.2577319587628866 3.0 2.4123711340206184 1.422680412371134 1.4536082474226804 2.814432989690722 2.7216494845360826 2.845360824742268 2.845360824742268 2.814432989690722 2.9690721649484537  
9 79.40796828309706 1.3917525773195876 2.443298969072165 2.195876288659794 1.824742268041237 1.6391752577319587 1.4845360824742269 2.2577319587628866 1.5154639175257731 1.5463917525773196 3.0 1.6701030927835052 2.4742268041237114 2.0103092783505154 1.5463917525773196 2.536082474226804 1.7628865979381443 2.381443298969072 1.2989690721649485 2.134020618556701 2.2577319587628866 3.0 2.4123711340206184 1.422680412371134 1.4536082474226804 2.814432989690722 2.7216494845360826 2.845360824742268 2.845360824742268 2.814432989690722 2.9690721649484537  
