200 50
NETWORK_TREE :
167 0 8
188 0 2
160 188 2
61 167 2
149 160 2
190 188 1
150 188 6
194 149 9
157 167 1
21 160 6
193 167 3
75 61 2
146 61 2
23 193 7
12 194 10
101 0 4
7 150 2
37 149 6
59 12 10
2 149 2
169 101 10
27 21 1
53 2 8
106 21 10
62 61 8
30 194 9
85 0 8
156 21 9
91 30 3
96 85 1
44 0 2
155 75 5
124 160 7
5 157 1
173 146 10
126 27 2
41 157 2
77 149 2
117 61 8
114 44 5
13 7 1
139 167 9
46 188 9
116 77 2
48 155 8
4 139 8
56 5 7
158 0 2
93 169 9
49 96 7
166 158 7
52 146 7
105 46 2
29 188 1
45 188 3
3 139 5
121 150 9
1 93 7
168 96 2
102 59 1
174 2 2
133 155 10
172 194 10
68 2 5
36 158 10
153 12 10
99 45 10
40 139 2
152 77 3
189 23 2
20 23 3
177 36 5
95 29 9
65 4 1
71 155 6
154 149 6
125 20 9
66 99 4
39 37 10
76 66 3
140 52 8
15 65 9
187 194 9
178 116 6
84 52 2
199 167 8
183 4 1
28 76 7
50 71 6
34 41 1
86 49 1
19 7 8
57 125 3
100 193 7
191 174 8
83 174 2
115 193 5
192 133 7
55 48 8
195 44 1
78 13 9
63 183 9
42 66 9
31 105 3
197 93 3
8 192 3
110 183 8
98 172 1
74 169 8
16 106 1
184 189 3
51 157 4
69 149 8
128 146 5
145 19 2
134 30 5
179 100 5
147 76 8
111 149 9
92 199 5
97 177 6
163 116 9
73 128 6
118 15 10
90 194 7
185 153 1
109 185 8
26 140 3
141 51 1
35 51 1
148 21 6
81 174 10
181 45 8
176 29 9
108 62 5
103 177 9
151 111 10
159 155 8
119 15 2
170 124 2
38 7 8
164 51 10
33 172 5
54 44 5
104 38 3
25 2 6
196 153 6
67 173 7
162 65 4
9 155 6
120 146 4
89 106 8
198 21 8
137 156 4
47 164 3
80 140 4
143 179 3
17 38 10
112 148 10
180 187 2
22 9 2
107 8 10
10 95 7
6 52 10
186 33 9
122 3 5
136 7 7
132 162 9
113 78 1
129 33 9
58 121 3
182 39 9
138 196 4
175 9 3
60 7 7
171 34 7
142 98 8
43 178 7
64 156 8
18 64 5
24 182 6
32 99 6
161 98 5
87 148 2
14 187 10
79 2 5
123 16 8
88 104 9
72 151 8
94 173 6
130 53 1
131 13 4
82 88 7
127 151 2
135 188 3
144 41 5
70 125 7
165 168 1
11 117 5
NODE_PROGRAM :
0 1 2 3 4 5 6 7 8 9 10 11 12 13 14 15 16 17 18 19 20 21 22 23 24 25 26 27 28 29 30 31 32 33 34 35 36 37 38 39 40 41 42 43 44 45 46 47 48 49 50
1 1 2 3 4 5 7 8 9 10 11 12 13 14 16 17 18 19 20 21 22 23 25 26 28 29 30 31 32 33 34 35 36 37 38 39 40 41 42 43 44 45 46 47 48 49 50
2 2 3 4 7 8 9 10 11 12 13 14 15 16 17 18 19 20 21 22 24 25 26 27 28 29 31 32 33 34 35 36 37 39 41 43 44 45 46 47 49 50
3 3 5 6 8 10 12 13 14 15 16 17 18 19 20 21 24 25 26 27 28 29 30 31 32 33 35 36 39 40 41 43 44 45 46 48 49 50
4 2 6 8 9 10 14 15 17 18 19 20 21 22 23 24 25 26 28 29 36 37 38 40 41 42 43 45 46 47 48 49
5 3 5 6 7 9 10 12 14 15 16 18 20 21 25 26 27 29 31 32 33 34 36 38 39 41 43 45 46 47 48 49 50
6 4 5 8 10 11 12 13 14 15 17 18 19 20 21 22 24 25 26 29 30 31 33 34 37 42 43 45 47 48 50
7 3 4 6 8 9 13 15 16 17 18 20 23 24 26 28 30 31 34 35 36 38 39 41 42 43 44 47 48 50
8 2 3 35 4 5 37 38 7 39 8 10 13 46 15 49 50 18 19 20 21 23 27 29
9 1 2 3 4 5 6 7 8 9 10 11 12 13 14 15 16 17 18 23 24 25 28 30 31 32 33 34 36 38 39 40 41 42 43 45 46 47 48 50
10 1 2 3 4 5 6 7 8 9 10 11 12 13 14 16 17 18 19 20 21 22 23 24 25 26 27 28 29 30 31 32 33 34 35 36 37 38 39 40 41 42 43 44 45 46 47 49 50
11 1 3 4 5 8 10 12 16 17 19 20 21 23 24 26 27 28 29 31 32 33 36 39 42 44 46 47 49 50
12 1 4 5 8 16 17 18 19 20 22 24 25 26 28 33 35 36 37 38 41 42 43 44 46 47 49 50
13 1 2 3 8 9 10 11 13 14 15 16 17 18 19 20 21 23 24 25 26 27 28 30 31 34 36 37 38 39 41 42 43 44 46 47 49
14 1 14
15 49 34 50 20 7 9 26 43 44 31
16 1 2 3 5 6 7 8 9 10 11 12 13 14 17 18 19 21 22 23 24 25 26 27 28 31 32 33 34 35 36 37 38 39 41 42 43 45 47 49
17 48 19 6 44
18 1 4 7 8 9 11 12 13 14 15 16 17 18 20 21 22 25 27 28 29 30 31 32 34 35 36 39 40 41 42 44 45 48 49 50
19 1 2 3 4 5 7 8 10 11 14 17 18 23 24 25 27 28 32 33 34 35 36 39 40 41 42 43 44 48 49 50
20 16 10
21 18 30 15
22 33 1 34 3 36 37 39 8 9 42 44 12 13 45 14 46 49 19 22 24 25 28 30
23 1 2 3 5 6 9 10 11 12 13 14 18 19 20 21 22 24 25 26 28 29 31 32 35 36 37 38 40 43 44 45 46 49 50
24 1 3 5 7 9 11 13 16 17 18 21 22 23 24 25 28 31 33 35 37 38 39 41 43 44 45 49
25 16 10 14
26 1 2 3 4 5 6 7 8 9 10 11 12 13 14 16 17 18 19 20 21 22 23 25 26 27 29 30 31 32 33 35 36 37 38 39 40 41 42 43 44 45 46 48 49 50
27 34 3 37 5 38 9 42 44 13 14 15 48 50 20 23 24 25 26 27
28 1 2 3 4 5 6 8 9 10 11 12 13 14 15 16 17 18 19 20 21 22 24 25 26 27 28 30 31 33 35 36 37 39 40 42 43 44 45 46 48 49 50
29 49 2
30 32 33 35 36 6 38 9 46 15 49 50 19 20 21 24 26 29 30
31 34 3 6 40 42 11 45 46 14 16 17 49 18 21 24 29 30
32 1 2 3 4 5 6 7 8 9 10 11 12 13 14 15 16 17 18 19 20 21 22 23 24 25 26 27 28 29 30 31 32 33 34 35 36 37 38 39 40 41 42 43 44 45 47 49 50
33 1 2 4 5 6 8 9 10 11 13 14 15 16 17 18 19 20 21 22 23 24 25 26 27 28 29 31 32 33 34 35 37 38 39 40 41 42 43 44 45 46 47 48 49 50
34 2 3 5 6 8 10 11 12 14 15 18 21 22 24 25 27 28 30 31 32 34 35 38 39 40 42 46 47 48 49
36 3 4 6 7 8 10 13 14 16 18 22 23 27 28 31 32 33 34 38 39 41 42 43 45 48 49
37 1 2 4 5 7 8 9 11 13 15 16 17 18 19 20 21 22 23 24 25 26 29 31 32 35 36 37 44 46 47 49 50
38 1 2 3 6 7 8 9 10 11 12 15 17 20 22 26 27 30 31 32 34 35 36 39 40 43 45 47 50
39 33 36 37 5 8 9 41 11 13 14 16 19 20 22 24 25 29
40 1 2 3 4 5 6 8 9 10 11 13 14 16 17 20 21 22 23 24 25 26 27 28 29 30 31 32 33 34 35 36 39 40 41 42 43 44 45 46 47 49 50
41 1 2 5 6 7 8 11 12 13 14 17 18 19 20 21 22 23 24 25 26 28 29 30 31 34 35 36 37 38 40 41 43 45 47 49 50
42 32 34 3 5 7 40 43 45 47 50 18 21 22 23 25 26
43 2 3 5 6 7 8 10 11 12 13 15 16 17 20 21 22 25 26 27 28 29 30 31 32 33 34 35 36 38 40 41 42 43 44 45 47 48 49 50
44 32 1 3 35 37 6 8 9 41 43 45 13 46 47 16 48 21 22 23 29 31
45 3 4 5 6 9 10 11 12 13 14 16 17 21 22 23 24 25 26 27 28 29 31 32 33 34 35 36 37 38 39 40 42 43 44 45 46 47 49 50
46 1 2 3 5 6 7 8 9 10 11 12 13 14 15 16 17 18 19 20 21 22 23 24 25 26 27 28 29 30 31 32 33 34 35 36 37 38 39 40 41 42 43 44 45 46 47 48 49 50
47 1 2 36 5 7 39 40 41 42 43 46 15 16 48 49 18 20 23 28 29
48 33 34 2 5 38 7 39 11 12 44 20 21 23
49 4 37 13
50 1 3 4 5 6 7 8 9 10 11 12 13 16 17 21 22 23 25 26 28 29 30 31 32 33 34 36 37 39 40 43 44 45 46 50
51 1 34 3 39 40 41 42 10 46 14 48 19 20 22 23 28
52 4 5 6 7 8 9 11 12 14 15 16 17 18 20 21 22 23 24 25 26 28 29 30 31 32 35 37 38 39 40 41 42 44 46 48 49 50
53 32 2 35 36 4 38 39 40 10 42 43 44 12 13 45 14 22 24 27 30
55 32 1 34 35 4 36 5 39 8 40 9 42 12 47 15 16 50 19 23 24 25 26
56 26
57 1 2 3 4 5 6 7 8 9 10 11 12 13 14 15 16 17 18 20 21 22 23 24 26 27 28 29 30 31 32 33 34 35 36 37 38 39 41 42 43 44 45 46 47 48 49 50
58 2 4 5 6 7 8 9 10 11 12 13 14 15 16 17 19 20 21 23 24 26 27 28 29 30 31 32 36 37 40 41 43 44 46 47 49
59 33 36 37 5 6 7 40 10 11 44 15 16 20 23 27 31
60 2 4 5 7 8 9 11 14 17 18 19 21 24 25 27 28 29 31 33 34 35 39 45 46 48
61 1 2 3 4 5 6 7 8 9 11 12 13 15 16 18 19 20 21 22 23 24 25 26 27 28 29 30 31 32 33 34 35 36 37 38 39 40 41 42 43 44 45 46 47 48 49 50
62 1 2 3 4 5 7 11 12 14 15 16 18 19 20 24 25 27 28 29 32 33 36 39 43 50
63 3 7 44 45
64 33 34 35 36 5 8 41 9 42 11 43 12 15 16 48 49 50 24 25 27 29 31
65 32 33 1 4 5 38 6 39 7 10 13 45 46 16 48 17 50 19 20 21 22
66 1 2 3 4 5 6 7 8 9 10 11 12 13 14 15 16 17 18 19 20 21 22 23 24 25 26 27 28 30 31 32 33 34 35 36 37 38 39 40 41 42 44 45 46 47 48 49 50
67 1 2 4 5 7 8 9 11 12 13 14 16 17 21 22 23 24 26 27 28 31 32 35 36 37 38 43 44 46 47 50
68 1 2 3 4 5 6 7 8 9 10 11 12 13 14 16 17 18 19 20 21 22 23 24 25 26 27 28 29 30 32 33 35 36 37 38 39 40 41 42 43 45 47 48 49
69 1 2 3 5 6 8 10 12 14 15 16 17 18 20 21 25 26 28 29 30 31 32 33 34 35 36 37 38 41 42 47 48
70 1 2 3 4 5 6 7 8 9 10 11 12 13 14 15 16 17 18 19 20 21 22 23 24 25 26 27 28 29 30 31 32 33 34 35 36 37 39 40 41 42 43 44 45 46 47 48 49 50
71 1 2 3 4 5 6 8 9 11 12 13 14 17 18 19 20 21 22 26 27 28 29 30 32 33 34 36 37 39 40 43 45 46 47 48 49 50
72 1 34 2 35 4 5 38 7 10 44 13 47 48 17 49 20 21 22 23 24 26 27 29
73 35 37 6 8 41 13 46 14 15 49 24 29 30
74 1 2 34 36 6 38 39 7 44 47 17 50 18 19 23 24 25 26 27 30
76 34 35 38 10 46
77 33 1 34 35 3 4 36 7 42 10 11 44 17 49 50 19 21 23 24 26 30
78 1 2 3 4 5 6 7 8 9 10 11 12 13 14 15 16 17 18 19 20 21 22 23 24 26 27 28 29 30 31 33 34 35 36 38 39 40 42 43 44 46 47 49 50
79 2 4 37 6 39 7 8 41 42 43 12 13 49 19 20
80 2 3 4 6 7 8 9 10 11 12 13 15 16 17 19 20 22 23 24 25 26 27 28 29 30 31 32 33 34 35 37 39 40 42 43 45 46 47 48 49 50
81 1 5 38 39 9 43 11 12 44 45 13 14 49 18 21 25 27 28 30
82 1 3 5 6 7 8 11 13 16 18 19 20 23 25 27 28 29 33 34 35 36 38 40 42 43 44 46 49 50
83 34 3 5 23 40 26 30 46 47
84 33 17 4 23 27 28 30 46 47
85 32 33 35 36 37 39 40 41 9 42 10 13 45 18 21 23 25 26 28 29 30
86 1 2 3 5 6 7 8 9 10 11 12 14 15 16 17 18 19 20 21 22 23 24 26 27 28 29 30 31 32 33 34 35 36 39 40 41 42 43 45 46 47 48 49 50
87 2 4 7 8 9 11 12 14 15 19 20 21 22 24 25 27 29 30 31 32 33 34 36 37 40 41 42 44 45 46 47 49 50
88 48 17 50 2 3 7 44
89 1 2 3 4 5 6 7 8 9 10 11 12 13 14 15 16 17 18 19 20 21 22 23 24 25 27 28 29 30 31 33 34 36 37 38 39 40 41 43 44 45 48 49 50
90 1 2 4 5 6 8 10 11 12 13 20 22 25 26 27 31 33 34 35 38 40 41 43 45 50
91 1 3 4 5 7 8 10 11 12 13 14 15 16 17 18 19 20 21 22 23 24 25 26 27 29 31 32 33 35 36 37 39 40 41 42 43 44 46 47 48 49
92 34 38 6 39 9 45 13 15 16 17 49 50 19 24 25 28
93 1 2 3 4 5 6 8 9 11 12 15 16 17 18 19 21 22 27 28 29 31 33 36 39 41 42 44 46 48 49
94 2 3 4 5 6 7 8 9 10 11 13 14 15 16 17 20 21 22 23 24 25 26 28 31 32 34 36 40 41 42 43 44 45 46 47 48 49 50
95 2 20 21 7 40 24 26 12 44 30 31
96 1 2 3 5 6 7 8 9 10 11 12 13 15 16 19 20 22 23 24 25 26 27 28 30 32 33 35 36 37 38 40 41 42 43 44 45 47 48 49 50
97 1 2 3 5 6 7 8 9 10 11 12 13 14 15 16 17 18 19 20 21 22 24 25 26 27 28 29 30 31 32 33 34 35 36 37 38 39 40 41 42 43 44 45 46 47 48 49 50
98 1 2 3 5 6 7 8 9 11 12 13 16 17 20 21 23 24 25 26 28 29 30 31 33 34 35 38 39 42 45 46 47 49
99 1 2 4 10 11 12 17 19 20 21 22 26 27 28 31 32 33 34 35 36 37 39 40 42 44 46 47 48 49 50
100 4 6 7 8 10 13 15 16 21 23 24 26 27 28 29 30 31 32 35 36 38 41 42 44 45 46 47 48 49
101 2 3 4 5 6 10 11 12 13 15 16 17 18 20 21 22 23 24 25 27 28 29 31 32 36 37 38 40 41 42 45 47 49 50
102 1 2 3 5 6 7 8 9 10 11 13 14 15 16 17 18 19 20 21 22 23 24 25 26 27 28 29 30 31 32 33 34 35 36 37 38 40 42 43 44 45 46 47 48 49 50
103 1 3 36 40 41 43 14 49 17 23 26 27 29
104 16 32 37 21 6 23 25 42 26 11 45
105 1 3 4 5 7 8 9 10 11 12 13 14 15 16 17 18 19 20 21 22 23 25 26 27 28 29 30 31 32 34 36 37 38 39 40 41 42 43 44 45 46 47 48 49 50
106 32 33 2 36 38 6 39 7 8 40 9 43 14 47 16 49 50 19 22 23 26
107 49 6 9 25 42 44 31
108 36 37 5 6 9 10 43 12 45 48 19 20 26 28 29
109 34 2 3 36 4 5 6 7 40 9 42 11 12 46 14 15 48 17 18 25
110 32 48 2 50 35 10 13 15
111 1 2 3 4 6 7 8 9 10 11 13 14 15 16 17 18 19 20 21 22 23 25 26 27 29 31 32 33 34 35 36 37 38 39 41 43 44 45 46 47 48 49 50
112 33 35 37 38 40 8 9 41 42 10 43 46 49 17 18 50 19 20 21 22 24 25 28 30
113 1 4 6 25 9 44 12 15
114 16 2 37 39 45
115 1 2 3 5 6 7 8 9 15 16 17 18 19 22 23 24 28 29 30 31 32 34 35 37 38 39 40 42 43 44 46 50
116 1 2 35 3 36 6 39 8 9 43 16 50 30
117 1 4 5 9 12 13 16 21 23 25 26 27 28 30 32 35 37 38 39 41 42 45 46 48 49 50
118 32 1 2 3 37 5 38 6 7 39 40 8 41 10 12 45 13 46 16 48 18 19 27 31
119 2 3 4 5 6 7 8 9 10 11 12 13 14 15 16 17 18 19 20 21 22 23 24 25 26 27 28 29 30 31 32 33 34 35 36 37 38 39 40 41 42 43 44 45 46 47 48 49 50
120 3 4 6 10 11 12 13 14 15 17 18 20 21 23 25 26 29 30 35 36 38 40 41 43 44 46
121 2 3 4 5 6 7 8 9 10 11 13 15 16 17 18 19 23 24 25 26 27 28 29 31 32 33 34 35 36 37 38 39 40 41 42 43 44 45 46 47 48 49 50
122 16 49 19 22 23 8 10
123 4 7 8 9 11 14 15 16 17 18 19 22 23 24 25 26 29 30 31 32 33 34 35 36 37 38 40 41 43 44 45 47 50
124 1 2 3 5 6 7 8 9 10 11 12 13 14 15 16 17 18 19 20 21 22 23 24 25 26 27 28 29 31 32 33 34 35 36 37 38 39 40 41 42 43 44 45 46 47 48 49 50
125 1 2 3 4 5 8 9 10 12 13 14 15 16 18 21 22 24 25 26 27 29 30 31 32 34 35 36 37 38 39 40 41 42 43 44 47 48 49 50
126 32 33 35 4 39 40 9 10 43 11 44 14 46 47 48 16 50 21 22 27 28 30
127 1 3 4 5 6 7 8 9 10 12 14 15 16 17 18 19 20 21 22 23 24 26 27 28 29 31 32 33 35 36 37 38 39 42 43 44 45 46 47 48 49 50
128 1 2 3 4 5 7 8 9 11 13 15 16 17 19 22 23 25 27 28 30 32 34 36 37 40 41 44 45 46 47 48 49 50
129 16 2 50 41 25
130 1 2 3 6 7 8 11 12 13 15 16 17 18 22 25 26 27 34 35 37 42 43 44 45 46 48 50
131 1 2 3 4 5 6 9 10 11 12 14 15 16 17 18 19 20 21 22 23 24 26 27 28 30 31 32 33 35 36 37 38 39 40 41 42 43 44 45 46 47 48 49 50
132 1 3 5 6 7 9 11 12 13 14 17 18 20 21 22 23 24 25 26 27 28 29 30 31 33 34 35 36 37 38 41 42 43 45 46 48 50
133 1 2 3 4 5 6 7 8 9 10 11 12 13 14 15 16 17 18 19 20 22 23 24 25 26 27 28 29 30 31 32 33 35 36 38 40 41 42 43 44 45 46 47 48 50
134 33 34 2 35 6 38 41 42 13 15 16 21 23 25 26 29 31
135 1 2 3 4 5 8 9 10 11 12 13 16 17 18 19 20 21 22 26 27 28 29 30 31 32 33 36 37 39 40 41 42 43 44 46 47 48 49 50
136 2 3 4 6 7 9 10 13 14 15 16 18 22 24 25 27 29 30 31 32 35 36 39 40 42 44 46 49
138 41 28
139 33 35 3 36 37 6 8 40 9 42 12 14 46 47 17 21 23 24
140 32 33 34 3 36 4 7 39 8 40 9 42 10 11 43 44 45 19 20 21 25 28 31
141 1 2 3 4 5 6 7 8 10 11 12 13 14 15 17 18 19 20 21 22 23 24 25 26 27 28 29 30 31 32 33 34 35 36 37 39 40 42 43 44 45 46 47 48 49
142 1 2 3 4 6 7 9 10 11 12 14 15 16 17 18 20 21 22 23 24 25 26 27 28 29 31 32 34 35 36 37 38 39 40 42 44 45 46 47 48 49 50
143 1 20 39 9 42 28 44 45 13 14
144 2 4 7 9 11 16 17 18 19 20 21 22 23 24 25 27 29 32 34 35 37 38 39 41 43 44 47 49
145 1 2 3 4 5 6 7 8 9 10 11 13 14 15 16 18 20 21 23 25 26 27 28 29 30 31 32 33 34 35 36 38 40 41 42 43 45 46 47 49 50
146 1 4 5 7 11 14 15 16 18 19 20 21 23 24 25 27 28 29 30 31 33 35 36 37 38 40 41 42 43 44 45 46 47 48 49 50
147 1 2 5 6 7 8 9 10 11 12 13 14 15 16 18 19 20 21 22 24 25 26 29 30 31 32 33 35 36 37 39 40 41 42 43 45 46 47 48
148 1 2 3 4 5 6 7 8 9 10 11 12 13 14 15 16 17 18 19 20 21 22 23 24 25 26 27 28 29 30 31 32 33 34 36 37 38 39 40 41 43 45 46 47 48 49 50
149 32 50 35 20 40 25 26 42 43 29 31
150 2 3 4 5 6 7 8 11 12 13 15 16 17 18 19 20 21 22 23 24 25 26 27 28 29 30 31 32 33 34 35 36 37 38 39 40 41 42 43 44 45 46 47 48 50
151 1 2 3 4 5 7 8 9 10 11 12 13 14 15 16 17 18 20 21 22 23 24 25 26 28 29 30 31 32 33 34 35 36 37 38 39 40 41 42 43 45 46 47 48 49 50
152 1 2 3 4 5 7 9 11 13 14 15 16 17 19 20 23 25 26 27 28 29 30 31 33 34 37 39 41 42 43 44 45 46 48 49
153 32 33 34 36 5 38 40 42 10 44 13 14 15 16 48 50 21 24 25 28 30
154 32 2 35 4 7 11 44 12 45 14 46 15 47 17 18 20 21 24 28 29 31
155 1 3 11 14 15 21 22 23 24 25 27 28 29 32 34 35 38 39 41 43 44 45 46 48 50
156 1 2 4 8 10 11 12 15 17 22 23 24 26 27 29 30 31 33 35 37 38 39 40 41 42 46 47 50
157 3 36 11 45 13
158 1 2 3 4 6 7 8 9 10 11 13 14 15 16 17 18 19 20 21 22 23 24 25 26 27 28 30 31 32 33 34 35 36 37 38 39 40 41 42 44 45 46 47 48 49 50
159 32 33 2 35 3 36 38 39 40 9 43 12 45 47 16 20 23 24 28
160 2 3 4 5 8 9 10 11 14 15 16 20 24 26 27 29 30 32 33 34 35 37 40 41 43 45 46 48 49
161 1 2 3 6 7 8 9 10 11 12 13 15 16 17 18 19 20 21 22 23 24 25 26 27 28 29 30 31 32 33 34 35 36 37 39 40 41 42 43 44 45 47 48 49 50
162 1
163 2 34 36 4 38 42 43 44 48 49 26 27 31
164 2 35 36 5 41 42 11 46 15 49 18 19 24 25 26 30 31
165 17 19 39 44 45
166 3 4 7 11 14 16 17 18 19 20 26 27 28 30 31 32 33 34 35 36 37 40 41 44 45 46 47 48
167 1 3 5 6 7 8 9 11 15 16 18 19 22 24 25 29 31 32 33 35 37 38 40 43 44 45 46 47 48 49 50
168 1 34 36 4 5 7 8 9 10 43 45 13 47 48 16 17 20 30
169 40 8 42 10 12 45 47 31
170 34 3 37 6 8 9 41 12 44 45 14 47 48 49 18 50 19
171 1 3 4 7 8 9 10 12 15 16 17 18 20 21 23 24 25 26 27 28 29 31 32 35 36 38 39 40 41 42 43 44 45 46 49 50
172 2 3 5 6 7 8 11 12 13 14 15 17 18 19 20 21 22 24 25 26 27 28 29 30 31 32 33 34 35 38 40 41 42 43 44 45 46 47 48 49 50
173 1 2 3 4 5 6 7 8 9 13 14 15 16 17 18 19 20 21 22 23 24 25 26 27 28 29 30 31 32 33 35 36 37 38 42 43 44 45 46 47 49 50
174 32 33 2 6 42 44 45 15 47 17 50 20 23 24 26 27 30 31
175 1 34 2 35 37 42 10 44 46 14 16 18 21 25 27 28 31
176 1 2 3 4 5 7 8 9 10 12 13 14 15 16 17 18 19 20 21 22 23 24 25 27 28 29 30 31 33 34 35 36 37 38 39 40 41 42 43 44 45 46 47 48 49 50
177 1 2 3 4 5 6 7 8 9 10 11 12 13 15 16 17 18 21 22 23 24 25 26 27 28 29 30 31 32 33 34 35 36 37 38 39 40 41 42 43 45 46 48 49 50
178 32 49 5 37 23 41 43 12 30
179 1 3 4 5 6 8 11 12 17 18 20 23 27 29 30 31 34 36 37 38 41 43 44 45 47 49 50
180 16 3 20 11 14
181 18 34 35 37 39 7 8 43 44 29 47 31
182 1 34 2 4 41 42 13 14 46 47 48 50 18 20 22 26 29
183 32 33 2 34 35 5 6 38 8 10 43 45 13 15 50 19 24 26
184 17 23 39 44 47
185 1 3 5 8 12 13 14 15 17 18 22 24 25 27 29 30 31 33 34 36 37 38 39 40 44 45 48 50
186 32 1 37 5 7 41 9 43 11 16 49 26 27 30
187 1 2 3 4 5 6 7 8 9 10 11 12 13 14 15 16 17 18 19 20 21 22 23 24 25 26 27 28 29 30 32 33 34 35 36 37 38 39 40 41 42 43 44 45 46 47 48 49 50
188 2 3 6 7 8 9 10 11 12 13 14 15 17 18 19 20 22 23 24 25 26 27 28 29 32 33 34 36 37 38 39 40 42 47 48 50
189 32 1 2 3 35 36 37 6 39 10 43 44 12 46 14 48 18 20 21 28 29
190 35 4 36 37 6 8 40 9 10 43 13 14 15 47 16 49 50 19 20 26
191 1 2 3 4 5 6 7 8 9 10 15 17 18 19 21 22 23 24 26 27 28 31 32 33 34 35 36 37 39 41 42 43 44 45 47 49 50
192 48 16 2 39 7 8 24 41 45 47
193 2 4 7 9 10 11 14 15 16 18 20 21 22 23 24 25 26 27 28 29 30 32 33 35 42 43 45 46 48 50
194 32 20 21 6 40
195 3 4 5 6 7 8 9 10 11 12 13 14 15 16 17 19 20 21 22 25 26 28 29 30 31 32 33 34 35 36 37 38 39 40 42 43 44 46 47 48 49 50
196 32 34 3 35 36 5 39 41 43 13 14 46 47 48 16 18 19 20 24 25 27 29 30
197 1 2 5 6 8 11 13 15 16 17 23 24 26 27 29 32 36 37 38 41 43 45 46 48 49 50
198 3 4 7 9 10 11 12 14 16 17 20 22 23 24 26 27 28 31 34 36 40 42 44 45 46 47 48 50
199 2 3 4 5 7 8 9 10 11 13 14 15 17 19 20 21 22 23 25 26 27 28 30 31 35 40 46 47 48 49 50
COST_INSTALL_SERVER_AND_PROGRAMS :
0 9 1 3 4 4 5 3 4 1 4 4 4 3 1 1 2 5 4 1 5 4 2 5 5 3 1 4 2 2 5 4 1 1 3 5 2 1 5 4 5 5 2 2 4 1 3 3 1 3 2 1
1 15 1 4 2 1 2 1 4 5 1 1 2 3 5 2 1 4 3 1 2 1 5 2 4 3 5 2 4 1 1 1 1 3 4 2 2 3 2 2 4 2 3 2 1 3 2 5 1 5 2 2
2 15 2 2 4 3 1 3 2 5 3 2 4 4 5 4 3 3 3 3 1 2 5 1 4 5 5 1 4 1 4 4 4 4 2 3 3 5 4 3 2 4 3 4 2 5 5 5 3 1 1 5
3 8 4 2 3 1 1 3 5 2 5 3 3 5 5 2 1 2 4 5 3 1 3 3 3 1 1 1 5 1 5 1 5 3 2 4 2 1 4 2 1 4 3 3 5 2 2 2 2 5 5 4
4 12 4 5 2 3 3 1 5 1 5 3 5 3 1 4 2 4 2 5 1 1 1 5 3 5 1 3 5 3 4 2 4 3 4 4 1 5 2 2 3 2 1 1 2 3 3 4 2 2 2 1
5 8 2 4 1 2 2 3 3 1 1 4 5 3 4 2 5 4 5 4 2 2 5 2 2 4 3 1 3 2 2 3 4 5 1 5 1 4 3 2 4 3 2 3 1 5 1 5 5 2 2 2
6 8 1 4 5 3 3 5 2 5 2 5 4 4 1 1 2 3 2 3 2 5 4 3 4 3 4 1 5 4 4 5 1 4 1 4 3 2 4 3 1 3 2 2 2 4 4 1 4 5 3 4
7 12 5 4 5 2 3 1 1 2 4 3 5 1 5 5 2 5 3 4 4 1 4 4 2 3 5 2 4 2 4 2 1 4 3 3 2 2 3 3 3 2 2 5 2 4 4 5 1 5 2 4
8 12 4 3 2 2 5 4 5 1 3 4 2 2 4 3 3 3 2 1 3 2 1 5 1 3 2 3 5 5 5 2 3 2 4 4 3 3 5 4 1 5 2 2 4 4 5 3 1 5 2 2
9 12 1 2 5 2 5 1 3 3 2 4 3 4 1 3 4 3 4 5 3 5 4 5 4 1 2 3 2 2 4 5 4 4 2 5 5 1 2 3 2 5 3 3 2 2 3 3 5 5 5 4
10 14 1 4 5 4 3 3 2 2 2 1 1 2 5 3 5 4 1 5 1 5 5 2 1 2 2 2 3 2 1 2 1 1 4 1 4 3 5 4 4 4 1 1 2 4 4 5 4 1 5 5
11 13 4 4 2 5 2 5 3 2 4 3 4 4 2 3 2 1 4 3 1 1 3 3 2 3 2 1 5 4 2 5 5 3 1 2 2 5 1 4 5 2 1 2 4 2 2 4 2 1 5 4
12 14 2 5 3 3 1 3 2 2 5 1 3 1 2 3 4 1 1 1 3 4 3 4 2 4 2 1 4 2 1 5 4 3 1 5 3 5 5 1 3 4 5 4 1 5 5 2 3 5 1 1
13 14 5 2 1 4 1 4 1 4 3 3 2 4 1 3 2 5 4 4 2 5 2 1 2 3 2 1 4 4 3 4 4 4 3 5 4 4 2 4 2 4 1 2 5 2 5 4 5 4 5 5
14 14 1 4 2 5 3 1 5 1 5 4 3 3 4 4 4 5 5 2 3 1 1 2 3 3 1 5 1 3 4 4 2 1 2 5 3 1 5 2 4 1 1 5 4 3 1 3 5 4 4 1
15 8 3 4 1 1 2 1 4 3 5 4 5 3 1 3 1 1 4 2 4 4 4 2 2 1 4 3 2 4 3 5 3 5 3 2 4 1 5 5 1 4 2 1 1 3 3 4 1 4 2 3
16 7 3 5 4 3 4 4 2 4 3 2 4 3 4 1 3 2 3 2 4 5 5 2 1 5 1 2 2 2 5 3 5 5 4 2 4 4 3 2 3 5 4 4 1 2 5 3 4 4 4 5
17 9 4 5 5 1 2 5 3 3 5 5 4 5 4 3 5 3 5 4 3 2 1 5 4 1 4 2 5 4 4 2 2 4 5 5 5 5 4 4 2 2 5 2 5 1 5 2 1 1 1 3
18 10 4 4 2 3 3 3 1 2 5 1 1 2 2 5 2 5 5 5 3 4 4 4 5 5 3 3 3 4 5 1 4 2 2 5 3 1 4 4 4 3 1 1 2 5 3 4 2 5 5 4
19 14 4 3 2 1 4 5 5 5 4 2 2 1 5 4 5 3 5 5 4 5 4 3 3 2 1 3 5 5 1 3 4 5 2 2 1 2 3 2 5 1 5 1 4 5 3 4 3 5 2 2
20 15 2 1 5 3 3 3 5 1 5 1 3 5 3 3 2 2 2 3 2 2 1 3 1 3 5 5 3 5 1 1 4 4 3 3 3 4 3 2 5 4 3 2 4 1 4 2 2 3 5 1
21 9 4 5 2 5 5 5 1 2 2 1 1 2 5 2 5 3 3 3 1 2 4 1 5 3 4 2 2 1 4 2 3 2 2 5 2 1 3 4 4 5 3 4 1 5 4 1 1 3 3 2
22 7 4 3 3 1 2 3 2 1 4 3 3 5 3 3 5 1 5 3 2 2 2 4 5 1 5 2 1 2 5 4 3 4 2 4 1 5 3 2 1 1 1 2 1 4 1 5 2 5 2 3
23 6 2 5 2 5 5 5 2 1 3 4 3 5 4 2 2 4 2 2 1 5 1 5 5 3 3 3 3 1 1 2 5 1 3 4 4 5 3 4 5 1 4 3 5 2 3 1 5 5 2 1
24 15 2 1 2 1 5 3 3 2 1 3 3 2 4 5 1 1 3 1 5 2 1 3 3 3 4 3 4 5 1 3 4 3 4 4 5 5 1 5 1 4 4 3 3 3 4 5 3 4 3 3
25 11 5 4 5 1 1 5 4 4 3 1 3 3 1 1 5 1 1 2 1 2 2 2 1 3 5 2 2 3 4 2 1 2 3 1 3 5 2 3 4 3 3 2 4 4 4 1 5 3 4 3
26 15 4 5 5 4 1 2 1 3 5 1 4 4 2 1 2 5 1 5 1 3 2 2 2 3 3 1 3 5 2 3 5 2 5 2 3 3 2 3 4 4 1 4 5 4 2 2 5 3 2 1
27 8 2 1 4 2 3 1 2 3 1 2 3 1 4 5 4 1 5 1 5 4 1 1 2 4 3 3 2 5 4 4 2 2 4 4 1 3 3 4 2 4 2 5 4 5 3 4 5 5 3 4
28 13 3 4 5 2 5 1 2 5 5 4 4 1 5 4 2 5 5 3 2 5 4 4 1 4 2 3 2 2 2 1 3 3 5 2 5 5 2 3 2 3 5 4 5 2 2 1 4 3 1 4
29 15 5 2 1 1 3 4 2 4 1 1 5 3 3 4 4 4 3 4 5 2 4 4 5 1 1 3 4 1 4 3 2 4 3 1 2 5 3 4 1 5 5 1 4 4 1 2 1 1 4 3
30 7 1 4 4 5 2 2 4 1 3 2 2 4 1 4 1 4 4 4 1 1 5 4 2 4 3 3 3 4 1 2 4 5 4 2 1 3 4 5 5 5 4 2 3 4 4 1 5 4 2 1
31 10 2 3 3 3 5 4 3 5 2 2 5 3 1 1 1 3 5 1 3 1 5 2 4 3 1 1 5 4 5 1 4 4 5 2 3 1 2 5 1 4 1 4 5 3 3 5 2 5 4 3
32 8 2 1 2 3 5 4 3 3 2 2 1 5 3 3 3 1 1 4 5 5 3 1 2 3 4 4 5 2 1 4 3 5 5 4 4 5 4 1 4 4 2 4 1 4 2 2 2 1 3 1
33 6 5 5 3 4 1 4 4 1 3 3 5 5 3 5 1 1 5 2 5 5 5 1 2 4 3 2 2 1 3 5 4 3 5 5 1 1 3 1 5 2 3 2 5 5 3 5 1 1 1 2
34 6 4 1 2 5 4 4 1 3 1 2 2 1 5 1 1 1 1 3 4 1 1 2 5 1 4 2 1 1 5 1 2 4 1 4 2 5 5 2 1 4 1 2 2 4 2 2 2 5 2 4
35 13 3 1 5 4 5 5 2 4 1 1 4 4 5 1 4 2 1 4 5 2 3 3 1 1 5 1 3 2 4 4 2 5 2 3 5 2 2 4 4 4 1 2 1 1 2 1 5 5 1 1
36 15 5 5 2 5 5 1 1 5 3 5 2 3 2 1 3 3 5 1 2 1 1 3 3 3 2 1 1 3 3 5 3 5 4 3 2 2 5 3 2 4 2 2 5 4 1 4 5 4 1 3
37 15 1 1 1 4 2 5 3 3 4 2 2 2 3 1 3 5 4 1 2 4 3 3 1 1 3 1 3 5 4 1 4 4 3 2 2 5 4 4 1 5 5 1 2 2 4 3 5 5 1 4
38 8 5 4 3 4 3 3 3 2 3 5 2 1 4 1 2 1 2 5 2 2 3 5 1 3 5 1 3 2 2 4 5 3 2 4 3 1 4 2 1 5 5 1 3 2 2 4 5 5 3 3
39 12 5 2 3 3 5 5 4 2 5 1 1 3 5 3 4 3 3 2 2 4 1 5 3 3 3 4 1 5 1 3 2 2 1 2 4 1 3 3 1 4 4 5 1 3 2 4 4 3 4 2
40 13 5 4 5 3 1 5 3 3 1 5 3 4 3 2 2 3 1 4 5 5 5 5 1 3 4 5 1 1 1 4 2 3 2 1 5 3 5 4 5 5 1 3 1 5 1 4 1 5 3 4
41 12 2 5 2 4 3 2 5 4 3 2 3 1 2 4 1 5 3 1 3 5 3 3 5 2 2 4 4 1 2 5 5 2 3 2 3 2 1 3 1 3 1 2 3 3 3 4 3 5 3 3
42 7 1 5 5 5 4 2 4 2 4 5 3 5 5 2 3 3 3 2 4 1 5 2 1 1 4 1 1 1 4 5 5 3 5 3 4 5 3 3 4 5 1 4 1 1 1 2 5 3 3 4
43 13 5 3 2 5 5 4 3 2 5 1 4 2 1 5 3 5 2 2 5 4 3 5 2 4 3 5 4 4 4 1 2 1 4 1 5 1 3 4 2 5 3 3 3 1 1 3 3 2 3 1
44 10 2 3 5 3 1 4 2 5 1 5 2 3 2 4 1 1 5 4 4 4 4 1 5 4 2 5 2 1 2 5 4 3 1 4 1 1 5 2 4 1 5 4 1 2 3 5 2 5 5 3
45 11 2 5 5 5 4 4 2 5 2 3 5 4 1 4 2 2 5 2 4 5 4 4 1 4 2 3 5 4 5 3 1 2 3 1 3 5 5 5 5 1 2 3 4 4 1 4 3 1 5 2
46 14 3 3 3 2 3 2 5 4 4 5 4 5 3 2 3 5 2 4 3 4 5 3 1 1 2 1 1 1 5 4 5 3 4 5 1 3 4 5 3 3 5 3 2 4 1 3 5 3 5 1
47 8 5 4 1 5 4 2 1 4 3 4 3 4 5 5 3 3 3 2 3 2 1 2 2 5 2 1 1 3 4 3 2 1 5 3 4 2 4 4 3 4 5 1 3 2 3 3 5 1 4 2
48 15 1 3 2 4 5 3 3 1 3 5 1 2 5 5 5 3 4 4 4 2 5 1 5 3 4 2 3 5 3 3 3 4 3 2 1 3 4 2 5 4 4 5 5 5 2 1 1 3 1 5
49 6 3 3 4 4 4 4 5 3 1 4 5 3 1 4 2 1 3 5 5 1 2 1 1 1 4 1 3 2 1 5 2 2 3 5 1 2 3 1 1 2 1 5 4 3 4 4 4 5 4 5
50 15 1 4 1 1 3 4 1 2 2 3 2 5 2 4 4 4 2 1 2 4 1 1 3 1 1 3 3 3 5 5 5 2 4 2 1 1 3 2 4 2 4 4 5 5 5 5 4 5 5 4
51 10 2 5 5 5 1 4 1 5 3 1 1 1 1 4 1 2 3 4 4 4 2 1 1 5 3 4 4 5 2 1 1 3 1 2 4 3 5 5 2 2 4 4 3 3 4 2 2 1 1 4
52 9 5 4 1 5 5 5 4 1 3 5 5 4 2 2 2 2 3 3 2 4 4 3 2 3 2 1 2 3 2 3 1 3 1 4 5 3 4 5 5 4 5 5 1 1 5 5 4 5 2 4
53 7 4 3 5 5 3 1 5 1 5 1 1 4 1 1 5 4 1 4 1 1 5 5 4 1 2 1 4 3 2 1 4 3 3 2 2 2 1 4 1 2 4 5 1 4 1 1 3 2 3 1
54 7 2 1 2 5 1 1 4 4 4 1 3 2 4 5 3 5 1 1 4 5 4 2 5 3 3 5 1 5 4 2 2 1 3 1 2 5 5 2 4 2 5 1 3 2 3 3 2 3 2 1
55 8 5 1 3 5 4 5 3 5 1 1 3 5 2 1 1 5 5 2 3 2 3 2 4 2 4 3 4 5 4 4 2 3 1 4 4 3 5 4 4 4 2 5 3 1 3 5 5 4 5 1
56 9 5 3 3 1 1 5 3 2 3 4 4 4 3 4 3 2 3 2 5 1 3 3 2 3 1 5 1 4 2 4 4 5 3 5 1 5 4 3 5 3 4 5 5 1 1 5 5 2 1 5
57 13 1 4 3 4 1 3 5 4 4 4 1 3 4 3 4 5 2 4 5 1 4 3 4 2 1 5 2 2 1 2 3 4 3 1 3 5 1 4 5 1 2 2 4 1 4 4 1 5 5 5
58 12 4 4 1 5 3 3 4 4 5 3 1 5 5 2 1 2 3 2 1 1 3 3 1 5 1 1 2 5 5 1 2 2 1 5 3 5 3 5 2 4 1 3 3 2 1 4 3 2 5 1
59 11 3 5 3 3 4 3 5 5 5 3 5 1 5 2 5 1 2 4 2 1 4 1 1 4 1 3 5 1 2 2 3 1 3 2 3 2 3 3 5 2 5 4 5 1 3 4 5 2 5 2
60 11 4 3 1 4 3 3 4 5 5 3 1 4 5 2 2 1 1 1 4 5 1 4 2 5 2 4 2 4 1 2 5 1 3 5 3 5 3 5 2 2 5 4 1 2 1 3 1 2 1 2
61 6 4 5 5 2 1 3 1 5 3 5 2 1 2 1 5 1 5 3 5 2 3 5 2 1 1 2 3 5 3 2 1 4 4 3 1 4 3 3 3 5 5 5 5 5 5 1 2 2 1 5
62 10 1 2 1 3 2 5 2 4 1 2 2 1 3 2 1 3 4 5 1 3 1 3 2 3 5 4 5 4 3 4 2 3 5 5 4 3 1 2 3 3 4 3 3 2 1 3 5 4 2 2
63 9 1 1 5 3 3 4 5 4 2 5 2 5 2 1 4 2 3 4 5 5 5 3 5 2 2 3 5 5 4 4 3 2 5 3 1 1 1 2 1 2 5 5 4 5 4 2 5 4 1 4
64 11 4 3 4 2 5 5 2 4 1 2 5 3 3 1 5 5 5 4 5 3 5 1 3 1 3 1 2 1 4 4 3 1 2 2 2 1 4 1 2 1 3 4 3 1 3 3 2 3 5 3
65 6 4 3 2 4 1 2 3 5 4 2 3 4 1 3 5 5 4 2 3 4 5 4 1 3 2 2 1 4 3 2 1 5 5 1 4 4 5 2 2 1 3 4 5 2 5 3 5 5 1 3
66 14 2 1 3 2 3 4 5 3 1 4 4 3 5 2 4 4 1 2 3 1 1 5 2 5 1 4 1 5 5 3 3 1 4 2 1 4 2 5 5 1 5 3 3 4 5 2 5 3 1 1
67 9 3 1 4 4 1 5 1 5 2 3 2 4 3 4 4 2 3 1 4 5 1 5 2 5 4 1 2 4 5 3 4 4 4 4 1 3 4 3 5 2 2 5 4 5 4 5 3 3 5 5
68 14 2 5 2 3 5 2 2 3 3 4 3 5 4 5 4 1 3 5 3 2 4 4 1 1 1 4 4 4 4 4 2 4 3 5 2 1 3 2 4 4 5 5 1 4 1 5 1 3 2 5
69 7 2 1 2 5 3 5 2 5 4 1 4 4 5 4 3 5 2 4 3 5 5 2 1 1 1 3 1 1 3 2 4 3 3 2 3 2 3 2 4 4 5 2 2 5 4 1 4 1 4 1
70 12 4 4 5 2 3 4 2 2 3 4 2 3 5 2 3 2 5 5 2 2 3 3 1 1 4 3 1 5 2 5 4 5 1 1 1 1 3 3 5 3 4 5 2 2 2 4 4 4 1 4
71 14 4 1 1 5 4 1 2 3 2 4 4 2 2 5 3 3 4 4 5 1 3 2 3 4 5 5 3 1 1 4 3 1 1 1 5 2 5 5 1 3 1 2 3 2 2 4 1 5 4 5
72 11 2 3 4 1 5 5 5 3 1 4 1 2 3 4 4 5 5 3 3 3 1 5 1 4 1 3 5 1 1 3 2 4 4 3 5 5 1 3 1 1 5 4 2 3 5 2 1 5 3 5
73 15 1 1 1 3 5 2 3 1 3 3 4 2 3 1 4 2 2 5 1 3 3 2 5 3 2 5 2 4 2 5 1 4 2 4 5 5 3 4 3 4 2 5 2 5 2 1 1 3 1 2
74 13 3 1 5 4 2 5 3 5 2 1 4 4 3 5 5 3 1 3 1 2 3 5 1 1 4 3 1 3 3 3 4 2 4 5 3 5 4 1 4 5 3 2 3 2 2 2 4 1 3 2
75 9 2 5 1 2 1 2 1 2 1 2 2 5 4 3 2 4 3 5 1 5 3 2 4 3 2 4 2 4 4 5 2 3 4 5 2 1 5 3 1 1 4 1 2 3 3 2 2 3 3 2
76 10 1 3 4 4 4 5 3 3 4 1 4 5 4 3 1 5 1 1 3 5 3 4 1 5 3 1 5 1 3 2 2 1 4 4 1 5 2 4 4 4 4 3 5 3 2 5 2 3 5 2
77 9 3 4 5 2 4 1 5 3 5 5 5 3 4 1 4 4 3 4 5 3 3 4 2 2 5 5 5 1 3 2 5 3 1 1 3 2 2 5 2 3 1 1 5 2 5 2 3 4 1 1
78 6 2 3 1 2 1 2 5 3 5 1 3 5 2 3 5 2 4 1 1 1 4 2 3 1 5 3 1 3 3 2 5 1 4 2 2 2 1 5 3 3 2 2 2 1 1 1 2 1 2 4
79 14 4 4 4 4 5 4 3 4 5 1 2 3 5 2 5 5 2 3 2 3 2 3 2 2 3 2 5 5 5 5 5 3 1 1 5 1 1 3 1 3 2 5 3 5 1 3 2 1 1 5
80 6 2 2 4 4 3 4 4 5 5 5 4 4 3 4 3 4 2 2 3 5 1 5 1 4 5 4 2 3 3 5 2 4 4 3 3 2 4 5 3 2 2 5 3 5 4 2 2 2 3 2
81 6 5 5 3 4 4 1 2 1 4 3 1 2 2 1 3 5 2 4 3 5 1 3 4 1 2 4 3 1 3 2 2 3 5 1 5 5 2 5 3 2 2 3 4 1 2 1 1 5 3 2
82 8 4 2 5 2 4 5 3 1 3 4 1 4 3 3 2 1 1 1 5 3 4 5 4 1 2 2 3 1 4 5 4 4 4 3 2 3 1 4 5 2 2 3 5 5 4 2 1 3 1 4
83 13 1 1 5 2 1 5 3 1 5 2 5 2 2 1 5 5 2 2 3 1 5 5 5 2 1 5 1 5 2 3 1 2 4 3 2 3 2 4 3 4 5 2 4 1 4 5 3 1 4 3
84 14 1 3 3 3 2 4 3 5 2 2 1 1 3 4 1 4 3 1 1 5 4 1 2 4 2 5 4 3 3 2 1 1 1 4 4 4 2 2 1 1 3 5 2 4 2 2 3 2 2 3
85 14 2 5 3 4 2 2 4 4 4 2 3 5 5 1 4 2 5 1 5 3 3 2 3 3 5 5 5 3 4 4 2 4 3 5 4 3 4 2 3 5 3 2 2 3 2 1 5 2 4 5
86 7 1 1 5 1 3 2 2 4 3 2 4 5 3 5 4 4 5 5 2 2 2 4 2 5 2 1 4 3 4 4 4 3 2 5 1 4 1 2 5 4 2 1 5 2 1 2 4 1 5 2
87 9 3 4 5 1 4 5 2 5 2 2 2 2 5 4 2 4 1 5 5 4 3 5 4 3 1 2 3 2 5 2 2 3 5 1 5 5 5 5 4 4 5 4 4 1 5 4 4 3 3 3
88 11 4 5 2 3 5 4 5 1 3 4 1 3 1 1 2 3 3 4 5 3 3 2 5 5 3 2 5 2 1 2 3 2 1 5 2 1 3 3 4 5 3 2 4 3 3 5 3 3 1 4
89 12 3 3 2 5 1 1 5 3 5 1 3 2 3 4 2 3 4 1 4 4 1 5 5 1 3 1 2 1 1 3 1 3 4 2 1 1 1 2 3 5 5 1 3 4 3 2 4 3 4 5
90 10 4 3 1 2 4 1 5 1 3 5 4 1 5 3 3 2 1 1 3 3 1 3 3 1 3 4 1 3 2 3 2 2 5 2 1 2 2 3 3 2 3 2 2 2 3 3 4 2 1 5
91 13 3 3 5 5 4 2 4 5 4 3 3 1 2 1 2 4 5 3 1 5 3 4 4 2 3 5 3 2 2 2 3 3 3 2 5 2 4 2 4 2 3 5 2 5 4 3 2 2 1 4
92 7 3 1 4 4 3 1 2 3 3 1 3 3 2 3 3 5 5 5 5 4 4 5 3 2 5 1 2 4 1 1 5 2 1 1 3 5 4 4 2 3 5 3 5 3 4 2 3 4 5 1
93 14 1 3 5 5 3 2 4 1 3 5 5 4 1 2 3 4 3 3 5 4 5 4 3 2 3 4 5 2 4 4 1 4 1 5 2 5 2 3 2 2 3 3 4 4 4 4 3 5 5 4
94 9 3 4 3 2 4 3 3 3 5 4 3 4 1 3 5 5 4 3 2 4 4 2 5 1 3 1 3 2 4 3 2 4 2 1 1 1 2 3 1 1 3 4 5 3 5 1 1 5 1 5
95 14 3 1 5 1 5 2 5 2 5 2 1 5 1 2 4 5 4 2 4 2 1 3 4 2 4 3 3 5 2 3 5 5 4 3 1 5 1 5 4 5 1 2 1 2 1 4 4 3 5 4
96 14 1 3 5 1 5 3 3 3 5 2 3 3 4 5 2 2 2 3 5 3 3 1 3 1 1 1 5 4 1 3 5 5 3 5 5 5 1 5 1 5 2 5 3 3 5 4 3 1 1 1
97 6 4 3 2 3 2 4 5 5 2 1 1 3 1 3 4 3 3 2 4 2 3 3 4 5 1 3 5 4 5 2 1 5 5 5 2 2 4 5 3 5 2 3 1 2 3 1 2 4 1 5
98 9 2 5 5 2 4 2 5 5 4 1 5 3 2 5 1 3 5 2 3 4 3 1 5 2 3 1 2 4 5 3 5 2 1 5 4 4 3 5 4 1 1 5 4 3 2 1 1 3 2 3
99 12 1 1 1 4 2 5 5 5 3 4 2 1 1 5 3 3 5 3 4 1 4 1 2 1 3 5 4 3 4 1 4 5 5 3 3 1 5 1 5 4 2 3 4 1 5 2 4 5 1 1
100 15 4 5 4 5 5 1 4 1 1 2 1 4 4 5 4 3 1 2 3 3 4 1 1 1 3 4 3 2 5 4 3 3 1 4 1 1 4 1 1 2 2 1 2 3 3 4 1 5 1 5
101 12 4 4 5 5 1 5 4 1 3 2 2 3 2 2 5 4 2 3 5 2 4 3 3 5 5 5 4 3 5 5 5 5 3 5 1 3 2 5 4 2 1 1 3 2 4 5 4 5 1 2
102 11 2 4 4 2 4 2 4 3 2 1 1 2 2 5 1 5 5 3 5 1 2 1 4 4 3 2 1 2 1 4 3 2 5 4 1 5 1 2 2 1 3 5 4 2 5 1 3 5 3 1
103 15 5 1 3 4 5 2 4 5 5 3 2 4 1 3 3 4 5 1 1 1 4 1 4 1 1 1 2 4 1 2 5 1 3 4 5 2 4 2 5 1 3 1 3 3 1 2 4 3 3 4
104 12 2 5 3 2 5 4 5 5 1 2 3 2 4 4 2 4 4 3 1 5 1 4 4 4 2 3 4 5 5 3 5 3 5 4 4 1 3 4 1 4 3 5 2 5 3 2 2 5 2 1
105 11 4 4 3 2 1 3 5 4 4 5 5 2 2 1 1 4 1 2 1 2 1 5 5 2 3 5 5 5 4 1 3 1 5 5 1 1 5 4 3 4 1 3 2 2 4 4 4 3 2 4
106 11 4 1 4 4 3 2 1 2 5 3 2 4 3 3 2 4 5 5 1 5 2 3 4 3 4 2 5 4 5 2 2 5 2 3 1 4 2 1 3 2 4 3 1 5 5 4 3 3 1 2
107 13 2 2 4 1 2 1 2 2 2 4 3 2 4 3 4 5 4 4 2 1 4 2 5 4 4 2 5 1 2 5 5 2 3 4 3 2 1 1 3 5 4 5 5 5 4 4 1 1 5 2
108 14 3 4 2 5 5 4 5 5 2 5 4 3 4 3 3 2 5 3 1 3 3 1 3 2 3 2 3 5 4 1 5 3 3 1 2 4 1 5 1 2 3 1 3 4 3 2 1 4 1 3
109 15 5 2 5 1 2 2 4 4 3 3 1 4 1 4 2 3 3 4 4 2 2 4 4 5 3 2 3 3 4 3 3 1 1 5 4 4 2 1 4 3 4 2 3 3 4 1 2 2 3 2
110 12 4 5 2 4 4 5 1 2 5 1 3 1 5 4 1 1 3 3 3 1 3 3 3 1 4 2 2 1 2 4 1 1 4 3 1 2 5 1 1 5 3 1 1 4 5 4 5 2 3 5
111 9 5 4 5 3 4 4 4 4 2 1 3 5 1 3 2 2 5 1 1 4 3 5 3 1 4 2 2 5 4 3 1 1 3 5 1 3 4 1 4 2 3 3 5 3 1 2 2 3 5 5
112 14 4 2 3 2 3 4 1 3 4 4 4 1 5 2 3 1 4 5 4 2 5 5 5 5 4 2 1 4 4 3 3 4 5 2 3 5 4 1 5 5 3 4 1 4 5 4 4 1 4 1
113 10 5 1 3 1 1 4 2 1 4 4 1 3 1 1 4 4 5 1 5 3 3 3 2 2 5 2 4 3 4 2 5 1 5 5 3 1 2 5 2 3 3 3 3 4 2 3 1 5 3 3
114 7 3 3 5 5 2 3 5 4 5 3 4 2 4 3 3 2 4 5 5 2 5 4 1 5 1 2 3 5 5 3 5 3 2 2 5 1 2 5 5 3 4 1 5 3 3 3 1 3 2 2
115 13 5 2 4 2 5 4 5 3 3 3 3 4 5 5 3 4 2 2 2 2 4 4 5 3 2 4 2 3 2 5 4 1 2 5 3 5 2 2 4 5 2 2 3 3 1 3 3 1 3 5
116 6 5 4 2 3 1 5 3 4 4 3 5 3 2 1 5 4 2 1 3 4 3 5 5 4 4 5 5 4 5 2 5 5 4 2 3 3 4 4 3 3 5 2 5 2 2 3 3 5 5 3
117 8 4 5 2 1 4 5 3 4 1 2 4 4 5 2 1 3 4 3 4 4 5 5 2 1 2 3 5 4 3 2 2 3 4 4 3 2 5 2 1 5 4 5 3 4 4 3 5 1 2 4
118 10 1 5 2 1 1 3 5 2 1 3 4 3 2 3 4 2 2 2 4 4 4 1 3 2 1 2 4 4 5 1 5 3 2 2 4 2 4 4 3 3 2 4 5 5 4 4 1 2 2 4
119 11 3 5 3 1 2 3 2 3 4 3 3 2 1 4 4 5 4 4 4 3 2 1 1 4 3 4 2 4 2 2 1 3 5 4 2 3 2 1 4 2 3 1 3 3 4 4 4 1 3 2
120 15 5 3 1 4 5 4 5 2 1 1 1 3 5 2 4 3 1 3 5 4 2 5 2 5 4 4 4 1 4 3 5 1 4 2 3 2 5 3 3 3 1 1 3 3 5 4 5 5 1 4
121 7 2 3 5 2 1 2 4 1 3 2 3 4 5 4 5 4 1 3 5 3 1 4 5 4 5 1 3 3 4 1 5 5 5 4 4 1 2 3 4 1 1 4 5 4 1 3 1 3 4 3
122 14 3 1 3 2 1 2 4 5 3 3 3 5 1 3 1 4 4 3 5 1 1 4 2 4 5 4 4 3 5 3 5 4 4 4 3 1 2 1 5 4 4 4 5 5 5 3 1 1 3 2
123 10 4 4 2 1 1 3 4 2 5 4 3 1 3 3 5 1 3 1 4 3 3 2 4 5 1 5 3 3 1 4 4 4 5 5 5 4 3 5 4 1 5 4 2 3 3 5 3 4 4 5
124 13 2 1 1 5 2 4 1 5 2 4 1 5 2 3 3 2 5 1 2 2 2 3 2 1 3 5 1 5 5 4 5 1 5 3 2 1 2 2 5 4 2 3 4 3 4 3 5 3 3 4
125 12 1 1 5 4 5 2 2 2 4 2 5 5 4 1 2 5 3 5 5 2 1 4 5 3 2 2 3 2 2 5 5 5 2 2 3 4 3 3 5 4 2 5 1 5 2 4 1 4 2 1
126 7 5 1 5 1 2 4 5 4 2 4 4 1 5 1 3 4 3 1 5 1 2 2 4 5 5 5 5 3 1 5 3 2 5 4 3 4 1 5 4 5 2 4 1 3 4 1 2 1 3 5
127 15 3 5 3 5 5 1 4 4 1 2 2 2 4 2 1 3 1 4 1 1 3 2 1 4 5 1 3 1 2 3 4 5 1 1 1 1 5 1 3 1 5 3 2 5 1 2 3 1 5 3
128 12 1 2 1 1 4 5 3 2 4 2 4 3 1 5 5 2 1 2 4 3 1 3 3 2 1 2 1 3 1 4 3 1 1 1 1 1 4 3 4 3 3 1 2 3 5 3 3 1 4 5
129 7 4 1 2 3 1 3 3 2 2 1 2 5 4 2 1 4 2 3 2 3 5 2 1 4 3 4 2 3 2 5 4 3 4 1 3 5 3 1 2 1 1 1 2 4 5 3 4 2 2 3
130 15 3 4 3 1 4 1 4 5 2 2 5 2 5 5 4 2 1 1 3 4 4 1 4 3 1 1 1 5 5 4 2 4 3 3 5 3 4 1 4 3 2 1 2 1 3 2 3 5 1 4
131 10 2 3 5 1 2 4 3 4 5 2 4 3 1 3 5 3 3 3 5 5 4 5 5 4 5 4 1 4 3 3 4 2 1 2 2 3 1 5 4 1 2 1 2 5 3 2 3 2 4 1
132 13 2 3 1 4 3 2 1 4 2 2 1 3 4 5 4 2 5 5 1 2 4 5 1 5 5 5 2 1 4 3 5 3 5 2 2 3 5 2 1 3 4 4 2 5 3 4 5 4 5 1
133 14 4 3 4 3 1 2 5 3 4 1 4 2 5 5 4 5 2 1 1 5 3 4 5 1 2 1 3 4 1 2 4 2 2 2 3 1 2 2 4 3 3 2 4 1 5 2 5 3 3 4
134 8 2 2 1 2 1 2 2 4 1 2 2 5 5 1 3 2 2 1 1 1 2 1 1 3 5 3 5 2 5 4 3 1 1 2 5 5 2 3 1 2 1 5 5 5 5 2 3 4 5 3
135 6 1 5 2 3 2 5 1 4 1 1 5 1 1 2 5 1 1 4 3 4 1 4 3 3 4 3 2 4 4 2 1 3 3 4 1 4 5 4 3 1 5 2 3 4 4 5 1 2 5 2
136 8 5 4 5 1 2 3 1 4 4 2 4 3 5 4 5 3 1 4 2 3 2 4 1 4 4 3 2 2 2 1 4 2 3 4 4 1 4 1 5 4 5 2 4 4 5 2 3 1 5 4
137 10 5 5 2 5 1 1 4 1 2 5 1 5 1 1 1 3 5 1 3 3 5 3 4 1 3 4 4 3 4 2 5 2 5 4 3 4 1 4 1 3 1 2 5 4 3 4 1 4 3 3
138 15 4 2 5 1 2 2 5 4 1 4 2 2 2 3 4 1 4 4 5 2 4 5 5 1 5 5 2 1 4 4 1 2 4 4 4 5 3 5 3 1 4 4 1 5 4 1 3 3 4 4
139 10 5 1 3 5 5 4 2 5 4 2 3 4 1 3 5 4 4 2 5 3 1 2 3 5 1 2 4 5 3 1 5 5 2 2 2 3 4 5 2 1 2 2 2 2 1 4 3 5 4 2
140 13 4 1 5 2 4 1 3 1 3 1 5 5 2 1 3 5 5 2 3 1 5 1 5 4 4 5 5 3 1 5 1 3 5 3 2 3 3 4 4 4 5 4 1 4 3 1 2 4 2 4
141 6 2 3 1 3 5 1 2 4 4 3 3 4 3 4 2 2 1 1 4 2 5 5 5 1 3 3 5 1 3 3 1 4 5 5 5 1 1 3 2 5 3 4 3 4 1 2 4 5 3 2
142 7 2 2 3 5 4 2 5 2 4 2 4 5 3 2 3 5 1 5 2 5 1 3 1 4 3 5 5 5 2 2 2 2 3 1 5 1 2 1 3 3 3 2 3 5 1 1 1 5 4 1
143 10 4 5 2 4 1 2 1 2 1 5 2 5 4 4 3 5 4 5 5 5 5 3 5 3 2 1 2 1 5 2 1 3 5 2 1 5 3 3 2 1 2 5 2 1 4 2 4 2 1 4
144 11 3 3 3 2 5 5 5 3 1 1 3 3 4 5 1 1 1 1 1 4 5 2 1 3 3 3 1 1 3 2 3 5 5 5 2 5 2 3 1 4 4 3 2 1 3 4 4 4 4 5
145 11 1 4 3 3 1 5 4 4 1 3 2 4 4 2 1 1 2 1 1 2 1 3 3 3 2 2 2 5 1 2 2 5 5 2 2 3 1 5 1 2 5 5 1 1 1 3 3 1 4 3
146 8 2 5 3 2 2 5 1 1 3 2 1 4 4 3 5 5 5 3 3 2 2 5 4 1 5 5 4 1 3 5 2 2 5 5 3 4 2 5 1 3 3 1 1 2 3 2 3 5 4 5
147 10 5 2 5 1 4 3 1 2 3 2 5 3 5 3 2 2 2 2 1 1 2 4 3 2 4 1 2 3 1 1 4 1 5 1 4 3 3 1 4 3 1 2 2 2 3 5 4 2 1 3
148 9 5 1 3 4 2 4 5 3 5 1 3 1 1 5 2 2 3 2 2 5 2 2 2 4 1 3 1 4 5 3 1 5 3 1 3 4 5 3 5 3 4 3 3 5 3 4 2 3 5 2
149 11 1 2 2 2 3 5 5 5 4 3 3 3 2 3 1 4 1 1 1 1 2 1 4 5 1 5 5 1 4 5 2 5 1 4 1 2 2 4 4 1 3 2 4 3 5 2 1 1 5 1
150 13 1 4 2 2 3 2 4 3 5 1 2 3 1 1 5 4 5 1 3 4 3 5 3 3 4 1 3 3 4 4 1 4 5 5 2 1 5 5 4 4 1 5 1 5 3 2 3 3 5 4
151 11 5 2 2 2 3 5 3 2 5 2 4 2 2 4 1 3 5 2 3 3 4 2 4 1 1 4 4 1 3 5 2 4 5 1 2 3 2 4 2 1 3 5 4 1 1 3 5 3 4 2
152 9 5 1 1 1 4 5 5 2 2 3 2 4 4 1 1 5 3 5 2 3 5 1 3 3 5 3 2 4 3 1 1 4 1 5 5 5 4 1 2 3 3 4 4 3 4 2 4 2 2 1
153 10 4 5 1 4 1 2 3 3 2 5 2 5 4 1 1 3 2 2 3 3 4 5 1 2 3 3 4 3 3 2 2 5 3 1 1 2 1 5 3 1 4 5 4 4 5 2 2 5 1 3
154 8 3 5 4 3 3 1 1 1 4 1 2 5 5 2 3 1 5 2 5 1 3 4 5 5 1 4 2 4 3 3 5 5 3 4 5 1 4 2 1 2 5 3 4 2 4 5 3 5 4 5
155 6 4 4 5 3 2 5 5 4 3 3 5 1 2 5 3 2 1 3 2 5 1 3 4 4 3 2 5 2 2 2 4 4 2 5 5 2 5 5 3 1 4 4 4 2 3 4 5 1 2 5
156 11 1 4 3 4 2 2 1 1 2 1 2 1 1 4 4 4 3 3 5 4 5 3 2 2 2 4 3 3 5 1 5 4 3 1 5 1 2 4 3 5 2 5 5 2 3 1 3 2 2 1
157 6 4 4 1 4 2 4 1 5 2 2 3 5 4 2 3 2 3 1 3 2 4 3 5 1 1 1 5 3 1 1 3 1 5 3 2 4 3 5 1 4 5 2 5 4 5 4 1 4 5 2
158 10 1 1 4 1 4 4 4 3 1 3 5 3 5 3 5 1 1 4 2 5 2 5 2 5 5 4 2 1 4 4 5 5 3 4 4 5 4 5 3 4 2 1 3 4 2 3 5 3 3 2
159 13 4 3 5 2 3 1 1 1 5 5 5 1 3 1 3 3 3 5 1 4 1 2 3 2 1 3 4 4 1 2 2 1 2 5 2 2 1 3 2 2 5 4 2 5 2 3 1 4 5 2
160 14 1 2 2 2 2 4 2 2 2 5 3 2 3 2 3 5 2 3 3 2 1 4 4 4 4 4 4 1 5 5 2 3 2 2 3 1 3 3 5 5 4 2 3 3 1 1 5 1 4 5
161 15 4 3 5 5 3 3 3 3 3 5 3 5 5 3 2 3 5 2 5 3 1 4 1 1 4 4 3 4 2 1 3 1 4 1 2 2 5 4 4 5 1 4 3 5 2 2 3 1 3 4
162 15 3 4 4 2 4 2 3 5 5 4 2 4 4 1 1 2 3 5 4 4 4 1 2 2 4 5 3 5 4 1 2 2 2 4 2 5 1 5 3 1 4 1 2 5 4 3 2 4 4 2
163 9 3 5 2 3 4 5 5 4 4 2 5 3 1 3 4 5 4 5 5 3 1 4 4 4 3 1 4 1 1 5 4 4 1 5 4 3 2 2 2 3 3 4 2 1 1 1 5 2 4 4
164 7 1 4 2 1 2 4 4 3 1 2 1 2 3 2 1 3 2 3 4 3 5 1 5 5 5 2 3 3 4 2 5 1 1 3 1 3 1 5 3 3 4 5 5 1 4 3 1 2 4 1
165 8 5 1 4 1 1 4 4 2 5 2 4 3 1 4 1 3 2 1 2 2 4 2 2 1 2 1 2 4 3 3 1 5 5 2 3 5 5 1 5 3 2 1 2 4 4 4 4 4 3 4
166 15 5 2 5 5 2 3 3 4 3 2 2 1 3 1 4 3 3 1 1 2 3 2 5 5 5 3 5 5 4 5 5 3 4 3 1 5 4 1 2 3 5 2 1 2 3 2 3 5 3 4
167 8 4 2 2 4 3 1 4 1 1 3 3 3 3 3 5 4 1 1 5 1 4 3 5 5 2 3 5 4 4 5 4 1 4 4 2 1 1 2 3 5 5 2 1 4 4 3 4 3 4 5
168 8 5 4 1 3 1 4 5 4 4 3 5 5 1 2 5 5 5 5 1 4 1 5 2 5 1 3 5 1 4 3 2 3 5 4 3 3 2 5 4 4 1 3 5 1 3 2 3 3 5 2
169 10 3 4 3 4 5 4 2 3 1 4 1 3 4 3 3 2 4 3 2 2 4 5 4 1 1 4 5 1 5 3 2 5 2 2 5 1 1 1 5 5 2 4 5 4 1 3 1 3 4 2
170 13 1 2 3 5 2 5 2 4 4 5 5 3 5 1 4 1 2 1 1 3 1 4 2 1 3 1 5 1 4 1 2 3 2 4 5 4 5 4 5 5 4 2 1 2 3 2 4 3 5 2
171 6 3 4 5 3 3 2 1 5 1 3 5 4 2 2 3 3 2 1 4 2 1 2 5 1 4 3 5 5 2 5 1 5 2 3 5 5 2 5 3 1 2 5 3 5 4 2 4 5 3 4
172 6 4 5 1 4 5 4 4 5 3 2 4 1 4 3 3 1 5 5 5 5 1 3 5 2 2 3 4 2 1 1 5 1 5 4 1 3 4 1 2 4 4 2 1 4 1 4 5 4 3 4
173 8 2 3 5 5 4 4 1 2 4 2 3 2 5 3 1 4 4 5 5 1 3 2 3 3 3 3 5 2 5 4 3 4 5 5 3 5 4 4 2 4 5 1 4 4 1 5 2 3 1 5
174 8 5 5 4 2 1 5 1 2 4 5 1 5 4 1 3 2 4 5 4 3 4 2 1 4 5 3 2 3 3 5 1 5 5 3 1 3 5 2 4 5 1 2 3 2 2 4 1 3 4 3
175 12 5 4 5 1 2 2 2 5 4 3 4 5 1 4 5 4 4 3 2 3 2 2 5 3 4 3 2 5 2 2 1 2 2 3 2 1 3 3 2 2 5 1 1 5 2 1 5 4 5 5
176 13 3 5 5 5 4 3 2 3 4 2 4 2 1 5 4 5 5 1 3 4 3 3 3 3 2 4 1 2 4 3 1 2 3 2 2 1 1 4 2 1 1 2 1 3 1 4 4 5 5 4
177 9 1 4 3 2 4 2 4 5 5 3 2 3 4 2 2 5 5 1 3 1 3 2 2 5 5 1 5 2 3 2 2 1 2 2 4 5 4 3 1 5 2 3 2 5 3 2 3 1 1 4
178 6 5 4 1 1 1 3 2 5 1 2 4 5 4 4 4 4 5 1 5 2 3 2 4 1 5 2 3 5 2 1 1 1 1 5 4 1 1 3 3 5 5 3 1 5 5 2 3 2 4 1
179 10 2 5 2 2 2 4 3 1 2 2 1 5 5 1 4 5 5 3 2 2 4 4 3 3 4 4 4 4 3 3 3 5 1 3 3 4 4 5 1 2 4 2 1 1 5 2 3 2 2 5
180 8 1 2 4 5 2 1 4 4 5 1 5 1 5 4 2 5 4 1 1 3 2 4 2 1 2 2 5 1 1 5 5 1 5 5 5 5 5 1 4 5 4 3 2 1 1 5 4 3 3 3
181 14 2 3 1 3 5 1 2 3 2 2 5 2 1 3 1 2 2 5 4 2 1 4 3 1 3 4 2 5 3 5 1 4 4 1 5 2 5 5 4 3 3 3 2 5 4 5 2 4 3 2
182 9 4 2 2 4 2 1 5 1 5 3 1 1 4 1 1 5 3 1 3 2 2 3 3 5 2 2 1 1 3 3 5 5 3 1 3 2 3 1 1 5 1 1 1 5 3 4 4 4 2 1
183 11 3 3 5 5 2 3 5 5 5 1 4 2 5 1 1 4 4 3 3 1 4 3 2 4 4 4 5 3 5 4 5 4 4 4 2 5 2 5 4 3 3 5 2 2 3 4 1 3 4 2
184 14 5 2 5 1 2 5 1 5 5 2 2 2 4 4 5 3 5 3 5 4 1 1 1 5 1 1 4 2 5 1 5 3 3 5 5 4 1 5 3 3 2 5 3 4 2 5 4 1 1 2
185 8 5 3 5 5 4 5 3 3 5 2 5 4 4 2 4 2 2 5 4 1 2 2 4 2 3 2 2 3 1 5 5 1 4 4 1 5 2 3 3 1 2 3 4 4 1 5 4 4 1 5
186 15 3 4 2 2 3 4 3 3 3 5 3 3 1 3 2 4 4 4 5 3 1 1 3 3 4 3 4 4 3 4 4 2 5 2 3 1 3 1 1 5 3 5 3 1 5 5 5 1 5 3
187 11 3 5 4 3 1 3 4 5 4 3 2 2 5 1 1 2 5 5 4 5 5 4 4 5 1 1 3 2 4 4 1 5 1 2 1 4 4 4 1 1 1 2 4 2 2 4 3 1 4 4
188 10 3 2 2 2 3 1 1 2 3 5 3 3 4 4 3 3 5 5 2 4 4 3 4 5 5 3 3 2 2 3 3 3 1 1 4 4 2 3 2 1 5 2 4 3 4 2 5 1 2 2
189 6 1 1 2 5 5 5 2 1 3 4 4 1 3 5 3 1 5 2 2 4 3 1 1 3 3 3 2 4 1 1 5 1 2 2 5 1 1 1 5 1 3 5 4 2 1 4 4 1 4 1
190 11 5 1 3 5 2 5 5 5 4 4 5 1 4 4 1 1 2 4 5 3 5 5 1 4 5 5 3 5 1 5 3 4 2 3 4 5 3 5 2 5 3 4 2 5 5 4 4 2 2 2
191 6 2 1 2 3 1 1 2 3 5 1 4 2 2 3 3 2 4 3 4 4 4 1 5 5 4 3 5 4 1 5 3 4 3 4 4 1 1 4 2 1 4 3 3 4 3 4 4 4 3 5
192 14 5 4 1 2 2 4 5 2 4 5 3 4 5 1 5 2 4 1 5 4 4 5 2 4 2 3 2 5 3 5 1 2 2 2 2 4 3 3 4 5 1 2 4 4 4 5 2 1 4 1
193 8 3 2 4 5 4 5 1 5 4 5 1 5 4 3 3 4 2 4 2 4 4 2 2 2 5 2 4 2 5 5 4 4 1 2 3 3 2 1 2 4 5 2 1 3 4 3 3 5 5 1
194 9 4 2 1 2 1 1 5 3 5 4 3 2 1 2 5 5 3 5 5 3 1 1 3 1 3 2 4 3 2 1 3 3 1 1 3 3 4 1 2 2 5 3 3 1 1 2 2 2 3 5
195 7 4 4 3 5 2 1 2 1 1 3 4 5 3 2 3 3 4 4 3 3 3 5 3 1 4 4 2 5 4 4 4 5 5 2 4 3 5 4 1 1 3 5 1 4 5 5 1 5 2 1
196 8 5 3 2 5 5 5 3 5 5 3 5 2 1 2 2 2 1 4 3 3 1 2 2 4 4 3 3 5 3 5 1 4 5 3 4 3 5 5 4 2 1 3 5 2 3 2 3 5 3 3
197 11 2 5 4 5 2 1 3 4 3 3 2 5 2 5 5 4 2 1 2 1 1 1 4 2 1 5 4 1 3 3 2 3 1 5 2 5 5 2 2 3 3 2 3 3 2 5 5 2 4 2
198 11 3 2 5 3 4 5 2 5 5 3 1 1 4 5 1 1 2 4 2 5 5 4 2 5 2 2 1 5 1 4 3 3 4 2 1 1 5 1 1 1 5 4 3 4 1 2 1 2 3 2
199 14 5 1 3 1 2 1 1 5 2 3 1 2 1 1 2 4 1 1 5 2 2 4 5 1 1 5 5 3 3 3 1 1 3 2 1 3 1 3 4 4 3 4 5 4 5 4 3 3 5 4
