200 100
NETWORK_TREE :
68 0 4
176 0 3
85 0 1
172 85 1
77 0 2
191 68 3
167 172 6
30 77 7
32 0 8
41 0 3
102 32 3
75 0 5
180 0 5
130 85 1
37 102 1
71 180 4
194 75 1
5 85 3
163 77 10
44 191 1
92 41 8
174 77 1
190 0 2
122 77 10
74 172 2
15 102 8
43 77 8
1 43 7
136 30 9
125 194 9
116 5 8
193 167 9
39 167 5
10 174 5
161 116 7
170 0 1
149 68 3
178 68 10
29 178 3
86 75 5
128 92 7
123 128 5
51 10 3
135 51 9
147 149 3
169 174 3
195 170 4
18 0 7
146 44 7
158 75 4
196 172 6
101 123 7
13 74 9
91 149 3
12 43 8
192 167 9
112 0 6
26 180 5
179 75 3
69 37 4
79 74 1
57 68 10
115 172 2
54 195 6
97 39 3
168 18 7
171 44 6
82 163 9
137 71 5
198 75 6
184 15 3
50 13 5
9 74 10
129 54 6
150 184 9
76 71 7
185 130 7
143 128 1
186 5 10
7 9 2
155 82 10
64 178 10
24 29 4
151 116 3
3 178 7
46 57 1
60 192 6
67 129 9
16 198 3
141 50 9
90 186 3
70 91 1
105 167 10
124 37 7
48 9 7
132 92 4
99 174 4
187 69 2
42 18 5
6 50 2
62 116 8
104 68 1
4 10 10
34 169 1
49 30 3
145 44 3
81 169 9
31 146 8
36 15 6
33 184 3
65 155 9
53 147 5
19 51 8
160 85 1
119 185 4
45 42 10
106 143 8
175 151 3
199 1 8
23 45 9
28 23 3
159 145 2
56 119 7
40 194 2
55 125 10
113 28 10
118 91 5
103 33 5
197 102 8
47 143 8
156 76 9
72 159 2
173 26 1
140 141 2
188 41 4
80 129 8
162 169 9
94 155 8
182 180 2
148 115 5
154 163 9
133 170 1
2 50 1
88 188 10
93 65 7
139 94 2
127 167 10
177 186 3
78 71 7
66 50 8
117 77 7
58 33 7
181 188 6
134 26 10
25 117 5
38 41 10
27 132 10
131 36 9
89 197 6
21 45 10
153 133 5
165 29 8
166 21 5
108 12 10
20 103 5
114 187 1
14 15 10
126 143 6
109 56 10
152 132 4
98 114 4
8 65 6
107 159 1
84 80 6
142 21 5
121 127 3
61 81 7
100 79 4
96 199 10
111 193 10
35 27 2
11 159 4
73 191 10
144 169 10
17 3 4
138 64 9
87 47 1
63 114 4
183 112 2
59 190 3
164 53 7
189 159 2
83 62 1
110 70 3
22 112 10
52 102 5
120 127 5
157 176 6
95 122 5
NODE_PROGRAM :
0 1 2 3 4 5 6 7 8 9 10 11 12 13 14 15 16 17 18 19 20 21 22 23 24 25 26 27 28 29 30 31 32 33 34 35 36 37 38 39 40 41 42 43 44 45 46 47 48 49 50 51 52 53 54 55 56 57 58 59 60 61 62 63 64 65 66 67 68 69 70 71 72 73 74 75 76 77 78 79 80 81 82 83 84 85 86 87 88 89 90 91 92 93 94 95 96 97 98 99 100
1 1 2 4 69 71 9 73 74 10 75 76 13 78 79 81 17 18 19 84 22 86 24 90 92 29 93 94 95 96 37 40 41 48 49 50 52 53 61 62
2 64 34 99 36 68 9 76 47 48 82 21 22 89 91 28 61 94
3 65 67 3 6 73 77 78 18 83 84 20 21 85 86 88 24 26 94 95 96 36 37 41 42 44 50 52 61
4 1 2 3 5 6 7 8 9 10 11 12 13 14 15 16 17 18 19 20 21 22 23 24 25 26 27 28 29 31 33 35 36 37 38 39 40 41 42 43 44 45 46 47 48 51 52 54 55 56 57 58 59 60 61 62 63 64 65 66 67 68 69 70 72 73 74 77 78 79 80 81 82 83 85 86 87 88 89 90 91 92 93 94 95 97 98 99
5 34 2 4 36 5 6 72 74 11 12 51 20 87 56 59 27 91 92
6 1 2 3 4 6 9 10 11 12 14 17 18 19 20 21 22 23 25 26 27 28 29 30 31 32 33 35 38 39 41 42 46 47 49 50 51 52 53 54 55 57 58 59 61 63 64 65 66 69 71 72 73 74 75 77 78 79 80 81 83 84 87 88 90 91 92 94 95 96 99 100
7 2 3 7 8 9 10 13 14 18 19 22 25 28 29 30 32 33 35 36 44 45 46 48 49 51 53 55 56 61 64 67 69 72 73 74 75 76 78 79 81 87 88 90 92 93 94 96 97 98 99 100
8 64 65 35 7 39 81 83 52 84 85 53 22 56 25 27 59 92 30
9 65 66 68 4 5 69 6 7 8 72 73 9 74 79 80 85 21 22 86 23 88 24 89 26 91 92 28 93 30 94 31 96 100 38 40 41 43 45 46 49 51 55 56 57 58 59 61 62
10 96 64 65 2 67 36 5 7 9 77 48 51 20 22 24 88 28 92 93 94 63 95
11 1 2 3 4 70 71 8 72 76 78 79 17 19 84 87 23 24 88 90 26 27 91 92 29 30 31 95 96 33 34 99 38 41 42 43 44 46 48 51 52 53 54 55 57 60 63
12 65 2 6 8 11 76 12 77 13 15 79 80 81 18 20 21 85 86 87 24 88 90 27 91 28 92 95 32 99 35 100 37 40 42 47 48 49 50 52 56 57 58 60 61 63
13 1 3 4 7 8 12 13 14 16 17 18 19 20 21 23 24 25 26 28 30 33 34 36 38 39 40 41 42 44 46 47 48 49 50 51 52 54 55 56 59 60 61 62 63 67 68 69 70 72 73 74 76 78 80 83 86 87 88 89 91 92 93 94 95 96 97 98 100
14 1 4 5 6 7 8 9 10 12 13 14 16 18 20 21 22 23 24 25 27 29 30 32 33 34 35 36 37 38 39 40 41 42 43 44 45 46 49 50 51 53 55 56 57 58 59 60 61 62 63 64 65 66 67 68 69 70 71 72 73 74 75 76 77 78 79 81 82 83 84 85 86 87 88 90 91 92 93 94 96 97 98 99 100
15 64 36 69 7 40 72 74 11 12 76 45 82 22 87 61 62 94
16 1 3 4 6 8 9 11 13 14 15 18 19 20 21 22 23 24 25 26 27 28 30 32 33 34 36 38 39 40 41 42 43 44 45 46 48 49 50 51 54 55 56 57 58 60 62 63 64 65 66 67 68 69 70 71 73 74 75 76 78 80 82 83 84 85 86 88 89 90 92 93 94 95 96 97 99 100
17 1 2 3 4 5 6 7 8 9 11 12 13 15 16 17 18 19 20 21 22 23 24 25 27 28 29 30 31 32 35 36 37 38 39 40 41 43 44 45 46 47 48 49 50 51 52 53 54 55 56 57 58 59 60 61 62 63 64 65 66 69 70 71 72 73 74 76 77 78 79 80 81 82 83 84 85 86 87 89 90 91 92 93 94 95 96 97 98 99 100
18 35 70 8 41 42 47 80 17 19 21 53 57 58 92 28
19 1 3 4 5 6 7 8 9 10 11 12 13 14 15 16 17 18 19 20 21 22 23 24 25 26 27 28 29 30 31 32 33 35 36 37 38 39 40 41 42 44 45 46 47 48 49 50 51 52 54 55 56 57 58 59 60 61 62 63 64 65 66 67 68 69 70 71 72 73 74 75 77 78 80 81 82 83 84 86 87 88 89 90 91 92 93 94 95 96 97 98 100
20 98 5 30
21 64 2 5 69 70 71 73 9 11 77 79 80 18 86 24 93 94 30 31 32 33 99 40 49 50 53 55 57 58 60 61 63
22 1 71 8 74 77 15 80 82 83 20 85 87 23 25 93 31 33 99 35 44 50 53 54 61 62
23 1 3 4 5 6 7 8 9 10 11 12 13 14 15 16 17 18 19 20 21 22 23 24 25 26 27 28 29 31 32 33 35 36 38 39 40 41 42 43 44 45 46 47 48 50 51 52 53 54 55 56 57 59 60 64 65 66 68 69 70 71 72 73 74 75 76 77 78 79 80 81 82 84 85 86 87 88 89 90 91 92 94 96 97 98 99 100
24 1 3 4 5 6 7 8 9 10 11 12 13 14 15 16 18 19 20 21 22 23 24 25 26 27 29 31 32 34 35 36 38 39 42 43 47 48 49 52 53 56 57 58 59 60 61 62 63 64 65 66 67 68 69 71 72 73 74 75 76 78 81 82 83 84 85 87 88 89 90 91 92 93 94 95 96 97 98 99
25 66 3 4 5 70 7 11 13 79 80 18 19 21 87 27 92 30 96 35 40 41 42 45 48 52 56 57 58
26 64 3 68 5 71 72 73 11 76 12 14 78 17 18 20 21 23 89 29 95 32 33 37 38 40 47 48 49 50 53 54 55 59 60 61
27 1 2 3 4 5 6 7 8 9 10 11 12 13 14 15 16 17 18 19 20 21 22 23 24 25 26 27 28 29 30 31 32 33 34 35 36 37 38 39 40 41 42 43 44 45 46 47 48 49 50 51 52 53 54 55 56 57 58 59 60 61 62 63 64 65 66 67 68 69 70 71 72 73 74 75 76 78 79 80 81 82 83 84 85 86 87 88 89 90 91 92 93 94 95 96 97 98 99 100
28 1 2 3 4 5 6 7 8 9 10 11 12 13 14 15 16 17 18 19 20 21 22 24 25 26 27 28 29 30 32 33 34 36 37 38 39 40 41 42 43 44 45 46 47 48 49 50 51 52 53 54 56 57 58 59 60 61 62 63 65 66 67 68 70 71 72 73 74 75 76 77 78 79 80 81 82 83 84 85 86 87 88 89 90 91 92 93 94 95 96 97 98 99 100
29 1 2 3 4 5 6 7 8 9 10 12 13 14 15 16 17 18 19 20 21 23 24 25 26 27 28 29 30 31 32 33 34 35 36 37 38 39 40 43 44 45 46 47 48 50 51 52 53 54 55 56 57 58 59 60 61 63 64 65 66 67 68 69 70 71 72 73 74 75 76 77 78 79 80 83 84 85 86 87 88 89 90 91 92 93 94 95 96 97 98 99 100
30 70 12 77 15 63
31 32 17 56 41 27
32 18 66 68 90 28
33 3 5 71 8 9 10 12 76 79 80 17 18 82 19 84 92 93 30 31 35 38 39 40 43 48 53
34 1 2 3 4 7 8 9 10 11 12 13 14 16 17 18 19 21 22 23 24 25 26 27 29 30 31 33 34 35 36 39 40 41 42 43 44 45 46 47 48 49 52 54 56 59 60 61 63 64 65 66 69 71 72 73 74 75 76 77 78 79 80 82 83 84 85 86 87 88 89 90 91 92 93 94 95 96 97 98 99 100
35 64 32 65 66 4 5 71 10 43 75 44 77 45 14 80 52 89 90 59 60 28 93 95
36 1 2 4 5 8 9 11 14 15 16 18 19 21 22 23 24 25 26 27 29 30 31 32 33 34 37 38 40 41 43 44 45 47 48 49 50 52 53 54 56 57 59 61 64 66 67 68 69 70 73 75 77 79 80 83 84 85 86 87 88 89 93 95 97 98 99 100
37 3 69 7 72 80 20 21 86 23 87 88 25 26 90 28 29 31 36 39 44 46 51 54 55 63
38 1 2 3 4 6 7 8 9 10 11 12 13 14 15 16 17 18 19 20 21 22 23 24 25 26 27 28 29 30 31 32 33 34 35 36 37 38 39 40 41 42 43 44 45 46 47 48 49 50 51 52 53 54 55 56 57 58 59 60 62 63 64 65 66 67 68 69 70 71 72 73 74 75 76 77 78 79 80 81 82 83 84 85 86 87 88 89 90 91 92 93 94 95 96 97 98 99 100
39 65 69 5 70 6 7 71 72 8 73 9 75 11 12 13 78 79 15 80 81 17 18 19 20 84 21 87 27 93 30 96 97 33 98 39 40 41 42 43 45 47 48 52 57 59 60 62 63
40 50 51 40 56 25 62
41 1 2 3 4 5 6 7 9 10 11 12 13 14 15 16 18 19 20 21 23 24 25 26 27 28 30 31 32 33 34 35 36 37 38 39 40 41 42 43 44 45 47 48 49 50 51 52 53 54 55 56 57 58 59 62 63 64 65 66 67 68 69 70 71 72 73 74 75 76 77 78 79 80 81 83 84 85 86 87 88 89 90 91 92 93 94 95 97 98 99 100
42 1 68 69 70 7 71 10 12 78 14 79 18 22 87 88 90 26 91 93 29 95 98 34 45 48 54 57 58
43 1 2 3 4 5 6 7 8 9 10 11 12 13 14 15 16 17 18 19 20 21 22 23 24 25 26 28 29 30 31 32 33 34 35 36 37 38 39 40 41 42 43 44 45 46 47 48 49 51 52 53 54 55 56 57 58 59 60 61 63 64 65 66 67 68 69 70 71 72 73 75 76 77 78 79 80 81 82 84 85 86 87 89 90 91 92 93 94 95 96 97 98 99 100
44 4 68 69 6 70 7 72 8 73 9 74 12 76 77 78 79 80 17 82 83 19 84 20 21 87 24 26 28 94 96 98 35 99 36 40 41 42 43 44 47 52 53 55 56 57 60 61
45 32 34 98 35 36 4 6 7 71 8 43 13 46 78 14 17 23 25 90 94 31
46 1 2 3 4 5 6 7 8 9 10 11 12 14 15 16 17 18 19 21 22 23 28 29 31 33 34 35 37 39 40 41 42 43 44 45 46 47 48 49 50 52 53 56 59 61 63 64 67 69 70 71 74 75 76 77 78 79 80 81 82 83 84 85 88 90 91 92 93 94 95 96 98 99 100
47 4 69 7 72 73 9 10 11 12 76 77 79 81 18 83 84 86 87 88 26 28 93 97 39 43 45 48 54 57
48 1 2 3 4 5 6 8 9 11 12 13 14 15 16 17 18 19 20 23 24 25 26 27 28 29 31 32 34 35 37 38 39 40 42 43 44 45 47 48 49 50 51 52 53 54 56 57 58 60 61 62 63 68 69 70 72 73 74 75 76 77 78 80 82 84 85 86 87 88 89 90 91 92 93 94 95 97
49 1 2 4 5 7 10 12 13 14 15 16 17 18 19 21 22 23 24 27 29 30 31 33 34 36 37 39 40 41 42 43 45 46 49 50 51 53 54 55 56 60 61 62 64 65 68 69 70 71 72 73 74 77 79 80 81 82 83 84 85 87 89 90 91 93 95 96 97 98 99
50 33 67 5 6 42 10 76 14 48 18 82 51 52 53 54 56 88 26 60 94 31 63 95
51 64 65 1 2 3 67 68 7 8 74 11 75 14 78 15 16 81 17 82 84 20 22 23 87 24 25 89 26 92 94 31 96 33 97 34 100 39 41 43 45 47 48 49 53 58 61 62
52 1 2 3 5 6 8 9 10 11 13 14 16 17 18 19 20 21 22 23 25 26 27 29 30 31 32 33 35 36 38 39 40 41 43 44 45 46 47 48 49 50 51 52 53 54 55 56 57 58 59 60 61 62 63 64 65 68 69 70 71 72 73 77 78 79 80 81 82 83 84 85 86 88 89 90 91 92 94 95 96 98 99 100
53 32 33 35 100 5 69 38 7 41 10 76 13 45 77 18 82 19 53 22 87 92 93 63
54 32 73 10 74 46 47 79 50 22 89 29 30 31 95
55 1 4 6 71 72 74 10 77 78 79 16 81 21 86 23 25 91 29 30 34 100 37 38 40 42 44 45 47 52 54 56 57 60 61 63
56 65 2 5 69 70 7 71 8 9 74 10 11 12 13 14 82 18 83 85 22 23 89 27 94 95 96 35 100 42 45 46 51 52 55 58
57 96 32 4 69 71 9 76 12 46 15 16 80 19 83 21 53 24 56 90 91 60 28
58 1 3 67 54 88 56 12 92 76 47
59 4 5 6 10 13 14 15 16 20 21 24 25 27 30 31 34 35 38 39 40 41 43 44 47 49 50 51 53 55 59 64 66 69 71 72 73 74 77 78 81 82 83 84 85 86 90 91 92 94 95 96 97 98 99 100
60 65 99 36 68 7 43 12 47 81 17 86 56 57 94
61 1 2 5 6 7 8 9 10 12 13 14 16 17 19 20 21 22 24 26 27 30 34 38 42 44 46 47 48 50 51 52 54 55 56 57 58 59 61 62 63 64 65 66 68 71 74 75 76 77 78 79 80 82 85 87 88 90 91 93 94 95 96 97 98 100
62 64 66 2 67 70 6 7 71 72 8 9 74 12 13 79 16 80 17 81 82 18 19 83 84 21 85 22 23 88 24 89 28 33 38 39 41 42 43 44 45 46 48 49 53 56 58 60 62
63 1 67 4 6 70 12 77 16 19 83 85 21 86 24 28 29 31 96 100 43 45 46 49 51 52 54 55 60 63
64 1 2 3 4 5 6 7 9 10 11 12 13 14 15 16 17 18 19 20 21 22 24 25 26 27 28 30 31 32 33 34 35 36 37 38 39 40 41 42 43 44 45 46 47 48 49 51 52 53 55 56 57 58 59 60 61 62 63 64 65 66 67 68 69 70 71 72 73 74 75 77 79 80 81 82 83 84 85 86 87 88 89 90 91 92 93 94 97 98 99 100
65 1 5 6 7 10 11 13 15 17 19 21 22 24 26 31 33 34 36 39 40 41 42 43 45 46 47 49 50 51 52 54 55 57 61 63 64 65 66 67 68 69 71 73 74 75 77 79 81 82 83 84 86 88 89 90 91 92 93 94 95 98 99
66 1 2 4 5 6 7 8 10 11 12 13 14 15 16 17 18 19 20 21 22 23 24 25 26 27 28 29 30 31 32 33 34 35 36 37 38 39 41 44 45 46 47 48 49 50 51 52 53 54 55 56 57 58 59 60 63 64 66 67 68 69 70 71 72 73 74 75 76 77 78 79 80 81 82 83 84 85 88 89 90 91 93 94 95 96 97 98 99 100
67 1 68 76
68 2 4 9 10 11 13 14 15 16 18 19 20 21 22 24 25 26 27 29 31 33 34 36 38 41 42 44 45 51 53 54 56 57 60 63 65 67 69 71 72 73 77 78 79 81 82 83 84 85 89 90 93 94 95 96 97 98 100
69 16 36 69 53 7 9 93 47
70 1 2 3 4 5 6 7 8 9 10 11 12 13 15 16 18 19 20 21 23 24 26 27 28 29 30 31 32 35 37 38 39 40 41 42 43 44 45 46 47 48 51 52 56 57 59 60 61 63 64 65 66 67 68 69 70 71 72 74 76 77 78 79 80 81 82 83 84 86 89 90 92 93 94 95 96 97 98 99 100
71 2 3 4 6 7 8 10 11 12 13 14 15 17 18 21 24 25 26 27 28 30 31 33 34 35 36 37 38 40 41 42 43 44 45 47 48 49 54 55 56 57 58 59 60 61 62 63 65 66 67 68 69 72 73 74 76 78 79 80 81 83 84 86 87 88 89 91 92 93 95 97 98 99
72 2 68 4 76 13 15 17 18 20 86 89 25 26 94 33 35 100 40 45 49 50 51 55 56 60 63
73 1 2 67 4 68 69 6 70 10 12 76 13 79 15 16 81 82 84 85 21 86 23 92 29 94 95 32 97 34 37 38 39 41 42 43 45 47 61 62
75 1 2 3 4 6 7 8 9 10 11 12 13 14 15 17 18 19 20 21 22 23 24 25 26 27 28 29 30 31 32 33 34 36 37 38 40 41 42 43 44 45 46 47 48 49 50 51 52 53 54 55 56 59 60 61 62 63 64 65 66 67 68 69 70 72 73 74 75 76 77 78 79 80 81 82 83 85 86 88 89 92 93 94 95 96 97 98 99 100
76 97 34 100 37 5 69 74 44 76 46 15 79 51 83 20 52 22 86 25 26 93
77 64 4 69 70 6 71 8 75 12 77 13 78 14 15 16 82 20 21 85 22 86 23 87 89 25 26 27 91 28 94 31 95 98 34 99 36 38 41 42 43 44 45 47 50 51 61
78 53 86
79 2 3 5 6 7 13 14 18 19 20 22 27 28 29 30 31 32 33 34 37 38 39 40 41 42 44 46 50 52 55 58 61 62 63 67 68 69 70 72 73 74 76 77 78 79 80 81 83 85 87 90 93 94 97 100
80 1 2 3 4 5 7 8 9 11 12 13 14 15 16 19 22 23 24 25 26 27 28 29 30 31 32 33 34 36 37 38 39 40 41 43 44 45 46 48 50 51 53 54 55 56 57 58 59 60 61 62 63 64 65 67 68 70 71 72 73 74 75 76 77 78 79 80 81 82 84 85 86 87 88 90 91 92 93 94 95 96 97 98 99 100
81 64 56 74 63
82 4 6 8 9 11 12 13 14 16 17 20 21 22 24 28 29 30 31 33 35 37 38 40 42 43 47 49 50 51 53 55 58 60 63 64 65 69 70 71 73 76 78 79 80 81 85 86 87 90 92 95 97 98
83 2 3 4 5 6 7 9 11 13 15 16 17 19 20 21 22 23 25 26 28 29 30 34 35 36 38 42 43 44 45 48 49 51 52 53 54 56 57 58 59 60 61 62 63 64 65 66 67 70 71 72 73 76 78 79 81 82 83 84 85 86 88 90 91 92 93 94 95 98 100
84 1 2 3 4 5 6 7 8 9 10 11 12 13 14 15 16 17 18 19 20 21 22 23 24 25 26 27 28 29 30 31 32 33 34 35 36 37 38 39 40 41 42 43 44 45 46 47 48 49 50 51 52 53 54 55 56 57 58 59 60 61 62 63 64 65 66 67 68 69 70 71 72 73 74 75 76 77 78 79 80 82 84 85 87 88 90 91 92 93 94 95 96 97 98 99
85 99 70 73 41 11 47 84 20 87 89 60 92 93 63
86 67 4 69 5 8 73 74 10 11 76 78 15 80 81 20 89 26 27 94 95 34 40 45 46 47 50 51 54 59 60 63
87 3 6 7 8 9 11 13 16 18 20 21 22 23 24 25 27 28 29 32 33 36 37 38 40 43 44 45 46 48 50 51 52 53 54 55 56 57 61 63 64 66 69 70 71 73 74 75 78 79 80 81 83 85 86 87 88 89 91 93 95 96 97 98
88 1 4 5 9 10 13 15 16 17 18 19 20 22 23 25 26 28 29 30 31 33 34 35 36 38 42 43 44 45 47 49 50 51 52 53 54 56 57 58 59 63 64 65 66 70 71 72 74 77 78 81 83 84 88 89 91 92 93 94 95 96 97 98 100
89 65 5 71 72 9 10 11 76 12 13 77 78 14 79 18 82 19 85 87 88 26 91 27 28 29 31 32 33 97 34 36 37 38 41 42 45 47 53 54 57 60
90 64 98 99 68 70 8 74 11 75 44 14 16 49 82 86 23 55 87 88 89 90 95
91 64 33 97 36 100 37 39 40 77 15 51 21 88 58 92 61
92 1 66 70 6 7 72 73 75 13 16 80 17 83 19 20 85 22 87 90 91 31 96 32 33 98 35 39 41 47 50 52 54 58
93 65 5 69 70 6 7 10 11 75 14 15 82 84 20 21 85 86 22 87 25 92 29 30 94 31 99 35 100 36 38 41 49 52 53 54 55 57 58 59 60 61 63
94 2 3 5 6 7 9 10 11 12 15 16 18 19 20 21 23 24 25 26 27 28 30 33 34 35 36 37 38 40 41 42 44 45 47 48 50 52 53 54 56 57 59 60 63 64 65 66 67 68 69 70 72 73 74 75 76 77 78 79 80 81 82 84 85 86 87 88 89 90 92 93 94 95 96 97 98 99 100
95 1 6 7 10 11 13 17 18 19 21 24 25 27 28 29 31 32 34 37 38 40 41 43 44 45 46 48 49 50 51 52 55 58 59 61 62 66 67 69 73 75 87 88 89 91 93 94 95 96 98 99 100
96 1 2 4 5 6 7 8 9 11 12 13 15 17 18 19 20 21 22 24 28 31 32 33 34 36 37 38 39 41 42 44 45 46 47 48 51 52 53 54 57 58 60 61 66 67 70 71 72 73 74 75 77 79 80 81 82 83 84 85 87 88 89 90 91 92 93 94 96 97 99
97 1 2 3 4 5 6 7 8 9 10 11 12 14 15 16 17 18 19 20 21 22 23 24 25 26 27 28 29 30 31 33 34 36 37 38 39 40 41 42 43 44 45 46 47 48 49 50 51 52 53 54 55 56 57 58 59 60 61 62 63 65 66 67 68 69 70 71 72 73 75 76 78 79 80 81 82 83 84 85 86 87 88 89 90 91 92 93 94 95 96 97 98 99 100
98 1 2 3 4 5 6 7 8 9 10 11 12 13 14 17 18 19 20 21 22 23 24 26 27 28 29 31 32 33 35 36 40 41 42 43 44 46 47 48 50 51 52 53 54 55 56 57 59 60 62 63 64 65 66 67 68 69 70 71 72 73 74 75 76 79 80 81 82 83 84 85 86 87 88 89 91 92 94 95 96 97 98 99 100
99 1 3 4 5 6 7 9 10 11 12 13 14 16 17 18 19 20 21 22 23 24 25 26 27 28 30 31 32 33 35 36 37 38 39 40 41 44 45 46 48 49 50 52 53 54 55 58 59 60 61 62 63 64 65 66 67 68 69 70 73 74 75 76 77 78 79 80 81 83 84 85 86 87 88 89 90 91 92 93 94 95 96 97 98 99 100
100 2 3 4 5 6 7 8 9 10 11 12 13 15 16 17 18 19 20 21 22 24 25 26 27 28 29 30 31 32 33 34 35 36 37 38 39 40 41 42 43 44 45 46 47 48 49 50 51 52 53 54 55 56 57 58 59 60 61 62 63 64 66 67 68 69 73 74 75 76 78 79 80 81 82 83 84 85 87 89 90 91 92 93 94 95 96 97 98 99 100
101 33 97 66 3 5 6 39 40 72 14 15 49 50 84 52 20 85 54 24 25 57 62 31 63
102 32 97 34 100 38 71 39 7 41 77 49 52 21 88 90 27 92 61 95 31
103 1 2 3 4 5 6 7 8 9 10 11 12 13 14 15 16 18 19 21 23 24 25 26 27 29 30 31 32 33 34 37 39 40 41 43 44 45 47 48 49 50 52 53 55 56 57 58 59 60 61 62 64 65 66 67 68 70 71 74 75 76 77 78 79 80 81 82 83 85 86 88 89 90 91 92 93 94 95 96 97 98 99 100
104 1 2 3 5 6 7 9 10 11 12 13 14 15 16 18 19 21 22 23 25 27 28 31 32 33 34 35 37 39 42 44 47 49 50 51 52 54 60 61 62 63 64 65 66 67 68 69 70 71 74 75 77 78 79 80 81 82 84 88 89 91 92 94 96 98
105 1 2 3 4 5 7 8 9 10 11 12 13 14 15 16 17 18 19 20 21 22 23 24 26 27 28 29 30 31 32 33 34 35 36 37 38 39 40 41 42 43 44 45 46 47 48 49 51 52 53 54 55 56 57 58 59 60 61 62 63 64 65 66 67 68 69 70 71 72 73 74 75 76 77 78 79 80 81 82 83 84 85 86 87 88 89 90 91 92 93 94 95 96 98 99 100
106 50 19 4 36 100 9 42 14
107 34 35 21 70 54 7 8 10 74 75 27
108 65 1 2 68 12 77 13 14 81 82 24 90 28 33 98 36 100 37 40 42 43 47 52 53 57
109 1 2 4 5 6 8 10 12 15 23 25 26 27 30 31 35 36 37 39 40 41 44 45 48 49 50 51 52 53 55 56 57 60 62 64 66 67 71 72 73 74 75 77 78 80 81 83 84 86 89 90 92 93 94 96 97 98 99 100
110 2 4 5 6 7 9 10 12 15 16 17 18 20 22 23 24 25 27 28 29 30 32 33 34 35 36 37 38 39 40 41 42 43 44 46 47 48 49 50 51 52 53 55 56 57 58 60 61 62 63 64 65 66 68 69 70 71 72 75 76 77 78 81 84 86 89 90 91 92 93 96 97 98 99
111 1 3 4 8 9 10 11 12 13 16 18 20 24 25 27 30 31 33 34 35 36 40 49 50 51 56 57 58 59 60 61 62 64 66 67 68 69 70 71 72 74 77 78 80 81 84 85 87 94 95 96 99 100
112 1 3 5 6 7 9 10 12 13 14 15 16 17 18 20 22 24 26 27 28 30 31 33 34 35 36 41 42 44 45 46 48 49 51 52 53 54 57 58 59 60 61 62 63 67 68 69 70 71 72 73 75 76 77 78 79 80 81 82 84 85 86 87 88 89 90 91 92 94 95 96 97 100
113 83 57 26
114 96
115 1 67 3 6 7 9 11 77 78 16 17 81 83 20 85 23 87 88 25 89 28 29 32 97 36 38 45 52 55 63
116 1 2 4 5 6 7 9 12 13 15 18 19 20 21 22 24 26 27 28 31 33 35 37 38 39 42 43 46 48 49 50 51 53 54 57 58 61 62 63 65 66 77 78 79 80 81 84 87 88 89 91 92 93 97 99 100
117 2 4 5 7 8 9 10 12 13 15 18 19 20 23 24 25 27 28 29 31 32 33 34 36 37 38 40 41 42 48 49 51 52 53 54 55 58 59 61 63 68 69 70 72 73 74 77 78 79 80 83 88 89 90 91 92 93 94 95 96 97 98 99 100
118 48 80 54
119 1 2 4 5 6 7 8 9 10 11 12 13 14 15 16 17 18 19 20 21 22 23 24 25 26 27 28 29 30 31 32 33 35 36 37 38 39 40 41 42 43 44 45 46 48 50 51 52 53 54 55 56 57 58 59 61 62 63 64 65 66 67 70 71 72 73 74 75 76 77 78 79 80 81 82 85 86 87 88 90 91 92 93 95 96 97 98 99
120 67 5 69 6 73 74 75 13 77 78 15 80 17 20 21 86 24 89 30 95 31 96 34 99 100 37 38 39 40 43 44 46 48 51 54 58 59 60 63
121 1 2 3 4 5 6 7 8 9 10 11 13 15 16 17 18 19 20 21 22 23 24 25 26 27 28 32 33 34 36 37 38 41 42 43 44 46 47 48 49 51 52 53 54 55 56 57 58 59 60 61 62 63 64 65 66 67 68 69 70 72 73 74 75 76 78 79 81 83 84 85 86 88 89 90 91 92 93 94 95 96 97 98 99 100
122 64 3 67 68 4 5 6 9 13 15 81 82 20 24 90 93 95 96 34 35 38 40 43 47 49 53 54
123 2 4 68 70 7 8 9 73 11 75 76 79 81 17 24 91 92 28 29 31 95 32 97 35 36 38 39 40 42 46 47 50 52 54 55 60 61 63
124 1 2 3 4 5 6 7 9 10 11 12 13 14 15 16 17 18 19 20 21 22 23 24 25 26 27 28 29 30 31 33 34 35 36 37 38 39 40 41 43 44 45 46 47 48 49 50 51 52 53 54 55 56 57 58 59 60 61 62 63 64 65 66 67 68 69 70 72 73 74 75 76 77 78 79 80 81 82 83 84 85 86 87 88 89 90 92 93 94 95 96 97 98 99
125 64 1 66 67 3 68 5 69 8 10 11 75 76 78 14 79 80 81 19 20 84 25 29 93 30 31 96 33 35 99 36 37 38 40 41 43 44 49 50 52 55 57 58 59 61 62
126 7 8 78
127 1 2 3 4 5 6 7 8 9 10 12 13 14 15 16 17 18 19 20 21 22 24 25 26 27 28 30 31 32 34 37 38 39 40 41 42 43 44 46 47 49 50 51 54 55 56 59 60 61 63 67 69 70 71 72 73 75 76 77 78 79 80 81 83 84 86 87 88 90 91 92 93 94 96 99 100
128 1 2 4 5 6 8 9 10 12 13 15 16 17 18 19 20 21 23 24 26 27 28 29 30 31 32 33 35 38 40 41 44 45 46 47 48 49 50 52 53 54 56 60 61 62 63 65 66 68 70 72 73 74 76 78 79 80 82 83 84 85 86 87 88 89 90 91 92 93 94 96 97 98 99 100
129 32 97 35 67 68 38 41 10 46 14 80 16 82 52 85 22 56 26 28 93 61 95
130 48 1 50 70 86 42 75 28 61 14 15 95
131 1 2 3 5 6 7 8 9 10 11 12 13 14 15 16 17 18 19 20 21 22 23 24 25 26 27 28 29 30 31 32 33 34 35 36 37 38 39 40 41 42 43 44 45 46 47 48 49 50 51 52 53 54 55 56 57 58 59 60 61 62 63 64 65 66 67 68 69 70 71 72 73 76 77 78 79 80 82 84 86 87 88 89 91 92 93 94 95 96 97 98 99 100
132 3 4 5 6 7 8 9 10 11 12 13 14 17 18 20 22 23 24 25 26 27 28 30 31 32 33 34 35 36 37 38 39 40 41 42 43 44 48 49 50 51 52 54 55 56 57 58 59 60 62 63 64 66 67 68 69 72 73 74 75 76 77 78 82 85 87 88 89 91 92 94 95 97 98 99 100
133 52 58 76 29
134 64 66 2 4 69 74 11 75 12 80 18 82 19 83 22 88 26 91 93 94 31 35 39 43 45 48 49 57 58 59 60
135 64 1 2 66 3 4 68 70 71 72 73 9 75 12 78 16 83 20 85 21 22 24 88 89 90 29 95 96 32 33 98 34 35 99 100 44 45 50 51 53 55 56 58
136 2 3 4 5 6 7 9 10 11 12 14 15 16 17 18 20 21 22 23 24 25 26 27 28 29 30 31 32 33 34 35 37 38 39 40 41 42 44 45 46 47 48 49 50 51 52 53 55 56 57 58 59 62 63 64 67 69 70 72 73 75 78 79 80 81 82 83 84 85 86 87 88 89 90 91 92 94 95 97 99
137 65 33 4 100 6 39 73 43 12 13 84 52 23 55 24 89 59 91 31
138 1 2 3 4 6 7 10 12 14 15 16 18 19 20 21 23 25 27 28 29 30 31 34 35 37 38 39 40 42 43 44 45 46 49 52 53 54 55 58 59 61 62 63 64 65 66 67 69 71 73 75 76 77 78 79 81 83 86 87 88 89 91 92 95 96 97 98 100
139 1 2 3 4 5 7 9 10 14 15 17 18 21 24 26 29 31 32 33 36 40 41 42 43 44 46 47 48 49 50 51 53 54 55 58 59 60 61 62 63 64 65 66 67 69 71 73 74 75 76 77 78 79 81 83 84 85 86 88 89 90 91 92 93 94 95 97 99
140 6 7 8 11 12 13 14 15 16 17 19 22 23 24 25 26 28 29 30 32 33 34 35 36 37 38 39 41 45 46 48 49 50 51 53 54 55 57 58 61 64 65 66 67 68 69 71 73 75 76 77 78 81 82 83 84 85 86 87 88 90 91 92 93 94 95 96 97 99
141 56 44 60
142 1 2 3 4 5 6 8 9 10 11 12 13 14 15 16 17 18 19 20 21 22 23 24 25 26 27 28 29 30 31 32 33 34 35 36 37 38 39 40 42 43 44 45 46 47 48 49 50 51 53 54 55 56 57 58 60 61 62 63 64 65 66 67 68 69 70 71 72 73 74 75 77 78 79 80 81 82 84 86 87 88 89 90 91 92 93 94 95 96 97 98 99 100
143 1 2 3 4 6 7 8 9 10 11 12 13 14 15 16 17 18 19 21 22 23 24 25 26 27 28 29 30 32 33 34 35 36 37 38 39 40 41 42 43 44 46 47 48 49 50 51 52 53 54 55 56 57 58 59 60 62 63 64 65 66 67 68 69 70 71 72 73 74 75 76 77 78 79 80 81 84 85 86 87 88 89 90 91 92 93 94 95 96 97 99 100
144 1 2 4 7 8 9 10 11 14 16 17 18 21 23 25 26 27 30 32 33 35 38 41 45 47 48 51 53 54 56 58 59 61 62 63 66 69 71 77 78 79 80 82 85 86 90 92 94 95 96 97 98 99
145 33 2 68 6 72 44 45 54 56 25 58 62 63
146 1 2 5 6 7 8 9 10 13 14 17 18 20 21 22 24 25 26 27 28 29 30 31 32 34 36 37 38 39 41 43 44 45 47 49 50 51 53 54 55 56 57 58 60 63 64 65 67 68 69 70 72 73 74 75 78 79 80 83 84 85 86 87 88 89 90 91 92 94 95 96 97 98 99
147 97 2 34 3 99 37 70 39 40 41 9 74 76 77 14 49 19 52 56 27
149 1 2 3 5 6 7 8 11 12 13 14 15 17 20 21 24 26 27 28 29 30 34 35 36 38 39 40 41 43 44 45 46 47 48 50 51 53 54 55 56 57 58 59 60 62 63 64 67 68 69 70 71 72 73 74 78 80 81 82 85 87 89 90 91 92 94 96 97 98 99 100
150 1 2 3 4 5 6 7 8 10 11 12 13 14 15 16 19 20 22 24 25 29 30 32 33 34 36 37 38 39 40 41 42 43 44 45 46 47 48 49 50 52 53 54 55 58 59 60 61 62 63 64 65 66 67 68 69 70 71 72 73 74 76 80 81 83 84 85 86 87 89 90 91 92 93 94 95 97 99
151 2 3 68 69 70 71 72 11 12 78 15 17 82 19 91 92 93 30 39 40 41 42 44 47 49 51 52 56 57
152 1 3 4 6 8 9 10 11 12 13 14 15 16 18 19 22 23 24 25 26 27 28 29 30 31 32 33 34 35 36 37 38 39 42 43 44 46 47 48 49 51 52 53 54 55 56 57 58 60 62 63 64 65 66 67 68 69 70 71 72 73 74 75 79 81 84 86 88 89 90 91 92 93 94 95 96 98 100
153 49 3 38 7 88 25 31 63
154 64 67 4 6 71 8 72 10 74 11 77 78 15 79 80 81 19 84 85 22 87 25 90 26 91 96 97 99 100 38 41 42 45 47 49 52 55 58 61 62 63
155 48 21 55 28 12 60
156 1 2 3 4 5 8 9 10 11 14 17 18 19 20 21 22 23 24 27 28 31 33 34 36 37 38 39 40 41 42 43 44 45 46 47 49 51 53 54 55 56 57 59 61 62 64 68 69 70 73 74 75 76 77 79 80 82 83 84 85 86 88 89 90 92 94 95 96 98 99 100
157 1 2 3 4 6 7 10 11 12 15 17 19 20 22 23 24 25 27 28 29 30 31 32 33 35 38 39 40 41 43 44 46 47 48 49 53 59 61 62 65 66 71 76 77 80 81 85 86 88 94 95 98
158 1 2 3 4 5 6 7 8 9 10 11 12 13 14 15 17 18 19 20 21 22 23 24 25 26 27 28 29 30 31 32 33 34 35 36 37 38 40 41 42 43 44 45 46 47 48 49 50 51 52 53 54 55 56 57 58 59 60 61 62 64 65 66 67 68 69 70 71 72 73 74 75 76 77 78 79 80 81 82 83 84 85 86 87 88 89 90 91 92 93 94 95 96 97 98 99 100
159 2 3 4 5 6 7 8 9 10 12 13 18 20 22 27 28 29 30 32 34 35 36 37 39 40 41 46 47 52 55 56 59 60 62 63 65 68 69 73 78 81 82 83 84 86 88 90 92 94 95 98 100
160 1 2 5 70 6 71 7 73 9 11 77 78 16 80 81 17 86 26 27 93 95 96 33 34 98 99 39 45 47 48 49 51 54 59 61
161 64 1 2 3 69 6 71 7 9 11 12 77 16 18 83 19 84 21 85 22 24 25 89 26 91 28 29 30 95 31 96 32 33 99 37 41 42 43 44 49 55 58 60 63
162 2 3 5 6 9 12 13 14 15 17 18 19 22 24 25 31 32 33 34 35 36 37 38 39 41 43 44 45 46 49 51 53 56 57 59 61 62 64 65 67 71 75 76 77 79 81 82 85 87 89 90 91 92 97 99 100
163 4 6 10 13 14 17 20 21 22 23 25 27 28 30 34 35 37 38 39 41 47 48 52 53 55 59 60 62 66 67 68 69 71 74 75 77 78 79 80 81 82 83 85 86 88 89 94 95 96 99
164 1 2 3 6 8 10 11 12 13 14 16 17 18 19 20 21 22 23 24 26 27 28 29 30 31 33 34 36 37 38 39 40 41 42 43 44 46 47 48 49 52 53 55 56 58 59 60 61 63 65 66 67 68 69 70 71 72 73 74 75 76 78 80 82 83 84 85 86 87 88 89 90 91 92 93 94 95 97 98 100
165 65 3 67 70 8 9 75 13 78 80 82 21 85 89 26 27 94 95 96 97 98 34 99 36 38 40 41 42 43 46 48 53 54 58 63
166 1 2 3 4 5 6 7 9 11 12 19 22 23 25 26 27 28 32 35 38 40 43 45 46 48 49 50 51 53 56 57 58 59 61 63 64 74 76 80 82 83 84 86 88 90 91 92 96 97 98
167 98 99 39 41 9 10 11 76 77 79 17 20 25 90 91 30
168 1 2 3 5 6 7 9 10 11 14 15 16 17 18 20 21 22 25 27 28 29 30 31 32 34 35 36 37 38 39 40 43 44 45 46 47 48 49 52 54 56 57 58 59 60 61 62 66 68 69 70 71 74 76 77 78 79 80 81 82 83 84 85 86 89 90 91 93 94 95 96 97 98 99 100
169 2 3 6 7 8 10 11 14 15 17 19 20 22 23 25 26 27 28 29 32 33 34 35 36 37 38 41 42 44 45 48 49 53 55 56 57 59 60 61 62 64 65 66 69 70 72 73 74 76 77 79 80 81 83 84 85 86 87 88 89 91 93 95 97 98 100
170 97 66 68 36 70 7 72 46 78 80 48 16 49 18 22 54 24 58 62 30 95
171 3 4 6 9 10 11 13 14 15 16 17 19 20 21 22 24 26 30 32 34 35 37 38 39 40 41 43 45 46 48 49 50 51 54 55 56 57 63 65 68 69 70 71 73 74 75 77 78 79 80 81 83 84 87 88 90 91 92 94 95 97 98
172 68 69 72 9 78 14 79 81 19 21 22 23 89 90 28 30 96 32 33 97 100 36 37 38 39 41 48 49 50 51 52 55 56 58 61 62 63
173 69 45
174 32 98 99 5 8 41 42 15 82 84 86 25 59 28 30
175 34 50 83 69 70 87 56 40 61 14 31
176 1 2 3 4 5 6 7 8 9 10 11 12 13 14 15 16 17 18 19 20 21 22 23 24 25 26 27 28 29 30 31 32 33 34 35 36 37 38 39 40 41 42 43 44 45 46 47 48 49 51 52 53 54 55 56 57 58 59 61 62 63 64 65 66 67 68 69 70 71 73 74 75 76 77 78 79 80 81 82 83 84 85 86 87 88 90 91 92 93 94 95 96 97 98 99 100
177 64 1 2 3 7 71 73 10 14 15 81 22 86 24 90 91 94 97 34 100 37 41 43 45 53 54 55 56 58
178 80 81 83 20 21 85 38 72 12 13 30
179 64 65 67 4 70 12 13 77 79 80 81 82 21 23 89 25 90 27 92 32 33 35 38 40 41 43 44 48 53 56 57 58 61
181 2 4 6 7 8 9 10 11 13 15 20 21 22 23 25 29 30 32 34 36 37 38 41 42 43 44 45 46 47 49 50 52 53 54 56 59 60 61 62 63 64 66 67 68 69 71 72 74 75 77 78 79 80 81 83 84 86 87 88 89 90 93 96 97 98 99
182 3 5 6 7 9 10 11 16 17 19 20 21 22 23 24 25 26 27 31 33 34 35 37 38 42 43 44 45 47 49 50 51 53 57 58 60 61 62 63 66 67 69 72 73 74 75 77 78 79 80 81 88 89 90 93 94 95 100
183 82 11
184 83 69 88 10 90 59 43 45 29 62 30 47
185 4 5 6 7 8 15 16 17 18 20 22 24 25 26 27 28 29 30 31 32 33 34 35 37 41 42 43 44 45 47 48 51 52 53 55 56 57 59 60 61 62 63 65 68 70 71 72 77 79 80 82 83 85 87 89 90 91 93 94 95 96 99
186 64 65 3 67 8 9 73 74 12 13 78 15 19 23 24 25 91 92 29 94 95 32 33 34 36 50 53 56 59
187 1 2 3 4 5 7 8 9 10 11 12 13 14 15 17 18 19 20 21 22 25 26 27 28 29 30 31 33 34 35 36 37 40 41 43 44 45 46 47 49 50 51 52 53 54 55 56 57 58 59 60 61 63 64 65 66 67 68 69 70 71 72 73 74 75 76 77 79 80 81 82 83 85 86 87 88 89 90 91 92 93 94 95 96 97 98 99 100
188 39 8 12 79 47 16 83 84 86 54 55 57 25
189 1 2 4 5 6 7 12 14 17 20 21 22 23 27 29 31 32 33 34 35 37 40 42 44 45 46 47 49 50 52 53 54 57 58 61 63 65 66 67 68 70 73 74 75 80 82 84 86 87 88 89 90 92 100
190 2 3 5 6 8 10 11 12 13 16 17 19 20 22 23 26 27 28 33 36 39 45 47 49 50 54 58 60 61 63 64 66 67 68 72 73 75 76 77 78 79 81 84 85 86 87 89 90 91 92 97
191 1 2 5 7 10 11 13 16 17 23 24 25 26 28 29 33 37 38 40 41 42 43 44 47 48 51 55 56 58 59 62 65 66 67 68 70 72 75 78 80 83 85 87 88 90 91 92 95 98 99
192 1 97 67 3 5 7 40 11 75 79 19 88 24 92 60 93
193 1 2 3 4 5 6 7 8 9 10 11 12 13 14 15 16 19 20 21 22 23 24 26 27 29 30 31 32 33 34 35 36 37 38 39 40 41 43 44 45 46 47 48 49 50 51 52 53 54 55 56 57 58 59 60 61 62 63 64 65 66 67 68 69 70 71 72 73 74 75 76 77 78 79 80 81 82 83 84 85 87 88 89 91 92 93 94 95 96 98 99 100
194 1 66 2 3 4 69 70 8 73 75 11 12 77 13 79 15 82 18 19 21 86 23 87 88 91 92 93 95 97 33 34 98 99 35 100 37 42 47 52 53 57 58 61 63
195 1 2 3 4 6 8 9 10 12 13 14 16 17 18 19 20 21 22 23 24 25 26 27 28 29 31 32 33 35 36 37 38 39 41 42 43 44 45 46 47 48 50 51 52 53 54 55 57 58 59 60 61 62 64 66 68 69 70 71 72 73 74 75 76 78 79 80 83 84 85 86 87 90 91 93 94 95 97 98 100
196 16 49 20 8 75 44 61 47
197 1 3 4 5 6 7 8 10 11 12 13 14 15 17 18 19 20 21 23 24 27 28 29 30 31 32 33 34 35 36 37 38 40 41 42 43 45 46 47 49 51 52 53 54 55 56 57 58 59 61 62 63 64 65 68 70 71 72 73 74 75 76 77 78 79 80 81 82 83 84 85 87 88 91 95 96 97 98 99 100
198 5 6 9 10 11 12 18 19 20 21 22 23 24 25 26 30 31 32 35 36 39 40 41 42 43 44 49 51 53 56 59 61 64 66 69 74 75 76 78 79 80 81 83 84 85 88 92 94 98
199 1 2 3 4 5 7 8 9 10 11 12 13 14 15 16 17 18 19 20 21 22 23 24 25 26 27 28 29 31 32 33 34 35 36 37 38 39 40 41 42 43 44 45 46 47 48 49 50 51 52 53 54 55 56 57 58 59 60 61 62 63 64 65 66 68 69 70 71 72 73 74 75 76 78 79 80 81 82 83 84 85 86 87 88 89 91 92 93 96 97 98 99
COST_INSTALL_SERVER_AND_PROGRAMS :
0 7 5 1 4 3 3 3 1 5 5 2 1 2 5 3 2 4 5 1 3 1 1 3 5 2 1 2 3 4 1 2 4 1 2 2 4 4 2 1 5 2 3 1 2 3 3 5 2 3 1 1 1 1 5 5 3 5 4 2 3 2 1 4 1 4 4 2 2 2 1 5 1 2 1 2 5 5 4 2 3 1 3 1 4 4 2 3 3 1 5 1 3 2 1 3 1 3 5 1 2 4
1 9 5 2 2 2 1 2 2 5 2 2 1 5 1 3 5 4 1 2 2 3 1 3 4 3 4 1 3 5 2 5 3 4 5 1 2 1 3 2 4 5 3 1 3 4 2 1 4 5 3 3 2 2 2 1 1 5 3 5 1 3 1 5 4 3 5 2 2 1 4 4 5 3 5 1 5 4 3 3 5 1 4 2 4 5 1 1 3 3 4 5 1 4 4 2 1 1 2 3 2 2
2 6 4 4 2 1 3 4 4 3 2 4 5 3 5 3 2 4 4 2 3 4 5 3 3 3 4 3 5 4 3 4 1 5 4 2 5 2 5 2 3 5 2 4 3 4 2 5 3 1 2 4 1 3 2 2 1 4 1 4 5 5 4 3 4 1 5 2 3 4 2 4 4 1 4 3 4 3 2 2 3 2 1 1 1 4 5 4 2 5 4 5 5 3 5 1 4 3 3 3 1 3
3 9 4 5 5 2 2 1 4 5 4 4 5 4 4 5 1 1 4 1 1 5 4 1 1 4 4 5 5 4 4 5 1 3 4 3 1 5 4 5 3 4 2 5 4 4 4 4 3 2 2 3 5 3 4 1 4 5 2 1 2 4 3 2 4 2 4 1 1 3 2 4 2 3 1 4 5 5 1 1 3 2 3 3 4 1 3 4 3 5 5 4 1 4 5 4 5 3 3 5 4 2
4 7 1 5 2 4 5 4 2 4 1 4 5 3 1 1 2 5 2 5 1 4 1 1 1 1 1 5 2 2 1 1 4 5 4 4 5 2 4 5 5 1 3 1 2 2 1 4 1 1 3 4 2 5 1 3 1 5 2 5 2 5 1 2 1 2 5 1 4 2 1 5 4 4 2 3 2 1 3 5 1 4 5 2 5 4 2 3 2 3 4 5 5 3 2 5 4 3 4 4 1 2
5 15 3 3 1 4 1 4 2 1 4 5 4 3 3 4 5 1 1 5 2 2 5 4 3 1 5 2 4 4 1 3 2 3 3 2 3 2 4 5 2 4 3 3 4 1 5 1 2 3 2 1 1 5 2 4 1 4 4 4 5 1 4 2 2 5 5 3 3 5 2 2 1 4 5 5 2 4 5 3 2 2 2 5 3 2 5 2 5 2 2 4 1 2 3 5 5 1 1 3 5 2
6 9 5 4 4 1 5 2 2 1 1 3 5 5 1 5 2 3 1 3 1 5 5 3 2 2 3 2 1 1 3 3 2 5 5 2 3 5 2 5 2 5 1 4 1 1 1 2 4 2 4 2 4 3 5 1 4 4 1 5 5 1 5 5 5 3 2 1 2 3 1 1 5 5 4 2 1 3 4 2 2 1 2 5 2 4 3 1 3 3 1 5 3 1 1 5 5 4 2 1 5 2
7 14 2 3 3 4 2 2 2 5 1 2 5 2 1 1 1 3 5 2 3 5 3 4 3 5 2 1 4 4 4 2 4 1 2 3 2 3 1 1 3 3 5 2 2 2 4 3 4 4 3 2 4 1 4 3 4 2 4 4 4 4 5 5 4 2 5 4 5 1 3 5 2 2 5 4 4 2 3 3 3 4 3 4 2 4 1 1 3 3 2 2 5 5 3 1 2 4 2 5 5 3
8 6 2 5 2 2 2 2 4 5 3 3 2 5 2 2 1 3 3 3 5 1 3 2 1 2 5 4 3 2 2 2 4 4 4 5 2 2 4 5 4 2 5 3 5 4 3 4 5 2 3 4 4 3 4 1 4 4 4 2 1 2 1 5 1 3 5 1 5 4 2 2 5 4 3 1 5 2 1 3 3 3 5 2 3 4 2 5 3 3 5 2 1 4 3 3 5 5 1 3 1 1
9 11 1 4 5 4 2 5 5 1 2 5 5 3 3 3 2 3 4 4 4 5 4 2 2 5 4 3 1 4 3 5 2 3 1 2 3 2 5 1 5 5 2 3 4 3 2 3 2 2 2 3 2 3 4 1 5 2 1 3 3 4 3 2 5 4 5 5 5 4 2 5 2 5 3 3 3 5 3 2 5 5 1 3 1 4 3 2 4 2 5 4 4 1 1 3 4 5 2 4 1 3
10 7 2 5 2 2 4 4 4 2 5 5 1 4 5 3 2 5 3 2 4 1 1 4 1 4 5 3 1 3 2 2 1 1 4 1 5 2 5 5 1 4 2 3 3 3 4 2 3 3 5 1 2 3 3 3 4 1 5 2 2 4 2 3 1 4 1 4 5 1 3 3 3 5 3 2 2 1 2 5 2 3 3 3 4 2 2 4 2 4 3 4 2 3 5 5 5 3 2 3 4 4
11 9 5 3 3 5 1 3 3 3 4 4 4 1 4 2 3 2 2 3 3 1 5 3 2 4 3 3 5 3 1 4 1 3 3 4 3 2 1 1 2 4 1 5 4 1 1 4 1 4 5 3 2 3 3 1 4 4 1 1 2 2 4 1 2 2 4 3 3 4 5 5 3 2 3 1 4 1 1 3 5 1 2 5 4 1 4 2 5 5 1 5 3 1 5 4 2 1 4 5 4 5
12 13 1 2 2 2 1 5 3 1 5 4 3 5 2 5 2 5 2 1 2 2 4 2 1 5 4 3 2 1 3 2 4 5 4 2 1 2 5 2 2 4 2 4 4 4 5 2 3 4 4 4 5 5 5 5 3 5 3 5 3 2 4 3 1 4 1 2 3 2 5 2 4 2 2 1 1 1 3 2 2 4 5 2 1 5 4 2 3 5 4 1 3 2 2 3 4 3 2 5 1 3
13 11 2 4 1 5 3 2 5 1 3 2 2 1 3 1 2 5 4 2 5 3 3 1 4 1 5 5 4 1 4 1 5 4 2 2 2 2 2 5 3 1 2 5 5 2 4 5 1 1 4 5 1 4 2 2 1 2 1 4 4 3 3 3 1 2 5 5 5 4 3 2 3 2 1 5 2 3 1 3 4 3 4 4 3 5 1 2 1 3 1 2 3 5 5 4 1 4 4 5 2 4
14 11 4 2 1 2 5 2 1 3 2 4 3 4 4 2 5 4 3 1 3 3 1 3 4 5 5 3 2 4 2 2 1 2 5 2 4 4 5 3 4 3 4 5 5 5 3 4 1 2 4 2 2 4 4 2 5 5 4 2 1 4 2 1 5 3 2 2 2 5 2 3 2 5 1 2 3 3 4 3 5 2 2 1 4 5 5 2 4 2 4 4 3 4 1 5 2 4 4 4 2 2
15 8 1 5 4 2 5 3 2 4 3 3 2 4 5 3 2 1 4 3 1 1 2 2 4 5 3 3 2 3 4 4 5 3 4 1 1 3 5 5 2 2 1 1 2 5 3 3 3 2 5 5 1 1 4 5 2 1 5 2 2 2 3 1 2 2 1 1 2 3 5 1 2 4 2 2 3 4 3 2 4 1 5 5 1 1 5 1 2 1 1 3 5 1 2 4 2 2 5 5 2 3
16 11 3 2 2 4 4 2 4 1 3 1 4 1 3 3 5 5 1 3 2 3 2 4 4 2 2 3 1 2 5 4 1 1 5 5 2 4 4 2 1 5 2 1 4 4 1 4 5 3 3 1 4 3 5 4 4 3 4 2 3 5 4 3 2 1 5 1 4 3 2 5 2 1 3 2 1 2 3 5 5 1 2 5 1 5 1 1 3 4 1 5 1 4 2 5 5 1 2 2 2 1
17 7 5 2 2 4 4 5 1 5 3 3 4 2 5 1 5 1 2 4 5 1 4 5 4 2 5 3 2 3 2 3 2 5 3 1 2 1 2 4 3 3 3 5 1 3 1 4 1 2 5 2 4 1 4 2 1 2 5 3 3 2 3 4 3 3 1 3 5 2 3 5 1 2 4 5 3 1 3 1 5 3 5 5 2 5 4 2 5 2 5 5 2 2 1 1 3 1 1 3 5 2
18 12 5 1 5 4 1 3 1 1 5 2 1 3 3 1 4 3 1 5 5 4 3 5 1 5 5 5 1 3 3 4 3 2 3 4 1 1 4 5 3 2 1 2 1 5 4 4 5 1 5 1 5 5 3 2 4 4 4 4 4 4 5 5 4 1 4 4 5 4 1 5 1 4 1 4 2 5 2 2 2 5 2 5 5 5 1 2 3 5 2 3 5 4 3 3 2 1 4 2 2 5
19 10 4 4 5 4 3 2 2 2 5 2 1 3 5 4 2 1 1 2 5 4 2 2 3 3 2 2 3 2 2 2 3 3 5 5 3 3 4 2 3 4 3 3 5 2 5 3 4 3 5 4 2 4 3 4 1 4 1 3 2 3 1 2 1 4 5 3 3 4 3 5 4 4 3 5 1 1 1 5 3 4 3 5 3 3 1 5 3 5 2 5 2 4 3 1 1 3 2 2 2 4
20 12 5 5 4 3 3 1 2 2 3 4 1 4 1 3 4 4 1 2 3 5 5 1 2 4 1 1 2 3 5 4 5 4 4 4 4 4 5 4 1 5 2 3 3 3 4 5 3 3 3 1 1 3 3 5 4 1 4 4 4 1 4 4 3 4 2 3 5 5 3 3 2 4 1 2 2 1 2 1 5 3 5 3 4 2 1 5 4 4 3 4 2 5 5 3 3 3 4 5 4 4
21 6 3 1 2 2 2 3 2 4 5 1 4 5 1 2 1 2 1 1 1 1 5 2 3 4 1 2 5 2 4 1 5 1 4 5 5 5 5 1 3 4 4 5 2 3 5 3 5 2 2 4 2 5 5 4 4 3 4 4 3 2 2 5 1 1 1 2 3 1 4 3 4 5 1 1 4 5 5 3 3 3 1 2 1 1 5 2 1 2 2 1 1 5 3 1 3 2 2 3 2 4
22 10 2 4 5 3 1 3 1 2 1 1 5 4 4 5 2 5 1 3 3 4 3 4 5 5 3 1 4 4 3 3 2 5 1 2 4 3 3 1 4 4 3 5 5 5 5 2 5 2 2 5 3 2 5 2 4 1 5 3 4 4 2 1 1 3 5 2 2 4 4 5 5 2 2 3 4 4 3 1 3 5 1 3 1 4 3 3 3 1 1 2 2 5 3 1 3 5 4 1 5 5
23 10 3 4 1 5 5 5 2 2 1 5 1 4 2 5 2 4 1 1 4 1 4 1 3 1 3 4 3 1 2 3 4 5 3 5 2 1 4 4 1 5 2 2 1 1 3 4 5 5 5 3 1 5 5 3 5 2 2 1 4 2 2 1 3 3 3 4 3 1 4 2 5 1 5 3 3 3 3 3 2 1 5 5 5 5 5 5 2 3 4 4 4 5 5 2 5 4 2 3 3 1
24 11 3 3 2 4 2 2 2 3 3 3 5 3 4 5 5 3 1 5 1 2 2 4 5 2 3 4 5 2 4 1 4 5 1 2 5 5 4 1 1 1 2 1 2 2 3 4 4 3 1 3 4 3 1 3 1 3 1 4 3 3 5 3 4 4 1 5 1 4 4 1 1 3 2 1 1 2 4 1 2 4 3 4 1 2 2 5 3 2 5 1 4 4 2 1 5 5 1 5 4 3
25 15 2 1 5 1 4 2 2 5 1 3 2 2 2 3 2 3 1 2 1 1 1 4 2 4 1 3 5 4 4 2 2 3 3 5 3 2 5 2 5 4 2 4 3 5 5 1 5 1 2 1 4 1 4 5 5 5 3 5 2 5 1 3 2 2 1 1 5 1 3 3 4 4 5 2 5 1 4 1 1 2 5 1 4 2 1 4 5 3 3 2 2 5 2 4 1 3 2 1 3 1
26 10 4 1 2 4 5 2 4 3 3 2 1 5 4 4 4 1 2 4 2 5 2 4 5 1 2 2 3 2 3 4 3 3 3 2 2 3 1 3 3 5 3 2 5 5 2 4 5 3 2 3 4 4 5 5 2 1 4 3 3 5 5 1 2 2 3 3 4 5 5 1 1 4 2 2 4 2 1 2 2 3 5 1 3 5 5 3 5 5 3 5 2 3 2 2 3 5 3 4 5 5
27 14 1 4 4 2 2 5 2 2 5 3 4 2 3 4 5 1 5 3 4 1 3 2 3 2 3 1 3 3 3 4 4 1 4 4 2 4 5 1 4 2 5 1 2 4 2 5 4 5 2 4 3 5 4 3 4 4 3 5 2 3 4 5 3 5 4 3 5 1 4 3 5 5 3 2 5 5 1 2 3 5 4 2 2 4 2 5 2 5 3 2 5 5 5 5 4 2 3 2 5 3
28 11 1 1 5 4 1 5 2 4 5 3 4 2 4 5 2 4 4 4 4 2 3 5 3 1 2 4 4 2 2 4 3 1 3 5 5 5 2 1 3 4 2 5 3 2 3 1 3 5 5 3 1 2 2 2 1 1 5 3 3 3 3 5 4 2 4 5 2 5 4 1 3 3 2 4 3 1 5 5 4 5 1 1 4 2 4 2 4 1 4 3 2 4 2 1 2 1 5 1 3 3
29 15 4 4 3 1 5 2 2 2 3 4 1 2 1 3 2 2 2 3 3 1 5 3 1 3 3 2 3 4 1 5 2 2 3 3 5 2 3 1 4 4 3 4 1 5 3 5 3 1 1 5 3 3 5 2 4 5 2 3 3 4 1 2 1 3 3 2 4 3 5 1 4 5 4 5 5 3 4 4 4 1 3 4 3 2 3 5 3 2 5 2 5 4 2 2 2 5 2 5 3 5
30 8 5 4 5 2 4 5 4 5 3 5 2 4 4 3 5 2 5 2 5 1 1 2 2 2 1 1 3 1 4 5 1 2 2 1 4 1 3 5 1 5 5 4 4 4 1 3 2 3 3 4 3 4 1 3 2 5 5 3 1 4 1 5 5 1 4 3 4 2 4 3 1 1 3 3 4 2 2 1 1 1 1 2 1 3 3 3 5 2 4 4 5 2 4 2 3 3 4 5 2 5
31 15 1 2 3 3 2 1 3 2 3 1 5 5 3 1 2 4 3 1 3 3 5 1 1 5 4 3 3 2 2 4 5 4 4 1 1 1 1 2 3 4 3 3 3 2 5 3 5 2 3 5 1 3 5 2 5 1 3 5 2 1 1 2 2 3 2 1 2 4 2 2 5 2 4 3 1 4 4 5 4 5 2 1 2 4 5 4 4 2 1 5 1 5 2 4 5 4 4 1 5 4
32 15 2 1 4 3 5 2 4 3 3 3 3 4 3 5 2 3 5 2 3 5 1 1 2 2 3 5 5 3 1 5 3 3 2 3 3 4 1 3 2 4 4 4 4 2 4 2 1 5 4 3 2 1 4 4 5 3 3 4 2 1 4 4 5 2 2 5 2 3 3 1 1 5 4 3 2 5 4 4 5 4 3 5 5 4 3 1 4 5 2 3 3 2 3 4 5 3 5 1 3 3
33 13 2 2 1 5 2 5 4 1 1 5 4 1 5 1 3 3 3 3 4 5 2 3 5 1 2 1 1 3 4 1 3 5 3 5 3 1 5 4 4 3 4 3 1 3 5 2 2 3 4 4 1 1 5 1 3 2 4 2 1 3 5 2 1 3 4 2 3 5 3 1 5 2 4 4 2 3 3 4 2 2 2 5 2 1 3 4 2 4 5 3 1 3 4 4 1 1 5 4 4 1
34 14 5 5 3 2 3 3 1 4 4 3 5 2 4 5 1 3 1 1 4 3 3 4 2 2 2 5 2 3 5 5 1 3 3 1 5 3 1 1 5 5 1 4 4 1 3 3 2 4 3 2 4 5 3 5 1 4 1 1 1 1 4 4 4 1 5 1 2 5 4 4 5 2 4 3 5 5 5 2 3 4 4 1 3 2 1 2 1 2 5 4 2 3 2 4 2 1 3 1 2 1
35 15 1 1 2 4 2 1 3 5 2 3 5 4 5 1 2 1 3 4 5 2 2 3 3 1 5 1 1 1 5 5 4 1 3 4 4 2 3 3 1 1 3 3 1 4 3 2 3 3 3 2 3 5 1 2 1 1 5 4 5 5 5 1 4 5 5 4 1 2 3 4 5 2 2 4 1 1 5 4 1 4 3 1 1 5 3 3 1 4 1 4 2 3 3 4 5 1 2 1 1 1
36 15 5 2 4 1 3 5 2 1 1 4 2 4 3 5 4 1 1 3 4 2 2 2 1 3 3 5 4 1 3 5 2 3 3 4 2 1 4 5 2 5 2 1 3 5 1 1 3 3 3 2 5 1 3 1 2 4 5 2 3 5 4 3 2 4 4 5 1 2 5 3 3 4 4 1 2 3 5 4 5 5 1 5 4 1 3 2 5 1 2 2 4 3 4 3 2 2 4 4 5 3
37 6 5 3 1 1 4 2 1 5 2 1 3 5 1 3 4 1 4 1 5 2 2 2 1 1 2 4 4 2 1 4 4 4 3 1 3 5 1 3 5 3 2 5 5 5 2 3 1 3 1 1 1 1 3 1 5 4 3 3 4 1 4 1 1 2 1 2 4 3 3 1 2 3 4 5 1 4 1 3 2 2 3 2 5 5 5 1 4 1 2 3 5 2 1 2 3 2 4 2 5 5
38 12 2 2 1 2 3 4 2 2 4 5 3 2 4 4 4 3 1 5 1 5 3 4 4 2 1 3 1 5 2 3 1 5 2 5 4 3 2 4 4 3 2 1 4 2 1 4 4 4 1 4 5 5 5 5 1 2 5 2 5 4 3 5 2 5 5 1 3 4 1 5 2 2 5 4 2 1 1 1 3 3 2 3 5 2 5 3 4 4 5 5 2 5 4 4 3 4 1 4 1 3
39 11 4 4 4 1 1 3 5 5 5 1 3 3 3 5 5 3 5 2 1 2 1 2 5 4 1 3 4 1 2 2 4 3 1 2 2 2 2 2 4 5 4 3 4 3 3 4 1 3 1 2 5 4 4 2 4 3 3 2 5 5 2 3 5 2 4 5 4 3 3 3 5 3 3 2 4 3 5 5 3 4 3 4 3 3 4 4 2 1 1 4 5 4 2 3 4 2 1 4 4 1
40 10 1 5 4 2 1 4 5 4 3 3 4 3 1 4 4 3 2 1 3 3 1 2 2 5 5 2 2 1 1 5 3 1 2 4 4 4 4 1 3 4 3 5 5 1 3 5 5 5 5 5 3 3 3 2 3 2 2 1 5 1 2 5 2 1 5 5 1 4 1 3 5 2 1 4 4 4 3 3 2 5 3 1 5 5 5 1 5 4 1 2 2 5 3 2 5 1 3 2 1 1
41 10 4 3 5 1 2 4 3 2 1 5 5 3 1 4 2 4 5 5 3 5 3 3 1 2 4 4 4 4 2 2 1 3 2 3 2 2 2 1 3 4 2 3 2 5 4 3 5 2 1 5 5 1 5 4 4 5 1 4 3 4 1 5 5 3 4 3 3 1 1 5 5 1 3 5 1 4 2 4 3 1 4 2 3 5 1 3 4 1 2 5 4 2 3 5 2 3 3 1 1 2
42 15 5 3 5 2 4 4 3 3 4 3 4 3 4 5 1 3 5 4 2 2 4 5 1 5 1 3 3 1 5 4 2 3 5 1 3 5 5 1 3 4 1 2 5 3 2 4 3 2 5 5 1 4 5 3 1 3 2 4 2 1 3 4 2 3 2 4 5 1 2 3 2 2 4 2 5 4 1 4 4 3 1 5 1 1 4 4 5 1 1 3 3 3 4 3 3 4 2 1 5 5
43 13 1 2 4 3 5 2 1 2 2 4 1 3 4 5 2 2 4 4 4 2 1 5 2 3 5 3 1 4 5 2 3 2 3 3 4 1 3 3 2 3 5 3 1 4 4 4 2 4 3 2 5 2 2 2 1 1 2 4 1 4 4 5 1 2 4 1 5 2 4 4 4 2 3 3 1 4 4 4 1 5 5 2 1 5 3 1 5 3 5 2 1 1 2 1 3 4 3 2 4 3
44 9 5 1 4 4 5 3 4 1 2 3 2 2 4 2 3 4 1 2 4 1 3 2 2 2 5 3 3 4 3 5 3 4 5 3 5 1 4 2 2 1 5 3 2 1 3 4 2 5 4 3 2 1 5 3 5 3 1 2 3 5 3 5 1 5 4 3 2 3 4 3 5 2 5 4 2 3 4 2 1 1 3 1 3 3 3 2 3 5 1 3 4 5 2 4 5 1 3 1 2 5
45 7 1 1 2 4 5 5 3 1 4 3 3 5 2 5 1 2 2 2 5 4 1 4 2 2 3 5 3 2 2 4 4 2 1 3 1 5 1 4 3 2 4 3 3 2 4 5 5 3 3 2 5 4 5 2 3 5 3 4 4 2 5 5 1 1 1 5 2 3 2 1 2 1 4 3 3 5 5 5 5 1 1 3 1 2 5 3 4 4 5 5 3 5 4 2 3 4 3 4 3 4
46 12 3 2 3 1 3 3 1 5 2 5 3 1 2 5 1 1 4 1 2 1 3 5 5 1 4 1 3 1 3 3 4 3 4 5 5 3 3 5 2 1 1 2 3 3 5 5 1 1 1 5 1 2 2 4 5 1 4 5 2 4 1 5 4 5 4 5 1 5 1 3 2 1 4 4 3 1 1 3 1 1 1 3 5 5 3 2 3 4 1 1 5 2 3 1 2 4 5 2 2 4
47 11 4 5 5 1 2 4 3 5 3 1 4 4 2 2 1 3 4 3 2 4 3 3 4 5 5 5 3 1 2 1 3 4 1 4 5 3 1 5 5 5 3 5 1 4 5 4 5 4 4 4 5 5 1 1 1 5 4 3 3 2 1 5 4 5 4 3 2 2 5 4 5 2 1 4 1 1 4 1 3 3 1 2 4 1 5 5 4 3 5 3 1 3 2 5 2 2 1 1 1 2
48 11 3 2 1 1 3 1 3 3 1 5 5 4 3 5 2 5 4 1 1 4 4 4 1 2 1 3 2 4 5 3 1 2 1 2 3 3 3 4 4 2 2 3 1 1 3 3 4 4 5 5 5 2 4 5 4 1 2 5 5 5 4 5 5 5 3 1 1 2 3 5 5 3 4 1 5 5 1 5 1 2 3 5 4 1 1 5 1 5 5 3 3 2 4 3 3 1 1 4 1 3
49 10 4 2 5 2 5 5 3 3 1 4 3 1 1 5 4 5 5 4 4 4 4 4 1 3 4 5 3 1 4 1 2 5 2 3 4 2 3 5 3 3 2 2 1 1 4 4 1 5 5 2 4 4 1 3 5 5 3 5 5 1 4 5 5 2 4 2 5 3 2 4 4 5 1 3 1 4 5 4 2 3 1 1 2 5 3 2 2 4 3 4 3 3 1 3 1 5 5 4 4 1
50 11 1 1 3 1 3 5 4 3 3 3 1 2 3 1 4 2 2 1 2 5 5 4 5 3 3 5 1 3 1 3 5 1 4 4 2 3 4 5 5 3 5 3 1 1 1 4 2 2 3 3 2 3 5 1 4 3 3 2 3 1 2 5 1 5 4 4 3 5 5 4 3 4 4 5 3 1 2 4 4 3 1 5 1 4 5 4 1 5 4 5 1 4 4 2 4 5 4 4 2 1
51 12 4 4 1 1 4 3 3 2 2 5 5 5 1 5 1 5 5 3 5 4 5 3 3 2 5 1 2 5 5 1 3 3 3 5 5 4 2 2 5 3 4 4 1 5 1 4 4 2 4 4 1 1 4 5 2 4 4 1 1 2 2 4 5 1 5 1 3 3 1 5 5 1 4 5 4 3 4 1 1 4 4 3 2 2 4 4 2 2 1 4 2 2 5 2 2 5 4 1 4 5
52 12 5 3 5 1 5 4 3 5 2 2 3 5 5 4 3 3 2 5 2 1 5 3 3 5 2 2 1 5 5 3 2 2 5 3 1 4 4 4 5 2 2 1 5 1 5 4 5 2 4 5 1 4 5 2 1 3 5 5 3 4 3 1 4 3 1 3 3 2 4 1 2 5 3 1 2 4 4 3 2 1 3 4 3 2 1 1 2 2 3 2 4 2 2 1 5 5 1 3 2 1
53 10 3 4 2 4 1 4 4 1 4 2 5 1 3 1 1 2 2 1 1 4 1 3 1 3 2 2 1 5 4 1 4 4 5 2 3 1 4 3 2 3 2 1 4 5 2 1 4 4 3 1 4 3 5 3 2 3 3 3 5 1 1 3 4 5 3 4 3 1 1 5 4 3 2 1 1 5 1 5 2 2 3 4 3 2 5 2 4 1 5 2 3 3 2 5 5 3 2 4 5 3
54 11 3 4 4 2 3 5 2 4 4 4 3 1 1 4 3 2 1 5 3 3 2 4 2 2 1 1 5 3 1 4 3 4 5 5 3 5 5 5 2 2 3 5 4 4 2 5 1 5 2 2 1 2 4 2 1 1 5 5 1 2 5 1 3 1 2 4 3 2 2 2 5 3 2 1 2 3 3 1 4 1 3 5 2 4 2 2 1 5 1 4 4 4 2 5 4 3 5 5 2 2
55 6 2 5 4 4 5 5 5 4 4 5 1 3 2 4 3 5 2 5 3 3 1 4 5 4 1 3 1 4 2 4 4 2 2 2 2 4 5 4 3 3 1 2 2 1 5 5 5 2 3 5 3 2 1 5 3 1 3 3 4 4 4 2 2 1 5 1 5 1 3 2 2 1 4 2 5 2 4 3 1 4 4 3 5 4 4 1 5 2 3 4 5 4 4 3 4 5 4 5 3 5
56 13 4 1 3 4 5 5 1 1 1 3 1 4 5 2 5 5 4 5 2 5 1 3 3 5 3 2 3 3 2 3 2 4 5 1 4 2 3 2 4 4 5 2 5 4 2 5 2 2 5 2 3 1 5 5 1 3 2 5 1 4 1 3 4 3 1 5 3 2 3 4 5 3 5 3 2 2 1 1 2 1 5 5 1 2 3 1 1 4 2 1 4 3 4 3 1 2 4 3 4 1
57 14 5 3 5 3 4 1 4 3 4 5 3 3 3 1 4 3 5 5 4 4 5 1 5 4 2 5 3 4 3 3 5 1 3 1 2 3 1 3 4 4 5 5 5 1 1 2 2 4 3 2 5 1 4 2 5 2 1 5 5 2 4 3 1 2 5 4 2 1 5 5 3 3 2 1 2 1 1 4 3 1 4 1 1 4 2 2 4 4 4 5 3 1 5 3 3 2 3 4 3 4
58 12 1 3 5 5 3 4 3 2 4 4 1 5 4 5 4 1 5 5 3 4 3 5 1 2 5 1 2 3 1 3 4 2 2 4 2 4 1 4 2 4 2 1 4 5 4 1 4 3 4 3 3 5 2 1 5 1 1 2 1 1 2 1 3 1 2 5 4 5 5 4 3 5 5 3 2 2 4 4 3 3 5 2 2 3 1 4 2 2 2 1 2 3 2 1 3 1 1 2 1 2
59 14 5 5 4 5 3 1 1 5 1 2 2 2 4 3 3 3 5 3 2 2 5 3 4 1 2 1 4 4 1 3 1 5 2 3 5 3 3 3 3 3 2 4 2 3 2 4 4 1 1 2 4 1 4 2 4 3 4 1 1 4 1 5 4 2 2 2 1 5 4 3 2 1 2 4 4 3 2 3 4 2 1 1 4 3 5 1 1 3 2 3 4 1 4 4 5 5 4 4 5 1
60 14 5 2 1 1 2 1 3 1 2 2 5 1 1 3 4 3 1 3 4 2 4 5 4 1 3 5 3 5 2 5 4 4 3 5 1 4 3 2 2 4 1 4 2 2 2 2 5 4 1 3 5 5 2 4 4 1 3 3 3 1 4 5 2 2 2 3 2 5 5 1 5 3 2 1 4 2 1 2 5 3 3 5 1 3 1 1 2 2 5 3 3 3 4 5 4 5 2 4 3 1
61 14 4 1 2 4 1 3 1 4 3 2 4 2 3 2 2 1 3 5 3 4 4 2 5 1 1 1 2 3 4 1 1 5 5 1 5 5 4 4 2 2 4 5 1 4 4 1 2 2 1 4 3 5 1 1 5 5 1 4 4 2 1 3 4 3 3 3 1 3 3 1 2 4 2 5 4 3 5 5 1 4 5 2 4 4 3 5 5 5 3 4 1 3 2 3 5 2 1 1 2 1
62 8 2 4 5 5 3 5 4 5 1 5 5 2 3 4 4 2 4 4 3 2 2 1 1 2 3 1 2 3 5 2 3 2 1 4 4 5 5 2 1 3 3 5 5 3 4 5 5 3 5 1 1 4 3 3 5 1 5 4 3 1 1 3 1 2 2 4 4 3 3 5 5 3 2 1 4 1 3 5 4 5 4 2 4 4 5 1 3 5 5 1 2 3 4 2 3 5 3 5 1 4
63 7 3 5 4 4 2 5 1 5 3 5 1 2 2 3 2 2 5 4 3 1 1 1 3 2 4 3 4 1 5 2 5 5 2 5 5 5 5 5 3 2 1 5 2 2 2 3 1 2 4 2 1 1 5 4 3 4 4 3 3 2 3 3 2 5 5 1 1 1 5 2 3 5 1 2 2 5 3 1 1 4 5 5 4 5 5 1 3 2 1 1 2 5 4 3 1 1 1 1 3 3
64 15 5 1 4 3 2 5 1 5 4 3 4 1 5 4 5 3 2 4 1 3 1 1 1 1 4 5 5 2 2 2 3 4 5 2 4 1 3 4 1 1 1 1 2 2 1 3 5 3 1 5 2 4 3 1 3 5 3 2 3 5 2 4 4 5 5 1 2 5 2 2 1 2 1 3 2 4 4 5 3 3 1 4 4 1 1 4 4 3 3 2 3 5 2 5 4 5 4 1 4 5
65 12 2 5 2 3 1 2 1 4 4 1 2 2 1 3 5 5 4 4 4 1 3 1 2 1 4 4 5 5 3 2 5 2 4 4 2 1 4 5 3 3 1 4 5 5 3 1 1 3 4 1 2 1 4 5 3 2 3 3 4 1 5 5 1 5 1 1 2 5 3 5 3 5 2 1 4 5 2 5 5 5 1 4 1 1 1 4 4 1 5 2 3 4 3 4 4 5 5 1 2 3
66 10 2 1 5 1 3 2 4 2 1 5 5 4 1 5 4 2 2 2 2 5 3 4 3 3 1 3 3 3 3 1 5 5 2 3 5 5 3 5 3 2 4 1 4 3 2 3 4 1 1 3 4 2 4 5 3 1 4 1 4 1 2 5 5 2 3 2 3 1 5 5 1 3 1 2 4 3 4 2 5 4 2 4 4 3 4 4 3 1 2 5 3 2 4 5 4 4 1 4 4 1
67 12 4 5 2 1 5 1 5 1 4 5 3 5 1 5 2 4 1 3 1 2 4 1 2 2 1 4 1 5 5 5 3 3 2 4 3 3 3 2 4 4 5 2 2 4 4 1 5 5 5 1 4 1 5 4 5 3 1 1 2 2 1 4 4 4 4 5 3 3 2 3 5 5 2 2 4 3 3 5 5 5 3 5 4 3 1 1 2 2 5 2 1 5 5 3 3 5 5 4 5 3
68 15 4 1 1 5 1 4 4 1 4 3 1 3 1 4 1 4 3 4 2 3 1 1 3 4 5 2 3 5 5 3 2 3 5 2 5 3 3 4 1 1 1 5 2 5 5 4 1 2 5 1 2 1 4 2 4 5 3 4 4 1 3 2 3 5 5 4 4 3 2 4 4 5 4 4 3 3 4 4 5 3 1 3 5 5 4 2 1 2 1 2 1 1 4 1 2 5 2 2 4 1
69 8 1 2 2 1 4 5 4 1 4 3 4 5 4 2 5 4 2 3 5 3 1 3 3 3 3 4 4 2 2 5 2 1 2 4 4 2 4 3 2 4 2 2 2 5 4 3 4 2 2 2 4 2 4 2 2 4 5 3 4 3 1 2 1 4 3 3 5 5 2 4 5 5 5 4 2 1 4 1 4 1 4 3 5 5 1 4 3 2 4 4 2 3 3 5 4 4 4 1 3 4
70 6 5 2 4 3 5 3 3 2 2 1 2 3 2 1 3 1 4 1 1 3 4 4 1 3 2 1 2 5 5 1 2 2 5 4 5 2 2 1 3 1 1 3 3 1 3 1 4 4 1 2 4 2 5 2 1 3 5 3 5 4 4 3 4 1 5 2 1 2 3 1 4 2 5 1 5 1 1 5 4 3 3 5 3 1 3 2 3 4 1 2 5 2 5 5 3 4 2 5 4 5
71 7 4 4 5 1 4 4 1 4 3 4 5 5 3 1 2 1 1 5 2 4 4 2 5 1 5 2 3 5 2 1 5 5 5 5 3 4 2 3 5 5 3 3 4 3 3 4 1 4 2 4 4 5 2 5 4 1 4 4 3 3 1 5 1 3 2 5 5 1 5 3 1 2 2 3 2 3 4 3 2 2 1 1 4 1 5 2 1 1 4 2 2 3 4 4 3 1 5 5 3 2
72 15 1 3 1 3 5 1 4 3 1 5 1 4 1 3 3 2 3 3 1 5 4 4 4 3 2 5 4 4 4 5 3 1 5 5 5 3 4 3 4 4 2 2 1 5 3 2 3 4 2 2 5 3 5 4 1 1 5 5 2 5 2 5 5 3 1 2 4 3 4 4 1 1 4 1 2 3 3 1 5 2 1 3 5 5 5 1 5 5 2 3 1 3 1 1 2 2 4 4 3 5
73 7 2 3 1 5 5 1 1 5 4 5 3 3 1 3 4 2 5 3 4 5 1 1 3 2 4 3 1 1 3 4 2 4 1 1 2 2 3 2 1 5 4 3 2 4 4 4 4 5 3 1 5 3 3 3 4 5 5 1 4 1 5 5 3 1 2 1 1 5 2 5 3 1 2 2 4 2 1 4 3 5 2 4 2 3 2 2 1 4 2 2 5 2 1 2 5 2 4 3 1 3
74 7 5 3 5 2 2 5 5 4 5 4 2 4 2 2 3 5 2 1 1 2 2 2 3 2 2 1 1 1 5 4 1 5 4 2 3 2 4 1 5 2 1 3 2 5 1 4 5 3 1 2 1 1 1 2 5 5 5 4 1 5 3 5 1 3 4 1 3 3 3 1 1 1 1 1 2 4 3 2 2 3 3 3 2 1 1 1 1 1 1 2 5 3 3 1 4 2 1 1 4 3
75 7 5 1 1 4 4 5 4 3 4 5 1 1 3 2 5 4 2 2 1 1 2 1 3 2 1 4 3 4 4 2 4 3 5 1 1 1 3 1 1 5 4 1 5 5 4 1 2 3 1 2 1 3 2 3 3 2 4 2 5 2 1 2 1 5 1 1 4 1 1 3 3 2 3 1 5 1 3 5 4 3 5 4 1 4 4 1 2 4 1 2 4 4 4 4 5 2 5 1 5 3
76 12 4 2 2 1 4 2 4 3 1 4 4 2 2 3 5 4 3 1 3 3 2 2 5 1 5 5 3 2 4 1 1 5 4 2 3 1 2 2 3 3 2 2 2 3 2 3 1 5 3 4 3 3 5 1 3 1 5 3 1 4 3 5 2 4 5 3 4 2 5 2 2 5 1 3 3 2 1 3 2 2 2 1 1 3 1 1 2 3 2 2 4 1 1 1 5 4 4 3 4 4
77 9 2 5 2 2 4 3 1 5 1 1 1 1 3 1 3 5 4 4 2 2 5 1 2 5 5 1 4 4 3 1 1 5 5 2 4 3 1 4 5 2 1 5 1 1 1 4 1 1 1 3 5 5 1 1 1 2 2 5 2 5 2 2 4 4 3 3 5 4 3 5 2 4 1 1 1 5 4 5 4 4 2 1 4 3 1 5 1 2 1 5 4 3 5 5 1 1 5 5 2 2
78 14 2 5 2 2 3 4 5 5 2 2 2 5 2 2 2 3 1 3 1 2 1 2 2 4 4 3 1 4 4 2 2 1 2 1 1 3 3 5 1 5 3 2 2 3 4 4 3 4 1 2 1 5 2 5 4 1 5 3 3 4 5 4 5 4 4 3 1 3 1 4 1 5 1 5 2 5 4 5 4 3 1 3 5 2 3 3 5 2 1 5 5 1 4 4 5 1 3 1 4 2
79 6 5 4 2 1 5 4 3 1 2 4 4 5 2 3 5 3 2 2 3 3 3 5 3 4 1 3 2 2 4 5 1 4 4 1 5 3 3 4 1 2 5 3 2 4 3 5 5 4 5 1 5 1 5 4 3 5 1 1 3 4 4 4 3 1 3 5 1 4 1 1 1 4 3 5 1 1 3 2 3 3 2 5 4 2 4 1 1 2 4 4 2 4 2 3 4 3 1 5 5 5
80 9 5 1 2 3 1 5 4 1 2 1 5 1 1 2 2 1 5 4 5 2 1 3 3 5 3 1 3 3 5 5 2 3 3 4 1 3 3 5 5 5 1 1 5 1 3 5 2 2 4 5 4 5 4 3 3 3 5 5 4 3 4 1 1 1 5 4 2 2 1 3 1 2 2 5 1 4 3 4 4 5 5 4 2 2 5 2 2 4 4 2 2 2 5 1 4 3 1 2 3 3
81 8 2 1 3 2 5 2 5 4 5 5 5 1 1 3 5 1 3 1 1 5 2 5 1 4 5 2 1 3 2 2 1 3 5 2 1 2 1 3 3 5 4 5 5 1 5 4 5 3 3 1 5 2 3 2 1 2 2 4 4 5 1 1 2 4 3 2 3 5 2 5 1 2 3 3 3 4 5 2 5 5 3 3 1 5 1 4 2 2 1 4 2 1 5 2 2 5 3 5 2 1
82 15 5 2 5 1 3 3 5 3 4 2 2 5 4 1 1 1 5 3 1 1 3 1 5 4 3 1 5 3 3 1 2 4 2 5 1 5 3 4 2 2 3 5 5 5 1 5 3 4 3 1 3 3 2 5 5 5 5 5 4 2 1 1 1 1 4 3 5 5 2 3 2 5 3 1 3 2 2 5 3 2 3 3 5 2 5 5 3 4 3 3 3 3 2 1 2 5 5 5 2 5
83 8 3 3 4 2 5 2 3 4 1 4 1 3 2 1 4 2 2 2 3 2 2 3 2 2 2 3 3 5 2 5 1 1 3 3 4 5 3 2 1 4 1 2 5 5 3 1 5 5 2 2 3 2 3 4 3 2 1 2 3 4 5 5 2 3 4 4 1 3 1 5 2 2 1 5 2 4 2 1 5 3 1 3 2 1 4 5 4 4 2 2 2 4 3 1 2 1 1 4 1 2
84 10 4 1 5 4 5 4 2 5 1 4 3 4 3 3 1 1 4 5 2 3 3 2 1 4 3 4 5 3 4 4 2 1 5 1 3 3 1 3 1 4 2 1 1 5 5 5 3 1 3 2 4 1 5 4 3 3 5 4 1 2 2 2 4 2 1 5 2 4 5 2 1 5 1 4 5 1 3 4 4 3 5 3 4 5 3 5 4 5 2 4 5 1 5 3 4 4 4 5 4 2
85 13 2 1 2 3 2 1 1 3 4 3 3 1 2 3 3 4 2 1 3 5 4 3 5 4 4 4 5 5 5 1 3 1 1 4 5 1 4 1 4 1 1 1 5 2 1 3 4 5 1 4 4 3 3 1 5 2 1 3 1 3 5 2 5 1 1 4 5 5 3 2 1 4 4 1 1 3 5 3 1 3 1 1 2 5 3 1 5 2 3 5 3 2 3 2 5 5 3 4 3 1
86 13 2 1 5 5 1 2 3 4 2 1 4 5 1 2 2 4 4 3 4 5 4 1 5 1 1 5 1 4 3 3 5 2 2 1 4 1 4 3 4 5 5 4 1 5 3 3 1 5 3 5 1 3 4 3 1 5 5 2 1 2 2 2 3 3 2 1 1 5 5 3 2 3 4 1 5 5 5 1 4 3 3 5 2 5 2 4 1 5 3 3 3 1 3 3 4 2 2 1 4 1
87 11 4 1 5 2 5 4 2 2 2 5 5 5 3 4 2 1 4 5 5 5 4 5 5 4 3 5 1 2 1 2 2 3 1 4 5 2 5 5 2 5 4 5 3 5 4 3 3 1 2 3 2 5 1 5 2 1 4 2 3 1 5 1 4 1 3 5 3 5 3 1 4 2 3 5 4 2 1 5 2 4 5 2 2 2 3 1 3 4 1 4 3 1 5 2 5 3 4 3 4 2
88 12 1 5 2 1 5 3 4 1 5 3 3 5 1 1 2 1 5 3 2 2 3 3 3 3 2 1 4 4 3 2 4 1 2 2 2 3 1 2 4 4 5 4 5 5 1 1 4 2 2 5 3 2 5 4 4 5 2 2 5 5 2 3 2 1 3 5 5 1 3 5 4 3 3 3 3 3 5 3 4 1 5 4 1 2 5 2 5 1 3 2 1 5 4 3 2 2 2 4 4 3
89 9 3 5 3 5 1 4 2 4 4 2 4 1 3 5 2 4 2 5 4 4 5 1 1 3 5 5 5 2 4 5 3 2 2 2 5 4 4 1 4 2 1 4 3 4 2 4 2 1 3 5 4 3 4 1 3 4 4 5 4 2 2 3 1 4 4 3 4 4 1 2 2 1 5 3 5 2 5 1 3 3 5 3 3 3 2 2 1 5 3 5 2 1 1 4 2 2 2 3 2 2
90 9 4 1 5 3 3 1 4 2 3 3 1 5 4 5 2 2 3 3 5 5 3 5 2 2 5 4 3 3 1 2 2 1 5 2 3 5 3 4 2 4 5 5 3 5 3 1 5 5 4 5 4 1 5 2 3 4 5 5 3 5 1 3 4 3 2 5 1 5 5 3 3 3 1 3 4 3 5 4 5 2 3 3 2 1 3 2 5 3 3 1 1 1 4 3 5 2 4 3 5 4
91 6 3 4 4 3 5 3 5 4 3 1 3 4 4 3 5 1 5 1 3 4 3 2 5 4 1 4 4 5 1 1 1 4 5 1 2 2 2 5 3 2 4 4 2 4 1 2 4 3 5 1 2 5 4 3 5 1 1 4 2 4 1 2 3 5 4 2 3 1 3 3 1 5 5 5 2 2 1 3 4 4 1 3 1 4 4 5 4 2 5 3 3 1 4 2 5 4 4 2 2 5
92 8 2 2 2 3 5 2 5 3 2 4 1 5 2 2 2 4 5 2 2 5 5 1 5 2 1 1 2 3 5 3 4 4 5 1 1 2 3 5 3 4 4 1 4 5 3 2 3 1 3 5 3 5 1 3 5 2 5 2 4 2 1 5 3 1 5 5 5 1 5 2 3 1 1 2 3 2 2 4 4 5 1 5 5 1 3 1 1 4 5 1 5 2 5 3 2 3 4 2 3 1
93 7 2 4 2 4 2 5 3 1 2 5 5 2 5 5 2 2 3 5 2 2 2 5 2 1 3 2 1 3 5 4 4 1 4 4 5 1 5 1 3 4 1 2 2 2 5 1 4 4 5 3 3 5 4 5 1 5 1 5 5 5 1 2 3 1 1 4 1 1 5 2 3 4 5 3 2 5 4 3 4 1 4 4 3 2 1 5 5 4 1 4 4 2 1 1 1 3 5 3 3 3
94 6 2 3 2 4 4 5 1 3 2 3 1 5 5 4 5 3 2 5 3 5 2 5 2 4 3 1 2 2 1 2 1 3 4 4 5 1 5 2 3 2 2 4 5 5 3 3 5 2 2 1 5 3 3 4 2 1 3 4 5 3 1 1 5 3 1 4 1 4 1 1 3 1 3 2 5 1 5 5 3 3 2 4 3 5 2 4 1 4 3 4 2 4 5 5 1 5 3 1 4 1
95 15 3 3 3 3 4 5 5 3 1 1 3 3 1 2 4 4 3 4 3 1 5 3 4 5 2 4 1 3 5 4 5 5 5 2 2 3 4 2 4 1 5 4 1 3 4 2 2 3 2 1 5 2 5 1 5 1 3 2 2 3 2 2 2 3 1 2 3 2 2 4 3 4 3 5 5 5 2 1 4 2 4 4 1 5 5 1 4 4 5 5 5 2 4 4 4 3 3 2 2 1
96 10 1 3 1 4 3 2 1 1 5 3 5 5 5 5 2 5 4 1 1 4 1 4 1 1 1 1 5 1 5 1 2 3 3 1 4 1 1 5 3 3 4 4 5 1 5 5 3 5 3 4 1 5 3 3 4 3 2 2 2 3 4 4 4 3 3 2 1 5 5 1 3 3 2 2 1 5 2 3 4 1 4 4 4 1 1 5 2 4 1 4 1 2 2 5 1 1 4 3 4 2
97 13 4 1 2 3 1 2 3 4 5 5 3 5 4 1 5 4 1 4 4 3 5 3 3 5 4 3 1 4 5 5 1 1 3 5 2 2 2 3 5 4 1 1 3 4 5 1 1 1 4 5 4 1 4 5 2 2 1 1 4 3 4 2 3 1 4 3 3 5 4 2 3 3 3 3 5 1 1 5 5 5 2 3 2 4 5 3 3 5 3 1 1 2 3 2 5 2 3 2 2 3
98 8 1 5 5 1 1 2 4 1 1 1 3 5 2 1 5 1 1 2 2 3 2 3 4 2 3 5 2 1 3 2 4 3 4 4 4 5 2 1 3 5 3 1 1 5 5 4 3 1 2 5 3 4 1 3 1 4 2 5 1 2 3 3 2 2 4 2 5 1 3 3 4 3 3 4 2 3 4 1 5 3 3 2 1 5 4 5 2 2 5 5 3 1 5 4 2 2 5 2 1 4
99 10 3 1 3 5 1 3 2 2 2 1 4 3 2 4 1 4 1 3 3 5 3 5 2 2 3 5 2 5 4 5 1 5 3 4 3 2 5 3 3 3 1 4 4 5 2 5 5 4 1 3 3 4 1 1 4 1 5 5 1 3 4 2 2 2 3 5 5 4 4 1 3 5 1 5 2 4 1 4 1 1 4 4 5 4 5 2 1 4 4 5 1 3 3 2 4 3 1 4 4 4
100 12 2 5 5 3 1 1 4 5 4 2 5 2 5 3 3 4 3 3 5 2 3 3 2 3 4 3 1 1 2 4 3 2 2 4 5 2 5 5 3 2 3 4 2 4 5 5 3 4 5 5 4 5 4 5 2 5 4 3 3 2 3 1 5 1 4 2 1 1 2 4 5 3 4 4 5 4 3 3 5 2 4 2 4 5 3 2 3 1 3 5 5 5 1 1 5 4 3 4 3 2
101 9 4 2 3 4 5 1 5 5 3 2 2 1 4 4 3 5 4 2 3 1 3 2 4 5 3 2 4 3 2 4 2 1 2 4 2 2 5 2 2 5 4 5 2 1 4 1 2 2 3 1 2 2 5 2 3 1 4 1 4 3 4 2 2 4 5 4 3 5 2 3 5 2 5 4 5 4 1 4 1 1 4 4 3 2 3 1 1 3 4 2 3 3 1 2 5 2 2 4 5 4
102 7 1 5 1 4 5 4 3 5 4 3 2 3 2 5 1 2 5 3 2 3 5 4 4 4 1 2 5 5 5 5 5 5 2 1 4 3 5 4 3 5 4 1 2 1 1 5 1 1 5 3 1 4 4 4 2 1 5 5 4 1 1 1 2 1 4 3 3 5 3 2 2 1 4 2 3 2 3 4 4 3 5 3 3 5 3 1 2 1 1 2 1 1 5 1 3 3 2 3 1 5
103 6 4 3 1 2 5 2 4 3 3 1 3 4 1 2 3 4 5 1 5 3 5 3 2 2 1 4 2 1 3 1 4 2 1 1 3 2 2 2 2 2 1 2 5 4 5 1 1 3 2 1 5 2 3 3 3 2 5 4 4 2 1 4 3 3 2 1 1 5 5 4 5 5 2 3 3 5 2 4 2 5 4 2 4 3 3 2 3 4 4 2 5 1 5 5 2 2 4 4 3 4
104 8 4 5 1 4 3 2 2 5 5 3 2 5 2 4 5 5 1 3 5 2 5 4 5 1 2 2 1 5 3 5 4 1 4 1 5 1 2 5 4 2 1 5 4 1 4 2 3 5 1 3 1 2 4 3 4 4 5 4 5 4 3 1 1 1 5 1 4 1 2 1 2 5 5 3 4 3 5 4 1 3 3 2 2 4 5 4 1 1 2 1 5 4 5 5 4 5 4 4 2 1
105 8 3 4 5 1 3 3 3 5 4 1 1 2 2 1 3 4 2 3 3 1 4 4 4 2 5 3 2 1 4 5 1 3 4 2 5 5 2 5 2 5 1 2 4 4 3 5 2 1 3 5 4 4 4 2 2 2 4 2 5 1 5 1 5 3 1 2 3 4 4 1 2 1 4 3 4 1 1 5 2 2 1 5 4 2 1 2 4 1 3 2 1 2 3 5 2 2 1 1 4 4
106 6 5 1 3 3 2 3 2 4 2 4 5 5 3 3 2 4 5 4 2 5 3 1 4 3 1 5 2 5 5 2 2 1 3 1 4 5 1 3 2 5 5 4 3 2 2 5 1 2 4 1 2 4 5 1 3 2 3 3 2 4 4 2 3 2 4 4 4 1 1 4 2 1 2 2 2 3 2 1 5 5 3 4 3 5 4 5 3 3 2 4 2 3 5 3 4 3 5 5 1 3
107 14 5 5 3 4 3 5 5 4 2 3 5 2 3 1 2 3 3 3 2 5 5 2 3 4 2 4 4 4 5 2 4 1 1 2 3 1 3 3 4 3 2 2 3 3 5 3 5 1 5 5 4 3 1 3 4 2 3 3 2 2 3 3 4 3 5 3 4 3 2 5 4 5 3 1 3 2 3 5 1 4 5 5 5 5 2 4 1 3 1 5 4 4 3 3 2 5 1 3 2 5
108 12 3 4 4 3 1 4 4 1 4 1 4 5 3 3 1 3 1 4 5 1 5 3 1 4 2 1 2 1 5 5 1 1 2 3 4 2 2 1 4 4 1 3 2 2 1 1 2 5 3 4 4 1 1 2 1 3 1 5 5 1 5 2 3 4 5 4 1 5 3 2 1 5 2 5 4 2 3 5 3 2 5 4 1 3 5 5 4 4 4 2 2 4 3 5 4 5 3 2 4 4
109 12 2 4 4 3 1 4 4 1 4 3 1 5 2 4 2 4 3 3 5 5 4 1 2 2 2 3 2 5 3 5 5 4 2 3 5 4 4 1 4 2 3 3 4 3 4 5 2 1 1 3 4 1 5 1 3 4 5 2 2 1 2 3 3 3 2 4 3 3 1 1 4 2 1 3 4 4 4 1 5 4 3 2 3 2 5 2 1 3 2 3 1 1 2 3 1 4 2 4 5 3
110 14 4 3 3 3 5 3 5 1 4 3 3 1 4 2 5 5 2 5 4 3 1 4 4 5 3 3 5 3 2 3 3 2 5 1 4 2 3 1 4 1 4 5 1 3 3 1 1 3 5 3 2 2 4 1 3 1 3 1 4 4 1 2 3 3 5 2 3 3 2 4 1 2 2 2 3 2 4 3 1 4 1 1 1 5 2 1 4 4 5 4 5 1 2 2 4 1 4 4 2 3
111 7 2 5 4 3 2 5 2 3 4 1 2 4 3 1 4 3 3 1 2 3 1 3 2 1 2 5 3 5 3 2 5 2 2 2 2 3 4 1 2 5 3 2 4 1 2 4 5 4 5 4 1 2 3 3 5 2 3 4 2 5 4 1 5 2 5 1 3 1 2 1 3 3 5 1 5 3 3 1 4 5 2 4 5 5 5 2 5 3 3 4 5 3 4 2 4 3 3 1 2 4
112 8 4 3 5 4 1 4 2 3 5 3 2 2 2 3 2 4 1 1 3 4 2 3 1 4 5 3 1 1 5 2 1 5 2 5 2 3 4 1 2 4 4 4 3 5 3 3 5 5 4 4 5 5 3 1 4 1 5 1 4 2 3 1 1 2 4 5 5 4 1 3 5 4 4 1 4 3 4 5 5 5 3 2 5 1 3 3 3 4 2 1 5 4 3 4 2 3 4 4 5 1
113 7 5 2 2 5 1 4 2 5 5 4 5 2 5 4 2 5 5 4 2 4 3 1 2 1 1 5 1 5 4 3 5 2 3 4 1 2 5 5 3 5 2 4 3 1 5 5 4 4 3 1 3 3 2 4 2 4 1 3 2 5 4 4 1 5 3 2 4 1 5 1 1 3 1 5 4 5 5 1 4 1 5 5 1 2 5 2 4 4 5 1 4 5 3 1 3 4 4 2 1 1
114 12 2 3 3 3 2 5 3 3 3 5 5 5 2 4 4 5 1 4 5 3 2 1 4 3 4 3 2 2 4 1 2 1 5 3 3 1 5 5 2 1 1 3 5 4 1 1 2 4 2 3 5 5 4 1 1 2 3 4 3 5 1 3 1 2 1 4 3 3 1 5 2 2 5 1 3 2 4 5 3 4 4 5 4 4 3 5 3 3 2 3 3 3 4 2 2 5 5 5 2 3
115 15 4 2 1 2 5 1 1 5 5 4 2 3 1 1 5 3 4 2 4 1 4 3 4 4 1 2 4 4 5 2 1 2 2 2 2 4 4 4 4 3 2 5 1 3 5 3 3 2 5 5 4 5 2 3 5 4 4 1 5 4 5 2 4 2 2 5 5 1 1 5 3 1 5 1 2 1 3 3 4 1 1 1 2 3 3 2 1 3 4 5 3 5 2 3 1 5 5 2 1 4
116 11 3 5 5 1 4 3 1 5 4 2 1 2 4 3 3 3 5 4 4 1 2 5 3 3 3 2 1 1 4 3 3 1 1 5 1 1 4 3 2 2 1 4 2 4 5 5 3 3 2 4 4 3 1 5 3 1 1 5 4 2 3 2 2 2 2 3 1 2 2 4 5 4 5 2 5 2 2 1 3 5 3 2 5 1 1 4 3 1 5 3 1 2 3 4 5 3 2 5 1 3
117 10 1 2 1 1 1 3 3 5 5 1 3 4 4 1 5 5 1 2 5 1 3 5 2 5 2 4 1 1 5 2 1 4 2 3 4 2 3 2 4 4 5 2 5 1 4 5 2 1 5 2 2 4 1 4 3 4 1 4 1 1 2 4 4 1 4 3 2 1 2 2 3 2 3 3 3 3 3 3 2 3 5 3 3 3 3 4 4 1 3 5 3 2 5 2 5 3 5 2 1 5
118 10 1 3 5 4 4 3 5 3 1 2 4 4 3 1 1 5 4 5 5 5 1 5 2 5 2 5 2 2 1 5 5 2 2 5 5 1 3 1 1 4 2 4 3 3 5 4 5 4 2 5 4 3 4 3 1 5 3 1 2 3 3 3 2 4 4 5 1 3 2 4 5 4 3 1 2 4 1 2 4 4 5 3 3 4 3 5 4 5 5 3 1 2 2 3 4 4 4 5 1 4
119 13 3 2 1 2 4 5 1 4 3 2 5 2 2 2 5 3 5 2 1 5 1 2 5 3 1 2 4 4 5 3 2 1 5 4 2 2 3 4 3 2 2 1 3 2 3 5 2 5 3 2 1 5 1 5 4 4 1 5 2 5 1 4 1 2 1 2 1 3 5 4 4 5 5 5 2 1 3 5 5 4 1 5 5 1 1 3 2 3 2 2 5 5 3 4 3 2 2 2 5 5
120 11 1 5 5 4 5 5 2 5 3 3 5 2 3 5 5 5 5 5 4 3 4 5 4 4 1 1 3 2 1 1 1 2 1 1 2 3 1 3 1 3 1 5 2 5 3 5 2 3 4 2 4 4 1 4 2 4 4 5 4 4 4 5 2 5 5 3 5 2 3 5 2 2 4 1 3 3 3 1 4 3 4 2 4 2 1 5 4 5 4 1 1 1 3 3 2 2 4 2 2 1
121 6 1 3 4 1 2 4 3 2 5 4 3 3 2 4 4 3 3 1 1 3 2 2 5 4 3 3 5 5 1 2 2 1 1 2 1 1 3 5 3 1 4 4 2 5 1 3 4 5 1 1 2 5 2 3 1 2 4 4 3 5 5 5 5 4 2 5 1 5 2 3 2 2 4 1 1 2 4 1 3 3 4 3 3 5 4 3 5 1 5 4 3 2 5 1 2 5 3 5 5 4
122 6 1 2 2 2 2 5 5 3 4 1 4 5 5 1 4 5 1 3 1 1 3 3 2 5 5 5 1 4 5 1 3 1 1 4 1 1 5 5 2 3 3 2 2 2 5 3 1 5 2 2 3 3 3 3 5 2 3 3 4 4 5 5 3 2 5 1 2 1 5 5 1 4 2 5 1 2 4 4 5 1 1 2 1 3 2 4 4 3 1 3 4 3 3 1 2 3 3 5 2 4
123 9 4 1 2 3 3 4 1 2 5 5 5 5 2 2 1 4 3 4 2 1 3 5 4 2 5 3 1 5 4 1 3 4 3 4 4 2 1 4 4 2 1 5 1 3 1 3 4 5 1 4 1 5 3 3 1 3 4 5 2 1 1 2 3 5 5 2 5 3 4 3 2 3 2 4 5 5 2 2 1 1 1 5 3 2 5 2 5 2 5 1 2 3 3 5 2 2 3 5 2 3
124 12 2 4 4 2 4 5 4 1 2 2 2 3 2 3 2 2 1 5 5 3 1 3 2 3 4 5 4 1 3 3 1 1 4 5 5 4 4 3 1 5 3 2 5 5 5 1 5 3 4 5 5 2 3 2 1 5 5 2 2 2 1 5 2 4 4 2 4 5 1 5 5 2 4 5 4 1 4 5 2 2 2 2 5 2 5 1 4 1 1 4 4 4 5 2 1 5 1 4 3 5
125 14 4 1 1 1 5 5 5 1 5 5 4 2 2 5 5 1 5 3 3 4 3 1 3 4 5 1 1 5 2 4 3 2 2 2 4 5 4 3 1 4 4 4 4 2 5 2 1 5 2 2 4 2 5 3 4 4 3 2 4 3 2 3 5 5 2 1 3 1 3 4 1 5 2 1 3 2 4 5 5 2 1 4 1 5 4 1 4 4 1 1 5 3 2 3 3 3 2 4 1 5
126 12 3 5 2 2 3 5 5 1 5 1 1 5 2 1 4 3 4 1 4 2 2 4 1 5 1 3 4 4 5 1 5 3 3 5 5 2 1 4 5 3 3 3 2 4 2 4 3 4 1 1 3 2 3 5 2 3 3 2 1 2 2 2 3 4 3 1 1 5 5 3 4 2 2 5 4 4 5 1 3 4 4 1 1 4 3 2 3 4 5 4 2 4 4 1 3 3 4 1 4 3
127 13 5 3 3 5 3 1 2 5 3 3 3 3 5 1 2 2 2 4 5 3 1 5 1 1 2 3 5 2 2 3 2 1 2 2 4 4 2 4 1 1 1 1 3 4 5 2 5 4 1 1 3 4 5 5 2 5 5 3 1 1 3 2 2 4 3 3 3 1 1 2 5 5 1 5 5 2 5 4 5 2 3 2 2 5 3 4 1 1 5 4 2 1 1 2 1 2 2 5 5 5
128 12 2 5 2 4 5 2 1 5 1 5 1 3 4 3 1 5 4 1 5 1 5 2 3 4 1 3 1 5 2 2 3 2 2 3 1 1 3 5 3 2 4 3 5 4 4 2 3 5 1 1 2 5 1 2 4 3 1 3 4 2 1 2 2 1 3 3 4 3 5 1 1 4 3 3 1 2 1 1 1 4 2 5 4 2 4 1 1 5 3 3 1 4 1 5 3 2 3 3 1 1
129 8 5 5 1 2 3 2 1 4 5 2 1 3 2 4 2 1 4 2 2 3 3 5 3 2 5 5 1 5 5 2 5 3 1 5 3 5 3 2 1 1 5 5 3 3 2 2 5 1 3 2 3 4 3 3 3 2 3 5 1 1 5 1 1 2 4 3 1 3 2 4 1 5 5 3 5 4 4 1 5 4 3 3 2 5 3 4 3 2 5 1 3 1 1 2 1 2 2 5 3 5
130 12 2 4 2 5 3 5 3 4 1 5 5 1 1 5 4 3 2 5 4 5 2 3 4 3 2 3 4 3 2 3 3 3 4 4 1 5 3 3 5 4 1 4 1 3 3 4 5 3 2 1 4 3 4 3 4 3 5 1 1 1 1 3 5 3 4 3 3 5 2 2 4 3 2 1 5 5 2 4 4 4 1 5 3 3 3 3 3 2 4 3 4 1 3 1 3 4 5 3 3 4
131 8 2 5 5 2 5 2 3 3 1 2 3 3 2 2 3 2 1 4 5 3 4 4 4 3 2 2 5 2 1 2 5 2 4 1 4 5 4 2 5 2 4 3 2 5 3 3 2 5 2 3 3 4 1 3 3 3 5 4 1 4 2 1 4 3 1 1 3 5 1 3 1 2 4 5 1 1 3 3 5 5 4 3 4 1 1 4 5 3 2 5 4 1 2 2 3 2 3 5 2 3
132 6 5 1 5 2 5 1 5 4 2 4 1 4 4 1 2 4 5 4 5 4 2 5 1 2 4 5 1 4 3 2 4 3 3 2 2 1 3 2 1 4 1 4 5 1 3 3 5 1 3 3 5 5 4 2 5 3 2 4 1 2 3 2 5 3 3 4 5 2 2 1 5 5 2 5 3 4 1 4 1 4 5 4 1 1 1 4 3 2 4 2 3 3 5 1 4 1 4 1 1 4
133 6 5 3 5 4 3 5 5 1 2 5 1 5 3 2 5 2 5 5 4 5 3 3 3 4 5 2 1 1 4 2 5 3 2 1 1 4 5 1 3 3 4 5 3 2 1 4 1 2 4 5 3 1 3 4 1 5 3 2 1 4 5 2 2 1 5 2 5 1 4 3 3 4 5 2 1 1 5 5 4 4 3 1 4 4 4 4 3 3 1 2 2 5 5 2 5 1 3 2 5 4
134 7 4 3 3 4 2 3 1 3 1 3 3 3 2 4 5 3 3 5 2 2 3 4 1 2 1 2 5 4 5 5 1 5 2 1 2 2 1 3 1 4 3 4 4 2 2 5 5 4 4 3 1 4 4 3 4 1 3 1 5 4 5 5 5 4 2 1 2 5 1 5 2 5 3 5 3 4 5 3 2 3 2 3 2 1 3 4 4 1 3 3 1 3 2 1 1 3 2 1 2 5
135 9 5 5 5 4 2 2 3 2 5 2 1 4 2 4 1 2 3 1 2 2 2 2 2 3 4 2 2 3 4 2 1 4 3 3 1 4 4 5 4 2 5 5 1 2 1 2 1 4 4 5 5 4 5 2 2 2 2 4 1 3 3 5 2 1 4 2 5 1 3 4 1 5 4 2 4 5 5 5 2 4 5 2 5 4 1 5 4 1 2 4 1 2 1 4 5 4 1 5 1 5
136 14 1 3 2 5 4 2 3 2 5 2 3 4 4 1 3 3 3 2 5 2 1 1 1 1 3 4 2 1 3 1 3 3 3 2 2 2 5 4 4 3 3 4 4 3 4 2 2 1 2 5 3 2 1 3 4 1 2 1 4 2 5 3 5 3 2 1 4 4 2 2 1 4 1 2 5 1 1 3 5 4 2 4 5 3 3 2 5 2 3 3 2 3 1 3 4 1 2 1 2 3
137 15 2 4 3 4 1 4 5 3 1 2 2 1 4 1 3 3 2 5 3 4 2 3 3 4 1 4 1 5 1 2 1 5 5 5 3 3 3 2 4 4 5 2 2 1 5 4 4 3 1 4 1 4 1 2 3 5 3 3 3 2 5 5 2 1 5 2 1 3 4 3 2 3 5 3 1 4 5 3 2 1 1 5 5 5 1 3 5 1 5 3 5 5 3 2 5 3 4 1 5 5
138 12 2 2 1 2 1 3 4 2 4 2 4 1 2 3 1 3 5 2 3 5 2 2 2 3 3 2 1 3 4 5 3 5 1 1 3 4 5 5 3 5 5 1 1 1 2 5 2 2 5 4 5 2 5 5 1 4 5 2 5 3 1 2 1 3 4 1 3 4 2 1 5 2 2 4 2 2 3 1 2 5 2 4 1 1 1 5 3 4 1 2 5 4 1 4 2 4 2 3 3 1
139 8 5 2 2 5 4 2 4 2 2 4 3 5 4 3 3 3 5 4 3 2 4 2 1 2 3 5 3 2 3 3 4 4 3 1 5 3 4 3 4 3 2 1 5 5 1 4 3 3 3 1 1 1 5 3 1 2 4 2 5 3 3 3 2 5 4 1 2 4 3 1 4 2 2 3 5 4 3 3 4 5 1 4 3 1 5 2 3 2 5 5 4 4 5 1 5 2 1 1 2 4
140 12 5 1 1 4 2 5 4 2 5 1 5 4 2 1 3 1 1 2 3 4 1 3 4 3 5 5 1 4 3 5 4 1 1 4 4 2 1 2 1 5 1 3 3 1 4 4 1 5 1 1 3 4 5 1 1 4 1 5 2 1 3 4 4 1 1 4 2 3 2 3 4 5 2 4 1 1 4 4 5 3 5 2 1 4 2 1 5 5 2 4 3 3 5 2 5 2 2 5 1 4
141 13 4 3 4 5 1 3 2 3 3 4 3 1 1 1 4 5 1 5 1 2 5 2 5 5 5 2 5 2 1 5 2 3 5 2 1 1 4 4 4 3 5 3 2 1 2 1 3 3 3 3 1 2 1 5 4 2 4 1 3 5 1 1 1 1 2 4 4 5 4 3 5 4 5 4 4 3 1 4 4 1 4 1 2 1 4 5 4 5 2 4 1 3 4 1 3 1 4 3 3 5
142 7 1 2 5 2 2 2 2 5 3 1 4 3 1 2 5 5 1 5 3 4 5 1 5 4 2 5 2 5 4 5 4 3 3 2 3 4 3 3 2 3 5 3 3 4 4 1 5 3 3 4 3 2 3 3 1 1 3 5 4 2 5 2 2 5 5 4 3 5 1 1 1 1 5 5 4 2 1 5 1 1 5 2 2 1 3 4 3 3 5 4 5 3 1 1 2 1 3 1 4 1
143 9 3 2 3 5 1 1 2 5 3 3 2 1 2 2 2 3 1 1 4 3 3 3 3 4 1 5 5 5 3 5 3 2 3 4 2 2 1 3 3 5 4 3 5 4 1 5 3 2 2 1 4 3 3 4 1 3 2 1 5 4 1 2 5 2 5 2 4 5 3 5 3 5 5 3 2 2 5 1 1 2 5 1 4 4 1 5 5 1 1 3 2 2 3 5 1 2 3 3 5 2
144 8 5 1 1 2 1 3 3 1 4 2 1 1 3 4 1 2 1 3 5 1 4 5 5 2 3 4 5 5 2 2 1 5 3 1 3 5 3 4 2 2 5 2 3 1 4 2 5 3 1 5 5 1 4 2 2 2 3 5 3 2 3 1 3 5 4 3 1 4 2 3 2 5 3 3 4 1 5 4 1 5 1 5 1 1 1 3 3 1 5 3 3 3 1 4 3 1 4 5 2 1
145 10 5 5 4 3 4 4 4 1 4 3 3 3 5 4 5 4 5 5 2 3 1 4 2 5 5 2 4 4 2 1 4 4 4 1 5 4 4 4 4 1 4 1 2 5 2 5 5 5 5 2 4 4 2 4 5 1 3 2 1 5 2 4 4 3 1 3 4 2 5 4 4 4 4 3 1 5 3 2 1 5 3 3 2 4 5 2 1 2 5 2 4 2 2 4 3 5 4 5 1 3
146 8 3 3 4 1 1 4 4 1 5 5 2 5 2 4 3 2 1 4 2 4 1 2 4 1 1 5 1 1 2 1 4 5 3 4 1 3 2 4 1 4 3 5 5 5 2 5 4 3 5 4 5 5 2 2 1 1 3 1 3 5 2 5 1 3 2 4 4 4 1 5 3 1 5 2 5 5 1 5 4 2 3 2 5 1 1 3 2 3 4 2 2 4 4 3 3 4 5 3 5 3
147 15 5 1 3 3 5 1 5 5 4 4 1 1 2 1 1 3 5 2 5 2 2 3 2 2 3 1 3 4 3 5 2 1 5 2 3 2 1 4 5 1 5 4 5 4 5 3 2 5 1 4 1 2 2 5 2 5 3 4 5 2 4 4 2 5 3 1 1 3 1 2 1 3 4 4 4 4 2 5 4 5 4 1 2 2 1 5 1 3 1 3 1 3 1 1 2 2 4 4 2 2
148 9 2 1 1 4 5 1 1 1 2 3 5 4 3 1 1 4 5 3 3 5 1 3 3 2 1 3 3 4 2 4 4 2 5 5 3 1 4 1 5 3 1 5 5 2 5 2 2 5 5 5 2 5 4 4 2 1 2 1 3 3 4 5 1 4 5 4 2 1 1 4 4 5 1 1 2 1 1 4 3 2 3 1 2 1 2 1 5 2 5 3 5 3 1 2 3 3 3 4 1 2
149 10 3 2 3 4 3 2 2 1 1 3 3 2 5 4 5 2 4 4 5 1 5 2 5 3 5 2 2 4 1 2 4 2 4 4 2 1 5 1 2 5 4 5 2 4 3 3 5 3 3 3 5 4 5 4 4 3 5 5 4 2 1 2 1 3 3 1 5 2 3 5 4 2 5 3 5 3 1 4 3 4 3 1 1 3 3 2 4 1 5 2 4 4 5 3 1 4 5 1 1 4
150 14 1 4 4 3 3 5 5 4 4 2 5 4 4 4 4 5 4 2 4 4 4 1 5 5 4 3 2 5 4 3 1 3 2 4 4 3 1 1 3 3 5 2 5 1 1 5 2 3 3 2 4 5 5 3 2 3 4 4 5 2 5 3 2 4 4 4 5 1 1 4 5 5 4 4 2 5 2 1 1 1 1 4 5 3 1 1 5 5 4 4 3 5 3 3 5 5 1 2 4 3
151 13 5 4 1 3 1 4 4 3 2 4 3 2 3 5 2 3 4 3 1 4 3 5 2 1 3 5 4 3 1 2 3 5 4 2 4 5 2 1 2 3 2 1 1 4 3 3 2 2 2 3 1 3 5 3 5 4 5 2 4 3 4 1 4 5 1 1 5 2 2 3 5 3 4 4 5 5 3 5 3 2 5 5 4 1 5 3 4 3 5 1 1 1 1 5 4 2 3 2 2 5
152 12 3 1 2 4 5 2 3 4 4 5 4 2 1 2 5 4 1 3 1 3 5 1 4 3 4 2 4 3 5 2 2 5 1 3 1 3 1 1 2 1 3 2 4 4 5 4 5 2 5 5 4 2 5 5 5 5 5 3 3 3 2 3 1 2 4 3 3 1 1 5 5 5 1 3 5 2 5 5 5 4 4 4 4 4 2 4 2 5 1 3 3 5 5 5 1 1 5 4 1 5
153 6 2 3 4 1 1 2 2 2 5 3 1 3 5 1 5 2 5 1 5 1 1 3 1 1 5 4 2 3 2 5 5 2 1 1 5 5 5 1 2 1 5 4 4 5 2 5 2 2 4 4 3 4 4 4 1 2 3 1 5 3 2 3 1 5 5 1 1 5 4 2 4 4 2 4 1 2 3 1 4 2 3 4 3 1 4 3 4 5 1 2 3 5 3 2 3 4 5 3 3 4
154 11 5 3 3 4 1 1 5 4 4 4 1 3 5 4 1 4 2 3 3 4 4 2 3 1 5 4 3 2 3 3 2 4 5 3 4 1 2 1 2 5 2 5 2 3 5 5 3 5 4 2 2 3 4 1 1 5 2 4 5 1 1 2 5 2 2 1 4 3 3 4 5 3 1 5 4 4 2 2 2 5 5 3 1 4 5 5 3 1 5 3 1 2 5 1 1 1 5 4 2 3
155 14 5 2 2 4 1 2 5 3 4 3 2 4 1 5 2 1 4 4 5 4 1 2 5 4 1 4 2 2 2 3 2 1 3 5 2 5 3 2 3 4 4 2 5 2 3 2 1 2 3 4 5 1 3 3 1 5 2 2 1 3 1 1 5 1 5 1 3 3 2 1 5 3 5 3 4 2 1 4 3 3 2 1 1 2 5 3 5 2 3 2 3 2 1 1 3 3 2 1 2 2
156 7 4 5 1 4 4 4 5 1 1 1 3 5 1 2 4 1 2 3 1 1 1 4 2 2 4 5 3 1 4 5 4 2 3 4 3 1 1 5 5 1 3 2 4 4 1 2 4 1 2 2 5 3 3 5 4 3 4 4 2 5 1 3 4 2 5 5 5 2 3 1 3 5 1 2 4 3 2 1 4 3 5 4 5 3 4 4 3 2 4 2 1 3 5 3 1 5 2 4 2 5
157 14 2 3 1 3 5 5 4 3 2 1 2 5 3 3 4 3 1 2 2 1 5 1 4 5 1 2 3 3 4 2 5 5 1 3 5 3 2 1 5 3 3 3 1 3 4 1 1 5 3 4 2 5 4 4 4 3 5 5 2 1 1 5 3 5 1 4 1 4 2 3 4 4 2 1 1 4 2 5 4 1 1 4 2 3 5 1 4 2 3 5 4 2 3 4 3 5 4 5 5 5
158 13 3 5 5 5 2 3 1 4 5 2 1 4 3 5 3 4 2 5 3 3 2 2 1 1 1 3 4 5 5 5 3 2 2 5 5 4 5 4 2 2 2 1 3 2 3 5 1 4 4 4 4 3 4 4 3 1 1 5 5 2 4 5 4 5 2 5 4 1 5 3 4 5 1 4 5 2 3 1 1 5 1 1 1 2 1 5 2 5 4 2 2 2 5 4 3 4 5 4 5 4
159 9 1 5 2 3 5 2 3 1 1 1 1 4 5 3 3 1 5 4 1 1 3 4 2 1 2 5 5 4 3 1 2 5 5 2 1 2 1 5 4 3 1 1 2 2 3 3 3 5 3 1 4 1 3 2 1 4 5 1 5 2 4 4 2 5 1 4 3 4 2 4 2 4 4 3 4 5 4 3 4 1 1 2 5 1 3 3 5 4 1 2 4 2 4 4 5 3 4 5 4 3
160 7 5 5 5 3 3 1 2 2 5 1 5 2 3 1 5 5 1 4 4 5 1 2 2 3 1 1 1 1 1 5 3 1 4 4 3 1 1 2 4 4 1 3 4 1 5 5 5 1 1 1 1 4 1 5 3 2 1 4 1 1 1 1 1 5 5 1 2 3 3 3 5 5 5 5 1 3 2 4 3 5 2 5 1 4 1 2 1 3 5 5 3 2 2 5 2 3 5 2 2 5
161 14 2 3 4 3 5 5 1 2 3 5 1 3 4 2 2 5 1 5 2 4 1 3 4 1 5 1 2 5 1 4 4 2 5 3 5 4 3 3 5 2 1 1 2 5 5 5 1 1 4 5 3 4 4 1 4 2 1 1 2 2 5 3 3 5 1 4 4 4 5 1 4 5 5 5 5 4 2 3 4 2 2 4 3 2 1 3 2 2 1 4 2 5 1 1 3 1 3 5 1 5
162 8 1 5 2 5 3 3 4 5 3 3 1 5 3 4 2 1 1 5 4 2 3 2 4 2 3 5 5 5 2 1 5 3 1 1 3 3 1 4 2 1 1 3 5 1 5 1 3 4 4 2 3 1 1 3 1 3 4 4 5 1 5 4 3 3 1 2 2 1 4 5 2 5 4 4 2 4 1 1 4 2 5 5 1 4 2 4 3 4 4 1 1 1 5 2 1 5 2 1 1 1
163 13 4 3 5 1 4 4 5 1 1 2 4 4 5 2 5 2 4 2 5 1 1 4 2 3 2 1 5 1 3 5 5 3 1 2 2 2 3 3 1 2 5 4 4 1 5 1 5 3 1 5 1 4 1 1 4 1 2 2 2 1 4 1 3 5 4 2 5 3 2 5 3 4 2 1 4 2 5 3 1 4 2 3 3 3 5 5 1 1 1 2 5 5 1 1 3 3 4 4 3 5
164 11 4 5 5 1 1 4 2 3 4 3 3 5 1 2 5 1 5 4 4 4 2 5 4 2 3 3 2 5 1 1 3 2 4 3 4 3 1 2 4 5 5 4 5 1 1 3 2 3 5 1 1 5 4 2 3 5 2 3 4 5 5 4 2 2 5 5 3 1 5 5 2 3 4 4 1 5 1 5 4 3 3 2 3 2 5 3 3 5 5 4 2 5 5 5 1 4 2 3 1 1
165 7 5 4 2 3 5 4 2 5 2 4 1 2 1 2 5 5 1 1 3 1 3 2 5 4 5 3 1 5 2 1 2 4 3 3 2 1 1 1 4 1 4 5 4 5 3 1 5 5 2 1 1 3 4 5 1 2 5 4 5 3 3 2 4 2 5 4 3 5 1 4 1 3 3 1 4 5 1 4 4 2 4 4 5 1 5 3 1 3 1 1 1 4 3 4 5 2 4 3 1 4
166 13 2 2 4 3 5 2 5 1 3 2 2 5 2 5 1 4 3 2 2 3 4 1 2 4 2 3 2 3 1 4 2 2 3 5 3 4 1 3 4 5 3 1 4 2 1 4 3 4 1 2 4 3 3 1 4 3 4 1 4 3 5 5 5 4 1 1 2 3 4 2 5 3 1 1 4 3 2 3 4 5 3 4 3 3 5 2 3 3 5 2 3 3 4 1 1 3 1 5 3 3
167 8 4 1 3 2 1 3 2 1 2 5 3 5 2 2 4 4 3 3 4 3 2 4 3 4 3 3 4 3 1 1 1 1 3 5 4 2 2 4 4 1 3 4 2 3 3 3 3 4 2 2 3 3 1 2 2 4 4 3 2 4 3 2 4 3 5 5 2 5 1 4 4 1 4 2 4 2 3 1 1 2 1 1 2 1 1 1 2 5 4 4 5 4 5 2 1 5 5 3 1 3
168 10 1 3 1 1 4 5 1 5 1 2 2 2 3 5 1 5 2 5 3 1 1 3 1 2 5 3 3 1 4 5 1 1 2 2 3 2 3 4 3 3 3 2 2 2 2 3 1 5 2 3 5 4 3 3 5 5 3 2 3 4 5 3 5 3 4 4 4 4 3 3 5 3 2 1 2 1 5 4 2 2 5 4 2 5 5 2 5 1 3 5 1 3 1 4 3 1 5 1 3 2
169 8 1 1 3 3 1 4 2 2 4 3 1 3 1 3 5 4 2 1 2 5 4 3 4 1 5 4 1 3 1 5 1 4 4 2 5 4 5 4 2 3 4 3 1 3 4 2 1 4 4 3 2 3 3 1 3 5 5 4 2 3 5 1 4 1 2 3 2 3 5 5 1 1 2 4 2 1 4 3 4 2 5 5 3 2 1 5 4 1 5 1 1 5 2 5 5 3 2 3 4 3
170 7 2 1 3 1 5 3 2 5 5 3 1 4 2 1 4 5 3 3 3 2 2 2 5 2 5 2 3 4 1 5 2 1 1 5 2 2 4 4 4 2 2 1 5 3 3 5 2 5 5 3 4 5 4 4 2 5 3 1 1 4 5 3 3 2 4 5 1 3 4 4 4 1 4 5 4 2 2 3 3 1 3 1 3 4 2 4 1 5 3 2 2 4 2 5 4 4 2 1 1 2
171 8 5 3 3 1 4 2 2 2 1 2 5 3 3 4 2 1 1 1 5 5 1 1 5 2 4 3 4 2 2 5 1 5 5 4 1 4 1 4 4 4 4 4 3 3 3 3 1 1 1 3 1 4 3 5 3 4 1 4 1 1 3 3 5 1 2 4 4 5 4 5 5 4 5 2 3 1 3 3 2 5 1 2 1 5 3 3 4 4 5 1 3 2 4 3 2 3 2 3 4 1
172 14 1 2 2 3 5 2 1 1 2 4 3 3 5 2 5 5 4 4 1 1 4 2 3 2 5 3 5 5 2 1 3 5 1 2 2 4 3 5 5 5 3 3 2 4 3 1 4 5 4 2 5 3 1 1 5 4 3 3 2 3 2 3 3 5 3 3 2 1 2 4 1 5 3 3 3 3 3 2 3 3 1 1 3 2 1 2 3 1 2 1 2 1 3 4 4 4 5 4 3 2
173 9 2 4 3 1 3 4 2 3 5 1 1 2 3 2 4 1 2 5 4 1 5 2 5 2 2 2 3 4 1 4 3 2 3 1 2 5 3 1 2 3 5 1 5 5 4 1 1 1 1 1 5 5 3 1 4 5 2 3 5 5 2 4 1 1 1 4 1 4 2 5 2 5 3 3 5 1 4 5 5 3 1 2 1 2 4 3 4 3 5 1 5 4 5 2 2 3 5 1 4 3
174 13 2 2 4 5 5 3 5 2 4 1 2 2 5 1 5 1 4 2 2 4 5 2 3 3 4 4 2 1 4 5 4 1 1 2 5 1 3 1 2 5 5 5 5 5 3 2 3 2 1 4 5 3 3 5 1 3 5 3 1 4 4 1 4 1 4 1 1 1 1 5 2 2 4 2 2 3 4 4 1 4 5 1 2 1 1 3 4 1 2 1 2 3 4 4 3 4 5 5 3 5
175 9 1 4 3 4 5 2 4 3 3 1 3 2 5 5 4 4 4 3 1 4 4 5 2 1 4 4 2 4 5 5 3 2 3 1 4 2 3 3 2 3 2 1 3 5 5 4 2 3 2 3 4 3 3 2 4 4 2 3 1 1 5 2 5 2 3 2 1 2 5 3 1 5 5 3 3 4 2 1 4 2 4 2 4 5 2 5 2 5 5 3 4 3 5 1 1 5 3 3 3 4
176 14 5 3 1 3 4 1 2 3 1 5 1 1 4 5 1 5 3 5 2 4 5 2 5 4 2 3 3 2 3 5 5 3 4 1 4 4 2 1 5 2 4 3 1 4 2 3 1 3 2 5 3 4 3 5 5 3 2 2 3 1 3 1 2 5 1 5 4 3 2 4 5 3 2 1 5 5 3 5 1 1 2 2 5 1 3 4 5 4 5 5 1 3 5 3 5 2 5 2 1 1
177 15 3 1 5 1 2 1 3 2 3 5 3 5 5 4 3 1 3 2 2 5 3 5 1 5 1 2 4 4 3 3 3 5 5 3 4 2 1 3 2 3 5 2 2 3 2 4 4 3 5 5 3 4 4 3 2 1 2 2 1 5 2 3 4 3 2 5 4 4 5 5 1 3 4 4 4 5 3 2 2 2 3 5 2 3 4 2 4 5 3 4 4 3 5 2 3 2 2 5 1 1
178 9 2 5 1 1 4 3 2 3 5 3 4 2 2 4 1 3 3 2 3 1 2 2 5 2 4 4 4 2 3 4 1 5 1 1 4 3 3 4 5 3 5 3 1 5 5 3 2 4 1 5 3 5 4 1 4 1 5 5 4 1 2 1 2 5 2 1 3 3 5 2 3 1 1 1 2 5 2 2 3 2 2 4 4 4 1 2 5 3 3 1 5 4 5 5 4 1 1 4 3 2
179 14 1 1 3 5 3 3 1 5 4 2 2 2 2 3 4 2 3 4 2 1 3 4 2 2 1 2 2 5 1 5 3 4 1 3 3 1 3 1 4 2 1 1 3 5 2 1 4 4 1 1 3 4 4 1 4 3 2 5 1 1 2 3 4 1 5 4 4 3 1 4 1 2 4 2 2 3 5 5 2 1 2 4 2 1 3 4 3 4 4 1 3 1 1 4 5 4 5 4 2 1
180 13 1 3 3 2 4 3 1 4 5 4 5 5 5 4 3 4 4 3 5 3 4 4 5 2 5 1 3 2 2 4 2 1 1 1 5 5 1 3 2 2 1 2 3 5 5 5 3 5 5 1 3 3 5 5 4 5 4 5 2 2 5 1 3 2 1 1 2 1 2 5 3 3 4 2 5 5 2 4 4 5 1 2 4 5 3 5 5 5 4 3 5 1 3 3 5 1 3 3 2 1
181 12 2 4 5 1 5 2 1 3 1 2 1 2 4 1 5 3 4 2 3 2 1 5 4 2 2 2 4 5 5 4 3 4 5 4 4 4 5 5 1 5 2 1 4 1 3 1 3 2 3 2 5 1 1 4 2 1 4 1 1 3 3 2 5 1 4 1 4 1 2 4 4 3 4 2 1 5 1 1 5 5 4 2 2 2 3 5 1 5 5 3 3 1 4 3 1 5 4 5 3 2
182 6 5 2 2 2 3 3 3 1 4 3 4 3 5 4 3 5 5 5 1 5 3 1 3 2 3 5 1 3 1 4 3 2 4 5 5 4 3 5 5 4 1 1 5 5 4 2 4 1 2 2 3 5 3 5 3 3 2 2 3 4 3 3 4 5 2 2 2 3 2 3 3 2 3 3 2 1 5 1 4 2 4 3 5 2 4 3 4 3 3 4 3 1 1 2 3 2 3 1 1 2
183 8 3 3 5 5 1 2 1 5 3 3 1 1 5 5 1 3 3 1 4 4 5 3 1 3 2 4 4 4 1 1 1 2 2 2 2 5 4 2 1 1 4 4 5 5 1 4 3 3 3 3 3 3 5 5 5 3 3 4 5 1 5 4 5 4 2 1 1 2 3 3 1 1 3 2 3 1 2 5 2 5 2 4 4 1 4 3 1 4 3 3 2 2 1 2 4 3 2 2 5 1
184 7 4 2 5 4 3 2 5 1 5 1 1 1 4 3 4 2 4 5 4 1 4 1 5 5 4 3 3 3 3 2 2 5 3 2 4 3 1 3 2 4 4 2 5 4 1 5 3 2 4 2 5 5 3 4 4 1 5 4 2 4 1 2 1 2 3 5 3 5 1 2 1 4 2 5 5 1 3 2 3 5 5 1 5 1 1 4 1 5 4 4 5 3 5 5 5 1 2 5 3 4
185 6 2 5 5 4 4 3 2 3 1 5 1 4 2 3 2 1 2 4 1 1 2 4 2 5 3 4 3 5 1 3 1 1 3 1 1 1 2 3 3 1 4 1 3 2 3 3 4 4 5 3 1 4 2 2 1 4 5 4 1 1 2 5 3 2 1 1 5 3 2 1 3 4 5 4 4 1 1 2 2 2 1 5 1 1 2 2 2 3 1 3 4 5 2 3 5 4 4 3 5 1
186 9 1 2 1 5 4 4 4 4 5 4 5 2 1 1 5 2 1 4 4 1 4 1 4 2 2 5 2 3 3 2 2 2 1 2 5 4 3 4 2 5 4 3 1 4 4 4 2 5 5 4 3 5 2 3 5 1 2 4 5 1 5 5 3 2 5 2 3 1 4 3 4 3 4 5 4 4 3 1 5 5 4 5 2 4 3 5 2 4 2 4 2 4 4 2 2 5 2 1 5 3
187 7 5 5 1 3 2 5 1 3 3 4 5 5 3 5 3 2 4 5 1 2 4 1 1 4 3 3 2 5 2 2 3 3 4 3 3 2 5 2 5 4 4 5 1 4 3 3 2 1 5 1 2 2 5 4 5 3 5 2 4 4 4 4 2 4 1 4 2 5 5 1 2 5 2 4 3 1 1 2 5 3 2 3 5 1 3 3 4 5 4 5 2 1 2 1 5 5 4 5 2 3
188 15 1 2 4 5 1 1 5 5 3 3 3 2 1 5 5 5 1 2 3 3 3 4 5 1 5 2 1 3 5 3 5 5 4 4 4 4 2 1 1 2 3 5 4 2 3 3 2 5 4 5 1 1 3 3 5 5 5 4 5 3 3 3 1 5 2 1 5 4 3 1 1 1 1 2 5 4 3 1 1 4 3 5 1 1 1 3 2 1 2 3 3 5 2 2 1 5 3 3 4 5
189 9 3 1 1 5 1 5 3 1 2 5 2 4 1 3 2 1 4 1 1 1 4 4 2 4 3 1 1 5 3 4 2 3 5 2 1 2 5 1 4 5 5 1 4 4 5 2 3 1 5 5 5 2 3 3 4 4 2 3 1 2 3 4 2 2 5 4 1 2 3 2 3 2 5 3 5 5 5 1 1 1 1 1 5 5 2 5 4 3 3 1 3 2 1 5 2 2 2 3 2 1
190 14 1 2 4 5 1 5 1 3 1 1 1 1 2 5 5 4 4 4 3 2 4 4 3 5 3 5 4 1 2 4 2 1 5 1 5 3 3 3 4 2 2 3 1 4 5 4 3 1 4 5 5 1 1 5 2 1 2 1 2 4 2 5 1 5 2 1 4 3 1 2 3 4 5 5 4 2 2 1 4 2 2 4 2 1 3 1 3 4 1 2 4 3 2 2 3 2 1 1 3 5
191 12 5 4 3 1 3 2 2 3 1 5 1 2 2 4 2 2 5 4 1 3 4 2 1 3 1 3 3 3 5 5 3 4 2 4 5 5 1 2 4 2 4 4 2 1 2 3 5 2 3 5 3 5 5 1 1 4 2 1 5 5 5 4 2 5 5 5 3 1 5 2 2 5 1 3 1 2 3 4 2 1 3 4 2 4 3 2 1 4 2 2 1 5 3 5 3 2 2 3 2 4
192 6 1 5 1 2 1 1 1 5 5 4 1 3 2 2 4 4 4 3 2 1 4 3 2 4 5 4 2 5 4 4 1 4 4 3 4 4 1 5 4 5 2 5 2 5 4 1 4 3 5 3 2 3 5 2 3 3 2 3 2 5 5 5 4 5 3 5 5 5 5 3 3 2 3 2 4 1 2 1 5 1 2 4 4 5 5 5 3 5 3 3 3 3 2 1 2 2 4 1 4 1
193 15 2 3 3 4 3 3 2 5 1 1 3 2 1 1 2 1 5 1 2 4 5 1 2 1 3 4 4 2 4 2 2 5 1 5 5 4 5 1 4 3 1 2 5 2 2 4 4 2 3 4 2 5 3 4 1 2 5 4 5 3 3 2 5 4 2 5 3 4 3 5 3 2 2 3 2 2 3 2 1 3 1 1 3 1 3 5 4 3 3 2 2 4 4 2 5 5 4 1 1 1
194 14 3 4 3 5 1 1 5 3 3 5 3 5 4 2 5 1 4 3 5 4 1 5 1 3 4 5 1 4 3 4 4 1 5 3 5 3 4 3 3 3 1 3 1 5 3 1 5 4 3 1 2 4 5 3 5 3 2 4 2 2 2 2 3 2 1 4 3 5 2 1 3 4 2 4 2 4 1 1 3 1 3 2 1 2 5 2 4 3 2 2 1 3 3 1 2 5 5 4 1 4
195 15 5 4 1 2 4 5 3 4 5 5 2 5 3 2 3 5 1 2 3 1 1 3 2 4 4 1 3 4 4 5 3 3 1 5 4 1 1 1 5 2 5 3 4 2 2 3 3 1 5 3 3 1 1 3 5 4 2 1 5 3 5 2 3 2 5 5 2 4 2 1 2 2 1 1 5 4 1 2 5 4 4 1 5 4 1 2 4 5 3 4 4 2 2 5 5 5 2 5 5 2
196 14 1 1 4 1 3 1 2 4 3 5 1 2 3 3 2 4 2 3 4 5 1 3 3 2 2 4 5 1 5 3 5 1 1 4 2 2 3 1 2 5 3 5 4 2 2 4 1 2 2 4 4 5 1 1 4 2 1 1 3 4 3 3 1 5 4 5 1 4 3 2 2 1 5 2 3 1 3 1 2 4 4 1 4 3 1 3 3 4 5 4 2 4 1 2 2 2 3 3 3 5
197 9 2 4 4 5 1 4 4 2 3 4 1 3 1 5 3 1 5 2 4 2 2 4 2 3 4 5 2 5 3 4 1 1 1 4 1 2 5 2 1 1 4 4 1 5 5 4 5 2 2 5 4 5 2 3 1 1 5 1 4 4 3 5 3 4 1 3 5 2 3 5 3 5 5 2 5 2 3 4 2 2 4 1 4 4 1 4 2 3 3 2 2 1 3 1 5 3 1 3 1 1
198 12 3 2 5 5 2 1 5 3 5 1 4 5 5 1 1 3 4 1 5 1 5 5 4 2 4 1 2 3 2 4 2 5 2 1 3 3 5 1 4 1 2 5 1 3 2 4 2 2 3 1 4 4 5 5 2 4 5 1 1 1 4 3 1 5 2 2 5 4 2 4 5 2 1 2 2 3 4 1 1 3 5 3 4 5 4 2 4 1 1 1 2 1 2 1 3 4 2 4 3 1
199 15 1 2 1 1 4 1 5 5 4 2 4 2 1 2 1 1 1 3 3 4 4 3 1 2 2 5 5 3 5 3 5 1 2 3 1 3 1 3 4 4 1 2 1 4 2 1 3 2 1 3 3 5 4 2 4 5 2 3 3 5 1 2 3 1 3 4 3 4 2 2 5 4 3 1 5 1 4 1 5 4 1 2 2 3 5 2 3 4 1 2 2 5 5 4 4 1 5 2 3 5
