Generations vod_50x10
0 1230.0
1 1177.0
2 1177.0
3 1154.0
4 1129.0
5 1120.0
6 1100.0
7 1100.0
8 1090.0
9 1084.0
10 1078.0
11 1070.0
12 1066.0
13 1066.0
14 1066.0
15 1066.0
16 1053.0
17 1053.0
18 1053.0
19 1053.0
20 1053.0
21 1052.0
22 1049.0
23 1049.0
24 1049.0
25 1049.0
26 1049.0
27 1049.0
28 1046.0
29 1046.0
30 1046.0
31 1046.0
32 1046.0
33 1046.0
34 1046.0
35 1046.0
36 1046.0
37 1046.0
38 1046.0
39 1046.0
40 1046.0
41 1046.0
42 1046.0
43 1046.0
44 1045.0
45 1045.0
46 1045.0
47 1044.0
48 1044.0
49 1044.0
50 1044.0
51 1044.0
52 1044.0
53 1044.0
54 1044.0
55 1044.0
56 1044.0
57 1044.0
58 1044.0
59 1044.0
60 1044.0
61 1044.0
62 1044.0
63 1044.0
64 1044.0
65 1044.0
66 1044.0
67 1044.0
68 1044.0
69 1044.0
70 1044.0
71 1044.0
72 1044.0
73 1044.0
74 1044.0
75 1044.0
76 1044.0
77 1044.0
78 1044.0
79 1044.0
80 1044.0
81 1044.0
82 1044.0
83 1044.0
84 1044.0
85 1044.0
86 1044.0
87 1044.0
88 1044.0
89 1044.0
90 1044.0
91 1044.0
92 1044.0
93 1044.0
94 1044.0
95 1044.0
96 1044.0
97 1044.0
98 1044.0
99 1044.0
100 1044.0
101 1044.0
102 1044.0
103 1044.0
104 1044.0
105 1044.0
106 1044.0
107 1044.0
108 1044.0
109 1044.0
110 1044.0
111 1044.0
112 1044.0
113 1044.0
114 1044.0
115 1044.0
116 1044.0
117 1044.0
118 1044.0
119 1044.0
120 1044.0
121 1044.0
122 1044.0
123 1044.0
124 1044.0
125 1044.0
126 1044.0
127 1044.0
128 1044.0
129 1044.0
130 1044.0
131 1044.0
132 1044.0
133 1044.0
134 1044.0
135 1044.0
136 1044.0
137 1044.0
138 1044.0
139 1044.0
140 1044.0
141 1044.0
142 1044.0
143 1044.0
144 1044.0
145 1044.0
146 1044.0
147 1044.0
148 1044.0
149 1044.0
150 1044.0
151 1044.0
152 1044.0
153 1044.0
154 1044.0
155 1044.0
156 1044.0
157 1044.0
158 1044.0
159 1044.0
160 1044.0
161 1044.0
162 1044.0
163 1044.0
164 1044.0
165 1044.0
166 1044.0
167 1044.0
168 1044.0
169 1044.0
170 1044.0
171 1044.0
172 1044.0
173 1044.0
174 1044.0
175 1044.0
176 1044.0
177 1044.0
178 1044.0
179 1044.0
180 1044.0
181 1044.0
182 1044.0
183 1044.0
184 1044.0
185 1044.0
186 1044.0
187 1044.0
188 1044.0
189 1044.0
190 1044.0
191 1044.0
192 1044.0
193 1044.0
194 1044.0
195 1044.0
196 1044.0
197 1044.0
198 1044.0
199 1044.0
200 1044.0
201 1044.0
202 1044.0
203 1044.0
204 1044.0
205 1044.0
206 1044.0
207 1044.0
208 1044.0
209 1044.0
210 1044.0
211 1044.0
212 1044.0
213 1044.0
214 1044.0
215 1044.0
216 1044.0
217 1044.0
218 1044.0
219 1044.0
220 1044.0
221 1044.0
222 1044.0
223 1044.0
224 1044.0
225 1044.0
226 1044.0
227 1044.0
228 1044.0
229 1044.0
230 1044.0
231 1044.0
232 1044.0
233 1044.0
234 1044.0
235 1044.0
236 1044.0
237 1044.0
238 1044.0
239 1044.0
240 1044.0
241 1044.0
242 1044.0
243 1044.0
244 1044.0
245 1044.0
246 1044.0
247 1044.0
248 1044.0
249 1044.0
250 1044.0
251 1044.0
252 1044.0
253 1044.0
254 1044.0
255 1044.0
256 1044.0
257 1044.0
258 1044.0
259 1044.0
260 1044.0
261 1044.0
262 1044.0
263 1044.0
264 1044.0
265 1044.0
266 1044.0
267 1044.0
268 1044.0
269 1044.0
270 1044.0
271 1044.0
272 1044.0
273 1044.0
274 1044.0
275 1044.0
276 1044.0
277 1044.0
278 1044.0
279 1044.0
280 1044.0
281 1044.0
282 1044.0
283 1044.0
284 1044.0
285 1044.0
286 1044.0
287 1044.0
288 1044.0
289 1044.0
290 1044.0
291 1044.0
292 1044.0
293 1044.0
294 1044.0
295 1044.0
296 1044.0
297 1044.0
298 1044.0
299 1044.0
300 1044.0
301 1044.0
302 1044.0
303 1044.0
304 1044.0
305 1044.0
306 1044.0
307 1044.0
308 1044.0
309 1044.0
310 1044.0
311 1044.0
312 1044.0
313 1044.0
314 1044.0
315 1044.0
316 1044.0
317 1044.0
318 1044.0
319 1044.0
320 1044.0
321 1044.0
322 1044.0
323 1044.0
324 1044.0
325 1044.0
326 1044.0
327 1044.0
328 1044.0
329 1044.0
330 1044.0
331 1044.0
332 1044.0
333 1044.0
334 1044.0
335 1044.0
336 1044.0
337 1044.0
338 1044.0
339 1044.0
340 1044.0
341 1044.0
342 1044.0
343 1044.0
344 1044.0
345 1044.0
346 1044.0
347 1044.0
348 1044.0
349 1044.0
350 1044.0
351 1044.0
352 1044.0
353 1044.0
354 1044.0
355 1044.0
356 1044.0
357 1044.0
358 1044.0
359 1044.0
360 1044.0
361 1044.0
362 1044.0
363 1044.0
364 1044.0
365 1044.0
366 1044.0
367 1044.0
368 1044.0
369 1044.0
370 1044.0
371 1044.0
372 1044.0
373 1044.0
374 1044.0
375 1044.0
376 1044.0
377 1044.0
378 1044.0
379 1044.0
380 1044.0
381 1044.0
382 1044.0
383 1044.0
384 1044.0
385 1044.0
386 1044.0
387 1044.0
388 1044.0
389 1044.0
390 1044.0
391 1044.0
392 1044.0
393 1044.0
394 1044.0
395 1044.0
396 1044.0
397 1044.0
398 1044.0
399 1044.0
400 1044.0
401 1044.0
402 1044.0
403 1044.0
404 1044.0
405 1044.0
406 1044.0
407 1044.0
408 1044.0
409 1044.0
410 1044.0
411 1044.0
412 1044.0
413 1044.0
414 1044.0
415 1044.0
416 1044.0
417 1044.0
418 1044.0
419 1044.0
420 1044.0
421 1044.0
422 1044.0
423 1044.0
424 1044.0
425 1044.0
426 1044.0
427 1044.0
428 1044.0
429 1044.0
430 1044.0
431 1044.0
432 1044.0
433 1044.0
434 1044.0
435 1044.0
436 1044.0
437 1044.0
438 1044.0
439 1044.0
440 1044.0
441 1044.0
442 1044.0
443 1044.0
444 1044.0
445 1044.0
446 1044.0
447 1044.0
448 1044.0
449 1044.0
450 1044.0
451 1044.0
452 1044.0
453 1044.0
454 1044.0
455 1044.0
456 1044.0
457 1044.0
458 1044.0
459 1044.0
460 1044.0
461 1044.0
462 1044.0
463 1044.0
464 1044.0
465 1044.0
466 1044.0
467 1044.0
468 1044.0
469 1044.0
470 1044.0
471 1044.0
472 1044.0
473 1044.0
474 1044.0
475 1044.0
476 1044.0
477 1044.0
478 1044.0
479 1044.0
480 1044.0
481 1044.0
482 1044.0
483 1044.0
484 1044.0
485 1044.0
486 1044.0
487 1044.0
488 1044.0
489 1044.0
490 1044.0
491 1044.0
492 1044.0
493 1044.0
494 1044.0
495 1044.0
496 1044.0
497 1044.0
498 1044.0
499 1044.0
