Generations vod_20x20
0 4915.413987833434
1 4729.244898159321
2 4729.244898159321
3 4726.648445600254
4 4726.648445600254
5 4693.789926779114
6 4693.789926779114
7 4693.789926779114
8 4693.789926779114
9 4693.789926779114
10 4693.789926779114
11 4693.789926779114
12 4693.789926779114
13 4693.789926779114
14 4693.789926779114
15 4693.789926779114
16 4693.789926779114
17 4693.789926779114
18 4693.789926779114
19 4693.789926779114
20 4693.789926779114
21 4693.789926779114
22 4693.789926779114
23 4693.789926779114
24 4693.789926779114
25 4693.789926779114
26 4693.789926779114
27 4693.789926779114
28 4693.789926779114
29 4693.789926779114
30 4693.789926779114
31 4693.789926779114
32 4693.789926779114
33 4693.789926779114
34 4693.789926779114
35 4693.789926779114
36 4693.789926779114
37 4693.789926779114
38 4693.789926779114
39 4693.789926779114
40 4693.789926779114
41 4693.789926779114
42 4693.789926779114
43 4693.789926779114
44 4693.789926779114
45 4693.789926779114
46 4693.789926779114
47 4693.789926779114
48 4693.789926779114
49 4693.789926779114
50 4693.789926779114
51 4693.789926779114
52 4693.789926779114
53 4693.789926779114
54 4693.789926779114
55 4693.789926779114
56 4693.789926779114
57 4693.789926779114
58 4693.789926779114
59 4693.789926779114
60 4693.789926779114
61 4693.789926779114
62 4693.789926779114
63 4693.789926779114
64 4693.789926779114
65 4693.789926779114
66 4693.789926779114
67 4693.789926779114
68 4693.789926779114
69 4693.789926779114
70 4693.789926779114
71 4693.789926779114
72 4693.789926779114
73 4693.789926779114
74 4693.789926779114
75 4693.789926779114
76 4693.789926779114
77 4693.789926779114
78 4693.789926779114
79 4693.789926779114
80 4693.789926779114
81 4693.789926779114
82 4693.789926779114
83 4693.789926779114
84 4693.789926779114
85 4693.789926779114
86 4693.789926779114
87 4693.789926779114
88 4693.789926779114
89 4693.789926779114
90 4693.789926779114
91 4693.789926779114
92 4693.789926779114
93 4693.789926779114
94 4693.789926779114
95 4693.789926779114
96 4693.789926779114
97 4693.789926779114
98 4693.789926779114
99 4693.789926779114
100 4693.789926779114
101 4693.789926779114
102 4693.789926779114
103 4693.789926779114
104 4693.789926779114
105 4693.789926779114
106 4693.789926779114
107 4693.789926779114
108 4693.789926779114
109 4693.789926779114
110 4693.789926779114
111 4693.789926779114
112 4693.789926779114
113 4693.789926779114
114 4693.789926779114
115 4693.789926779114
116 4693.789926779114
117 4693.789926779114
118 4693.789926779114
119 4693.789926779114
120 4693.789926779114
121 4693.789926779114
122 4693.789926779114
123 4693.789926779114
124 4693.789926779114
125 4693.789926779114
126 4693.789926779114
127 4693.789926779114
128 4693.789926779114
129 4693.789926779114
130 4693.789926779114
131 4693.789926779114
132 4693.789926779114
133 4693.789926779114
134 4693.789926779114
135 4693.789926779114
136 4693.789926779114
137 4693.789926779114
138 4693.789926779114
139 4693.789926779114
140 4693.789926779114
141 4693.789926779114
142 4693.789926779114
143 4693.789926779114
144 4693.789926779114
145 4693.789926779114
146 4693.789926779114
147 4693.789926779114
148 4693.789926779114
149 4693.789926779114
150 4693.789926779114
151 4693.789926779114
152 4693.789926779114
153 4693.789926779114
154 4693.789926779114
155 4693.789926779114
156 4693.789926779114
157 4693.789926779114
158 4693.789926779114
159 4693.789926779114
160 4693.789926779114
161 4693.789926779114
162 4693.789926779114
163 4693.789926779114
164 4693.789926779114
165 4693.789926779114
166 4693.789926779114
167 4693.789926779114
168 4693.789926779114
169 4693.789926779114
170 4693.789926779114
171 4693.789926779114
172 4693.789926779114
173 4693.789926779114
174 4693.789926779114
175 4693.789926779114
176 4693.789926779114
177 4693.789926779114
178 4693.789926779114
179 4693.789926779114
180 4693.789926779114
181 4693.789926779114
182 4693.789926779114
183 4693.789926779114
184 4693.789926779114
185 4693.789926779114
186 4693.789926779114
187 4693.789926779114
188 4693.789926779114
189 4693.789926779114
190 4693.789926779114
191 4693.789926779114
192 4693.789926779114
193 4693.789926779114
194 4693.789926779114
195 4693.789926779114
196 4693.789926779114
197 4693.789926779114
198 4693.789926779114
199 4693.789926779114
200 4693.789926779114
201 4693.789926779114
202 4693.789926779114
203 4693.789926779114
204 4693.789926779114
205 4693.789926779114
206 4693.789926779114
207 4693.789926779114
208 4693.789926779114
209 4693.789926779114
210 4693.789926779114
211 4693.789926779114
212 4693.789926779114
213 4693.789926779114
214 4693.789926779114
215 4693.789926779114
216 4693.789926779114
217 4693.789926779114
218 4693.789926779114
219 4693.789926779114
220 4693.789926779114
221 4693.789926779114
222 4693.789926779114
223 4693.789926779114
224 4693.789926779114
225 4693.789926779114
226 4693.789926779114
227 4693.789926779114
228 4693.789926779114
229 4693.789926779114
230 4693.789926779114
231 4693.789926779114
232 4693.789926779114
233 4693.789926779114
234 4693.789926779114
235 4693.789926779114
236 4693.789926779114
237 4693.789926779114
238 4693.789926779114
239 4693.789926779114
240 4693.789926779114
241 4693.789926779114
242 4693.789926779114
243 4693.789926779114
244 4693.789926779114
245 4693.789926779114
246 4693.789926779114
247 4693.789926779114
248 4693.789926779114
249 4693.789926779114
250 4693.789926779114
251 4693.789926779114
252 4693.789926779114
253 4693.789926779114
254 4693.789926779114
255 4693.789926779114
256 4693.789926779114
257 4693.789926779114
258 4693.789926779114
259 4693.789926779114
260 4693.789926779114
261 4693.789926779114
262 4693.789926779114
263 4693.789926779114
264 4693.789926779114
265 4693.789926779114
266 4693.789926779114
267 4693.789926779114
268 4693.789926779114
269 4693.789926779114
270 4693.789926779114
271 4693.789926779114
272 4693.789926779114
273 4693.789926779114
274 4693.789926779114
275 4693.789926779114
276 4693.789926779114
277 4693.789926779114
278 4693.789926779114
279 4693.789926779114
280 4693.789926779114
281 4693.789926779114
282 4693.789926779114
283 4693.789926779114
284 4693.789926779114
285 4693.789926779114
286 4693.789926779114
287 4693.789926779114
288 4693.789926779114
289 4693.789926779114
290 4693.789926779114
291 4693.789926779114
292 4693.789926779114
293 4693.789926779114
294 4693.789926779114
295 4693.789926779114
296 4693.789926779114
297 4693.789926779114
298 4693.789926779114
299 4693.789926779114
