Generations vod_20x10
0 3533.3952242221426
1 3524.37496430951
2 3522.167013884173
3 3522.167013884173
4 3522.167013884173
5 3522.167013884173
6 3522.167013884173
7 3522.167013884173
8 3522.167013884173
9 3522.167013884173
10 3522.167013884173
11 3522.167013884173
12 3522.167013884173
13 3522.167013884173
14 3522.167013884173
15 3522.167013884173
16 3522.167013884173
17 3522.167013884173
18 3522.167013884173
19 3522.167013884173
20 3522.167013884173
21 3522.167013884173
22 3522.167013884173
23 3522.167013884173
24 3522.167013884173
25 3522.167013884173
26 3522.167013884173
27 3522.167013884173
28 3522.167013884173
29 3522.167013884173
30 3522.167013884173
31 3522.167013884173
32 3522.167013884173
33 3522.167013884173
34 3522.167013884173
35 3522.167013884173
36 3522.167013884173
37 3522.167013884173
38 3522.167013884173
39 3522.167013884173
40 3522.167013884173
41 3522.167013884173
42 3522.167013884173
43 3522.167013884173
44 3522.167013884173
45 3522.167013884173
46 3522.167013884173
47 3522.167013884173
48 3522.167013884173
49 3522.167013884173
50 3522.167013884173
51 3522.167013884173
52 3522.167013884173
53 3522.167013884173
54 3522.167013884173
55 3522.167013884173
56 3522.167013884173
57 3522.167013884173
58 3522.167013884173
59 3522.167013884173
60 3522.167013884173
61 3522.167013884173
62 3522.167013884173
63 3522.167013884173
64 3522.167013884173
65 3522.167013884173
66 3522.167013884173
67 3522.167013884173
68 3522.167013884173
69 3522.167013884173
70 3522.167013884173
71 3522.167013884173
72 3522.167013884173
73 3522.167013884173
74 3522.167013884173
75 3522.167013884173
76 3522.167013884173
77 3522.167013884173
78 3522.167013884173
79 3522.167013884173
80 3522.167013884173
81 3522.167013884173
82 3522.167013884173
83 3522.167013884173
84 3522.167013884173
85 3522.167013884173
86 3522.167013884173
87 3522.167013884173
88 3522.167013884173
89 3522.167013884173
90 3522.167013884173
91 3522.167013884173
92 3522.167013884173
93 3522.167013884173
94 3522.167013884173
95 3522.167013884173
96 3522.167013884173
97 3522.167013884173
98 3522.167013884173
99 3522.167013884173
100 3522.167013884173
101 3522.167013884173
102 3522.167013884173
103 3522.167013884173
104 3522.167013884173
105 3522.167013884173
106 3522.167013884173
107 3522.167013884173
108 3522.167013884173
109 3522.167013884173
110 3522.167013884173
111 3522.167013884173
112 3522.167013884173
113 3522.167013884173
114 3522.167013884173
115 3522.167013884173
116 3522.167013884173
117 3522.167013884173
118 3522.167013884173
119 3522.167013884173
120 3522.167013884173
121 3522.167013884173
122 3522.167013884173
123 3522.167013884173
124 3522.167013884173
125 3522.167013884173
126 3522.167013884173
127 3522.167013884173
128 3522.167013884173
129 3522.167013884173
130 3522.167013884173
131 3522.167013884173
132 3522.167013884173
133 3522.167013884173
134 3522.167013884173
135 3522.167013884173
136 3522.167013884173
137 3522.167013884173
138 3522.167013884173
139 3522.167013884173
140 3522.167013884173
141 3522.167013884173
142 3522.167013884173
143 3522.167013884173
144 3522.167013884173
145 3522.167013884173
146 3522.167013884173
147 3522.167013884173
148 3522.167013884173
149 3522.167013884173
150 3522.167013884173
151 3522.167013884173
152 3522.167013884173
153 3522.167013884173
154 3522.167013884173
155 3522.167013884173
156 3522.167013884173
157 3522.167013884173
158 3522.167013884173
159 3522.167013884173
160 3522.167013884173
161 3522.167013884173
162 3522.167013884173
163 3522.167013884173
164 3522.167013884173
165 3522.167013884173
166 3522.167013884173
167 3522.167013884173
168 3522.167013884173
169 3522.167013884173
170 3522.167013884173
171 3522.167013884173
172 3522.167013884173
173 3522.167013884173
174 3522.167013884173
175 3522.167013884173
176 3522.167013884173
177 3522.167013884173
178 3522.167013884173
179 3522.167013884173
180 3522.167013884173
181 3522.167013884173
182 3522.167013884173
183 3522.167013884173
184 3522.167013884173
185 3522.167013884173
186 3522.167013884173
187 3522.167013884173
188 3522.167013884173
189 3522.167013884173
190 3522.167013884173
191 3522.167013884173
192 3522.167013884173
193 3522.167013884173
194 3522.167013884173
195 3522.167013884173
196 3522.167013884173
197 3522.167013884173
198 3522.167013884173
199 3522.167013884173
200 3522.167013884173
201 3522.167013884173
202 3522.167013884173
203 3522.167013884173
204 3522.167013884173
205 3522.167013884173
206 3522.167013884173
207 3522.167013884173
208 3522.167013884173
209 3522.167013884173
210 3522.167013884173
211 3522.167013884173
212 3522.167013884173
213 3522.167013884173
214 3522.167013884173
215 3522.167013884173
216 3522.167013884173
217 3522.167013884173
218 3522.167013884173
219 3522.167013884173
220 3522.167013884173
221 3522.167013884173
222 3522.167013884173
223 3522.167013884173
224 3522.167013884173
225 3522.167013884173
226 3522.167013884173
227 3522.167013884173
228 3522.167013884173
229 3522.167013884173
230 3522.167013884173
231 3522.167013884173
232 3522.167013884173
233 3522.167013884173
234 3522.167013884173
235 3522.167013884173
236 3522.167013884173
237 3522.167013884173
238 3522.167013884173
239 3522.167013884173
240 3522.167013884173
241 3522.167013884173
242 3522.167013884173
243 3522.167013884173
244 3522.167013884173
245 3522.167013884173
246 3522.167013884173
247 3522.167013884173
248 3522.167013884173
249 3522.167013884173
250 3522.167013884173
251 3522.167013884173
252 3522.167013884173
253 3522.167013884173
254 3522.167013884173
255 3522.167013884173
256 3522.167013884173
257 3522.167013884173
258 3522.167013884173
259 3522.167013884173
260 3522.167013884173
261 3522.167013884173
262 3522.167013884173
263 3522.167013884173
264 3522.167013884173
265 3522.167013884173
266 3522.167013884173
267 3522.167013884173
268 3522.167013884173
269 3522.167013884173
270 3522.167013884173
271 3522.167013884173
272 3522.167013884173
273 3522.167013884173
274 3522.167013884173
275 3522.167013884173
276 3522.167013884173
277 3522.167013884173
278 3522.167013884173
279 3522.167013884173
280 3522.167013884173
281 3522.167013884173
282 3522.167013884173
283 3522.167013884173
284 3522.167013884173
285 3522.167013884173
286 3522.167013884173
287 3522.167013884173
288 3522.167013884173
289 3522.167013884173
290 3522.167013884173
291 3522.167013884173
292 3522.167013884173
293 3522.167013884173
294 3522.167013884173
295 3522.167013884173
296 3522.167013884173
297 3522.167013884173
298 3522.167013884173
299 3522.167013884173
